0 0.632758 0.979333 0.0199676 0.0413333 0.0609163
0 0.692661 0.138 0.0458716 0.1 0.0655363
0 0.947113 0.149333 0.0420939 0.0853333 0.0750665
0 0.641123 0.152 0.0431732 0.0533333 0.107596
0 0.947652 0.13 0.0539665 0.158667 0.126862
0 0.268214 0.794 0.0205073 0.052 0.337409
0 0.291419 0.675333 0.0248246 0.052 0.360369
0 0.330815 0.498 0.0291419 0.0493333 0.587719
0 0.363465 0.64 0.0296816 0.109333 0.85848
0 0.492984 0.538667 0.0534269 0.0533333 0.88088
0 0.496492 0.758667 0.0572045 0.125333 0.933812
