0 0.318699 0.196 0.133333 0.392 1.22376e-05
0 0.181843 0.263333 0.0525745 0.137333 1.22492e-05
0 0.222764 0.974667 0.0346883 0.04 1.23005e-05
0 0.194851 0.970667 0.0363144 0.04 1.23157e-05
0 0.706504 0.508 0.0363144 0.514667 1.2339e-05
0 0.98916 0.288 0.0151762 0.136 1.23788e-05
0 0.607046 0.156667 0.0455285 0.145333 1.23968e-05
0 0.408943 0.829333 0.0178862 0.0373333 1.23987e-05
0 0.108943 0.938667 0.0444444 0.088 1.2424e-05
0 0.0552846 0.820667 0.110569 0.358667 1.24416e-05
0 0.327913 0.82 0.0802168 0.290667 1.24459e-05
0 0.258266 0.536 0.0850949 0.109333 1.2455e-05
0 0.584011 0.757333 0.0623306 0.32 1.25467e-05
0 0.687805 0.863333 0.0585366 0.217333 1.25695e-05
0 0.469919 0.788 0.216802 0.424 1.25768e-05
0 0.987263 0.584 0.0233062 0.136 1.26022e-05
0 0.779946 0.072 0.101897 0.144 1.26359e-05
0 0.169377 0.398 0.0547425 0.113333 1.26693e-05
0 0.269106 0.0226667 0.0623306 0.0453333 1.27085e-05
0 0.395664 0.026 0.0531165 0.052 1.2944e-05
0 0.595664 0.664 0.0509485 0.314667 1.29665e-05
0 0.328184 0.410667 0.0720867 0.277333 1.29841e-05
0 0.20813 0.642667 0.0682927 0.0746667 1.29887e-05
0 0.100813 0.732667 0.0813008 0.172 1.30216e-05
0 0.434959 0.0486667 0.0417344 0.076 1.30217e-05
0 0.605962 0.199333 0.0097561 0.076 1.30261e-05
0 0.690786 0.0266667 0.108943 0.0533333 1.30719e-05
0 0.532791 0.75 0.0574526 0.148 1.30907e-05
0 0.406233 0.740667 0.0200542 0.0786667 1.31096e-05
0 0.30813 0.757333 0.0254743 0.096 1.31577e-05
0 0.944444 0.004 0.0536585 0.008 1.32463e-05
0 0.549594 0.234667 0.119241 0.469333 1.32696e-05
0 0.318699 0.977333 0.0411924 0.04 1.32741e-05
0 0.54065 0.219333 0.0298103 0.0706667 1.32908e-05
0 0.67019 0.0166667 0.0373984 0.0333333 1.33162e-05
0 0.144173 0.967333 0.0476965 0.044 1.33528e-05
0 0.144986 0.117333 0.0439024 0.0906667 1.3383e-05
0 0.0902439 0 0.0525745 0 1.34524e-05
0 0.780217 0.00466667 0.0547425 0.00933333 1.34946e-05
0 0.709485 0.936 0.0769648 0.0773333 1.35399e-05
0 0.472087 0.278667 0.0650406 0.186667 1.35448e-05
0 0.556911 0.470667 0.0612466 0.154667 1.35557e-05
0 0.0439024 0.118 0.0542005 0.124 1.35602e-05
0 0.295393 0.978 0.0401084 0.0413333 1.35722e-05
0 0.140379 0.758 0.0542005 0.137333 1.36571e-05
0 0.890786 0 0.0536585 0 1.37194e-05
0 0.569648 0.928 0.0303523 0.0826667 1.37876e-05
0 0.976694 0.788 0.0368564 0.301333 1.38785e-05
0 0.584553 0.115333 0.0558266 0.177333 1.39422e-05
0 0.662331 0.0326667 0.0845528 0.0653333 1.39658e-05
0 0.806504 0.054 0.097561 0.108 1.40025e-05
0 0.605691 0.651333 0.137127 0.590667 1.40233e-05
0 0.0417344 0.228 0.0661247 0.256 1.40433e-05
0 0.983198 0.155333 0.0336043 0.148 1.40517e-05
0 0.584824 0.482667 0.0151762 0.0533333 1.40532e-05
0 0.724119 0.632667 0.160434 0.326667 1.41313e-05
0 0.0783198 0.936667 0.0471545 0.0893333 1.41952e-05
0 0.669919 0.975333 0.0368564 0.0333333 1.42684e-05
0 0.185095 0.453333 0.0504065 0.12 1.43248e-05
0 0.48103 0.625333 0.0688347 0.125333 1.4386e-05
0 0.888618 1 0.0710027 0 1.443e-05
0 0.0905149 0.0153333 0.0466125 0.0306667 1.44441e-05
0 0.76748 0.233333 0.124661 0.466667 1.44831e-05
0 0.394309 0.950667 0.0308943 0.072 1.44962e-05
0 0.25935 0.743333 0.0352304 0.0946667 1.45044e-05
0 0.239295 0.074 0.0883469 0.148 1.4563e-05
0 0.394851 0.978 0.0363144 0.0386667 1.46101e-05
0 0.584553 0.745333 0.0471545 0.130667 1.46288e-05
0 0.184011 0.913333 0.0742547 0.114667 1.46316e-05
0 0.269919 0.0533333 0.0433604 0.0746667 1.46525e-05
0 0.355827 0.576667 0.0666667 0.316 1.46601e-05
0 0.508943 0.838 0.0542005 0.156 1.48636e-05
0 0.707588 0.972 0.0482385 0.0293333 1.48715e-05
0 0.965041 0.971333 0.0699187 0.0573333 1.48982e-05
0 0.944444 0.996667 0.0504065 0.00666667 1.4917e-05
0 0.528726 0.0273333 0.0601626 0.0466667 1.49267e-05
0 0.425474 0.924667 0.0249322 0.0786667 1.49778e-05
0 0.410298 0.0113333 0.0672087 0.0226667 1.50393e-05
0 0.110569 0.0273333 0.0845528 0.0546667 1.50404e-05
0 0.515718 0.198667 0.0178862 0.112 1.51005e-05
0 0.392683 0.743333 0.0254743 0.044 1.51044e-05
0 0.0723577 0.543333 0.0514905 0.102667 1.51081e-05
0 0.450949 0.729333 0.0195122 0.048 1.51214e-05
0 0.166938 0.964 0.0878049 0.072 1.51215e-05
0 0.376965 0.488667 0.0157182 0.0306667 1.51479e-05
0 0.369106 0.408 0.142005 0.597333 1.51733e-05
0 0.219783 0.739333 0.0319783 0.1 1.51909e-05
0 0.622222 0.718667 0.344715 0.562667 1.52141e-05
0 0.119512 0.414667 0.0796748 0.144 1.52349e-05
0 0.482927 0.475333 0.0661247 0.121333 1.52433e-05
0 0.427913 0.954 0.0926829 0.092 1.52463e-05
0 0.611382 0.972 0.0921409 0.056 1.52762e-05
0 0.154472 0.546667 0.0498645 0.101333 1.52804e-05
0 0.630081 0.0266667 0.0428184 0.0533333 1.52924e-05
0 0.338753 0.961333 0.0932249 0.0773333 1.5335e-05
0 0.504607 0.838 0.0715447 0.3 1.53681e-05
0 0.476965 0.414 0.0227642 0.0386667 1.54186e-05
0 0.35664 0.655333 0.0455285 0.129333 1.54873e-05
0 0.992683 0.0593333 0.0146341 0.118667 1.54995e-05
0 0.568022 0.337333 0.0227642 0.072 1.55466e-05
0 0.777507 1 0.0536585 0 1.55813e-05
0 0.133604 0.105333 0.0569106 0.181333 1.55853e-05
0 0.965312 0 0.0531165 0 1.55897e-05
0 0.3729 0.794667 0.151762 0.410667 1.55998e-05
0 0.357724 0.0206667 0.0444444 0.0413333 1.56783e-05
0 0.283469 0.5 0.0433604 0.0693333 1.56975e-05
0 0.518157 0.963333 0.0260163 0.0706667 1.57613e-05
0 0.299729 0.284667 0.0704607 0.172 1.58585e-05
0 0.711111 0.26 0.0585366 0.52 1.59e-05
0 0.307046 0.922 0.0796748 0.156 1.59411e-05
0 0.508672 0.751333 0.0558266 0.145333 1.5955e-05
0 0.838482 1 0.0802168 0 1.5957e-05
0 0.0536585 0.026 0.0509485 0.0493333 1.5989e-05
0 0.190786 0.0673333 0.0856369 0.134667 1.60409e-05
0 0.194038 0.0493333 0.0455285 0.072 1.61283e-05
0 0.593225 0.722667 0.0298103 0.322667 1.62232e-05
0 0.41084 0.457333 0.0346883 0.109333 1.6291e-05
0 0.559079 0.391333 0.0395664 0.132 1.63185e-05
0 0.0192412 0.848 0.0384824 0.141333 1.63221e-05
0 0.156098 0.0533333 0.0476965 0.08 1.63279e-05
0 0.0685637 0.088 0.0514905 0.101333 1.63328e-05
0 0.608401 0.775333 0.0850949 0.204 1.63476e-05
0 0.420054 0.628 0.0682927 0.130667 1.63782e-05
0 0.354472 0.759333 0.0747968 0.297333 1.64253e-05
0 0.307046 0.822 0.0785908 0.164 1.65865e-05
0 0.515447 0.0393333 0.0487805 0.0386667 1.65909e-05
0 0.405962 0.358667 0.0411924 0.141333 1.65923e-05
0 0.289702 0.64 0.0677507 0.312 1.66103e-05
0 0.534417 0.858667 0.0411924 0.181333 1.66567e-05
0 0.512195 0.688667 0.0563686 0.332 1.6699e-05
0 0.357453 0.719333 0.0710027 0.118667 1.67867e-05
0 0.959621 0.78 0.0677507 0.44 1.68284e-05
0 0.947696 0.990667 0.0731707 0.0186667 1.68757e-05
0 0.294851 0.945333 0.0368564 0.08 1.6918e-05
0 0.936043 0.946 0.098645 0.0893333 1.69423e-05
0 0.0658537 0 0.0536585 0 1.69467e-05
0 0.981301 0.663333 0.0373984 0.356 1.69555e-05
0 0.269919 0.791333 0.0303523 0.0973333 1.70421e-05
0 0.687263 0.0193333 0.0899729 0.0386667 1.71187e-05
0 0.373171 0.630667 0.0785908 0.157333 1.71547e-05
0 0.584553 0.114 0.0926829 0.228 1.72198e-05
0 0.334688 0.274667 0.0753388 0.173333 1.72701e-05
0 0.376694 0.169333 0.0271003 0.048 1.74709e-05
0 0.630894 0.0453333 0.0617886 0.0906667 1.76001e-05
0 0.46206 0.727333 0.0720867 0.158667 1.76594e-05
0 0.843089 0.948 0.0460705 0.0826667 1.76597e-05
0 0.389973 0.654667 0.0406504 0.144 1.76825e-05
0 0.586721 0.46 0.0504065 0.12 1.77118e-05
0 0.384824 0.279333 0.0379404 0.164 1.77327e-05
0 0.0352304 0.0633333 0.0704607 0.126667 1.77858e-05
0 0.515989 0.0153333 0.0444444 0.0306667 1.78111e-05
0 0.21355 0.962667 0.0834688 0.0746667 1.78178e-05
0 0.259079 0.479333 0.0888889 0.34 1.79284e-05
0 0.236585 0.0186667 0.0764228 0.0373333 1.79988e-05
0 0.383469 0.266667 0.0677507 0.266667 1.80174e-05
0 0.585366 0.687333 0.0411924 0.0893333 1.80462e-05
0 0.47561 0.956 0.0948509 0.088 1.80469e-05
0 0.333604 0.99 0.0634146 0.02 1.80492e-05
0 0.629268 0.153333 0.0433604 0.141333 1.808e-05
0 0.096748 0.492 0.0525745 0.072 1.80822e-05
0 0.236856 0.87 0.0411924 0.092 1.8106e-05
0 0.155827 0.45 0.0514905 0.116 1.81294e-05
0 0.269919 0.283333 0.0509485 0.145333 1.8136e-05
0 0.362873 0.834 0.0731707 0.156 1.81422e-05
0 0.734688 0.0913333 0.113279 0.182667 1.81651e-05
0 0.509485 0.388667 0.0704607 0.302667 1.81748e-05
0 0.0647696 0.999333 0.0504065 0.00133333 1.81853e-05
0 0.364228 0.407333 0.0747968 0.273333 1.81924e-05
0 0.660434 0.97 0.0710027 0.0546667 1.82118e-05
0 0.360163 0.584667 0.0644986 0.158667 1.83176e-05
0 0.760976 0.0386667 0.098645 0.0773333 1.83829e-05
0 0.682385 0.994 0.0487805 0.012 1.84896e-05
0 0.439566 0.205333 0.0726287 0.178667 1.85099e-05
0 0.680759 0.558667 0.0498645 0.357333 1.85398e-05
0 0.396477 0.825333 0.0525745 0.349333 1.85609e-05
0 0.433062 0.976 0.0346883 0.04 1.86205e-05
0 0.256369 0.970667 0.0357724 0.048 1.86574e-05
0 0.295935 0.0566667 0.0411924 0.0813333 1.86924e-05
0 0.379133 0.954667 0.0937669 0.0906667 1.87164e-05
0 0.512195 0.474 0.0574526 0.14 1.87222e-05
0 0.442547 0.950667 0.0341463 0.0773333 1.87384e-05
0 0.434959 0.991333 0.0569106 0.0173333 1.88493e-05
0 0.77019 1 0.0780488 0 1.88812e-05
0 0.15664 0.173333 0.0476965 0.125333 1.89483e-05
0 0.303252 0.706 0.0211382 0.044 1.89662e-05
0 0.312737 0.460667 0.0216802 0.0573333 1.89768e-05
0 0.290244 0.314667 0.0428184 0.125333 1.89945e-05
0 0.26206 0.963333 0.0840108 0.0733333 1.90059e-05
0 0.707046 0.74 0.0818428 0.52 1.90846e-05
0 0.0233062 0.910667 0.0260163 0.157333 1.90849e-05
0 0.130081 0 0.0531165 0 1.91384e-05
0 0.403794 0.285333 0.0422764 0.157333 1.92243e-05
0 0.545257 0.216 0.0672087 0.181333 1.92912e-05
0 0.129539 0.999333 0.0498645 0.00133333 1.94537e-05
0 0.802168 1 0.0531165 0 1.948e-05
0 0.610027 0.274 0.0612466 0.153333 1.95638e-05
0 0.616531 0.483333 0.0189702 0.0546667 1.96235e-05
0 0.742547 0.946 0.0520325 0.0386667 1.96806e-05
0 0.60542 0.770667 0.0498645 0.144 1.98052e-05
0 0.362331 0.27 0.0623306 0.164 1.9815e-05
0 0.585637 0.048 0.0807588 0.096 1.98171e-05
0 0.37832 0.521333 0.0585366 0.112 1.99306e-05
0 0.49729 0.134667 0.0731707 0.176 1.99517e-05
0 0.282385 0.886667 0.0325203 0.0853333 2.00033e-05
0 0.611653 0.00533333 0.0601626 0.0106667 2.00214e-05
0 0.459892 0.201333 0.0731707 0.317333 2.00328e-05
0 0.26748 0.0246667 0.113279 0.0493333 2.01738e-05
0 0.359621 0.491333 0.0384824 0.092 2.01773e-05
0 0.418699 0.00666667 0.0449864 0.0133333 2.01852e-05
0 0.541734 0.965333 0.0807588 0.0693333 2.02414e-05
0 0.397832 0.414 0.0455285 0.270667 2.02628e-05
0 0.643631 0.974 0.0330623 0.0413333 2.03123e-05
0 0.730081 0.988667 0.0520325 0.0226667 2.03607e-05
0 0.172629 0.660667 0.0439024 0.0706667 2.04565e-05
0 0.534146 0.490667 0.0471545 0.28 2.05034e-05
0 0.537127 0.67 0.0444444 0.182667 2.05314e-05
0 0.827913 1 0.0504065 0 2.05378e-05
0 0.987534 0.348 0.0249322 0.325333 2.05512e-05
0 0.343631 0.0593333 0.0379404 0.076 2.05624e-05
0 0.0208672 0 0.0417344 0 2.05859e-05
0 0.299458 0.402 0.0785908 0.241333 2.06485e-05
0 0.438753 0.136667 0.0590786 0.169333 2.06837e-05
0 0.440379 0.294 0.0514905 0.142667 2.07372e-05
0 0.273171 0.535333 0.0520325 0.0546667 2.07395e-05
0 0.105962 0.0553333 0.0439024 0.0733333 2.0943e-05
0 0.986179 0.84 0.0178862 0.154667 2.09679e-05
0 0.410298 0.422 0.0260163 0.052 2.10039e-05
0 0.605691 0.593333 0.0525745 0.149333 2.10077e-05
0 0.20813 0.77 0.0368564 0.116 2.10633e-05
0 0.279133 0.856 0.0314363 0.0453333 2.10932e-05
0 0.621138 0.964667 0.0325203 0.0706667 2.11296e-05
0 0.916802 0.718667 0.166396 0.293333 2.11414e-05
0 0.592141 0.706667 0.0222222 0.024 2.11762e-05
0 0.65664 0.978667 0.0373984 0.0373333 2.12039e-05
0 0.207317 0.941333 0.0287263 0.088 2.12303e-05
0 0.6271 0.36 0.0314363 0.141333 2.12505e-05
0 0.604065 0.496 0.0211382 0.032 2.12628e-05
0 0.388618 0.726667 0.0173442 0.0346667 2.13788e-05
0 0.0897019 1 0.0482385 0 2.1431e-05
0 0.0208672 0.978 0.0319783 0.044 2.15525e-05
0 0.683469 0.973333 0.0390244 0.032 2.15672e-05
0 0.25122 0.372667 0.0547425 0.0866667 2.16632e-05
0 0.329539 0.514667 0.0672087 0.282667 2.17717e-05
0 0.510298 0.0406667 0.116531 0.0813333 2.18091e-05
0 0.548509 0.954667 0.0195122 0.0746667 2.1826e-05
0 0.401626 0.204 0.0715447 0.277333 2.18557e-05
0 0.838211 0.948 0.0894309 0.096 2.18572e-05
0 0.462873 0.138667 0.0422764 0.2 2.18791e-05
0 0.592683 0.483333 0.0222222 0.0493333 2.18814e-05
0 0.405149 0.00533333 0.0460705 0.0106667 2.19632e-05
0 0.802981 0 0.0547425 0 2.19769e-05
0 0.885095 0.214667 0.198374 0.429333 2.1995e-05
0 0.478049 0.554 0.0802168 0.110667 2.19962e-05
0 0.413279 0.0313333 0.0948509 0.0626667 2.20065e-05
0 0.603794 0.343333 0.0780488 0.262667 2.20436e-05
0 0.626558 0.662667 0.0639566 0.290667 2.20721e-05
0 0.182385 0.104 0.0710027 0.181333 2.21451e-05
0 0.0780488 0.0586667 0.0498645 0.0693333 2.23729e-05
0 0.41626 0.837333 0.0184282 0.016 2.23773e-05
0 0.393496 0.585333 0.0715447 0.133333 2.24035e-05
0 0.991057 0.0426667 0.0124661 0.0853333 2.24493e-05
0 0.736043 0.522667 0.176694 0.317333 2.24973e-05
0 0.439024 0.136 0.0823848 0.272 2.25572e-05
0 0.608943 0.352667 0.0579946 0.158667 2.25584e-05
0 0.256911 0.558 0.0531165 0.076 2.25587e-05
0 0.334959 0.024 0.0585366 0.048 2.25718e-05
0 0.431165 0.406667 0.0558266 0.245333 2.25731e-05
0 0.529539 0.836 0.0780488 0.258667 2.25888e-05
0 0.714363 0.173333 0.136585 0.346667 2.2594e-05
0 0.800542 0.990667 0.112737 0.0186667 2.26001e-05
0 0.334417 0.206667 0.0758808 0.170667 2.26072e-05
0 0.00948509 0.970667 0.0124661 0.0586667 2.2645e-05
0 0.0430894 0.006 0.0547425 0.012 2.2665e-05
0 0.379675 0.00466667 0.0482385 0.00933333 2.27758e-05
0 0.657453 0.398 0.155014 0.622667 2.28745e-05
0 0.382927 0.184667 0.0341463 0.105333 2.29036e-05
0 0.462331 0.81 0.138753 0.38 2.29586e-05
0 0.510027 0.341333 0.0574526 0.133333 2.30461e-05
0 0.81084 0.008 0.096477 0.016 2.31156e-05
0 0.675881 0.996 0.0802168 0.008 2.31246e-05
0 0.282114 0.016 0.0439024 0.032 2.315e-05
0 0.360976 0.00666667 0.0747968 0.0133333 2.31964e-05
0 0.303252 0.215333 0.0601626 0.174667 2.32475e-05
0 0.406504 0.175333 0.117073 0.350667 2.32579e-05
0 0.586992 0.00666667 0.0650406 0.0133333 2.33512e-05
0 0.409214 0.992 0.0574526 0.016 2.34683e-05
0 0.528455 0.617333 0.0130081 0.117333 2.35027e-05
0 0.490515 0.0146667 0.0487805 0.0293333 2.35142e-05
0 0.516802 0.808667 0.150136 0.382667 2.36239e-05
0 0.46748 0.108667 0.0276423 0.121333 2.36583e-05
0 0.32981 0.426667 0.0460705 0.117333 2.37189e-05
0 0.425474 0.890667 0.0596206 0.218667 2.37279e-05
0 0.97832 0.979333 0.0433604 0.0413333 2.37796e-05
0 0.530623 0.0466667 0.100813 0.0933333 2.378e-05
0 0.320867 0.158 0.0379404 0.084 2.37892e-05
0 0.316531 0.0233333 0.106233 0.0466667 2.38254e-05
0 0.302168 0.526667 0.129539 0.522667 2.38646e-05
0 0.344444 0.0926667 0.0330623 0.0946667 2.39041e-05
0 0.39729 0.724 0.0379404 0.264 2.39611e-05
0 0.430352 0.589333 0.0455285 0.0613333 2.42109e-05
0 0.282927 0.768667 0.0357724 0.1 2.42357e-05
0 0.59729 0.666667 0.0444444 0.136 2.42486e-05
0 0.132791 0.0886667 0.0390244 0.0786667 2.42579e-05
0 0.630623 0.284 0.0493225 0.16 2.42636e-05
0 0.892683 1 0.0444444 0 2.43068e-05
0 0.281843 0.941333 0.0336043 0.0853333 2.43805e-05
0 0.753117 1 0.0525745 0 2.44264e-05
0 0.361247 0.196 0.0796748 0.28 2.443e-05
0 0.559621 0.758667 0.0644986 0.138667 2.44536e-05
0 0.626016 0.654667 0.0433604 0.141333 2.44606e-05
0 0.605149 0.483333 0.0243902 0.0466667 2.45752e-05
0 0.305149 0.235333 0.0303523 0.0866667 2.46524e-05
0 0.536043 0.0146667 0.0791328 0.0293333 2.46667e-05
0 0.470732 0.718667 0.0439024 0.261333 2.46772e-05
0 0.25122 0.858667 0.0254743 0.04 2.47611e-05
0 0.0604336 0.0333333 0.0796748 0.0666667 2.48664e-05
0 0.361518 0.963333 0.0715447 0.0733333 2.49705e-05
0 0.895122 0.018 0.111111 0.036 2.50893e-05
0 0.169106 0.703333 0.0466125 0.0706667 2.50987e-05
0 0.429268 0.764667 0.0672087 0.316 2.52856e-05
0 0.309485 0.816 0.131165 0.368 2.53669e-05
0 0.364499 0.026 0.095935 0.052 2.54075e-05
0 0.256098 0.0153333 0.0449864 0.0306667 2.54103e-05
0 0.373442 0.47 0.0498645 0.238667 2.54199e-05
0 0.401626 0 0.0520325 0 2.54213e-05
0 0.630081 0.718667 0.0482385 0.157333 2.5474e-05
0 0.853659 1 0.0466125 0 2.54778e-05
0 0.515989 0.691333 0.0552846 0.150667 2.55259e-05
0 0.737669 0.770667 0.123577 0.285333 2.55661e-05
0 0.969106 0.349333 0.0574526 0.261333 2.56105e-05
0 0.629539 0.525333 0.0536585 0.130667 2.56281e-05
0 0.549864 0.974667 0.0417344 0.0453333 2.59759e-05
0 0.915447 0 0.0542005 0 2.59918e-05
0 0.51897 0.26 0.0699187 0.16 2.60956e-05
0 0.155827 0.606 0.0482385 0.084 2.61122e-05
0 0.269648 0.200667 0.131707 0.401333 2.61342e-05
0 0.690786 0 0.0536585 0 2.61677e-05
0 0.206504 0.402 0.0574526 0.18 2.62901e-05
0 0.400542 0.211333 0.0444444 0.156 2.62991e-05
0 0.0403794 0.97 0.0807588 0.06 2.63414e-05
0 0.0214092 0.759333 0.0417344 0.273333 2.64522e-05
0 0.630894 0.204667 0.0542005 0.166667 2.64545e-05
0 0.33523 0.588667 0.0688347 0.158667 2.64841e-05
0 0.600271 0.704 0.0319783 0.04 2.66542e-05
0 0.934146 0.56 0.110027 0.242667 2.66836e-05
0 0.731165 0.966667 0.0487805 0.024 2.66912e-05
0 0.391328 0.374667 0.0281843 0.104 2.68821e-05
0 0.215447 0.154 0.104607 0.252 2.69007e-05
0 0.4729 0.992 0.0579946 0.016 2.69742e-05
0 0.717344 0.346 0.22168 0.692 2.70389e-05
0 0.682385 0.163333 0.0563686 0.246667 2.70511e-05
0 0.243631 0.614 0.0514905 0.1 2.70945e-05
0 0.759892 0.930667 0.160434 0.0746667 2.72661e-05
0 0.429268 0.426667 0.0249322 0.0373333 2.7413e-05
0 0.211924 0.262667 0.0932249 0.213333 2.7417e-05
0 0.687805 0.968667 0.0780488 0.0626667 2.74403e-05
0 0.166396 0 0.0542005 0 2.75121e-05
0 0.614363 0.124 0.0720867 0.186667 2.75427e-05
0 0.92439 0.422 0.15122 0.654667 2.75496e-05
0 0.986992 0.954667 0.0173442 0.08 2.75793e-05
0 0.606775 0.392 0.119783 0.469333 2.7582e-05
0 0.55149 0.334667 0.0439024 0.349333 2.77044e-05
0 0.240108 0.108 0.115989 0.216 2.78222e-05
0 0.620325 0.972 0.0233062 0.0453333 2.78606e-05
0 0.960705 0.00533333 0.0644986 0.0106667 2.79117e-05
0 0.738753 1 0.0867209 0 2.79232e-05
0 0.328726 0 0.0514905 0 2.79382e-05
0 0.179404 0.714667 0.0943089 0.290667 2.79798e-05
0 0.00731707 0.753333 0.0146341 0.149333 2.80981e-05
0 0.321409 0.76 0.0227642 0.096 2.82718e-05
0 0.828455 0.27 0.245528 0.54 2.82997e-05
0 0.706233 0.991333 0.0520325 0.0173333 2.83159e-05
0 0.511382 0.397333 0.0471545 0.133333 2.83245e-05
0 0.0699187 0.0293333 0.120325 0.0586667 2.84142e-05
0 0.14065 0.698667 0.0536585 0.109333 2.84439e-05
0 0.679675 1 0.0498645 0 2.84803e-05
0 0.423848 0.0206667 0.0650406 0.0413333 2.85236e-05
0 0.361518 0.204667 0.0509485 0.156 2.87839e-05
0 0.0178862 0.688667 0.0357724 0.142667 2.88571e-05
0 0.482656 0.895333 0.0818428 0.209333 2.88676e-05
0 0.211111 0.344 0.115447 0.168 2.89493e-05
0 0.51355 0.154 0.147967 0.308 2.90012e-05
0 0.333333 0.905333 0.0791328 0.136 2.91918e-05
0 0.688076 0.914667 0.125203 0.0986667 2.92088e-05
0 0.917073 1 0.0476965 0 2.92845e-05
0 0.150136 0.00533333 0.0802168 0.0106667 2.94307e-05
0 0.765312 0.976667 0.147425 0.0466667 2.9431e-05
0 0.26477 0.869333 0.0243902 0.064 2.94571e-05
0 0.463686 0.724 0.0113821 0.0346667 2.95196e-05
0 0.334146 0.962667 0.0731707 0.0746667 2.96676e-05
0 0.474255 0.978 0.0542005 0.044 2.97164e-05
0 0.168835 0.938 0.0471545 0.0893333 2.97287e-05
0 0.115176 0.559333 0.0558266 0.134667 3.00682e-05
0 0.738211 0.0213333 0.127913 0.0426667 3.02905e-05
0 0.534417 0.385333 0.0617886 0.28 3.03023e-05
0 0.0298103 0.152667 0.0498645 0.148 3.04012e-05
0 0.620325 0.95 0.0178862 0.0813333 3.04069e-05
0 0.362602 0.909333 0.0747968 0.130667 3.04245e-05
0 0.445528 0.064 0.099729 0.128 3.05358e-05
0 0.386721 0.961333 0.0634146 0.0773333 3.07238e-05
0 0.669106 0.645333 0.18916 0.709333 3.07765e-05
0 0.390244 0.419333 0.0249322 0.0973333 3.08118e-05
0 0.203794 0 0.0542005 0 3.09304e-05
0 0.234688 0.968667 0.0390244 0.0466667 3.09616e-05
0 0.622222 0.460667 0.0628726 0.198667 3.10421e-05
0 0.656911 0.793333 0.0411924 0.288 3.10611e-05
0 0.269377 0.94 0.0346883 0.0773333 3.10801e-05
0 0.686179 0.837333 0.119241 0.186667 3.11918e-05
0 0.343089 0.998 0.0476965 0.004 3.13669e-05
0 0.286992 0.994667 0.0666667 0.0106667 3.14213e-05
0 0.444986 0.976667 0.0368564 0.0333333 3.14591e-05
0 0.471003 0.740667 0.0227642 0.076 3.14935e-05
0 0.891599 0 0.123577 0 3.15091e-05
0 0.474526 0.756 0.0330623 0.125333 3.161e-05
0 0.311382 0.140667 0.0363144 0.108 3.16466e-05
0 0.00813008 0.880667 0.0108401 0.142667 3.17762e-05
0 0.0411924 1 0.0520325 0 3.17811e-05
0 0.787805 0.0153333 0.102439 0.0306667 3.17843e-05
0 0.309756 0.0953333 0.0384824 0.105333 3.20112e-05
0 0.0845528 0.519333 0.0542005 0.092 3.2328e-05
0 0.630623 0.973333 0.0287263 0.0426667 3.23608e-05
0 0.547696 0.634 0.0352304 0.276 3.24042e-05
0 0.368022 0.422667 0.0401084 0.117333 3.26875e-05
0 0.303252 0.546667 0.0308943 0.0693333 3.27355e-05
0 0.323035 0.756 0.0531165 0.272 3.27598e-05
0 0.112737 0.999333 0.098645 0.00133333 3.29479e-05
0 0.467209 0.430667 0.0184282 0.0373333 3.30343e-05
0 0.204878 0.52 0.0498645 0.114667 3.30614e-05
0 0.604878 0.977333 0.0769648 0.0453333 3.30622e-05
0 0.0124661 0.941333 0.0162602 0.117333 3.3093e-05
0 0.358266 0.769333 0.0704607 0.133333 3.31089e-05
0 0.241463 0 0.0536585 0 3.32048e-05
0 0.0105691 0.00866667 0.0211382 0.0173333 3.32491e-05
0 0.801897 1 0.0937669 0 3.33682e-05
0 0.635501 0 0.0775068 0 3.36017e-05
0 0.43252 0.008 0.0444444 0.016 3.36225e-05
0 0.682385 0.429333 0.0466125 0.28 3.36245e-05
0 0.457453 0.980667 0.0357724 0.028 3.3631e-05
0 0.130081 0.876 0.0520325 0.130667 3.36633e-05
0 0.547696 0.277333 0.0352304 0.109333 3.37434e-05
0 0.279133 0 0.0531165 0 3.41675e-05
0 0.656098 0.613333 0.0482385 0.253333 3.42701e-05
0 0.507588 0.965333 0.0200542 0.0533333 3.43507e-05
0 0.569377 0.788667 0.171816 0.422667 3.43833e-05
0 0.686721 0.410667 0.139837 0.264 3.44544e-05
0 0.218157 0.0146667 0.0471545 0.0293333 3.44715e-05
0 0.00731707 0.816 0.0146341 0.152 3.46153e-05
0 0.154472 0.997333 0.0498645 0.00533333 3.47014e-05
0 0.973442 0.052 0.0531165 0.104 3.53239e-05
0 0.462331 0.735333 0.0281843 0.0973333 3.53399e-05
0 0.0216802 0.351333 0.0433604 0.137333 3.54239e-05
0 0.752033 0 0.0547425 0 3.54438e-05
0 0.311111 0.00266667 0.0737127 0.00533333 3.55206e-05
0 0.0317073 0.82 0.0417344 0.264 3.55888e-05
0 0.604878 0.464667 0.0487805 0.113333 3.58074e-05
0 0.509756 0.992 0.0493225 0.016 3.58386e-05
0 0.728997 1 0.0520325 0 3.59252e-05
0 0.194038 0.022 0.0628726 0.044 3.60085e-05
0 0.655556 0.171333 0.126287 0.342667 3.61315e-05
0 0.628997 0.972 0.0818428 0.056 3.642e-05
0 0.418428 0.844667 0.0336043 0.310667 3.65464e-05
0 0.0542005 0.0626667 0.0509485 0.0853333 3.67156e-05
0 0.744715 0.00533333 0.0737127 0.0106667 3.67879e-05
0 0.43252 0.943333 0.0292683 0.076 3.6802e-05
0 0.434146 0.960667 0.0661247 0.0786667 3.68319e-05
0 0.448509 0.339333 0.0666667 0.265333 3.68676e-05
0 0.0720867 0.458667 0.0899729 0.186667 3.69645e-05
0 0.459079 0.72 0.0216802 0.0346667 3.69746e-05
0 0.158808 0.115333 0.100813 0.230667 3.69854e-05
0 0.457995 0.479333 0.0563686 0.0946667 3.72343e-05
0 0.488347 0.0373333 0.0520325 0.0586667 3.72414e-05
0 0.650949 0.166 0.0498645 0.148 3.72713e-05
0 0.382656 0.0266667 0.0390244 0.0533333 3.73434e-05
0 0.535772 0.975333 0.0644986 0.0493333 3.76616e-05
0 0.368564 0.996667 0.0455285 0.00666667 3.76787e-05
0 0.204607 0.764 0.0742547 0.296 3.77309e-05
0 0.623306 0.424667 0.0303523 0.124 3.77842e-05
0 0.406504 0.786 0.0249322 0.105333 3.80541e-05
0 0.392412 0.413333 0.0205962 0.0506667 3.80962e-05
0 0.319512 0.018 0.0439024 0.036 3.81276e-05
0 0.262602 0.1 0.0937669 0.146667 3.85386e-05
0 0.147425 0.0226667 0.0747968 0.0453333 3.87458e-05
0 0.374255 0.06 0.0395664 0.08 3.8888e-05
0 0.6729 0.908667 0.113279 0.182667 3.89758e-05
0 0.76748 0.022 0.101897 0.044 3.91479e-05
0 0.727913 0 0.0542005 0 3.93165e-05
0 0.295393 0.533333 0.0769648 0.210667 3.93401e-05
0 0.664499 0 0.0899729 0 3.98422e-05
0 0.31355 0.0773333 0.0699187 0.154667 3.98825e-05
0 0.412466 0.963333 0.0715447 0.0733333 4.0091e-05
0 0.581301 0.396667 0.0688347 0.257333 4.01266e-05
0 0.604336 0.992667 0.0487805 0.0146667 4.029e-05
0 0.576423 0.282 0.0623306 0.142667 4.03061e-05
0 0.631436 0.589333 0.0487805 0.149333 4.03069e-05
0 0.150678 0.27 0.101897 0.206667 4.05036e-05
0 0.782656 0.00333333 0.0747968 0.00666667 4.05043e-05
0 0.692412 0.0106667 0.0775068 0.0213333 4.0561e-05
0 0.991599 0.319333 0.0168022 0.230667 4.05694e-05
0 0.293767 0.998667 0.0476965 0.00266667 4.05755e-05
0 0.0704607 0.626 0.0823848 0.169333 4.06298e-05
0 0.430894 0.997333 0.0455285 0.00533333 4.06907e-05
0 0.66206 0.986667 0.0840108 0.0266667 4.07664e-05
0 0.204607 0.77 0.0558266 0.174667 4.07692e-05
0 0.481843 0.986667 0.0336043 0.0213333 4.08427e-05
0 0.317886 0.998 0.0482385 0.004 4.09107e-05
0 0.0932249 0.59 0.0531165 0.121333 4.09142e-05
0 0.582656 0.952667 0.0715447 0.0946667 4.09368e-05
0 0.166667 0.836667 0.173984 0.326667 4.09599e-05
0 0.422493 0.430667 0.0211382 0.0266667 4.12122e-05
0 0.985908 0.846667 0.0271003 0.306667 4.13419e-05
0 0.29458 0.652667 0.0612466 0.126667 4.13734e-05
0 0.684824 0.298667 0.0439024 0.32 4.14356e-05
0 0.224119 0.00133333 0.0775068 0.00266667 4.16351e-05
0 0.19458 0.94 0.0357724 0.088 4.18103e-05
0 0.623577 0.462 0.0384824 0.129333 4.18634e-05
0 0.249051 0.992 0.0655827 0.016 4.20727e-05
0 0.0192412 0.538667 0.0384824 0.128 4.20895e-05
0 0.486992 0.909333 0.0612466 0.125333 4.21071e-05
0 0.309214 0.959333 0.0775068 0.0813333 4.21302e-05
0 0.569377 0.343333 0.0449864 0.110667 4.26455e-05
0 0.0132791 0.860667 0.0124661 0.225333 4.27607e-05
0 0.920596 0.994 0.113279 0.012 4.28261e-05
0 0.688618 0.975333 0.117615 0.0493333 4.29668e-05
0 0.714363 0.966 0.100813 0.068 4.3076e-05
0 0.376965 0 0.0536585 0 4.30851e-05
0 0.532249 0.984667 0.0314363 0.028 4.30972e-05
0 0.777778 0 0.0552846 0 4.32055e-05
0 0.0626016 0.177333 0.125203 0.354667 4.32557e-05
0 0.280217 0.224 0.0552846 0.202667 4.36238e-05
0 0.584282 0.409333 0.0466125 0.152 4.36726e-05
0 0.681572 0.71 0.095935 0.356 4.37919e-05
0 0.331707 0.518667 0.0563686 0.114667 4.37935e-05
0 0.331707 0.758667 0.0249322 0.0773333 4.41119e-05
0 0.437398 0.492 0.0682927 0.0986667 4.41254e-05
0 0.656098 0.784667 0.0894309 0.26 4.42684e-05
0 0.417344 0.844 0.00650406 0.0266667 4.431e-05
0 0.261789 0.00133333 0.0758808 0.00266667 4.47642e-05
0 0.153388 0.415333 0.0693767 0.156 4.47684e-05
0 0.182656 0.795333 0.0747968 0.18 4.50196e-05
0 0.400542 0.845333 0.0466125 0.12 4.50261e-05
0 0.225203 0.942667 0.0352304 0.0933333 4.51335e-05
0 0.727371 0.83 0.200542 0.34 4.51739e-05
0 0.944986 0.243333 0.110027 0.486667 4.52172e-05
0 0.509485 0.914667 0.0552846 0.12 4.54181e-05
0 0.468293 0.0933333 0.0585366 0.186667 4.54309e-05
0 0.134417 0.00666667 0.0737127 0.0133333 4.55663e-05
0 0.318428 0.669333 0.0504065 0.248 4.56272e-05
0 0.0184282 0.629333 0.0368564 0.138667 4.56317e-05
0 0.705149 1 0.0520325 0 4.58638e-05
0 0.255827 0.998667 0.0466125 0.00266667 4.59323e-05
0 0.113008 0.856 0.0720867 0.154667 4.62921e-05
0 0.604336 0.416 0.0542005 0.152 4.64803e-05
0 0.313279 0.471333 0.0314363 0.0893333 4.67831e-05
0 0.0810298 0.113333 0.095935 0.157333 4.70146e-05
0 0.935501 0.156667 0.128997 0.313333 4.73547e-05
0 0.388889 0.904667 0.0634146 0.134667 4.76001e-05
0 0.33252 0.724 0.0254743 0.072 4.78379e-05
0 0.655014 0.994 0.0504065 0.012 4.78852e-05
0 0.134959 0.0273333 0.098645 0.0546667 4.80025e-05
0 0.130081 0.0553333 0.0433604 0.0813333 4.84947e-05
0 0.487805 0.972667 0.0672087 0.0546667 4.86789e-05
0 0.138482 0.988667 0.0850949 0.0226667 4.8762e-05
0 0.320325 0.0593333 0.0379404 0.084 4.88019e-05
0 0.55664 0.844 0.0607046 0.2 4.88023e-05
0 0.99187 1 0.0162602 0 4.89576e-05
0 0.168022 0.732667 0.0867209 0.132 4.89672e-05
0 0.98916 0.358667 0.0130081 0.141333 4.90446e-05
0 0.405962 0.998 0.0466125 0.004 4.91346e-05
0 0.498374 0.982667 0.0308943 0.024 4.92659e-05
0 0.14065 0.602667 0.0547425 0.125333 4.93122e-05
0 0.380217 0.148 0.0189702 0.0373333 4.9366e-05
0 0.692683 0.957333 0.138753 0.0666667 4.94248e-05
0 0.157995 0.662667 0.0937669 0.122667 4.94449e-05
0 0.0818428 0.142667 0.143089 0.28 4.95353e-05
0 0.968022 0.998 0.0476965 0.004 4.9564e-05
0 0.457995 0.97 0.0791328 0.06 4.95717e-05
0 0.0203252 0.878 0.0406504 0.244 4.96212e-05
0 0.0102981 0.910667 0.0205962 0.178667 4.96903e-05
0 0.187263 0.002 0.0829268 0.004 4.96948e-05
0 0.117073 0.938667 0.0932249 0.122667 4.97072e-05
0 0.657995 0.598 0.118157 0.262667 4.97355e-05
0 0.975881 0.948667 0.0482385 0.102667 4.98124e-05
0 0.421138 0.435333 0.00758808 0.0226667 4.98325e-05
0 0.167751 0.0153333 0.0493225 0.0306667 4.98453e-05
0 0.444444 0.719333 0.0596206 0.116 5.01725e-05
0 0.298916 0.402 0.0558266 0.113333 5.03648e-05
0 0.180488 0.997333 0.0466125 0.00533333 5.0418e-05
0 0.427371 0.912667 0.0493225 0.118667 5.07517e-05
0 0.460705 0.889333 0.0737127 0.16 5.07959e-05
0 0.652032 0.125333 0.0813008 0.170667 5.0895e-05
0 0.472087 0.586667 0.0693767 0.0933333 5.10517e-05
0 0.266938 0.754667 0.114363 0.394667 5.12092e-05
0 0.365854 0.076 0.0747968 0.152 5.14536e-05
0 0.48645 0.068 0.0753388 0.136 5.15588e-05
0 0.736314 0.984 0.0948509 0.032 5.17015e-05
0 0.00731707 0.689333 0.0146341 0.149333 5.1768e-05
0 0.560976 0 0.0845528 0 5.17686e-05
0 0.630081 0.797333 0.0352304 0.165333 5.23182e-05
0 0.592141 0.717333 0.0287263 0.104 5.23594e-05
0 0.532791 0.913333 0.0563686 0.128 5.23799e-05
0 0.0859079 0.078 0.118699 0.156 5.27724e-05
0 0.158537 0.170667 0.0644986 0.221333 5.28718e-05
0 0.941192 0 0.0547425 0 5.28795e-05
0 0.182927 0.356 0.111111 0.245333 5.29702e-05
0 0.307859 0.882 0.0758808 0.161333 5.31982e-05
0 0.107588 0.347333 0.145799 0.244 5.34977e-05
0 0.633875 0.919333 0.0449864 0.161333 5.36098e-05
0 0.63794 0.982667 0.0878049 0.0346667 5.36584e-05
0 0.28374 0.950667 0.0677507 0.0986667 5.37208e-05
0 0.0192412 0.479333 0.0384824 0.124 5.39293e-05
0 0.47019 0.982667 0.0363144 0.0213333 5.40967e-05
0 0.0214092 0.259333 0.0428184 0.137333 5.41449e-05
0 0.19729 0.641333 0.0281843 0.0586667 5.43199e-05
0 0.125745 0 0.0542005 0 5.43605e-05
0 0.0233062 0.449333 0.0271003 0.221333 5.47714e-05
0 0.539295 0.392 0.0563686 0.138667 5.50325e-05
0 0.0149051 0.042 0.0298103 0.084 5.53019e-05
0 0.279404 0.227333 0.0764228 0.326667 5.55082e-05
0 0.204065 0.554 0.0731707 0.18 5.57752e-05
0 0.433062 0.411333 0.0292683 0.108 5.58369e-05
0 0.136314 0.823333 0.0796748 0.174667 5.59736e-05
0 0.577236 0.946 0.0357724 0.0866667 5.61077e-05
0 0.466938 1 0.0460705 0 5.61077e-05
0 0.548781 0.982667 0.0265583 0.0346667 5.61405e-05
0 0.00840108 0.946667 0.0113821 0.106667 5.66635e-05
0 0.982656 0.994 0.0292683 0.012 5.67896e-05
0 0.685366 0.220667 0.104607 0.281333 5.69913e-05
0 0.257724 0.846 0.0243902 0.0546667 5.7351e-05
0 0.379404 0.138667 0.0487805 0.277333 5.73618e-05
0 0.0289973 0.0926667 0.0471545 0.116 5.77514e-05
0 0.984282 0.214 0.0314363 0.428 5.78203e-05
0 0.294038 0.382 0.103523 0.414667 5.79456e-05
0 0.924119 0.0133333 0.115989 0.0266667 5.8419e-05
0 0.280759 0.478 0.0693767 0.148 5.84402e-05
0 0.539566 0.492667 0.0460705 0.134667 5.86574e-05
0 0.43252 0.77 0.0639566 0.14 5.87864e-05
0 0.261247 0.724667 0.0672087 0.156 5.89274e-05
0 0.17832 0.881333 0.106233 0.237333 5.91009e-05
0 0.173984 0.574 0.101897 0.142667 5.91875e-05
0 0.634417 0.868 0.0319783 0.256 5.93148e-05
0 0.0132791 0.993333 0.0254743 0.0133333 5.94481e-05
0 0.776965 0.939333 0.157724 0.121333 5.9529e-05
0 0.463686 0.988 0.0764228 0.024 5.95867e-05
0 0.212195 0.993333 0.0699187 0.0133333 5.95877e-05
0 0.463144 0.387333 0.0406504 0.265333 5.98413e-05
0 0.630623 0.992667 0.0504065 0.0146667 6.0027e-05
0 0.654472 0.233333 0.0439024 0.157333 6.0076e-05
0 0.985366 0.108 0.0205962 0.138667 6.06366e-05
0 0.193225 0.014 0.0482385 0.028 6.12389e-05
0 0.165312 0.228667 0.0628726 0.142667 6.13554e-05
0 0.0192412 0.948 0.0298103 0.0853333 6.16574e-05
0 0.0737127 0.998 0.095393 0.004 6.18557e-05
0 0.23794 0.024 0.099729 0.048 6.19113e-05
0 0.239837 0.772667 0.0644986 0.169333 6.21644e-05
0 0.469106 0.996667 0.0471545 0.00666667 6.22174e-05
0 0.605691 0.844 0.0590786 0.181333 6.25549e-05
0 0.0585366 0.543333 0.0878049 0.185333 6.2675e-05
0 0.398374 0.415333 0.0238482 0.084 6.27852e-05
0 0.205149 0.462667 0.0482385 0.141333 6.31594e-05
0 0.292412 0.0913333 0.0569106 0.148 6.32348e-05
0 0.631978 0.848 0.098645 0.248 6.32632e-05
0 0.23252 0.996667 0.0455285 0.00666667 6.34071e-05
0 0.373713 0.474667 0.0276423 0.096 6.35731e-05
0 0.362331 0.990667 0.0753388 0.0186667 6.36295e-05
0 0.937669 0.0746667 0.0932249 0.149333 6.42864e-05
0 0.206775 0.998 0.0449864 0.004 6.50167e-05
0 0.58645 0.862 0.0368564 0.276 6.52881e-05
0 0.714905 0 0.115989 0 6.54713e-05
0 0.536585 0.194667 0.0444444 0.096 6.55337e-05
0 0.654201 1 0.0509485 0 6.56393e-05
0 0.157453 0.264 0.186992 0.528 6.6161e-05
0 0.395664 0.726 0.0195122 0.0253333 6.6578e-05
0 0.131707 0.937333 0.0520325 0.0986667 6.68039e-05
0 0.00921409 0.322 0.0184282 0.150667 6.76199e-05
0 0.331707 0.094 0.0292683 0.110667 6.76401e-05
0 0.926016 1 0.0894309 0 6.77209e-05
0 0.0943089 0.485333 0.0769648 0.114667 6.81847e-05
0 0.254472 0.844 0.103523 0.312 6.83563e-05
0 0.463415 0.0726667 0.0346883 0.0733333 6.83625e-05
0 0.236043 0.988 0.0644986 0.024 6.84018e-05
0 0.65664 0.412667 0.0601626 0.164 6.85196e-05
0 0.93523 0 0.104607 0 6.87712e-05
0 0.268293 0.846 0.0379404 0.26 6.95577e-05
0 0.511111 0.977333 0.0336043 0.0346667 6.97088e-05
0 0.0300813 0.443333 0.0601626 0.150667 7.00089e-05
0 0.187263 0.988667 0.0731707 0.0226667 7.02554e-05
0 0.435501 0.0166667 0.0471545 0.0333333 7.02704e-05
0 0.0869919 0 0.0536585 0 7.03852e-05
0 0.387263 0.00933333 0.0634146 0.0186667 7.15806e-05
0 0.351491 0 0.0547425 0 7.18882e-05
0 0.991057 0.975333 0.0178862 0.0493333 7.19193e-05
0 0.653659 0.215333 0.0813008 0.22 7.23355e-05
0 0.0642276 1 0.0525745 0 7.23601e-05
0 0.0219512 0.2 0.0439024 0.133333 7.24393e-05
0 0.992954 0.400667 0.0140921 0.225333 7.25763e-05
0 0.367209 0.496667 0.00813008 0.0173333 7.26801e-05
0 0.657995 0.468667 0.100813 0.198667 7.32175e-05
0 0.514905 0.15 0.0401084 0.145333 7.35063e-05
0 0.490786 1 0.0471545 0 7.35665e-05
0 0.561789 0.322667 0.0298103 0.056 7.38588e-05
0 0.428997 1 0.0460705 0 7.40579e-05
0 0.413279 1 0.0710027 0 7.42861e-05
0 0.290786 0.028 0.0850949 0.056 7.4332e-05
0 0.970732 0.221333 0.0542005 0.341333 7.48783e-05
0 0.581843 0.839333 0.103523 0.273333 7.49287e-05
0 0.00921409 0.724667 0.0184282 0.257333 7.51317e-05
0 0.628455 1 0.0514905 0 7.53936e-05
0 0.724932 0.967333 0.0915989 0.0493333 7.63594e-05
0 0.425203 0.559333 0.0742547 0.0866667 7.6847e-05
0 0.493225 0.998 0.0476965 0.004 7.70985e-05
0 0.337669 1 0.0747968 0 7.71536e-05
0 0.128455 1 0.0509485 0 7.71545e-05
0 0.785908 0.958 0.122493 0.084 7.75085e-05
0 0.395122 0.4 0.0195122 0.0426667 7.76052e-05
0 0.324932 0.755333 0.0504065 0.118667 7.77967e-05
0 0.131436 0.0166667 0.0460705 0.0333333 7.78255e-05
0 0.341463 1 0.0476965 0 7.79078e-05
0 0.00948509 0.026 0.0189702 0.052 7.86776e-05
0 0.517073 1 0.0444444 0 7.87113e-05
0 0.526016 0.994 0.0579946 0.012 7.87402e-05
0 0.484553 0.0533333 0.125745 0.106667 7.89143e-05
0 0.366667 0.492 0.0168022 0.0133333 7.89939e-05
0 0.658266 0.288667 0.0590786 0.172 7.90108e-05
0 0.096748 0.0106667 0.0753388 0.0213333 8.00068e-05
0 0.0886179 1 0.0525745 0 8.01927e-05
0 0.378862 1 0.0466125 0 8.02347e-05
0 0.455556 0.0126667 0.0493225 0.0253333 8.0724e-05
0 0.612195 0.924 0.0352304 0.152 8.09375e-05
0 0.655556 0.533333 0.0634146 0.184 8.21339e-05
0 0.656911 0.343333 0.096477 0.225333 8.21983e-05
0 0.122764 0.464 0.111111 0.176 8.22853e-05
0 0.954743 1 0.0525745 0 8.26105e-05
0 0.762873 0 0.140379 0 8.28307e-05
0 0.508943 0.018 0.118157 0.036 8.28402e-05
0 0.210298 0.638 0.420596 0.724 8.29338e-05
0 0.0861789 0.00866667 0.100813 0.0173333 8.29987e-05
0 0.61355 0.910667 0.0802168 0.178667 8.32619e-05
0 0.440379 0.076 0.0699187 0.138667 8.35041e-05
0 0.414363 0.04 0.0861789 0.08 8.38712e-05
0 0.523035 0.552667 0.0336043 0.148 8.49848e-05
0 0.327371 0.47 0.0227642 0.0493333 8.50784e-05
0 0.465041 0.419333 0.0119241 0.0226667 8.55425e-05
0 0.0363144 0.250667 0.0726287 0.501333 8.68093e-05
0 0.255827 0.866667 0.0292683 0.0746667 8.70474e-05
0 0.260976 0.786 0.0395664 0.132 8.72793e-05
0 0.366667 0.491333 0.0124661 0.028 8.73149e-05
0 0.0173442 0.83 0.0271003 0.249333 8.73375e-05
0 0.0314363 0.947333 0.0628726 0.1 8.76395e-05
0 0.471816 0.303333 0.0460705 0.113333 8.79882e-05
0 0.65664 0.35 0.0547425 0.174667 8.85407e-05
0 0.514634 0.988667 0.0710027 0.0226667 8.85467e-05
0 0.222764 0.692667 0.123577 0.350667 8.89967e-05
0 0.452033 0.353333 0.0444444 0.128 8.93273e-05
0 0.417344 0.843333 0.0292683 0.129333 9.12137e-05
0 0.326287 0 0.0552846 0 9.12609e-05
0 0.565583 0.989333 0.0731707 0.0213333 9.14278e-05
0 0.274526 0.9 0.0579946 0.130667 9.15658e-05
0 0.0850949 0.0666667 0.100813 0.104 9.16308e-05
0 0.292412 0.0126667 0.0818428 0.0253333 9.17486e-05
0 0.219512 0.941333 0.0639566 0.114667 9.23133e-05
0 0.728726 0.931333 0.115447 0.137333 9.24266e-05
0 0.176152 0 0.0552846 0 9.29522e-05
0 0.411382 0.00533333 0.0867209 0.0106667 9.30804e-05
0 0.565854 0.988 0.0498645 0.024 9.31239e-05
0 0.404336 1 0.0466125 0 9.33812e-05
0 0.150678 0 0.0552846 0 9.39606e-05
0 0.160163 0.483333 0.115447 0.177333 9.44929e-05
0 0.169919 0.0213333 0.0915989 0.0426667 9.55517e-05
0 0.138753 0.906667 0.0780488 0.125333 9.6147e-05
0 0.339566 0.00933333 0.0764228 0.0186667 9.68099e-05
0 0.230081 0.418667 0.460163 0.837333 9.74348e-05
0 0.437398 0.994667 0.0899729 0.0106667 9.9095e-05
0 0.0097561 0.823333 0.0195122 0.252 9.94047e-05
0 0.0208672 0.546 0.0417344 0.302667 0.000100353
0 0.0631436 0 0.0547425 0 0.000100435
0 0.565041 0.998 0.0493225 0.004 0.000101021
0 0.0712737 0.736667 0.095935 0.22 0.000101873
0 0.503252 0.132 0.098103 0.264 0.000101963
0 0.955827 0.999333 0.0677507 0.00133333 0.000102402
0 0.479133 0.0206667 0.0531165 0.036 0.000103255
0 0.179133 0.420667 0.0775068 0.22 0.000103283
0 0.30271 0.713333 0.0569106 0.290667 0.00010365
0 0.125474 1 0.0883469 0 0.000104319
0 0.178049 0.218667 0.116531 0.266667 0.000104528
0 0.316531 1 0.0487805 0 0.000105869
0 0.0100271 0.173333 0.0168022 0.144 0.00010651
0 0.39729 0.727333 0.0336043 0.092 0.000106726
0 0.5271 0.618 0.0373984 0.310667 0.000106939
0 0.319241 0.672667 0.0487805 0.113333 0.000107834
0 0.00623306 0.566667 0.0124661 0.152 0.000108641
0 0.235501 0.488667 0.116531 0.169333 0.000108701
0 0.300813 0 0.0552846 0 0.000109108
0 0.400542 0.726667 0.0238482 0.0373333 0.000109165
0 0.320054 0.62 0.640108 0.76 0.000109303
0 0.470461 0.418667 0.0195122 0.0266667 0.000109589
0 0.0403794 1 0.0525745 0 0.00010959
0 0.200813 0 0.0558266 0 0.000109694
0 0.778049 0.518667 0.241192 0.778667 0.000110286
0 0.0392954 0.0173333 0.0623306 0.0346667 0.000110648
0 0.00704607 0.994 0.0140921 0.012 0.000111045
0 0.153659 1 0.0504065 0 0.000111935
0 0.217886 0.0153333 0.0878049 0.0306667 0.000113132
0 0.443631 0.609333 0.0710027 0.088 0.000113307
0 0.0195122 0.998667 0.0390244 0.00266667 0.000113996
0 0.0173442 0.330667 0.0346883 0.261333 0.000114391
0 0.545257 0.996 0.0466125 0.008 0.00011527
0 0.175339 0.632667 0.0406504 0.068 0.000115441
0 0.249593 0.878 0.0569106 0.244 0.000116321
0 0.0186992 0.662 0.0373984 0.324 0.000117004
0 0.295664 0.543333 0.0569106 0.108 0.000117241
0 0.287534 1 0.0699187 0 0.000119574
0 0.569106 0.968 0.0357724 0.0506667 0.000119834
0 0.471003 0.718 0.0411924 0.0813333 0.000119905
0 0.563415 0.933333 0.0471545 0.122667 0.000120502
0 0.0406504 0 0.0563686 0 0.000121088
0 0.0327913 0.64 0.0655827 0.213333 0.000123967
0 0.519512 0.996 0.0439024 0.008 0.000124186
0 0.292141 1 0.0476965 0 0.000124337
0 0.0753388 0.907333 0.0943089 0.164 0.00012511
0 0.388076 0.995333 0.0856369 0.00933333 0.000126459
0 0.987805 0.984667 0.0135501 0.0306667 0.000127025
0 0.488347 0.995333 0.0867209 0.00933333 0.000127266
0 0.438211 0.0146667 0.0915989 0.0293333 0.000127554
0 0.275881 0 0.0552846 0 0.000127952
0 0.324119 0.469333 0.0162602 0.0293333 0.000128645
0 0.225745 0 0.0558266 0 0.000129037
0 0.0555556 0.4 0.108943 0.192 0.000129261
0 0.366125 0.046 0.0623306 0.092 0.000129902
0 0.55393 0.335333 0.0238482 0.0386667 0.00013013
0 0.179133 1 0.0493225 0 0.000132133
0 0.575339 0.972667 0.0601626 0.0546667 0.000133498
0 0.988889 1 0.0211382 0 0.000133541
0 0.163686 0.995333 0.0943089 0.00933333 0.000134363
0 0.108401 0.801333 0.105149 0.194667 0.000134466
0 0.365041 0.496 0.0233062 0.0266667 0.000135177
0 0.312195 0.996667 0.0888889 0.00666667 0.000135694
0 0.257724 0.00466667 0.0710027 0.00933333 0.00013609
0 0.0224932 0.42 0.0449864 0.325333 0.0001363
0 0.0192412 0.987333 0.0384824 0.0253333 0.000136585
0 0.392954 0.142667 0.0346883 0.101333 0.000137316
0 0.250949 0 0.0552846 0 0.000137677
0 0.243089 0.288 0.0883469 0.189333 0.000139254
0 0.508943 0.0433333 0.104065 0.0493333 0.000140938
0 0.396206 0.098 0.0607046 0.196 0.000141283
0 0.22439 0.892 0.0780488 0.216 0.000143215
0 0.31626 0.036 0.0699187 0.072 0.000143373
0 0.266938 0.845333 0.0135501 0.0453333 0.000147488
0 0.212466 1 0.0726287 0 0.000148279
0 0.230081 1 0.0471545 0 0.000148419
0 0.604607 0.997333 0.0948509 0.00533333 0.000150179
0 0.469106 0.392667 0.0352304 0.134667 0.000151876
0 0.254472 1 0.0471545 0 0.000152602
0 0.260705 0.996 0.0813008 0.008 0.000153426
0 0.204336 1 0.0476965 0 0.000155524
0 0.975881 0.889333 0.0482385 0.202667 0.00015639
0 0.542818 1 0.0493225 0 0.000158185
0 0.198916 0.46 0.0769648 0.197333 0.000159293
0 0.0260163 1 0.0487805 0 0.000159325
0 0.243089 0.378 0.0677507 0.153333 0.00015998
0 0.44607 0.034 0.0715447 0.068 0.000163042
0 0.361247 0 0.0883469 0 0.000163066
0 0.0582656 0.272 0.116531 0.346667 0.000163673
0 0.517344 0.984 0.0276423 0.024 0.00016497
0 0.0102981 0.386667 0.0195122 0.234667 0.000166148
0 0.65935 0.656667 0.681301 0.686667 0.000166369
0 0.136314 0.278 0.157724 0.302667 0.000166827
0 0.315718 0.722 0.0287263 0.246667 0.000168277
0 0.323848 0.704667 0.0287263 0.0413333 0.000168394
0 0.989702 0.0826667 0.0130081 0.152 0.000169123
0 0.31626 0.102 0.0536585 0.204 0.000170973
0 0.0823848 0.038 0.119241 0.076 0.000172208
0 0.80542 0.434 0.38916 0.868 0.000172285
0 0.173713 0.624 0.0731707 0.096 0.000174025
0 0.252575 0.935333 0.0552846 0.105333 0.000175375
0 0.553117 0.336667 0.0341463 0.0813333 0.000181001
0 0.0327913 0.533333 0.0655827 0.181333 0.000181879
0 0.0845528 0.418 0.147425 0.284 0.000182307
0 0.16206 0.937333 0.0845528 0.12 0.000185098
0 0.098916 0.00133333 0.104607 0.00266667 0.000186114
0 0.267209 0.842667 0.0368564 0.106667 0.000189006
0 0.00813008 0.45 0.0140921 0.142667 0.00019592
0 0.979675 0.998 0.0406504 0.004 0.000196422
0 0.163686 0.000666667 0.125745 0.00133333 0.000197182
0 0.747154 0.954667 0.104607 0.0693333 0.000197572
0 0.472087 0.716667 0.0249322 0.0466667 0.000198899
0 0.414092 0.836667 0.0173442 0.036 0.000199468
0 0.538753 0.996667 0.0791328 0.00666667 0.00020122
0 0.142818 0.706 0.101355 0.14 0.000205749
0 0.0119241 0.232 0.0216802 0.232 0.000207082
0 0.0157182 0.144667 0.0271003 0.209333 0.000209607
0 0.142818 0.622 0.101355 0.145333 0.000209658
0 0.137669 0.542667 0.0737127 0.141333 0.00021066
0 0.252033 0.919333 0.0281843 0.0973333 0.000210844
0 0.25393 0.334667 0.0753388 0.088 0.000212795
0 0.0926829 0.662667 0.100813 0.237333 0.000219818
0 0.0647696 0.00266667 0.113279 0.00533333 0.000224974
0 0.990786 0.133333 0.0162602 0.266667 0.000225143
0 0.262602 0 0.111111 0 0.000230959
0 0.157995 0.42 0.155556 0.269333 0.000231384
0 0.312466 0 0.101355 0 0.000231411
0 0.447967 0.605333 0.0601626 0.184 0.000233038
0 0.0195122 0.225333 0.0390244 0.336 0.000234796
0 0.0395664 0.996 0.0791328 0.008 0.000235389
0 0.213008 0 0.118157 0 0.000236506
0 0.466667 0.4 0.0140921 0.0906667 0.000240422
0 0.00948509 0.633333 0.0189702 0.250667 0.000243341
0 0.0203252 1 0.0406504 0 0.000243899
0 0.248238 0.868 0.0433604 0.125333 0.000244128
0 0.0403794 0.84 0.0807588 0.298667 0.000245151
0 0.279946 0.775333 0.0644986 0.150667 0.000245626
0 0.384282 0.0613333 0.0433604 0.122667 0.000249321
0 0.0869919 1 0.0926829 0 0.000250038
0 0.0097561 1 0.0195122 0 0.000254102
0 0.580217 0.911333 0.0688347 0.126667 0.000257505
0 0.0130081 0.46 0.0173442 0.221333 0.000260671
0 0.0327913 0.342667 0.0655827 0.378667 0.000261609
0 0.502981 0.0233333 0.0531165 0.0306667 0.000264065
0 0.227642 0.597333 0.0574526 0.117333 0.000264619
0 0.241734 0.213333 0.115989 0.304 0.000264773
0 0.98645 0.91 0.0227642 0.132 0.000267252
0 0.0289973 0.149333 0.0579946 0.288 0.00027346
0 0.283469 0.351333 0.0368564 0.0626667 0.000273567
0 0.979404 1 0.0411924 0 0.000284865
0 0.153659 0.777333 0.115447 0.253333 0.000305016
0 0.471003 0.442 0.734959 0.884 0.000314447
0 0.55393 0.325333 0.0108401 0.0213333 0.000324357
0 0.223035 0.674 0.0850949 0.164 0.000326694
0 0.0571816 0.0833333 0.0937669 0.150667 0.000334347
0 0.385366 0.118667 0.0411924 0.117333 0.0003353
0 0.197561 0.698 0.395122 0.604 0.000349449
0 0.00867209 0.106 0.0173442 0.166667 0.000351414
0 0.0555556 0.628 0.107859 0.352 0.000355214
0 0.472629 0.066 0.0227642 0.0573333 0.000358444
0 0.530894 0.214 0.0287263 0.076 0.000368427
0 0.11355 0.387333 0.193496 0.468 0.000407133
0 0.590786 0.5 0.818428 1 0.000410546
0 0.178049 0.399333 0.356098 0.798667 0.000415552
0 0.133333 0.884667 0.105149 0.22 0.000415774
0 0.260163 0.368667 0.100813 0.292 0.000419469
0 0.00867209 0.506667 0.0173442 0.224 0.000432884
0 0.0720867 0.839333 0.106233 0.236 0.000443949
0 0.908401 0.719333 0.172358 0.561333 0.000449893
0 0.980759 0.096 0.0384824 0.192 0.000452651
0 0.206504 0.623333 0.0509485 0.068 0.000477758
0 0.373984 0.0933333 0.0520325 0.138667 0.000488614
0 0.321409 0.122 0.0303523 0.110667 0.000493281
0 0.262331 0.849333 0.0184282 0.032 0.000523429
0 0.107317 0.836 0.156098 0.328 0.00052827
0 0.466938 0.042 0.0850949 0.076 0.000530744
0 0.46748 0.338 0.0352304 0.110667 0.000538304
0 0.188347 0.612667 0.0439024 0.0626667 0.00055575
0 0.0867209 0.504 0.134417 0.16 0.000564113
0 0.254201 0.570667 0.124661 0.234667 0.000574706
0 0.459892 0.0226667 0.0807588 0.0453333 0.000578321
0 0.28374 0.375333 0.0612466 0.118667 0.000583973
0 0.508943 0.0873333 0.0715447 0.153333 0.00061623
0 0.279404 0.556 0.0525745 0.08 0.000634655
0 0.543631 0.596667 0.0780488 0.270667 0.000714332
0 0.786992 0.563333 0.426016 0.873333 0.000758088
0 0.165312 0.528 0.166938 0.202667 0.000761332
0 0.306504 0.723333 0.0482385 0.105333 0.000766854
0 0.166396 0.530667 0.203794 0.418667 0.000786162
0 0.468564 0.324 0.0200542 0.0693333 0.000793401
0 0.990786 0.914 0.0184282 0.172 0.000860523
0 0.0170732 0.0753333 0.0319783 0.105333 0.000914616
0 0.0211382 0.048 0.0379404 0.096 0.000919881
0 0.468835 0.0593333 0.0552846 0.0493333 0.000943802
0 0.561247 0.324667 0.468835 0.649333 0.000989162
0 0.990515 0.931333 0.0135501 0.113333 0.00101262
0 0.199187 0.604 0.095935 0.125333 0.00101305
0 0.133062 0.572 0.116531 0.16 0.00103701
0 0.495122 0.0266667 0.102439 0.0426667 0.0011905
0 0.38645 0.155333 0.0249322 0.0386667 0.00119813
0 0.0168022 0.094 0.0336043 0.188 0.00126584
0 0.278591 0.5 0.557182 1 0.0013308
0 0.240379 0.906 0.0460705 0.129333 0.00135097
0 0.559892 0.328 0.0195122 0.0346667 0.00158534
0 0.208672 0.592667 0.150678 0.225333 0.00175815
0 0.536043 0.146667 0.0704607 0.226667 0.00187013
0 0.0669377 0.746667 0.133875 0.389333 0.00201707
0 0.125203 0.615333 0.250407 0.769333 0.0021052
0 0.46748 0.5 0.454743 1 0.00227516
0 0.100813 0.591333 0.169106 0.332 0.00236471
0 0.0940379 0.541333 0.0818428 0.128 0.00239832
0 0.455827 0.588667 0.108401 0.249333 0.00246806
0 0.267751 0.578 0.0823848 0.1 0.00258958
0 0.263144 0.334 0.0699187 0.172 0.00275612
0 0.196206 0.617333 0.0433604 0.12 0.00308079
0 0.186721 0.632 0.0222222 0.056 0.00316289
0 0.314092 0.695333 0.0254743 0.0626667 0.00374931
0 0.269919 0.363333 0.0271003 0.0573333 0.00676119
0 0.229539 0.509333 0.36477 0.874667 0.00776544
0 0.0913279 0.574 0.121951 0.198667 0.0131556
0 0.313279 0.702 0.0173442 0.0333333 0.015561
0 0.0113821 0.0546667 0.0184282 0.109333 0.0303161
0 0.267751 0.352 0.0509485 0.0773333 0.286179
0 0.529268 0.158667 0.0417344 0.170667 0.325045
0 0.233875 0.592 0.120867 0.128 0.546547
0 0.447425 0.579333 0.0720867 0.084 0.860749
0 0.535772 0.591333 0.0341463 0.158667 0.872339
