0 0.517073 0.529333 0.0303523 0.048 9.71012e-06
0 0.166125 0.074 0.102439 0.148 9.7835e-06
0 0.369648 0.968667 0.0607046 0.0626667 9.79601e-06
0 0.792141 0.799333 0.0775068 0.174667 9.82544e-06
0 0.578591 0.008 0.0493225 0.016 9.83453e-06
0 0.281572 0.915333 0.0439024 0.084 9.85063e-06
0 0.689973 0.96 0.0888889 0.08 9.86149e-06
0 0.394038 0.973333 0.0379404 0.0373333 9.88727e-06
0 0.775068 0.101333 0.136585 0.202667 9.90988e-06
0 0.825474 1 0.0617886 0 9.91599e-06
0 0.67019 0.256 0.0254743 0.0426667 9.92994e-06
0 0.90813 0.936667 0.113279 0.0946667 9.94388e-06
0 0.113279 0.776667 0.128997 0.358667 9.96504e-06
0 0.473442 0.527333 0.0222222 0.0813333 1.0005e-05
0 0.64065 0.0766667 0.0368564 0.0893333 1.00256e-05
0 0.844444 0.848 0.0292683 0.056 1.0026e-05
0 0.168835 0.0193333 0.0525745 0.0386667 1.00805e-05
0 0.407859 0.874667 0.0547425 0.0933333 1.00882e-05
0 0.613279 0.755333 0.0688347 0.113333 1.00975e-05
0 0.53252 0.948667 0.0395664 0.084 1.01315e-05
0 0.392141 0.916 0.0406504 0.096 1.0172e-05
0 0.621409 0.793333 0.240108 0.413333 1.01727e-05
0 0.658266 0.785333 0.0308943 0.0853333 1.02027e-05
0 0.219512 0.221333 0.0888889 0.165333 1.02185e-05
0 0.896477 0.747333 0.179946 0.337333 1.02193e-05
0 0.608401 0.708 0.0623306 0.285333 1.0233e-05
0 0.720596 0.0366667 0.0330623 0.068 1.02678e-05
0 0.21897 0.278667 0.0823848 0.133333 1.02788e-05
0 0.837127 0.530667 0.118699 0.181333 1.03429e-05
0 0.557182 0.949333 0.0390244 0.0853333 1.03543e-05
0 0.919783 0.96 0.121409 0.08 1.03553e-05
0 0.268835 0.206667 0.15393 0.413333 1.03648e-05
0 0.539566 0.044 0.0493225 0.0533333 1.03701e-05
0 0.34607 0.76 0.0395664 0.0933333 1.03869e-05
0 0.730352 0.0226667 0.0352304 0.0426667 1.04028e-05
0 0.757724 0.943333 0.0487805 0.076 1.04253e-05
0 0.278591 0.0706667 0.0910569 0.141333 1.04336e-05
0 0.135772 0.0573333 0.106775 0.0986667 1.044e-05
0 0.484282 0.596667 0.0536585 0.316 1.04774e-05
0 0.284553 0.159333 0.0791328 0.182667 1.0481e-05
0 0.319241 0.914667 0.0455285 0.0853333 1.04944e-05
0 0.315447 0.668 0.0346883 0.064 1.05067e-05
0 0.513279 0.677333 0.0336043 0.04 1.05097e-05
0 0.559079 0.828667 0.0569106 0.166667 1.05532e-05
0 0.673171 0.245333 0.0238482 0.0266667 1.06066e-05
0 0.441192 0.692 0.0888889 0.304 1.06253e-05
0 0.976423 0.0473333 0.0471545 0.0946667 1.06655e-05
0 0.487805 0.486667 0.0249322 0.0853333 1.0679e-05
0 0.482114 0.978667 0.0395664 0.0346667 1.07196e-05
0 0.628184 0.956 0.112737 0.088 1.07952e-05
0 0.405962 0.944 0.0379404 0.088 1.08081e-05
0 0.250677 0.156 0.0937669 0.266667 1.0809e-05
0 0.168564 0.268 0.168022 0.258667 1.08151e-05
0 0.856098 0.994667 0.0395664 0.0106667 1.09274e-05
0 0.0368564 0.00733333 0.0563686 0.0146667 1.09888e-05
0 0.382385 0.499333 0.0395664 0.116 1.10458e-05
0 0.708943 0.044 0.0227642 0.0693333 1.10536e-05
0 0.460976 0.276667 0.0699187 0.329333 1.10765e-05
0 0.408401 0.686 0.100271 0.134667 1.10991e-05
0 0.473171 0.752667 0.0650406 0.310667 1.11106e-05
0 0.653117 0.668667 0.0476965 0.124 1.11765e-05
0 0.539295 0.963333 0.097561 0.0733333 1.11834e-05
0 0.0550135 0.054 0.0699187 0.1 1.12021e-05
0 0.50813 0.982 0.0363144 0.0333333 1.12074e-05
0 0.216531 0.734667 0.0525745 0.114667 1.12142e-05
0 0.506233 0.328 0.0672087 0.274667 1.12204e-05
0 0.885366 0.0233333 0.103523 0.0466667 1.12244e-05
0 0.282656 0.227333 0.110027 0.249333 1.12356e-05
0 0.53523 0.29 0.0829268 0.129333 1.12401e-05
0 0.0176152 0.698 0.0352304 0.126667 1.12446e-05
0 0.518157 0.513333 0.0216802 0.0213333 1.12515e-05
0 0.211382 0.961333 0.0758808 0.072 1.12517e-05
0 0.710569 0.03 0.0585366 0.06 1.12576e-05
0 0.130623 0.792 0.0823848 0.194667 1.12805e-05
0 0.914363 0.806 0.171274 0.388 1.13078e-05
0 0.243631 0.616 0.0471545 0.122667 1.13355e-05
0 0.0181572 0.853333 0.0363144 0.122667 1.13428e-05
0 0.0731707 0.473333 0.111653 0.189333 1.13502e-05
0 0.419241 0.813333 0.201084 0.373333 1.13818e-05
0 0.504607 0.252667 0.0346883 0.0786667 1.14258e-05
0 0.241734 0.962 0.0596206 0.076 1.14259e-05
0 0.630352 0.537333 0.0487805 0.141333 1.14466e-05
0 0.310027 0.143333 0.0943089 0.262667 1.14768e-05
0 0.245799 0.553333 0.0493225 0.114667 1.14792e-05
0 0.378049 0.672667 0.0482385 0.0813333 1.15055e-05
0 0.0504065 0.18 0.100813 0.36 1.15067e-05
0 0.937398 0.0346667 0.0688347 0.0693333 1.15471e-05
0 0.716531 0 0.0487805 0 1.15893e-05
0 0.658808 0.992667 0.0655827 0.0146667 1.1605e-05
0 0.11626 0.21 0.20542 0.42 1.16156e-05
0 0.0447154 0.0333333 0.0655827 0.0666667 1.16849e-05
0 0.435501 0.526 0.0189702 0.0573333 1.17125e-05
0 0.706504 0.084 0.0634146 0.168 1.17396e-05
0 0.980759 0.838667 0.0363144 0.168 1.17813e-05
0 0.115447 0.996667 0.0466125 0.00666667 1.17913e-05
0 0.465312 0.0413333 0.0536585 0.0666667 1.1804e-05
0 0.195393 0.912667 0.0482385 0.0973333 1.18164e-05
0 0.0796748 0.141333 0.122493 0.282667 1.18992e-05
0 0.15935 0.158 0.16477 0.316 1.19455e-05
0 0.491599 0.268667 0.0205962 0.0306667 1.19697e-05
0 0.620325 0.156667 0.15664 0.313333 1.19735e-05
0 0.0799458 0.03 0.0471545 0.06 1.21121e-05
0 0.0493225 0.274 0.0888889 0.225333 1.2137e-05
0 0.60542 0.00466667 0.0509485 0.00933333 1.21548e-05
0 0.555285 0.763333 0.0265583 0.0626667 1.21741e-05
0 0.795122 0.974 0.0455285 0.0306667 1.22248e-05
0 0.720054 0.012 0.0330623 0.024 1.22458e-05
0 0.516802 0.38 0.153388 0.632 1.22572e-05
0 0.532791 0.980667 0.0411924 0.036 1.2265e-05
0 0.282385 0.964667 0.0422764 0.0413333 1.23268e-05
0 0.826287 0.961333 0.0536585 0.0773333 1.23301e-05
0 0.37019 0.076 0.0542005 0.0426667 1.23496e-05
0 0.601084 0.310667 0.0585366 0.152 1.24124e-05
0 0.4271 0.356 0.0607046 0.226667 1.24138e-05
0 0.541192 0.336667 0.0710027 0.273333 1.24254e-05
0 0.311653 0.0433333 0.0726287 0.0866667 1.24435e-05
0 0.165312 0.976667 0.0834688 0.0466667 1.24617e-05
0 0.0281843 0.727333 0.0455285 0.26 1.24636e-05
0 0.233333 0.646667 0.0482385 0.117333 1.24726e-05
0 0.742818 0.954667 0.0915989 0.0906667 1.24827e-05
0 0.428997 0.591333 0.0850949 0.278667 1.24886e-05
0 0.527642 0.0113333 0.0547425 0.0226667 1.25671e-05
0 0.0891599 0.998 0.0482385 0.004 1.25681e-05
0 0.140379 0.004 0.0563686 0.008 1.25768e-05
0 0.612195 0.400667 0.0287263 0.0573333 1.25851e-05
0 0.568564 0.288 0.0726287 0.125333 1.26003e-05
0 0.422493 0.002 0.0363144 0.004 1.26131e-05
0 0.63523 0.589333 0.00867209 0.0186667 1.26373e-05
0 0.817886 0.948667 0.122493 0.102667 1.26476e-05
0 0.242276 0.00133333 0.0509485 0.00266667 1.26731e-05
0 0.842276 0.557333 0.0628726 0.197333 1.26913e-05
0 0.886721 0.885333 0.140921 0.221333 1.2701e-05
0 0.245799 0.238 0.0764228 0.204 1.27371e-05
0 0.7271 0.178667 0.153388 0.357333 1.2772e-05
0 0.0433604 0.192667 0.0379404 0.0706667 1.27964e-05
0 0.205149 0.982667 0.0601626 0.0346667 1.28183e-05
0 0.186179 0.0613333 0.097019 0.0986667 1.28481e-05
0 0.365041 0.964 0.0915989 0.072 1.286e-05
0 0.256911 0.913333 0.0466125 0.088 1.2868e-05
0 0.323035 0.276 0.122493 0.504 1.28742e-05
0 0.678862 0.79 0.0493225 0.116 1.28983e-05
0 0.50271 0.547333 0.0373984 0.0386667 1.29059e-05
0 0.781843 0.767333 0.133875 0.262667 1.29304e-05
0 0.558808 0.386667 0.0585366 0.296 1.29536e-05
0 0.987263 0.686667 0.0254743 0.149333 1.29825e-05
0 0.737398 0.127333 0.097019 0.254667 1.29832e-05
0 0.473984 0.952667 0.099187 0.0946667 1.30369e-05
0 0.628726 0.741333 0.0411924 0.0853333 1.32242e-05
0 0.00948509 0.972 0.0113821 0.056 1.32344e-05
0 0.10542 0.535333 0.132791 0.228 1.32516e-05
0 0.962602 0.98 0.0390244 0.032 1.33064e-05
0 0.15664 0.672667 0.104065 0.137333 1.33347e-05
0 0.244986 0.228 0.0401084 0.0853333 1.35565e-05
0 0.40542 0.0506667 0.0878049 0.101333 1.35631e-05
0 0.968022 0.469333 0.0639566 0.16 1.37631e-05
0 0.564499 0.342667 0.0102981 0.032 1.37753e-05
0 0.605962 0.706 0.150678 0.588 1.37762e-05
0 0.223035 0.426 0.0493225 0.116 1.3799e-05
0 0.692683 0 0.0466125 0 1.3801e-05
0 0.25122 0.270667 0.0731707 0.088 1.38582e-05
0 0.683469 0.0793333 0.0682927 0.145333 1.38703e-05
0 0.219241 0.913333 0.0504065 0.0933333 1.38944e-05
0 0.675068 0.275333 0.0287263 0.1 1.39375e-05
0 0.571274 0.724 0.0314363 0.0933333 1.39598e-05
0 0.13794 0.590667 0.105691 0.178667 1.39649e-05
0 0.466667 0.520667 0.138753 0.572 1.40318e-05
0 0.593225 0.0966667 0.0514905 0.193333 1.40381e-05
0 0.36206 0.036 0.0704607 0.072 1.40798e-05
0 0.74878 0.00933333 0.0688347 0.0186667 1.41084e-05
0 0.430081 0.47 0.0807588 0.129333 1.41565e-05
0 0.0888889 0.00266667 0.0542005 0.00533333 1.42055e-05
0 0.38645 0.820667 0.0878049 0.246667 1.42351e-05
0 0.588618 0.140667 0.0888889 0.214667 1.42675e-05
0 0.628726 0 0.0509485 0 1.43042e-05
0 0.788889 0.955333 0.0840108 0.0893333 1.43061e-05
0 0.436043 0.525333 0.0753388 0.136 1.43206e-05
0 0.833604 0.976667 0.0574526 0.0466667 1.43581e-05
0 0.315176 0.965333 0.0872629 0.0693333 1.45115e-05
0 0.489431 0.812667 0.0628726 0.292 1.45197e-05
0 0.879675 0.996 0.0487805 0.008 1.45492e-05
0 0.60271 0.532 0.0628726 0.301333 1.45966e-05
0 0.0254743 0.07 0.0466125 0.092 1.46192e-05
0 0.480217 0.396667 0.0758808 0.281333 1.46879e-05
0 0.560705 0.546667 0.0233062 0.08 1.47524e-05
0 0.84336 0.99 0.0346883 0.02 1.47547e-05
0 0.58374 0.588667 0.0390244 0.0573333 1.47936e-05
0 0.533062 0.468 0.0612466 0.298667 1.48129e-05
0 0.730894 0.0233333 0.0785908 0.0466667 1.48711e-05
0 0.936856 0.163333 0.126287 0.278667 1.49354e-05
0 0.0170732 0.794 0.0341463 0.126667 1.49889e-05
0 0.530894 0.770667 0.0471545 0.0826667 1.49896e-05
0 0.636585 0.830667 0.0644986 0.152 1.50414e-05
0 0.553117 0.76 0.0634146 0.258667 1.50551e-05
0 0.88645 0.947333 0.128455 0.105333 1.5156e-05
0 0.61084 0.199333 0.0325203 0.076 1.51848e-05
0 0.0265583 0.268667 0.0487805 0.188 1.52103e-05
0 0.0501355 0.998667 0.0514905 0.00266667 1.52647e-05
0 0.757453 0.58 0.0157182 0.584 1.53043e-05
0 0.591328 0 0.0509485 0 1.53245e-05
0 0.175339 0.986 0.0850949 0.028 1.54167e-05
0 0.406775 0.822667 0.0428184 0.0906667 1.543e-05
0 0.752033 0.486667 0.160976 0.464 1.54772e-05
0 0.230352 0.933333 0.0466125 0.0906667 1.55256e-05
0 0.260976 0.0113333 0.0775068 0.0226667 1.55331e-05
0 0.755285 0.00466667 0.0471545 0.00933333 1.55613e-05
0 0.244715 0.26 0.0222222 0.0613333 1.56648e-05
0 0.0181572 0.636 0.0363144 0.133333 1.56941e-05
0 0.344173 0.914667 0.0433604 0.088 1.57422e-05
0 0.873171 0.174667 0.207046 0.349333 1.57525e-05
0 0.277778 0 0.0525745 0 1.58229e-05
0 0.98374 0.460667 0.0325203 0.297333 1.58865e-05
0 0.166667 0.588667 0.0547425 0.132 1.59268e-05
0 0.588889 0.754667 0.0840108 0.141333 1.59646e-05
0 0.349593 0.632667 0.0574526 0.0653333 1.59844e-05
0 0.362873 0.260667 0.0699187 0.153333 1.59988e-05
0 0.767209 0.002 0.0525745 0.004 1.60155e-05
0 0.273713 0.622 0.151762 0.502667 1.60575e-05
0 0.579133 0.551333 0.0482385 0.254667 1.60994e-05
0 0.661789 0.926 0.096477 0.148 1.6191e-05
0 0.46206 0.262 0.120867 0.452 1.62198e-05
0 0.188618 0.408667 0.104065 0.164 1.62239e-05
0 0.423848 0.952667 0.0943089 0.0946667 1.62485e-05
0 0.340108 0.296667 0.0341463 0.0626667 1.62708e-05
0 0.442005 0.0346667 0.0915989 0.0693333 1.62791e-05
0 0.317344 0.376 0.0352304 0.146667 1.63096e-05
0 0.938211 0.1 0.096477 0.173333 1.63485e-05
0 0.986721 0.552667 0.0222222 0.129333 1.63631e-05
0 0.621409 0.994 0.0666667 0.012 1.64009e-05
0 0.571816 0.754667 0.0357724 0.072 1.64117e-05
0 0.118428 0.970667 0.105691 0.0586667 1.64953e-05
0 0.209485 0.857333 0.103523 0.181333 1.65707e-05
0 0.17019 0.09 0.139837 0.169333 1.65805e-05
0 0.0195122 0.388 0.0390244 0.117333 1.66556e-05
0 0.192412 0.000666667 0.0552846 0.00133333 1.66722e-05
0 0.805691 0.0273333 0.0449864 0.0306667 1.66836e-05
0 0.0666667 0.972667 0.110569 0.0546667 1.66889e-05
0 0.33252 0.0426667 0.0623306 0.0853333 1.67066e-05
0 0.30542 0.964667 0.0612466 0.0653333 1.67422e-05
0 0.366396 0.062 0.0617886 0.105333 1.67895e-05
0 0.29729 0.384 0.0471545 0.149333 1.6847e-05
0 0.510569 0.996 0.0617886 0.008 1.68884e-05
0 0.991599 0.44 0.0168022 0.176 1.69017e-05
0 0.298103 0.305333 0.0476965 0.072 1.69179e-05
0 0.340108 0.228667 0.0677507 0.14 1.69683e-05
0 0.430081 0 0.0493225 0 1.7004e-05
0 0.44336 0.367333 0.0325203 0.0706667 1.70266e-05
0 0.114905 0.002 0.0563686 0.004 1.70389e-05
0 0.185366 0.478 0.100813 0.153333 1.70493e-05
0 0.369648 0.97 0.0444444 0.036 1.70554e-05
0 0.684282 0.992667 0.0666667 0.0146667 1.70668e-05
0 0.610298 0.919333 0.0639566 0.145333 1.7111e-05
0 0.568564 0.517333 0.134417 0.528 1.71303e-05
0 0.510027 0.900667 0.0552846 0.137333 1.71885e-05
0 0.955285 0.262 0.0894309 0.524 1.73241e-05
0 0.218157 0.799333 0.103523 0.172 1.75225e-05
0 0.791057 0.000666667 0.0536585 0.00133333 1.75509e-05
0 0.110569 0.413333 0.19187 0.589333 1.75825e-05
0 0.192954 0.0226667 0.0509485 0.0453333 1.76088e-05
0 0.931165 0.67 0.115989 0.244 1.76565e-05
0 0.261518 0.0333333 0.0894309 0.0666667 1.76594e-05
0 0.0501355 0.4 0.100271 0.242667 1.77365e-05
0 0.263686 0.969333 0.0850949 0.0613333 1.78198e-05
0 0.11626 0.0233333 0.0514905 0.0466667 1.78356e-05
0 0.0655827 0.00466667 0.0552846 0.00933333 1.78741e-05
0 0.256098 0.00533333 0.0514905 0.0106667 1.7985e-05
0 0.0289973 0.146 0.0493225 0.129333 1.79878e-05
0 0.256911 0.985333 0.0596206 0.0293333 1.8011e-05
0 0.581843 0.2 0.140379 0.4 1.81787e-05
0 0.559079 0.913333 0.0601626 0.136 1.82893e-05
0 0.933062 0.948 0.102439 0.104 1.82901e-05
0 0.256098 0.72 0.0894309 0.128 1.83368e-05
0 0.611382 0.439333 0.0238482 0.0546667 1.83471e-05
0 0.281301 0.539333 0.0411924 0.116 1.84169e-05
0 0.47832 0.712 0.0395664 0.0693333 1.84332e-05
0 0.590786 0.817333 0.0823848 0.149333 1.86742e-05
0 0.544986 0.548667 0.0449864 0.326667 1.87367e-05
0 0.256098 0.370667 0.0493225 0.128 1.87542e-05
0 0.161789 0.646 0.139295 0.278667 1.88172e-05
0 0.509214 0.332 0.0612466 0.12 1.88648e-05
0 0.670732 0.246667 0.0406504 0.306667 1.89773e-05
0 0.586721 0.457333 0.0688347 0.309333 1.89977e-05
0 0.782114 0.148 0.179946 0.296 1.90939e-05
0 0.659079 0.0553333 0.0585366 0.110667 1.91503e-05
0 0.935772 0 0.095935 0 1.91914e-05
0 0.785908 0.614667 0.0509485 0.453333 1.9196e-05
0 0.814905 0.484 0.204336 0.317333 1.91972e-05
0 0.215447 0.972667 0.0872629 0.0546667 1.9202e-05
0 0.220596 0.520667 0.0476965 0.092 1.93102e-05
0 0.49729 0.540667 0.0493225 0.289333 1.93212e-05
0 0.967751 0.649333 0.0644986 0.248 1.94043e-05
0 0.524661 0.754 0.0249322 0.0493333 1.94047e-05
0 0.0276423 0.977333 0.0476965 0.0453333 1.94495e-05
0 0.0192412 0.0233333 0.0341463 0.0466667 1.94762e-05
0 0.243631 0.962667 0.0428184 0.0426667 1.94767e-05
0 0.743631 0.991333 0.0466125 0.0173333 1.94864e-05
0 0.485366 0.338667 0.0601626 0.12 1.95039e-05
0 0.363415 0.826667 0.0699187 0.141333 1.95259e-05
0 0.486992 0 0.0547425 0 1.9593e-05
0 0.677507 0.163333 0.0682927 0.308 1.95959e-05
0 0.332791 0.939333 0.0433604 0.0786667 1.9597e-05
0 0.635772 0.923333 0.0693767 0.142667 1.96339e-05
0 0.497019 0.286667 0.0379404 0.096 1.96442e-05
0 0.987263 0.803333 0.0146341 0.286667 1.96594e-05
0 0.911111 0.964667 0.133333 0.0653333 1.96664e-05
0 0.16206 0.0273333 0.110569 0.0546667 1.96859e-05
0 0.0550135 0.708667 0.110027 0.230667 1.97375e-05
0 0.73523 0.811333 0.0417344 0.0973333 1.97793e-05
0 0.140379 0.993333 0.0498645 0.0133333 1.9796e-05
0 0.925203 0.221333 0.149594 0.442667 1.97977e-05
0 0.726016 0.0246667 0.0883469 0.0493333 1.98129e-05
0 0.268564 0.0893333 0.0829268 0.157333 1.99443e-05
0 0.564499 0.0333333 0.111111 0.0666667 2.00603e-05
0 0.338753 0.398 0.0650406 0.134667 2.00639e-05
0 0.672087 0.726 0.0758808 0.233333 2.00815e-05
0 0.772629 0.785333 0.236856 0.429333 2.01018e-05
0 0.649323 0.458667 0.0531165 0.112 2.01196e-05
0 0.68103 0.166 0.0514905 0.182667 2.01656e-05
0 0.649323 0.414667 0.0487805 0.112 2.01817e-05
0 0.840108 0.000666667 0.0552846 0.00133333 2.02816e-05
0 0.760976 0.0253333 0.0758808 0.0506667 2.03556e-05
0 0.226829 0.72 0.124119 0.234667 2.03602e-05
0 0.901897 0.998 0.0520325 0.004 2.03669e-05
0 0.233062 0.0553333 0.0401084 0.0893333 2.03928e-05
0 0.365312 0.364 0.0769648 0.12 2.04134e-05
0 0.828997 1 0.0330623 0 2.04458e-05
0 0.484282 0.996667 0.0634146 0.00666667 2.0498e-05
0 0.475339 0.01 0.0552846 0.02 2.05001e-05
0 0.284553 0.24 0.0823848 0.122667 2.05929e-05
0 0.286179 0.589333 0.0617886 0.176 2.0674e-05
0 0.358266 0.942 0.0455285 0.0813333 2.06831e-05
0 0.772358 0.026 0.0726287 0.0466667 2.07091e-05
0 0.220596 0.344667 0.0476965 0.0946667 2.07198e-05
0 0.688889 0.0333333 0.0737127 0.0666667 2.07741e-05
0 0.983469 0.324 0.0276423 0.245333 2.08053e-05
0 0.951762 0.630667 0.096477 0.517333 2.09251e-05
0 0.533062 0.0333333 0.0699187 0.0666667 2.09408e-05
0 0.634959 0.586 0.0124661 0.0306667 2.0958e-05
0 0.0528455 0.836 0.0926829 0.229333 2.09584e-05
0 0.852304 1 0.0601626 0 2.10407e-05
0 0.649051 0.189333 0.115447 0.378667 2.11662e-05
0 0.322222 0.29 0.0720867 0.166667 2.11888e-05
0 0.469648 0.802 0.149051 0.396 2.12229e-05
0 0.337398 0.838 0.0840108 0.153333 2.12285e-05
0 0.529539 0.0226667 0.0520325 0.0373333 2.12357e-05
0 0.955827 0.779333 0.0883469 0.441333 2.12477e-05
0 0.55149 0 0.0547425 0 2.12795e-05
0 0.63794 0.588 0.0271003 0.0186667 2.13106e-05
0 0.095935 0.0533333 0.0856369 0.0906667 2.1367e-05
0 0.96477 0.960667 0.0704607 0.0786667 2.15743e-05
0 0.0271003 0.89 0.0520325 0.148 2.17166e-05
0 0.369648 0.916667 0.0444444 0.092 2.17867e-05
0 0.00813008 0.906 0.0162602 0.182667 2.18883e-05
0 0.140379 0.935333 0.0498645 0.092 2.19168e-05
0 0.117073 0.808667 0.21897 0.382667 2.1973e-05
0 0.540921 0.651333 0.0845528 0.265333 2.19894e-05
0 0.749865 0.0286667 0.0579946 0.0413333 2.20261e-05
0 0.526287 0 0.0563686 0 2.20574e-05
0 0.990515 0.196 0.0168022 0.256 2.21392e-05
0 0.142005 0.962667 0.0466125 0.0453333 2.21961e-05
0 0.35935 0.994667 0.0650406 0.0106667 2.22284e-05
0 0.268022 0.934 0.0460705 0.0893333 2.22353e-05
0 0.704878 0.122 0.099187 0.177333 2.23076e-05
0 0.731707 0.964667 0.0325203 0.06 2.23294e-05
0 0.566667 0.648 0.0373984 0.048 2.23646e-05
0 0.533333 0.819333 0.0682927 0.150667 2.24374e-05
0 0.268564 0.00933333 0.0504065 0.0186667 2.24709e-05
0 0.31084 0.533333 0.0883469 0.184 2.25072e-05
0 0.485908 0.966667 0.0699187 0.0666667 2.25274e-05
0 0.604607 0.291333 0.0276423 0.132 2.25792e-05
0 0.182114 0.540667 0.130081 0.278667 2.25842e-05
0 0.628726 0.744 0.0119241 0.0186667 2.26145e-05
0 0.811382 0.979333 0.0639566 0.0413333 2.27247e-05
0 0.677778 0.244 0.0168022 0.0426667 2.28051e-05
0 0.768835 0.03 0.111111 0.06 2.28241e-05
0 0.498374 0.792 0.0298103 0.08 2.29142e-05
0 0.781572 0.965333 0.0509485 0.04 2.29416e-05
0 0.811111 0.0293333 0.0785908 0.0506667 2.29632e-05
0 0.391057 0.825333 0.0677507 0.12 2.29943e-05
0 0.496748 0.254667 0.0222222 0.0613333 2.3202e-05
0 0.21626 0.028 0.110569 0.056 2.32278e-05
0 0.561247 0.484 0.0395664 0.12 2.32427e-05
0 0.586992 0.902 0.0715447 0.148 2.32651e-05
0 0.561789 0.383333 0.0493225 0.118667 2.32686e-05
0 0.217344 0.000666667 0.0542005 0.00133333 2.3301e-05
0 0.592683 0.0346667 0.0948509 0.0693333 2.33838e-05
0 0.512466 0.400667 0.0644986 0.137333 2.34079e-05
0 0.65935 0.822667 0.0590786 0.136 2.34385e-05
0 0.71897 0.993333 0.0406504 0.0133333 2.34984e-05
0 0.586179 0.967333 0.0840108 0.0653333 2.35201e-05
0 0.60542 0.542 0.0444444 0.132 2.35465e-05
0 0.285908 0.578667 0.0926829 0.290667 2.35613e-05
0 0.467751 0.584 0.0531165 0.117333 2.35961e-05
0 0.81626 1 0.0357724 0 2.36745e-05
0 0.620054 0.008 0.0487805 0.016 2.36747e-05
0 0.728997 0.849333 0.095393 0.101333 2.37167e-05
0 0.00569106 0.849333 0.0102981 0.130667 2.37871e-05
0 0.552575 0.0113333 0.0536585 0.0226667 2.3819e-05
0 0.408943 0.960667 0.0753388 0.0786667 2.39862e-05
0 0.669106 0.998 0.0460705 0.004 2.42299e-05
0 0.460434 0.164 0.141463 0.328 2.43226e-05
0 0.392683 0.236 0.0742547 0.2 2.43263e-05
0 0.0476965 0.631333 0.095393 0.249333 2.4379e-05
0 0.630894 0.592667 0.0249322 0.0253333 2.45893e-05
0 0.630081 0.737333 0.0178862 0.016 2.46031e-05
0 0.624932 0.309333 0.0401084 0.181333 2.46582e-05
0 0.535772 0.476667 0.0579946 0.142667 2.48148e-05
0 0.679946 0.032 0.0655827 0.064 2.48162e-05
0 0.695664 0.972667 0.0373984 0.0466667 2.49832e-05
0 0.565854 0.802667 0.155014 0.394667 2.49887e-05
0 0.714363 0.324 0.183198 0.648 2.5025e-05
0 0.52168 0.151333 0.195664 0.302667 2.50326e-05
0 0.0200542 0.454667 0.0401084 0.128 2.50624e-05
0 0.00650406 0.727333 0.0130081 0.132 2.51471e-05
0 0.514363 0.0893333 0.114905 0.173333 2.53344e-05
0 0.54065 0.392667 0.0547425 0.132 2.53657e-05
0 0.204878 0.934667 0.0476965 0.0906667 2.54441e-05
0 0.198645 0.0293333 0.0905149 0.0586667 2.54945e-05
0 0.337398 0.752667 0.0807588 0.236 2.56391e-05
0 0.0119241 0.006 0.0238482 0.012 2.56523e-05
0 0.476152 0.748 0.0742547 0.130667 2.56703e-05
0 0.320054 0.82 0.180488 0.36 2.57984e-05
0 0.204065 0.992667 0.0482385 0.0146667 2.603e-05
0 0.232249 0.024 0.0428184 0.048 2.60613e-05
0 0.0588076 0.932 0.105691 0.136 2.60734e-05
0 0.642818 0.999333 0.0466125 0.00133333 2.60948e-05
0 0.435501 0.760667 0.0829268 0.132 2.61198e-05
0 0.165312 0.991333 0.0476965 0.0173333 2.61345e-05
0 0.494309 0.664 0.0693767 0.0906667 2.6141e-05
0 0.438211 0.00466667 0.0579946 0.00933333 2.62048e-05
0 0.38645 0.498667 0.0715447 0.157333 2.62676e-05
0 0.59729 0.621333 0.0379404 0.0826667 2.64377e-05
0 0.465312 0.274667 0.0710027 0.162667 2.64749e-05
0 0.214363 0.634667 0.157724 0.498667 2.65749e-05
0 0.501355 0.27 0.0108401 0.0253333 2.68254e-05
0 0.432249 0.604667 0.0850949 0.132 2.69393e-05
0 0.865041 0 0.0542005 0 2.69472e-05
0 0.484011 0.405333 0.0650406 0.133333 2.72144e-05
0 0.143089 0.906 0.0791328 0.129333 2.7227e-05
0 0.236043 0.366 0.0731707 0.148 2.73024e-05
0 0.0734417 0.034 0.0872629 0.068 2.73041e-05
0 0.558808 0.352 0.0162602 0.0213333 2.73119e-05
0 0.815447 0.00133333 0.0536585 0.00266667 2.73227e-05
0 0.294038 0.648667 0.0872629 0.134667 2.74312e-05
0 0.0140921 0.938667 0.0281843 0.122667 2.758e-05
0 0.742818 0 0.0514905 0 2.7588e-05
0 0.465312 0.548667 0.0222222 0.044 2.76573e-05
0 0.731165 0.790667 0.0747968 0.133333 2.76821e-05
0 0.00623306 0.242 0.0124661 0.126667 2.77197e-05
0 0.555014 0.538667 0.0260163 0.04 2.77279e-05
0 0.761247 0.784667 0.0677507 0.137333 2.77629e-05
0 0.50813 0.492667 0.0363144 0.108 2.77779e-05
0 0.587805 1 0.0753388 0 2.77836e-05
0 0.00785908 0.425333 0.0157182 0.12 2.78191e-05
0 0.476694 0.026 0.104607 0.052 2.80645e-05
0 0.935501 0.584 0.115989 0.221333 2.8126e-05
0 0.259079 0.644667 0.095393 0.145333 2.81376e-05
0 0.0205962 0.636667 0.0368564 0.270667 2.81407e-05
0 0.184011 0.547333 0.101355 0.150667 2.83263e-05
0 0.205691 0.962667 0.0449864 0.048 2.83554e-05
0 0.0368564 0.372667 0.0737127 0.577333 2.83781e-05
0 0.494038 0.663333 0.0536585 0.0493333 2.84542e-05
0 0.00731707 0.945333 0.00921409 0.104 2.84823e-05
0 0.382656 0.794667 0.0357724 0.08 2.84854e-05
0 0.179946 0.713333 0.110569 0.141333 2.85133e-05
0 0.990786 0.414667 0.0108401 0.133333 2.8573e-05
0 0.783469 0.583333 0.110027 0.436 2.86928e-05
0 0.896477 0.513333 0.207046 0.696 2.87228e-05
0 0.534959 0.905333 0.0747968 0.141333 2.87233e-05
0 0.906504 0.01 0.0785908 0.02 2.87265e-05
0 0.304878 0.448 0.0764228 0.181333 2.87727e-05
0 0.816802 0.67 0.0693767 0.236 2.87769e-05
0 0.6729 0.790667 0.169648 0.418667 2.8804e-05
0 0.270461 0.0546667 0.0487805 0.088 2.89356e-05
0 0.488889 0.256667 0.0303523 0.0813333 2.91093e-05
0 0.739566 0.899333 0.118699 0.182667 2.92612e-05
0 0.427913 0.408 0.0579946 0.106667 2.94201e-05
0 0.64851 0.610667 0.0243902 0.0986667 2.95765e-05
0 0.558537 0.542667 0.00813008 0.0186667 2.96486e-05
0 0.634959 0.0506667 0.0666667 0.101333 2.97309e-05
0 0.678591 0.676667 0.0336043 0.118667 2.99091e-05
0 0.344444 0.461333 0.0525745 0.133333 3.00399e-05
0 0.18916 0.394667 0.135501 0.32 3.00438e-05
0 0.562873 0.35 0.0265583 0.0413333 3.00532e-05
0 0.252033 0 0.0542005 0 3.00962e-05
0 0.609756 0.698 0.0401084 0.113333 3.01539e-05
0 0.379675 0.389333 0.0710027 0.0933333 3.02431e-05
0 0.427371 0.834667 0.0731707 0.128 3.02696e-05
0 0.636585 0.966 0.103523 0.068 3.04235e-05
0 0.686992 0.924667 0.0655827 0.145333 3.0628e-05
0 0.0200542 0.278667 0.0401084 0.106667 3.06345e-05
0 0.247154 0.831333 0.109485 0.145333 3.06404e-05
0 0.468022 0.527333 0.0688347 0.158667 3.0747e-05
0 0.175339 0.01 0.102439 0.02 3.07703e-05
0 0.0612466 0.07 0.111653 0.14 3.08906e-05
0 0.599187 0.317333 0.106775 0.378667 3.10496e-05
0 0.410298 0.374 0.0628726 0.105333 3.11133e-05
0 0.362331 0.923333 0.0829268 0.153333 3.11207e-05
0 0.552846 0.758 0.0672087 0.118667 3.13991e-05
0 0.580217 1 0.0471545 0 3.143e-05
0 0.0850949 0.886667 0.130081 0.226667 3.14306e-05
0 0.0116531 0.864667 0.0124661 0.22 3.14606e-05
0 0.714092 0.960667 0.0753388 0.0786667 3.14766e-05
0 0.786721 0.00866667 0.0937669 0.0173333 3.14973e-05
0 0.753388 0.648667 0.0574526 0.42 3.18448e-05
0 0.5729 0.566667 0.0227642 0.032 3.19639e-05
0 0.117886 0.0273333 0.145799 0.0546667 3.20968e-05
0 0.213279 0.463333 0.115447 0.257333 3.22126e-05
0 0.989431 0.686667 0.0178862 0.293333 3.24301e-05
0 0.306504 0.966 0.0449864 0.0386667 3.24457e-05
0 0.212737 0.632 0.106775 0.205333 3.24963e-05
0 0.966667 0.066 0.0558266 0.132 3.25059e-05
0 0.366396 0.428 0.0433604 0.072 3.26427e-05
0 0.763144 0.732 0.0433604 0.256 3.26631e-05
0 0.0536585 0.0953333 0.0834688 0.169333 3.28915e-05
0 0.653388 0.741333 0.0471545 0.0853333 3.30669e-05
0 0.46206 0.476667 0.0666667 0.134667 3.30699e-05
0 0.234146 0.249333 0.0509485 0.0666667 3.31637e-05
0 0.461247 0.961333 0.0802168 0.0773333 3.32136e-05
0 0.544715 0.350667 0.0617886 0.106667 3.32677e-05
0 0.707317 0.744 0.0368564 0.117333 3.32954e-05
0 0.487534 0.532667 0.0211382 0.0786667 3.36735e-05
0 0.444444 0.702 0.0867209 0.116 3.36865e-05
0 0.989702 0.0626667 0.0205962 0.125333 3.37396e-05
0 0.617073 0.998667 0.0471545 0.00266667 3.37549e-05
0 0.368022 0.816667 0.143089 0.366667 3.42151e-05
0 0.0260163 0.976667 0.0520325 0.0466667 3.43133e-05
0 0.00921409 0.202667 0.0140921 0.197333 3.43629e-05
0 0.929268 1 0.0525745 0 3.45154e-05
0 0.779133 0.939333 0.0514905 0.0786667 3.48323e-05
0 0.0192412 0.0126667 0.0384824 0.0253333 3.48831e-05
0 0.869106 1 0.0471545 0 3.49006e-05
0 0.288618 0.712667 0.0948509 0.126667 3.50674e-05
0 0.646883 0.6 0.0525745 0.133333 3.51633e-05
0 0.672358 0.244667 0.0168022 0.0706667 3.52692e-05
0 0.0195122 0.948 0.0368564 0.08 3.53214e-05
0 0.00785908 0.668 0.0157182 0.130667 3.53708e-05
0 0.0384824 1 0.0542005 0 3.54481e-05
0 0.514905 0.846 0.0780488 0.158667 3.55411e-05
0 0.493767 0.737333 0.0379404 0.08 3.55592e-05
0 0.217073 0.470667 0.0785908 0.144 3.5842e-05
0 0.735772 0.738667 0.0352304 0.168 3.58514e-05
0 0.891599 0 0.0531165 0 3.58981e-05
0 0.721138 0.519333 0.127371 0.268 3.59042e-05
0 0.456369 0.352 0.0617886 0.117333 3.60066e-05
0 0.672629 0.743333 0.0325203 0.084 3.6025e-05
0 0.280488 0.995333 0.0460705 0.00933333 3.60265e-05
0 0.620596 0.880667 0.097561 0.169333 3.60678e-05
0 0.0487805 0.253333 0.097561 0.506667 3.6074e-05
0 0.990515 0.294 0.0146341 0.148 3.61233e-05
0 0.693496 0.996667 0.0460705 0.00666667 3.61334e-05
0 0.277778 0.036 0.0590786 0.072 3.6292e-05
0 0.397019 0.620667 0.0861789 0.185333 3.63529e-05
0 0.80271 1 0.0422764 0 3.63756e-05
0 0.620867 0.427333 0.0341463 0.270667 3.63805e-05
0 0.992683 0.038 0.0113821 0.076 3.64715e-05
0 0.508401 0.668 0.146341 0.456 3.64919e-05
0 0.534688 0.968667 0.0775068 0.0626667 3.6508e-05
0 0.0867209 0.951333 0.118157 0.0973333 3.65162e-05
0 0.814634 0.556 0.0585366 0.352 3.66964e-05
0 0.643902 0.138667 0.0672087 0.178667 3.67491e-05
0 0.310298 0 0.0655827 0 3.67873e-05
0 0.463415 0.568667 0.0184282 0.0466667 3.70014e-05
0 0.326829 0.324 0.0325203 0.109333 3.7068e-05
0 0.43523 0.656667 0.0867209 0.121333 3.71652e-05
0 0.71355 0.0233333 0.0319783 0.0466667 3.71807e-05
0 0.320867 0.619333 0.101897 0.150667 3.72059e-05
0 0.12168 0.634 0.180488 0.46 3.73361e-05
0 0.535772 0.0526667 0.116531 0.06 3.74114e-05
0 0.806233 0.99 0.0439024 0.02 3.7522e-05
0 0.558266 0.542667 0.0227642 0.0213333 3.76056e-05
0 0.272087 0.393333 0.138753 0.533333 3.79193e-05
0 0.278862 0.517333 0.0677507 0.165333 3.8066e-05
0 0.00650406 0.792667 0.0130081 0.126667 3.81421e-05
0 0.242547 0.992667 0.0460705 0.0146667 3.82192e-05
0 0.38103 0.13 0.119241 0.26 3.82458e-05
0 0.00840108 0.361333 0.0168022 0.128 3.82862e-05
0 0.592141 0.464 0.0677507 0.141333 3.83121e-05
0 0.712466 0.893333 0.0818428 0.12 3.83281e-05
0 0.13794 0 0.0558266 0 3.84094e-05
0 0.843902 1 0.0379404 0 3.85507e-05
0 0.78103 0.990667 0.0520325 0.0186667 3.86482e-05
0 0.751761 1 0.0802168 0 3.88408e-05
0 0.614905 0.512 0.0688347 0.149333 3.9154e-05
0 0.868835 0.988667 0.107317 0.0226667 3.91559e-05
0 0.309756 0.774 0.0905149 0.145333 3.91772e-05
0 0.972358 0.0426667 0.0552846 0.0853333 3.95879e-05
0 0.0176152 0.573333 0.0352304 0.130667 3.96017e-05
0 0.211111 0.532667 0.0785908 0.132 3.97613e-05
0 0.945257 0.999333 0.0509485 0.00133333 3.97827e-05
0 0.595935 0.398667 0.0677507 0.12 3.99295e-05
0 0.460705 0.398667 0.0704607 0.154667 4.00292e-05
0 0.334688 0 0.0644986 0 4.01402e-05
0 0.731978 0.574 0.0211382 0.606667 4.04591e-05
0 0.433333 0.395333 0.0352304 0.06 4.0506e-05
0 0.499458 0.272 0.0276423 0.0266667 4.05679e-05
0 0.0108401 0.42 0.0140921 0.237333 4.06074e-05
0 0.459621 0.903333 0.0834688 0.134667 4.07182e-05
0 0.16748 0.535333 0.198374 0.537333 4.10544e-05
0 0.42981 0.342667 0.0271003 0.032 4.12191e-05
0 0.2729 0.313333 0.0872629 0.157333 4.12255e-05
0 0.0422764 0.755333 0.0845528 0.489333 4.13753e-05
0 0.416531 0.856667 0.0352304 0.076 4.14008e-05
0 0.0159892 0.834 0.0265583 0.244 4.15705e-05
0 0.408672 0.776667 0.0823848 0.129333 4.16598e-05
0 0.0417344 0.03 0.0834688 0.06 4.16825e-05
0 0.425474 0.998667 0.0758808 0.00266667 4.17202e-05
0 0.0189702 0.513333 0.0379404 0.136 4.17301e-05
0 0.134959 0.941333 0.0867209 0.117333 4.18606e-05
0 0.970461 0.346667 0.0536585 0.285333 4.18903e-05
0 0.480488 0.492667 0.0504065 0.121333 4.19114e-05
0 0.617073 0.303333 0.0308943 0.121333 4.19359e-05
0 0.508401 0.816667 0.0314363 0.0813333 4.195e-05
0 0.63252 0.74 0.0260163 0.0346667 4.19538e-05
0 0.459892 0.104667 0.099187 0.158667 4.2093e-05
0 0.462873 0 0.0563686 0 4.20995e-05
0 0.310569 0.0353333 0.0314363 0.0706667 4.21943e-05
0 0.560705 0.0206667 0.097019 0.0413333 4.22273e-05
0 0.981843 0.720667 0.0363144 0.345333 4.23019e-05
0 0.428726 0.362667 0.0498645 0.0986667 4.23768e-05
0 0.365312 0.522667 0.0834688 0.314667 4.23822e-05
0 0.432791 0.00266667 0.0417344 0.00533333 4.24704e-05
0 0.504065 0.523333 0.0704607 0.148 4.26378e-05
0 0.986721 0.291333 0.0265583 0.356 4.27067e-05
0 0.881572 1 0.0720867 0 4.36417e-05
0 0.552033 0.0233333 0.0482385 0.0466667 4.37514e-05
0 0.386179 0 0.0699187 0 4.3775e-05
0 0.159621 0.268667 0.218428 0.537333 4.38264e-05
0 0.509485 0.810667 0.0542005 0.128 4.38326e-05
0 0.360705 0 0.0655827 0 4.38413e-05
0 0.645257 0.364 0.100271 0.357333 4.38743e-05
0 0.660705 0.91 0.0715447 0.137333 4.38965e-05
0 0.0143631 0.226667 0.0287263 0.2 4.41526e-05
0 0.414634 0.616667 0.0303523 0.076 4.42286e-05
0 0.964499 0.00333333 0.0710027 0.00666667 4.42707e-05
0 0.418157 1 0.0482385 0 4.45294e-05
0 0.724932 0.586 0.0644986 0.452 4.45764e-05
0 0.36748 0.998667 0.0487805 0.00266667 4.48452e-05
0 0.337669 0.514 0.118157 0.430667 4.48587e-05
0 0.707046 0.678 0.0341463 0.185333 4.52558e-05
0 0.686179 0.968 0.0823848 0.064 4.5308e-05
0 0.0880759 1 0.0525745 0 4.54583e-05
0 0.701084 0.344667 0.0623306 0.265333 4.5594e-05
0 0.506233 1 0.0466125 0 4.65125e-05
0 0.177507 0 0.0547425 0 4.65471e-05
0 0.600813 0.71 0.0753388 0.132 4.6575e-05
0 0.412195 0 0.0710027 0 4.66145e-05
0 0.462873 1 0.0747968 0 4.66426e-05
0 0.744173 0.949333 0.107317 0.0986667 4.68861e-05
0 0.626829 0.746667 0.0265583 0.0293333 4.69493e-05
0 0.658537 0.657333 0.0769648 0.170667 4.71105e-05
0 0.883469 0.0666667 0.132249 0.133333 4.7381e-05
0 0.506504 0.610667 0.0775068 0.106667 4.74444e-05
0 0.672358 0.732 0.0579946 0.114667 4.75042e-05
0 0.114092 1 0.0504065 0 4.75417e-05
0 0.00867209 0.303333 0.0173442 0.126667 4.75855e-05
0 0.658808 0.530667 0.138211 0.594667 4.78778e-05
0 0.122764 0.0286667 0.104607 0.0573333 4.81901e-05
0 0.534688 0.719333 0.0417344 0.116 4.82698e-05
0 0.343631 0.999333 0.0466125 0.00133333 4.8292e-05
0 0.392954 0.998667 0.0466125 0.00266667 4.86565e-05
0 0.705962 0.801333 0.0764228 0.114667 4.87777e-05
0 0.265041 0.784 0.115989 0.192 4.89455e-05
0 0.714363 0.36 0.106233 0.368 4.90584e-05
0 0.565583 0.868 0.0894309 0.157333 4.92108e-05
0 0.471003 0.861333 0.0823848 0.152 4.94586e-05
0 0.679404 0.344 0.0482385 0.152 4.95345e-05
0 0.827371 0.066 0.139295 0.132 4.96242e-05
0 0.207859 0.833333 0.144715 0.288 4.97418e-05
0 0.236585 0.520667 0.112195 0.244 5.02319e-05
0 0.555014 1 0.0487805 0 5.02344e-05
0 0.220596 0.402 0.0813008 0.145333 5.03634e-05
0 0.705149 0.721333 0.0715447 0.152 5.06557e-05
0 0.484011 0.588667 0.0542005 0.084 5.09145e-05
0 0.985908 0.599333 0.0281843 0.177333 5.11561e-05
0 0.710027 0.97 0.0314363 0.0493333 5.11937e-05
0 0.975068 0.232 0.0476965 0.250667 5.14267e-05
0 0.236314 0.588 0.0791328 0.162667 5.17094e-05
0 0.711653 0.002 0.0672087 0.004 5.18174e-05
0 0.984011 0.144667 0.0287263 0.289333 5.19027e-05
0 0.112737 0 0.0552846 0 5.24653e-05
0 0.28374 0.00133333 0.0742547 0.00266667 5.26666e-05
0 0.0498645 1 0.0531165 0 5.28437e-05
0 0.544444 0.748 0.0276423 0.0346667 5.30525e-05
0 0.652846 0.534667 0.0785908 0.28 5.31718e-05
0 0.495935 0.0513333 0.132249 0.0706667 5.31772e-05
0 0.30542 0.996 0.0471545 0.008 5.3236e-05
0 0.0322493 0.19 0.0449864 0.102667 5.38909e-05
0 0.247425 0.481333 0.0439024 0.0906667 5.40764e-05
0 0.711382 0.991333 0.102439 0.0173333 5.41627e-05
0 0.658266 0.765333 0.0742547 0.144 5.43743e-05
0 0.479946 1 0.0482385 0 5.46439e-05
0 0.543089 0.592 0.0650406 0.104 5.51071e-05
0 0.0216802 0.166 0.0433604 0.246667 5.51504e-05
0 0.550135 0.999333 0.0747968 0.00133333 5.60464e-05
0 0.891599 1 0.0520325 0 5.62376e-05
0 0.442818 1 0.0487805 0 5.62541e-05
0 0.212466 0.0206667 0.0888889 0.0413333 5.62585e-05
0 0.821951 0.314667 0.240108 0.629333 5.62648e-05
0 0.646341 0.0153333 0.0319783 0.0253333 5.63376e-05
0 0.742276 1 0.0471545 0 5.63459e-05
0 0.976965 0.100667 0.0460705 0.153333 5.63853e-05
0 0.00677507 0.996667 0.0135501 0.00666667 5.63998e-05
0 0.769106 0.00533333 0.0726287 0.0106667 5.69386e-05
0 0.0203252 0.79 0.0406504 0.342667 5.78229e-05
0 0.0127371 0.711333 0.0243902 0.249333 5.80101e-05
0 0.177778 0.92 0.113821 0.16 5.81112e-05
0 0.741734 0.984 0.110027 0.032 5.84546e-05
0 0.363957 0.752667 0.0764228 0.142667 5.87434e-05
0 0.0108401 0.638 0.0162602 0.252 5.89125e-05
0 0.495935 0.545333 0.0422764 0.101333 5.8915e-05
0 0.00867209 0.792667 0.0151762 0.225333 5.94615e-05
0 0.839295 0 0.0547425 0 5.97522e-05
0 0.668564 0.238 0.0254743 0.110667 5.98759e-05
0 0.0146341 0.157333 0.0292683 0.162667 5.99697e-05
0 0.0528455 0.527333 0.098103 0.244 6.02079e-05
0 0.0211382 0.0126667 0.0422764 0.0253333 6.02117e-05
0 0.711111 0.656667 0.165854 0.617333 6.02581e-05
0 0.139295 1 0.0509485 0 6.05477e-05
0 0.65393 0.531333 0.0569106 0.166667 6.09907e-05
0 0.812737 0.592667 0.102439 0.238667 6.12297e-05
0 0.687805 0.006 0.0628726 0.012 6.12693e-05
0 0.0745257 0 0.0558266 0 6.17265e-05
0 0.261789 0.478 0.0802168 0.177333 6.19205e-05
0 0.00758808 0.576 0.0151762 0.130667 6.19553e-05
0 0.693225 0.835333 0.0758808 0.110667 6.26362e-05
0 0.570461 0.695333 0.0612466 0.257333 6.29672e-05
0 0.884011 0 0.107317 0 6.38023e-05
0 0.785908 0.710667 0.0791328 0.256 6.39807e-05
0 0.701626 0.584 0.0514905 0.338667 6.44154e-05
0 0.735772 0.726667 0.116531 0.234667 6.46571e-05
0 0.387263 0.994667 0.0742547 0.0106667 6.46852e-05
0 0.520054 0.03 0.119783 0.06 6.4855e-05
0 0.0325203 0.656 0.0650406 0.394667 6.49318e-05
0 0.433333 0.398 0.0211382 0.044 6.49635e-05
0 0.701084 1 0.0742547 0 6.50106e-05
0 0.412737 0.867333 0.0829268 0.150667 6.52015e-05
0 0.37561 0.09 0.0726287 0.18 6.52204e-05
0 0.97019 0.577333 0.0563686 0.165333 6.53829e-05
0 0.992141 0.0806667 0.0124661 0.145333 6.58606e-05
0 0.824932 0.0126667 0.095393 0.0253333 6.58896e-05
0 0.578862 0.557333 0.0596206 0.101333 6.60529e-05
0 0.137669 0.991333 0.0867209 0.0173333 6.61157e-05
0 0.679404 0.615333 0.0254743 0.129333 6.62076e-05
0 0.202168 0 0.0552846 0 6.64488e-05
0 0.761789 0.918 0.133875 0.0973333 6.66756e-05
0 0.765854 0 0.0542005 0 6.72057e-05
0 0.554201 0.556 0.0233062 0.0293333 6.75418e-05
0 0.0322493 0.948667 0.0644986 0.102667 6.76248e-05
0 0.365854 0.146 0.0542005 0.18 6.77694e-05
0 0.0184282 0.0766667 0.0368564 0.153333 6.79043e-05
0 0.70813 0.664667 0.114363 0.281333 6.87599e-05
0 0.650136 0.0333333 0.0243902 0.0373333 6.88642e-05
0 0.285095 0.925333 0.0878049 0.149333 6.96338e-05
0 0.973984 0.973333 0.0368564 0.0373333 6.98651e-05
0 0.314092 0.262 0.0590786 0.0813333 7.00153e-05
0 0.239566 0.526667 0.0758808 0.146667 7.03222e-05
0 0.716531 1 0.0455285 0 7.03367e-05
0 0.164228 1 0.0498645 0 7.08625e-05
0 0.469919 0.562667 0.0195122 0.04 7.10173e-05
0 0.207317 0.744667 0.110027 0.137333 7.1349e-05
0 0.119783 0.00533333 0.0802168 0.0106667 7.15176e-05
0 0.0631436 0.524 0.126287 0.525333 7.25552e-05
0 0.786179 0.982667 0.0905149 0.0346667 7.25918e-05
0 0.338753 0.994 0.0747968 0.012 7.26401e-05
0 0.250677 0.247333 0.0276423 0.076 7.27221e-05
0 0.537669 0.756 0.0271003 0.0346667 7.303e-05
0 0.655285 0.0173333 0.0498645 0.0346667 7.30965e-05
0 0.542005 0.752667 0.0140921 0.044 7.39708e-05
0 0.0322493 0.484 0.0644986 0.405333 7.52633e-05
0 0.44065 0.00666667 0.0791328 0.0133333 7.56073e-05
0 0.614905 0.11 0.0590786 0.22 7.58129e-05
0 0.226558 0 0.0552846 0 7.58343e-05
0 0.432791 0.362 0.0298103 0.0626667 7.59452e-05
0 0.557995 0.55 0.00704607 0.0146667 7.59567e-05
0 0.0869919 0.0233333 0.117615 0.0466667 7.64246e-05
0 0.530352 1 0.0493225 0 7.73849e-05
0 0.236043 0.0106667 0.0775068 0.0213333 7.7951e-05
0 0.174526 0.689333 0.349052 0.621333 7.82748e-05
0 0.0121951 0.329333 0.0189702 0.253333 7.88167e-05
0 0.51355 0.0126667 0.15122 0.0253333 7.89638e-05
0 0.144986 0.741333 0.107859 0.173333 7.90502e-05
0 0.0102981 0.146 0.0173442 0.124 7.94097e-05
0 0.369106 0.874 0.0867209 0.153333 7.94778e-05
0 0.244986 0.446667 0.0617886 0.117333 7.98391e-05
0 0.0151762 1 0.0260163 0 7.9878e-05
0 0.0100271 0.484667 0.0200542 0.137333 8.03122e-05
0 0.382656 0.950667 0.0715447 0.0986667 8.07723e-05
0 0.78916 1 0.0834688 0 8.13989e-05
0 0.936314 0.996 0.105691 0.008 8.16165e-05
0 0.708672 0.507333 0.0211382 0.553333 8.16409e-05
0 0.484824 0.0286667 0.132791 0.0573333 8.27001e-05
0 0.23794 0.990667 0.0791328 0.0186667 8.2739e-05
0 0.662873 0.997333 0.102981 0.00533333 8.31811e-05
0 0.740108 0.00266667 0.0829268 0.00533333 8.32035e-05
0 0.680217 0.414667 0.0780488 0.242667 8.35309e-05
0 0.287534 0.992 0.0753388 0.016 8.3571e-05
0 0.843089 0.741333 0.203252 0.517333 8.37365e-05
0 0.814363 0 0.0547425 0 8.37828e-05
0 0.202981 1 0.0482385 0 8.41768e-05
0 0.614363 0.195333 0.0536585 0.134667 8.4454e-05
0 0.563686 0.00866667 0.108401 0.0173333 8.49579e-05
0 0.892683 0.243333 0.156098 0.486667 8.55548e-05
0 0.597832 0.636 0.0639566 0.0933333 8.57552e-05
0 0.166938 0.02 0.101897 0.04 8.69495e-05
0 0.0802168 0.00666667 0.0791328 0.0133333 8.70474e-05
0 0.473713 0.562667 0.0097561 0.0293333 8.71105e-05
0 0.71355 0.23 0.0926829 0.310667 8.74256e-05
0 0.260163 0.828667 0.166938 0.342667 8.75454e-05
0 0.666938 1 0.0460705 0 8.80965e-05
0 0.309756 0.940667 0.0764228 0.105333 8.86517e-05
0 0.633333 0.0126667 0.0439024 0.0253333 8.87882e-05
0 0.780488 1 0.0520325 0 8.88545e-05
0 0.238753 0.405333 0.111111 0.234667 8.91245e-05
0 0.0200542 1 0.0401084 0 8.92295e-05
0 0.482114 0.551333 0.0373984 0.0813333 8.92914e-05
0 0.168293 0.610667 0.0926829 0.157333 8.94077e-05
0 0.678862 0.424667 0.0373984 0.185333 9.02479e-05
0 0.788618 0 0.0552846 0 9.08637e-05
0 0.315718 0.888667 0.101355 0.161333 9.099e-05
0 0.861518 0.00933333 0.105691 0.0186667 9.11985e-05
0 0.315176 0.686667 0.6271 0.626667 9.12773e-05
0 0.297019 0.307333 0.0813008 0.0946667 9.14475e-05
0 0.542276 0.664667 0.106775 0.0946667 9.16609e-05
0 0.328997 0.67 0.0401084 0.0626667 9.28124e-05
0 0.259621 0.004 0.0813008 0.008 9.31588e-05
0 0.720325 0.951333 0.0292683 0.0866667 9.36365e-05
0 0.558266 0.032 0.0921409 0.0533333 9.38904e-05
0 0.988076 0.844 0.0238482 0.288 9.40098e-05
0 0.765041 0.516667 0.215176 0.809333 9.42323e-05
0 0.626558 0.415333 0.0260163 0.0733333 9.46619e-05
0 0.565312 0.554667 0.0130081 0.0186667 9.5483e-05
0 0.154743 0.876667 0.113279 0.241333 9.5809e-05
0 0.973713 0.955333 0.0525745 0.0866667 9.6337e-05
0 0.399729 0.629333 0.0428184 0.0773333 9.64288e-05
0 0.346341 0.678 0.131165 0.278667 9.70899e-05
0 0.969106 0.794667 0.0563686 0.384 9.73151e-05
0 0.68103 0.552667 0.0308943 0.244 9.7497e-05
0 0.572629 0.678667 0.0319783 0.0986667 9.7757e-05
0 0.990515 0.351333 0.0124661 0.145333 9.85735e-05
0 0.612737 0.00666667 0.0775068 0.0133333 9.88407e-05
0 0.537398 0.755333 0.0146341 0.028 9.92465e-05
0 0.969648 0.155333 0.0607046 0.268 9.92585e-05
0 0.707859 0.226 0.0444444 0.236 0.00010013
0 0.691599 1 0.0466125 0 0.000100477
0 0.289973 0.443333 0.0422764 0.105333 0.000101882
0 0.0333333 0.882 0.0666667 0.236 0.000101907
0 0.504065 0.28 0.0303523 0.032 0.000103118
0 0.82981 0.974667 0.0271003 0.032 0.000103199
0 0.393767 0.644667 0.128455 0.337333 0.000103925
0 0.959079 0.997333 0.0514905 0.00533333 0.000104762
0 0.248509 0.448 0.0395664 0.08 0.000104777
0 0.601355 0.642667 0.107859 0.325333 0.000104785
0 0.978049 0.594667 0.0319783 0.125333 0.000106022
0 0.509485 0.758 0.0617886 0.092 0.000106709
0 0.0268293 0 0.0536585 0 0.000106774
0 0.576694 0.554 0.0205962 0.0306667 0.000107727
0 0.241192 1 0.0476965 0 0.00010795
0 0.343631 0.508 0.0813008 0.181333 0.000107996
0 0.446883 0.016 0.0482385 0.032 0.000108032
0 0.640921 1 0.0471545 0 0.000109171
0 0.685095 0.546 0.108401 0.342667 0.00010941
0 0.692412 0.657333 0.615176 0.685333 0.000113242
0 0.259892 0.882667 0.117615 0.173333 0.000113666
0 0.621951 0.05 0.0417344 0.0653333 0.000114283
0 0.0143631 0.472 0.0287263 0.245333 0.000114424
0 0.0588076 0.0126667 0.0937669 0.0253333 0.000115804
0 0.27832 1 0.0471545 0 0.000115814
0 0.0197832 0.332667 0.0395664 0.121333 0.000116654
0 0.842005 0.024 0.098103 0.048 0.000117156
0 0.0127371 0.582 0.0254743 0.238667 0.000118006
0 0.955827 1 0.0525745 0 0.000118585
0 0.252575 0.406667 0.505149 0.813333 0.000118752
0 0.793496 0.0173333 0.0910569 0.0346667 0.000119649
0 0.63252 0.076 0.0574526 0.141333 0.000120212
0 0.929539 0.717333 0.126829 0.565333 0.000120307
0 0.315718 0.278 0.0298103 0.0306667 0.000121509
0 0.268835 0.0266667 0.0498645 0.0506667 0.000122187
0 0.562873 0.55 0.0265583 0.028 0.000122407
0 0.543902 0.554667 0.0330623 0.08 0.00012295
0 0.987534 0.996667 0.0249322 0.00666667 0.000126036
0 0.51355 1 0.0926829 0 0.000127022
0 0.182656 1 0.0780488 0 0.000127279
0 0.30813 0.338 0.0666667 0.268 0.000128943
0 0.0113821 0.511333 0.0162602 0.252 0.000129374
0 0.984011 0.964 0.0308943 0.056 0.000133864
0 0.900542 0.996 0.111111 0.008 0.000134995
0 0.0138211 0.0926667 0.0276423 0.169333 0.000136717
0 0.591057 1 0.0471545 0 0.000137488
0 0.620867 0.217333 0.0872629 0.282667 0.000137978
0 0.829268 0.986 0.0205962 0.0226667 0.000138759
0 0.25935 0.936667 0.0807588 0.116 0.000138793
0 0.0498645 0 0.0574526 0 0.000141051
0 0.64065 0.360667 0.0628726 0.158667 0.000142713
0 0.615447 1 0.0471545 0 0.000144113
0 0.311653 0.998667 0.0845528 0.00266667 0.00014482
0 0.564499 0.560667 0.0308943 0.012 0.00014662
0 0.453659 0.008 0.0542005 0.016 0.00014917
0 0.268564 0.508 0.0395664 0.096 0.000149514
0 0.231707 0.919333 0.100271 0.161333 0.000150349
0 0.328997 1 0.0476965 0 0.000152445
0 0.625203 1 0.0731707 0 0.000154984
0 0.25935 0.997333 0.0785908 0.00533333 0.000156787
0 0.503794 1 0.0460705 0 0.000158566
0 0.490786 0.550667 0.0157182 0.0293333 0.000161295
0 0.99187 0.349333 0.0162602 0.224 0.000161327
0 0.516802 0.402 0.782114 0.804 0.000161755
0 0.165854 0.810667 0.163686 0.378667 0.000161928
0 0.643902 0.0373333 0.0422764 0.0586667 0.000162833
0 0.00948509 1 0.0189702 0 0.000162991
0 0.210027 0.998667 0.0818428 0.00266667 0.000166528
0 0.304065 1 0.0476965 0 0.000169241
0 0.0146341 0.0573333 0.0216802 0.114667 0.000171152
0 0.624661 0.0373333 0.0601626 0.0746667 0.000172977
0 0.0197832 0.542 0.0395664 0.326667 0.000173834
0 0.575339 1 0.0742547 0 0.000174527
0 0.169377 0.802 0.113279 0.230667 0.000175664
0 0.378862 1 0.0476965 0 0.000175929
0 0.553117 1 0.0482385 0 0.000178017
0 0.0601626 0.999333 0.112737 0.00133333 0.000179548
0 0.47832 1 0.0482385 0 0.00018073
0 0.111382 1 0.108943 0 0.000182366
0 0.0271003 0.042 0.0542005 0.084 0.000183759
0 0.403794 1 0.0476965 0 0.000184924
0 0.456369 0.0166667 0.0737127 0.0333333 0.000186015
0 0.0314363 0.113333 0.0628726 0.226667 0.00018743
0 0.35393 1 0.0487805 0 0.00018809
0 0.363144 1 0.0758808 0 0.000191484
0 0.487805 1 0.0726287 0 0.000192132
0 0.634688 0.0173333 0.0607046 0.0346667 0.00019446
0 0.441192 1 0.0487805 0 0.0001963
0 0.820325 0.986667 0.0233062 0.0266667 0.000200358
0 0.413008 1 0.0737127 0 0.000200462
0 0.0195122 0.346667 0.0390244 0.306667 0.000200789
0 0.192683 0.5 0.385366 1 0.000202221
0 0.124932 0.0126667 0.119783 0.0253333 0.000209339
0 0.787534 0.948 0.102981 0.101333 0.000217523
0 0.450678 1 0.0753388 0 0.000219355
0 0.528726 1 0.0482385 0 0.000221534
0 0.974797 0.883333 0.0504065 0.233333 0.000224121
0 0.79187 0 0.123577 0 0.000224498
0 0.488347 0.676667 0.098645 0.252 0.000226166
0 0.326829 0.66 0.0834688 0.088 0.000227527
0 0.21355 0 0.109485 0 0.000230786
0 0.570461 0.688667 0.0688347 0.116 0.000231731
0 0.839024 0.002 0.136585 0.004 0.000234398
0 0.987805 0.99 0.0233062 0.02 0.000235478
0 0.0295393 1 0.0590786 0 0.000236765
0 0.53794 1 0.0731707 0 0.000248251
0 0.262602 0.414667 0.0764228 0.149333 0.000265284
0 0.657995 0.0166667 0.0292683 0.02 0.00027306
0 0.827913 0.542 0.344173 0.916 0.000274642
0 0.309756 0.336 0.0460705 0.144 0.000276372
0 0.339024 0.656 0.0536585 0.056 0.000277511
0 0.0165312 0.038 0.0330623 0.068 0.000282309
0 0.657724 0.5 0.684553 1 0.000288125
0 0.192683 0.652 0.385366 0.696 0.000302043
0 0.0273713 1 0.0514905 0 0.000309352
0 0.488347 0.557333 0.0260163 0.0266667 0.000311519
0 0.291599 0.352667 0.0758808 0.164 0.000321472
0 0.568022 0.626667 0.0444444 0.064 0.000324972
0 0.972629 0.990667 0.0547425 0.0186667 0.000326328
0 0.63252 0.0246667 0.0455285 0.0466667 0.000330555
0 0.0390244 0.00666667 0.0780488 0.0133333 0.000344429
0 0.65664 0.018 0.0102981 0.0253333 0.000345965
0 0.982385 0.931333 0.0352304 0.137333 0.000361915
0 0.552575 0.553333 0.0124661 0.0293333 0.00037277
0 0.619783 0.428667 0.0265583 0.0573333 0.000373339
0 0.554743 0.549333 0.0113821 0.0186667 0.000376836
0 0.92439 1 0.112195 0 0.000380297
0 0.267209 0.476667 0.0401084 0.0786667 0.000410002
0 0.11355 0.000666667 0.152304 0.00133333 0.0004163
0 0.96748 0.998 0.0585366 0.004 0.000417004
0 0.97019 0.994667 0.0498645 0.0106667 0.000477119
0 0.515718 0.5 0.671545 1 0.000511547
0 0.320325 0.292667 0.0401084 0.0653333 0.000584103
0 0.397019 0.435333 0.0373984 0.0706667 0.00061645
0 0.989702 0.939333 0.0195122 0.118667 0.000622621
0 0.47019 0.0193333 0.0937669 0.0386667 0.000634067
0 0.386992 0.634 0.0758808 0.1 0.000684667
0 0.0100271 0.0553333 0.0146341 0.1 0.000882774
0 0.978862 1 0.0422764 0 0.000885259
0 0.266667 0.448667 0.0455285 0.0866667 0.00112148
0 0.651219 0.0226667 0.0233062 0.024 0.0012089
0 0.321138 0.286667 0.0265583 0.032 0.00139899
0 0.384011 0.432667 0.0753388 0.209333 0.00180586
0 0.371816 0.5 0.568022 1 0.0021845
0 0.485095 0.7 0.0509485 0.152 0.00262592
0 0.625474 0.431333 0.0130081 0.028 0.00365327
0 0.355285 0.656 0.0569106 0.0773333 0.00528701
0 0.584824 0.660667 0.0509485 0.06 0.00610712
0 0.619241 0.38 0.379946 0.76 0.00686027
0 0.37019 0.577333 0.321951 0.845333 0.00969434
0 0.375881 0.224 0.234688 0.448 0.0260353
0 0.585095 0.642 0.0406504 0.153333 0.0320782
0 0.360163 0.652667 0.098103 0.105333 0.820883
0 0.489431 0.694667 0.0607046 0.0666667 0.83267
0 0.382927 0.435333 0.0460705 0.092 0.85862
0 0.588076 0.642 0.0455285 0.0546667 0.874988
0 0.615176 0.264667 0.0466125 0.169333 0.908036
0 0.386721 0.158667 0.0796748 0.229333 0.916277
