0 0.143902 0.318 0.0775068 0.225333 1.09737e-05
0 0.756911 0.648 0.0373984 0.0693333 1.10399e-05
0 0.255285 0.726 0.0487805 0.0893333 1.10492e-05
0 0.785908 0.164667 0.0943089 0.329333 1.10618e-05
0 0.15664 0.556667 0.0433604 0.121333 1.11119e-05
0 0.766667 0.53 0.0937669 0.222667 1.11649e-05
0 0.85935 0.607333 0.0439024 0.0733333 1.11659e-05
0 0.668022 0.092 0.0352304 0.114667 1.12115e-05
0 0.686721 0.576 0.098645 0.202667 1.12831e-05
0 0.252846 0.974667 0.0482385 0.0506667 1.13658e-05
0 0.292412 0.353333 0.0872629 0.122667 1.13673e-05
0 0.842276 0.914667 0.0379404 0.114667 1.13677e-05
0 0.988076 0.277333 0.0162602 0.117333 1.13708e-05
0 0.281301 0.0733333 0.0303523 0.0693333 1.14141e-05
0 0.593225 0 0.0514905 0 1.14493e-05
0 0.421138 0.916 0.0346883 0.0773333 1.14529e-05
0 0.430894 0.072 0.0737127 0.144 1.14697e-05
0 0.166125 0.959333 0.0384824 0.0493333 1.14774e-05
0 0.63794 0.463333 0.0715447 0.241333 1.14818e-05
0 0.981572 0.766 0.0346883 0.121333 1.15431e-05
0 0.834146 0.500667 0.0715447 0.142667 1.15738e-05
0 0.437669 0.972667 0.0514905 0.0546667 1.16336e-05
0 0.523035 0.929333 0.0411924 0.096 1.16657e-05
0 0.36206 0.988667 0.0574526 0.0226667 1.17204e-05
0 0.0848238 0.544667 0.130623 0.142667 1.17541e-05
0 0.991057 0.220667 0.0178862 0.22 1.17578e-05
0 0.216531 0.730667 0.0504065 0.114667 1.17707e-05
0 0.95393 0.648667 0.0466125 0.0653333 1.17921e-05
0 0.13252 0.958667 0.0612466 0.072 1.18537e-05
0 0.930894 0.004 0.0525745 0.008 1.18683e-05
0 0.712195 0.586 0.0888889 0.142667 1.18784e-05
0 0.987805 0.394 0.0189702 0.132 1.19045e-05
0 0.91626 0.215333 0.15122 0.281333 1.20505e-05
0 0.381572 0.144667 0.0639566 0.196 1.20739e-05
0 0.923577 0.826 0.152846 0.348 1.20786e-05
0 0.0815718 0.388667 0.117615 0.188 1.21287e-05
0 0.376152 0.973333 0.0498645 0.0533333 1.21287e-05
0 0.0669377 0.968667 0.105691 0.0626667 1.21307e-05
0 0.623306 0.601333 0.0130081 0.024 1.21765e-05
0 0.740379 0.663333 0.0607046 0.113333 1.21941e-05
0 0.421138 0.848 0.0346883 0.072 1.21964e-05
0 0.51626 0.012 0.0525745 0.024 1.22176e-05
0 0.736043 0.882 0.0607046 0.172 1.22184e-05
0 0.325203 0.834667 0.0899729 0.136 1.23093e-05
0 0.95935 0.650667 0.0802168 0.125333 1.23317e-05
0 0.350949 0.975333 0.0460705 0.0493333 1.24753e-05
0 0.486721 0.155333 0.0357724 0.0706667 1.25653e-05
0 0.927642 0.806667 0.0254743 0.0666667 1.25853e-05
0 0.821138 0.613333 0.0498645 0.072 1.26083e-05
0 0.536314 0.508 0.0710027 0.237333 1.26392e-05
0 0.508401 0.195333 0.0205962 0.0733333 1.2736e-05
0 0.227913 0.975333 0.0504065 0.0493333 1.27885e-05
0 0.924661 0.161333 0.150678 0.322667 1.28079e-05
0 0.870732 0.978 0.0352304 0.0306667 1.28691e-05
0 0.122222 0.911333 0.0482385 0.124 1.29193e-05
0 0.426558 0.365333 0.0726287 0.157333 1.29256e-05
0 0.913821 0.915333 0.0672087 0.169333 1.29522e-05
0 0.859079 0.674 0.0466125 0.0973333 1.30197e-05
0 0.0439024 0.32 0.0617886 0.232 1.30735e-05
0 0.833604 0.884 0.0444444 0.138667 1.31271e-05
0 0.307588 0.212 0.0796748 0.261333 1.31308e-05
0 0.629539 0.0673333 0.0720867 0.134667 1.315e-05
0 0.679946 0.147333 0.0612466 0.188 1.31735e-05
0 0.830894 0.218 0.130081 0.281333 1.32326e-05
0 0.0674797 0.0766667 0.0850949 0.153333 1.32974e-05
0 0.243902 0.882 0.0444444 0.0866667 1.33146e-05
0 0.130352 0 0.0547425 0 1.33981e-05
0 0.758808 0.430667 0.0476965 0.106667 1.3408e-05
0 0.165583 0.729333 0.0558266 0.12 1.34464e-05
0 0.306504 0.002 0.0493225 0.004 1.34508e-05
0 0.484553 0.52 0.0758808 0.144 1.3459e-05
0 0.640379 0 0.0504065 0 1.34679e-05
0 0.331436 0.852667 0.0428184 0.0653333 1.34877e-05
0 0.637127 0.315333 0.0124661 0.028 1.35228e-05
0 0.398916 0.974 0.0444444 0.052 1.35306e-05
0 0.776965 0.819333 0.0504065 0.142667 1.35637e-05
0 0.203523 0.052 0.0417344 0.0693333 1.35786e-05
0 0.9271 0.893333 0.0308943 0.0213333 1.36059e-05
0 0.869919 0.544667 0.142005 0.161333 1.36273e-05
0 0.627913 0.974 0.0579946 0.052 1.36541e-05
0 0.455014 0.585333 0.0699187 0.136 1.36719e-05
0 0.490786 0.455333 0.0818428 0.169333 1.37189e-05
0 0.759079 0.481333 0.0558266 0.130667 1.3734e-05
0 0.222493 0.706667 0.095935 0.136 1.37691e-05
0 0.7729 0.0326667 0.0661247 0.0653333 1.37721e-05
0 0.265312 0.196667 0.138211 0.393333 1.38415e-05
0 0.209485 0.264 0.0764228 0.234667 1.38458e-05
0 0.600542 0.970667 0.0520325 0.0586667 1.38523e-05
0 0.828726 0.993333 0.0444444 0.0133333 1.39298e-05
0 0.472629 0.933333 0.0346883 0.0666667 1.39326e-05
0 0.168293 0.974 0.0785908 0.052 1.39526e-05
0 0.0303523 0.178 0.0292683 0.102667 1.39761e-05
0 0.48374 0.155333 0.0200542 0.0466667 1.3999e-05
0 0.374255 0.006 0.0504065 0.012 1.40107e-05
0 0.966396 0.631333 0.0498645 0.068 1.40126e-05
0 0.68645 0.980667 0.0482385 0.0386667 1.40185e-05
0 0.244444 0.0293333 0.0542005 0.0586667 1.40372e-05
0 0.492683 0.202 0.0617886 0.158667 1.40492e-05
0 0.833875 0.58 0.0395664 0.0853333 1.40871e-05
0 0.989702 0.601333 0.0205962 0.125333 1.41317e-05
0 0.704878 0.154667 0.0579946 0.149333 1.41699e-05
0 0.2729 0.0106667 0.0731707 0.0213333 1.41748e-05
0 0.407046 0.008 0.0476965 0.016 1.41885e-05
0 0.728184 0.082 0.0276423 0.076 1.4199e-05
0 0.528455 0.00133333 0.0542005 0.00266667 1.42698e-05
0 0.617344 0.00666667 0.0509485 0.0133333 1.43286e-05
0 0.0392954 0.999333 0.0514905 0.00133333 1.43689e-05
0 0.134146 0.477333 0.111111 0.197333 1.43815e-05
0 0.421138 0.512 0.0617886 0.28 1.44215e-05
0 0.789702 0.492 0.0834688 0.210667 1.44794e-05
0 0.563144 0.584667 0.0758808 0.153333 1.45005e-05
0 0.647154 0.806667 0.0401084 0.0933333 1.45562e-05
0 0.32168 0.521333 0.0948509 0.144 1.45571e-05
0 0.277778 0.975333 0.0482385 0.0493333 1.4575e-05
0 0.314634 0.958 0.0417344 0.052 1.45771e-05
0 0.964228 0.708 0.0715447 0.141333 1.45898e-05
0 0.675068 0.969333 0.0504065 0.0613333 1.46672e-05
0 0.920054 0.684 0.159892 0.218667 1.46696e-05
0 0.587805 0.515333 0.0677507 0.137333 1.47142e-05
0 0.169377 0.982 0.0504065 0.036 1.4764e-05
0 0.718699 0.000666667 0.0520325 0.00133333 1.48876e-05
0 0.191057 0.108 0.0308943 0.12 1.489e-05
0 0.89187 0.957333 0.0493225 0.0853333 1.49295e-05
0 0.51626 0.515333 0.0720867 0.145333 1.49591e-05
0 0.314092 0.0693333 0.0124661 0.0426667 1.50333e-05
0 0.766125 0.539333 0.0623306 0.137333 1.50341e-05
0 0.978862 0.0406667 0.0422764 0.0813333 1.50787e-05
0 0.806233 0.852 0.0504065 0.136 1.51066e-05
0 0.873442 0.988667 0.0655827 0.0226667 1.51383e-05
0 0.607317 0.286 0.0742547 0.185333 1.51525e-05
0 0.592412 0.795333 0.0444444 0.076 1.53277e-05
0 0.868564 1 0.0558266 0 1.5348e-05
0 0.633604 0.219333 0.0542005 0.166667 1.54262e-05
0 0.14336 0.0333333 0.111111 0.0666667 1.54438e-05
0 0.402168 0.216 0.0737127 0.301333 1.54928e-05
0 0.290786 0.934667 0.0406504 0.0906667 1.55112e-05
0 0.775881 0.986 0.0460705 0.028 1.55127e-05
0 0.617886 0.626667 0.0791328 0.176 1.56348e-05
0 0.490244 0.280667 0.0710027 0.193333 1.56896e-05
0 0.601084 0.376667 0.128997 0.438667 1.57134e-05
0 0.221138 0.0506667 0.0390244 0.0666667 1.57275e-05
0 0.484824 0.73 0.0829268 0.22 1.57645e-05
0 0.666667 0.456 0.0195122 0.0773333 1.58003e-05
0 0.855014 0.881333 0.0872629 0.237333 1.58496e-05
0 0.252575 0.356 0.0444444 0.122667 1.58601e-05
0 0.0298103 0.0133333 0.0509485 0.0266667 1.58625e-05
0 0.754472 0.742667 0.0498645 0.114667 1.59214e-05
0 0.117615 0.968 0.097561 0.064 1.59301e-05
0 0.976965 0.579333 0.0341463 0.14 1.59493e-05
0 0.359892 0.16 0.0574526 0.282667 1.60223e-05
0 0.0273713 0.243333 0.0482385 0.110667 1.61298e-05
0 0.384011 0.517333 0.0753388 0.141333 1.6164e-05
0 0.807588 0.633333 0.0455285 0.0693333 1.61909e-05
0 0.400813 0.367333 0.0558266 0.113333 1.62024e-05
0 0.204878 0 0.0531165 0 1.62724e-05
0 0.936314 0.992 0.0623306 0.016 1.6336e-05
0 0.591328 0.589333 0.0747968 0.144 1.63796e-05
0 0.0479675 0.172 0.095935 0.344 1.63922e-05
0 0.310298 0.948 0.0872629 0.104 1.6459e-05
0 0.537669 0.348667 0.0574526 0.0893333 1.64753e-05
0 0.0677507 0.165333 0.0542005 0.114667 1.64849e-05
0 0.0289973 0.206667 0.0439024 0.088 1.64945e-05
0 0.736585 0.429333 0.0509485 0.106667 1.65841e-05
0 0.332791 0.00133333 0.0509485 0.00266667 1.66179e-05
0 0.47561 0.973333 0.0471545 0.0533333 1.66599e-05
0 0.0834688 0.752 0.0737127 0.229333 1.66831e-05
0 0.288618 0.883333 0.0915989 0.14 1.67088e-05
0 0.804607 0.990667 0.0471545 0.0186667 1.67553e-05
0 0.391057 0.436667 0.0493225 0.0493333 1.67578e-05
0 0.601626 0.194 0.0271003 0.06 1.678e-05
0 0.0818428 0.751333 0.0487805 0.129333 1.6868e-05
0 0.785637 0.546667 0.0417344 0.08 1.68751e-05
0 0.190244 0.0326667 0.102981 0.0653333 1.6903e-05
0 0.987534 0.02 0.0249322 0.04 1.69657e-05
0 0.661789 0.456667 0.0173442 0.06 1.69658e-05
0 0.710569 0.0846667 0.0227642 0.0733333 1.69761e-05
0 0.53794 0.608667 0.0612466 0.190667 1.70097e-05
0 0.873713 0.580667 0.0552846 0.126667 1.7037e-05
0 0.0189702 0.974667 0.0336043 0.0506667 1.70617e-05
0 0.296477 0.0646667 0.0205962 0.068 1.70999e-05
0 0.677507 0.87 0.0336043 0.1 1.71122e-05
0 0.985095 0.0653333 0.0298103 0.130667 1.71405e-05
0 0.982656 0.343333 0.0346883 0.193333 1.71491e-05
0 0.711924 0.660667 0.099187 0.124 1.7155e-05
0 0.0214092 0.950667 0.0330623 0.0986667 1.71889e-05
0 0.717344 0.872 0.0601626 0.136 1.73489e-05
0 0.562873 0.506667 0.0699187 0.152 1.7463e-05
0 0.928997 0.799333 0.0357724 0.028 1.74688e-05
0 0.934688 0.874 0.0872629 0.209333 1.7487e-05
0 0.494851 0.350667 0.0802168 0.138667 1.76109e-05
0 0.36206 0.983333 0.0455285 0.0333333 1.76972e-05
0 0.412195 0.859333 0.0883469 0.172 1.77161e-05
0 0.465312 0.852 0.0460705 0.176 1.77215e-05
0 0.629539 0.907333 0.0439024 0.110667 1.77294e-05
0 0.605691 0.154667 0.0460705 0.149333 1.77372e-05
0 0.733062 0.479333 0.0666667 0.132 1.77386e-05
0 0.312466 0.582667 0.100271 0.226667 1.77722e-05
0 0.831707 0.548667 0.0363144 0.068 1.78541e-05
0 0.941463 0.958667 0.0932249 0.0826667 1.78835e-05
0 0.600542 0.845333 0.0422764 0.114667 1.80006e-05
0 0.677236 0.136667 0.0319783 0.06 1.80177e-05
0 0.462331 0.352667 0.0813008 0.166667 1.8018e-05
0 0.895664 0.614667 0.0829268 0.122667 1.80525e-05
0 0.956098 0.19 0.0878049 0.38 1.80908e-05
0 0.443089 0.536 0.0319783 0.253333 1.80953e-05
0 0.78645 0.062 0.0878049 0.124 1.81431e-05
0 0.318157 0.8 0.131165 0.130667 1.81532e-05
0 0.718157 0.908 0.0401084 0.088 1.81969e-05
0 0.491328 0.150667 0.0168022 0.04 1.82287e-05
0 0.111382 0.559333 0.0363144 0.0333333 1.8246e-05
0 0.839295 0.0613333 0.0883469 0.122667 1.82512e-05
0 0.231707 0.028 0.0363144 0.0506667 1.82512e-05
0 0.513008 0.199333 0.131707 0.398667 1.82621e-05
0 0.744715 0.732667 0.0888889 0.158667 1.82716e-05
0 0.823577 0.21 0.181572 0.42 1.83632e-05
0 0.961518 0.993333 0.0574526 0.0133333 1.8414e-05
0 0.616802 0.510667 0.133333 0.453333 1.84947e-05
0 0.203794 0.022 0.0444444 0.044 1.85123e-05
0 0.561518 0.396 0.0509485 0.109333 1.85425e-05
0 0.11084 0.0106667 0.107859 0.0213333 1.85726e-05
0 0.664499 0.947333 0.0704607 0.105333 1.86441e-05
0 0.190244 0.731333 0.0542005 0.129333 1.8706e-05
0 0.438753 0.948667 0.0840108 0.102667 1.87487e-05
0 0.591057 0.148 0.0384824 0.144 1.87896e-05
0 0.629268 0.322 0.0336043 0.0706667 1.87907e-05
0 0.825474 0.0913333 0.115989 0.182667 1.87917e-05
0 0.81897 0.880667 0.0476965 0.113333 1.88006e-05
0 0.55122 0.971333 0.0466125 0.0573333 1.883e-05
0 0.536314 0.0213333 0.0915989 0.0426667 1.88596e-05
0 0.588076 0.931333 0.0466125 0.102667 1.89362e-05
0 0.410027 0.0846667 0.0872629 0.137333 1.89792e-05
0 0.576423 0.957333 0.0688347 0.0853333 1.89861e-05
0 0.79187 0.936667 0.0422764 0.0413333 1.89876e-05
0 0.479133 0.0126667 0.0498645 0.0253333 1.90014e-05
0 0.807588 0.00733333 0.0747968 0.0146667 1.90523e-05
0 0.430352 0.285333 0.0661247 0.213333 1.90632e-05
0 0.659892 0.04 0.0796748 0.08 1.90964e-05
0 0.630894 0.140667 0.0596206 0.174667 1.91039e-05
0 0.83794 0.704 0.100813 0.28 1.91596e-05
0 0.281572 0.004 0.0482385 0.008 1.92143e-05
0 0.200271 0.982 0.0829268 0.036 1.92465e-05
0 0.355827 0.913333 0.0395664 0.0933333 1.9284e-05
0 0.372087 0.167333 0.140379 0.334667 1.93035e-05
0 0.909756 1 0.0569106 0 1.93099e-05
0 0.373713 0.222667 0.0460705 0.234667 1.93599e-05
0 0.358537 0.710667 0.0742547 0.104 1.9363e-05
0 0.579404 0.0513333 0.0314363 0.068 1.94485e-05
0 0.315447 0.0326667 0.0910569 0.0653333 1.94562e-05
0 0.604336 0.947333 0.0813008 0.105333 1.94931e-05
0 0.0672087 0.0313333 0.109485 0.0626667 1.96996e-05
0 0.52168 0.193333 0.0341463 0.0533333 1.9781e-05
0 0.257453 0.078 0.0433604 0.0786667 1.98179e-05
0 0.505149 0.906667 0.0509485 0.122667 1.98768e-05
0 0.725745 0.943333 0.0509485 0.113333 1.98999e-05
0 0.538482 0.874 0.0428184 0.132 1.99701e-05
0 0.672629 0.47 0.0596206 0.108 1.99877e-05
0 0.804336 0.000666667 0.0552846 0.00133333 1.99957e-05
0 0.501355 0.972667 0.0476965 0.0546667 2.00489e-05
0 0.160163 0.556 0.0742547 0.173333 2.0174e-05
0 0.870461 0.804667 0.173442 0.390667 2.02842e-05
0 0.814905 0.531333 0.149051 0.66 2.03827e-05
0 0.735772 0.155333 0.0850949 0.222667 2.04202e-05
0 0.198645 0.682667 0.103523 0.096 2.04744e-05
0 0.598103 0.176667 0.0146341 0.0893333 2.05199e-05
0 0.323306 0.987333 0.0612466 0.0253333 2.05384e-05
0 0.620325 0.600667 0.0460705 0.102667 2.06407e-05
0 0.765583 0.662 0.0720867 0.118667 2.08198e-05
0 0.961247 0.0253333 0.0775068 0.0506667 2.08488e-05
0 0.310298 0.0726667 0.0113821 0.036 2.08701e-05
0 0.214092 0.987333 0.0466125 0.0253333 2.09339e-05
0 0.512466 0.163333 0.0428184 0.052 2.09906e-05
0 0.395393 0.381333 0.152304 0.392 2.10127e-05
0 0.460163 0.500667 0.125745 0.476 2.10147e-05
0 0.873442 0.0786667 0.104607 0.157333 2.10255e-05
0 0.693767 0.0253333 0.100813 0.0506667 2.11242e-05
0 0.445528 0.850667 0.0433604 0.104 2.11819e-05
0 0.142005 0.794667 0.0856369 0.216 2.13194e-05
0 0.230894 0 0.0509485 0 2.15477e-05
0 0.830352 0.837333 0.095393 0.274667 2.15701e-05
0 0.536585 0.034 0.115989 0.068 2.16145e-05
0 0.847696 0.576 0.0346883 0.08 2.17879e-05
0 0.624119 0.606667 0.0243902 0.0293333 2.18543e-05
0 0.861247 0.955333 0.0823848 0.0893333 2.18736e-05
0 0.107588 0.565333 0.0352304 0.0746667 2.19216e-05
0 0.382114 0.726667 0.0910569 0.16 2.19223e-05
0 0.435772 0.00933333 0.0628726 0.0186667 2.19756e-05
0 0.611653 0.0346667 0.0872629 0.0693333 2.2019e-05
0 0.264499 0.986 0.0704607 0.028 2.20816e-05
0 0.155014 0 0.0542005 0 2.2083e-05
0 0.388076 0.955333 0.0422764 0.068 2.20889e-05
0 0.912737 0.404667 0.174526 0.305333 2.22124e-05
0 0.754201 0.876667 0.0428184 0.124 2.23146e-05
0 0.144173 0.0853333 0.0476965 0.138667 2.23907e-05
0 0.743089 0.024 0.119241 0.048 2.24685e-05
0 0.224119 0.107333 0.0840108 0.177333 2.24894e-05
0 0.258266 0.720667 0.110027 0.150667 2.2507e-05
0 0.0845528 0.468667 0.133333 0.185333 2.25332e-05
0 0.41084 0.582 0.0802168 0.150667 2.27823e-05
0 0.0772358 0.0893333 0.0514905 0.141333 2.27836e-05
0 0.463144 0.983333 0.0482385 0.0333333 2.29164e-05
0 0.262331 0.0333333 0.0856369 0.0666667 2.29176e-05
0 0.716531 0.515333 0.15935 0.625333 2.29529e-05
0 0.918428 0.906667 0.0287263 0.0293333 2.2977e-05
0 0.346612 0.981333 0.0590786 0.0373333 2.30119e-05
0 0.474526 0.0906667 0.0710027 0.168 2.31213e-05
0 0.611924 0.982667 0.0487805 0.0346667 2.31219e-05
0 0.857724 0.636 0.0460705 0.088 2.31426e-05
0 0.376423 0.594667 0.0655827 0.144 2.31927e-05
0 0.18916 0.390667 0.102981 0.208 2.32484e-05
0 0.641734 0.472 0.0596206 0.104 2.32619e-05
0 0.0281843 0.142667 0.0216802 0.12 2.32943e-05
0 0.529268 0.382 0.0612466 0.182667 2.33069e-05
0 0.915447 0.0246667 0.119241 0.0493333 2.33611e-05
0 0.937669 0.086 0.0932249 0.172 2.33745e-05
0 0.337127 0.208 0.0834688 0.224 2.36103e-05
0 0.559621 0.212 0.0677507 0.152 2.3625e-05
0 0.762602 0.303333 0.0758808 0.444 2.36633e-05
0 0.715176 0.418 0.0840108 0.110667 2.3666e-05
0 0.778862 0.962 0.0455285 0.028 2.36895e-05
0 0.265041 0.611333 0.102981 0.188 2.37535e-05
0 0.981301 0.403333 0.0373984 0.246667 2.37565e-05
0 0.866938 0.597333 0.106775 0.197333 2.38081e-05
0 0.672087 0.514 0.0856369 0.174667 2.3868e-05
0 0.805962 0.964 0.0498645 0.032 2.38931e-05
0 0.747154 0.962 0.0742547 0.076 2.39608e-05
0 0.887263 0.0313333 0.115989 0.0626667 2.39753e-05
0 0.361518 0.631333 0.134417 0.524 2.41989e-05
0 0.305962 0.0426667 0.0644986 0.0853333 2.42037e-05
0 0.849864 0.578667 0.0563686 0.12 2.42423e-05
0 0.688618 0.0426667 0.0579946 0.0853333 2.43089e-05
0 0.636043 0.523333 0.0623306 0.129333 2.43193e-05
0 0.412195 0.985333 0.0720867 0.0293333 2.43453e-05
0 0.515447 0.196 0.0455285 0.312 2.44965e-05
0 0.312195 0.984667 0.0476965 0.0306667 2.4536e-05
0 0.171274 0.266 0.097561 0.225333 2.46437e-05
0 0.379946 0.796667 0.0498645 0.0733333 2.47526e-05
0 0.81084 0.506667 0.0325203 0.0586667 2.47745e-05
0 0.61084 0.168667 0.120325 0.337333 2.47952e-05
0 0.338211 0.982667 0.0476965 0.0346667 2.48005e-05
0 0.750135 0.982667 0.0487805 0.0346667 2.48797e-05
0 0.238211 0.985333 0.0471545 0.0293333 2.49091e-05
0 0.115718 0.996 0.0482385 0.008 2.49414e-05
0 0.642005 0.875333 0.0439024 0.129333 2.49586e-05
0 0.363957 0.222 0.0525745 0.14 2.49696e-05
0 0.923306 0.749333 0.113279 0.269333 2.51186e-05
0 0.133875 0.698667 0.0899729 0.162667 2.52291e-05
0 0.0715447 0.937333 0.0856369 0.125333 2.52972e-05
0 0.784011 0.724667 0.102439 0.182667 2.53148e-05
0 0.983469 0.538667 0.0319783 0.192 2.5322e-05
0 0.978049 0.00733333 0.0439024 0.0146667 2.53942e-05
0 0.228455 0.460667 0.0666667 0.068 2.5426e-05
0 0.476965 0.156 0.199458 0.312 2.55699e-05
0 0.922493 0.894667 0.0271003 0.04 2.56359e-05
0 0.661247 0.978 0.0498645 0.044 2.57702e-05
0 0.614363 0 0.0536585 0 2.58121e-05
0 0.0888889 0.998 0.0476965 0.004 2.58192e-05
0 0.210298 0.824 0.0932249 0.2 2.58255e-05
0 0.943631 0.998 0.0444444 0.004 2.58376e-05
0 0.755014 0 0.0542005 0 2.59737e-05
0 0.570461 0.634 0.145799 0.516 2.60901e-05
0 0.559079 0.658667 0.0785908 0.194667 2.61059e-05
0 0.409214 0.714 0.101897 0.238667 2.61229e-05
0 0.441463 0.0313333 0.104607 0.0626667 2.61827e-05
0 0.240379 0.165333 0.0948509 0.2 2.6195e-05
0 0.81084 0.779333 0.096477 0.236 2.62606e-05
0 0.352846 0.327333 0.132249 0.102667 2.62793e-05
0 0.737127 0.00533333 0.0780488 0.0106667 2.64197e-05
0 0.193496 0.461333 0.117073 0.152 2.64659e-05
0 0.888889 0.973333 0.0303523 0.0373333 2.64677e-05
0 0.657182 0.984667 0.0785908 0.0306667 2.65927e-05
0 0.318428 0.881333 0.0482385 0.0906667 2.66544e-05
0 0.907317 0.975333 0.0357724 0.0413333 2.66601e-05
0 0.782927 0.96 0.0796748 0.08 2.67177e-05
0 0.855014 0.994667 0.0439024 0.0106667 2.67954e-05
0 0.263415 0.986 0.0466125 0.028 2.68146e-05
0 0.866396 0 0.0547425 0 2.70217e-05
0 0.436314 0.504667 0.0346883 0.092 2.71192e-05
0 0.124119 0.824667 0.18103 0.350667 2.71588e-05
0 0.838482 1 0.0747968 0 2.72183e-05
0 0.329268 0.094 0.0796748 0.142667 2.72802e-05
0 0.981301 0.0966667 0.0373984 0.193333 2.72887e-05
0 0.717615 0.515333 0.0899729 0.193333 2.73297e-05
0 0.584282 0.103333 0.0910569 0.206667 2.73626e-05
0 0.979404 0.275333 0.0411924 0.321333 2.73689e-05
0 0.109214 0.398 0.146883 0.337333 2.74664e-05
0 0.56748 0.383333 0.0856369 0.292 2.75393e-05
0 0.766667 0.667333 0.0482385 0.0786667 2.76194e-05
0 0.239295 0.988667 0.0720867 0.0226667 2.76197e-05
0 0.39729 0.885333 0.0455285 0.0933333 2.76513e-05
0 0.955285 0.815333 0.0894309 0.369333 2.7663e-05
0 0.75664 0.0253333 0.0422764 0.0506667 2.77694e-05
0 0.95664 0.594 0.0682927 0.164 2.79241e-05
0 0.471274 0.978 0.0634146 0.044 2.7994e-05
0 0.301626 0.984 0.0666667 0.032 2.80867e-05
0 0.365041 0.038 0.0872629 0.076 2.80869e-05
0 0.404336 0.488 0.0780488 0.157333 2.8097e-05
0 0.502168 0.00266667 0.0558266 0.00533333 2.82837e-05
0 0.311111 0.0706667 0.0260163 0.032 2.82884e-05
0 0.530081 0.944667 0.0867209 0.110667 2.84342e-05
0 0.536314 0.853333 0.0601626 0.245333 2.85419e-05
0 0.522493 0.121333 0.0596206 0.242667 2.85631e-05
0 0.689431 0.847333 0.0325203 0.108 2.85864e-05
0 0.61897 0.964667 0.0639566 0.0706667 2.8656e-05
0 0.872087 0.638 0.0715447 0.137333 2.87351e-05
0 0.0222222 0.971333 0.0444444 0.0573333 2.87525e-05
0 0.65664 0.435333 0.0373984 0.113333 2.88401e-05
0 0.989431 0.543333 0.0211382 0.142667 2.89809e-05
0 0.273984 0.469333 0.0894309 0.149333 2.90434e-05
0 0.544444 0.425333 0.0710027 0.104 2.91422e-05
0 0.546341 0.028 0.0476965 0.0426667 2.91544e-05
0 0.80542 0.942 0.0487805 0.052 2.91618e-05
0 0.985908 0.00466667 0.0281843 0.00933333 2.92295e-05
0 0.782114 0.636667 0.0433604 0.0786667 2.92487e-05
0 0.678049 0.414667 0.0682927 0.122667 2.94463e-05
0 0.747154 0.988667 0.0720867 0.0226667 2.94746e-05
0 0.911653 0.958667 0.0628726 0.0826667 2.95089e-05
0 0.888889 0.989333 0.0769648 0.0213333 2.951e-05
0 0.345528 0.639333 0.0601626 0.286667 2.95433e-05
0 0.165854 0.990667 0.0455285 0.0186667 2.96012e-05
0 0.283469 0.05 0.0379404 0.076 2.98593e-05
0 0.91897 0.496667 0.129539 0.297333 2.9895e-05
0 0.0604336 0.200667 0.120867 0.257333 2.99429e-05
0 0.401626 0.949333 0.0585366 0.101333 2.99816e-05
0 0.975339 0.975333 0.0276423 0.0493333 2.99894e-05
0 0.71897 0.0666667 0.0341463 0.0773333 3.0001e-05
0 0.422222 0.0113333 0.0401084 0.0226667 3.00383e-05
0 0.180217 0 0.0536585 0 3.01601e-05
0 0.415447 0.645333 0.137127 0.504 3.01965e-05
0 0.67832 0.85 0.0601626 0.161333 3.03435e-05
0 0.255827 0.002 0.0509485 0.004 3.04603e-05
0 0.643089 0.958667 0.0688347 0.0826667 3.0505e-05
0 0.191599 0.930667 0.0449864 0.0933333 3.05479e-05
0 0.161247 0.048 0.0731707 0.096 3.05548e-05
0 0.601897 0.906 0.0449864 0.118667 3.06306e-05
0 0.371816 0.916 0.0422764 0.0933333 3.06371e-05
0 0.587805 0.982667 0.0493225 0.0346667 3.06722e-05
0 0.750135 0.958667 0.0455285 0.0426667 3.07058e-05
0 0.446612 0.981333 0.0672087 0.0373333 3.07157e-05
0 0.563957 0.164667 0.114363 0.329333 3.07205e-05
0 0.98103 0.827333 0.0379404 0.129333 3.0758e-05
0 0.481572 0.59 0.0785908 0.22 3.08931e-05
0 0.982385 0.174667 0.0178862 0.296 3.09033e-05
0 0.620054 0.0533333 0.0433604 0.0586667 3.09205e-05
0 0.958266 0.597333 0.0834688 0.352 3.09352e-05
0 0.638211 0.822667 0.0785908 0.165333 3.09789e-05
0 0.426287 0.983333 0.0482385 0.0333333 3.09956e-05
0 0.829268 0 0.0542005 0 3.11646e-05
0 0.385908 0.0666667 0.0639566 0.0933333 3.1428e-05
0 0.461518 0.956 0.0417344 0.0373333 3.14302e-05
0 0.371003 0.22 0.0233062 0.114667 3.14695e-05
0 0.265854 0.084 0.0731707 0.16 3.1523e-05
0 0.61626 0.520667 0.0747968 0.166667 3.15301e-05
0 0.41084 0.911333 0.0704607 0.164 3.15305e-05
0 0.636856 0.98 0.0498645 0.04 3.15627e-05
0 0.339566 0.594 0.0710027 0.129333 3.1595e-05
0 0.487263 0.984 0.0476965 0.032 3.16558e-05
0 0.954472 0.672 0.0271003 0.032 3.17172e-05
0 0.281843 0.0713333 0.0661247 0.142667 3.17235e-05
0 0.0547425 0.760667 0.0704607 0.241333 3.18329e-05
0 0.387534 0.981333 0.0455285 0.0373333 3.19247e-05
0 0.484824 0.814667 0.0634146 0.184 3.21551e-05
0 0.71897 0.978667 0.0688347 0.0426667 3.21619e-05
0 0.687534 0.736 0.134959 0.149333 3.21621e-05
0 0.188889 0.988 0.0482385 0.024 3.22082e-05
0 0.182114 0.08 0.0747968 0.149333 3.23972e-05
0 0.661789 0.484667 0.0173442 0.0493333 3.24126e-05
0 0.937127 0.96 0.0737127 0.08 3.24229e-05
0 0.537398 0.335333 0.102439 0.108 3.24236e-05
0 0.338753 0.0393333 0.0856369 0.0786667 3.24439e-05
0 0.42981 0.213333 0.0910569 0.253333 3.25267e-05
0 0.353117 0.086 0.0590786 0.172 3.25749e-05
0 0.785095 0.640667 0.0796748 0.126667 3.25783e-05
0 0.397832 0.002 0.0845528 0.004 3.26932e-05
0 0.396477 0.861333 0.0330623 0.0533333 3.2779e-05
0 0.209485 0.068 0.0807588 0.136 3.28756e-05
0 0.930352 0.788 0.0265583 0.032 3.31194e-05
0 0.583198 0.0466667 0.0867209 0.0933333 3.331e-05
0 0.596748 0.374667 0.0802168 0.157333 3.3329e-05
0 0.333062 0.381333 0.0525745 0.101333 3.33956e-05
0 0.56206 0.980667 0.0487805 0.0386667 3.35518e-05
0 0.990244 0.0406667 0.0173442 0.0813333 3.36115e-05
0 0.288347 0.984 0.0487805 0.032 3.3718e-05
0 0.469648 0.288 0.149051 0.576 3.37724e-05
0 0.545528 0.971333 0.0666667 0.0573333 3.39941e-05
0 0.663415 0.905333 0.0455285 0.130667 3.4035e-05
0 0.198916 0.572 0.0834688 0.162667 3.41179e-05
0 0.662331 0.486 0.0390244 0.0573333 3.41701e-05
0 0.555827 0.809333 0.0406504 0.0906667 3.43831e-05
0 0.48645 0.676667 0.0590786 0.156 3.44526e-05
0 0.775068 1 0.0433604 0 3.45904e-05
0 0.488618 0.00866667 0.0525745 0.0173333 3.4917e-05
0 0.979946 0.587333 0.0401084 0.273333 3.49225e-05
0 0.769919 0.084 0.111111 0.168 3.49529e-05
0 0.0867209 0.268 0.148509 0.234667 3.50091e-05
0 0.512195 0.983333 0.0737127 0.0333333 3.50524e-05
0 0.82981 0.936667 0.0422764 0.0813333 3.5132e-05
0 0.711382 0.978667 0.0493225 0.0426667 3.51519e-05
0 0.774526 0.00533333 0.0823848 0.0106667 3.51585e-05
0 0.71626 0.846667 0.0341463 0.106667 3.52553e-05
0 0.457724 0.659333 0.0731707 0.148 3.59306e-05
0 0.740921 0.355333 0.0899729 0.156 3.5982e-05
0 0.770461 0.599333 0.0612466 0.132 3.60285e-05
0 0.311653 0.996 0.0455285 0.008 3.62199e-05
0 0.455556 0.276667 0.0872629 0.265333 3.64131e-05
0 0.360163 0.35 0.0807588 0.0866667 3.64661e-05
0 0.465583 0.911333 0.0379404 0.0973333 3.64721e-05
0 0.501626 0.108667 0.0395664 0.052 3.65247e-05
0 0.403252 0.879333 0.0249322 0.0493333 3.66474e-05
0 0.523306 0.17 0.0168022 0.0386667 3.66827e-05
0 0.168564 0.913333 0.0466125 0.101333 3.67516e-05
0 0.555014 0.908 0.0552846 0.152 3.67659e-05
0 0.603252 0.73 0.0888889 0.166667 3.67974e-05
0 0.536314 0.048 0.110027 0.096 3.68399e-05
0 0.658266 0.119333 0.0731707 0.169333 3.70611e-05
0 0.562331 0.734 0.0775068 0.142667 3.71028e-05
0 0.339837 0.733333 0.0932249 0.122667 3.72431e-05
0 0.988347 0.174667 0.0124661 0.266667 3.72562e-05
0 0.640921 0.323333 0.0287263 0.028 3.73971e-05
0 0.972358 0.0486667 0.0552846 0.0973333 3.74617e-05
0 0.737127 0.371333 0.0455285 0.126667 3.74633e-05
0 0.0097561 0.950667 0.0173442 0.0986667 3.75615e-05
0 0.239295 0.0726667 0.0699187 0.145333 3.7655e-05
0 0.144444 0.961333 0.0439024 0.0453333 3.76715e-05
0 0.724661 0.994 0.0466125 0.012 3.77159e-05
0 0.553659 0.859333 0.0406504 0.156 3.77859e-05
0 0.473713 0.926 0.0455285 0.148 3.79389e-05
0 0.967751 0.964 0.0644986 0.072 3.81224e-05
0 0.523848 0.981333 0.0493225 0.0373333 3.81629e-05
0 0.11626 0.205333 0.149051 0.226667 3.83352e-05
0 0.68645 0.356667 0.0948509 0.182667 3.83808e-05
0 0.817344 0.638667 0.0726287 0.117333 3.84765e-05
0 0.496206 0.972 0.0677507 0.056 3.85382e-05
0 0.501084 0.147333 0.0276423 0.028 3.88058e-05
0 0.00894309 0.965333 0.0113821 0.0693333 3.8859e-05
0 0.585908 0.981333 0.0780488 0.0373333 3.89265e-05
0 0.629539 0.0106667 0.0449864 0.0213333 3.9024e-05
0 0.438753 0.53 0.0113821 0.0466667 3.90329e-05
0 0.355827 0.797333 0.0514905 0.0746667 3.92234e-05
0 0.430081 0.0206667 0.0352304 0.0413333 3.92401e-05
0 0.791328 0.501333 0.0520325 0.117333 3.94213e-05
0 0.827642 1 0.0444444 0 3.95575e-05
0 0.236856 0.94 0.0943089 0.12 3.97071e-05
0 0.0639566 1 0.0509485 0 3.97174e-05
0 0.91626 0.988 0.0710027 0.024 3.97214e-05
0 0.216802 0.222 0.127913 0.265333 3.97302e-05
0 0.924119 0.01 0.101897 0.02 3.97375e-05
0 0.399729 0.996 0.0449864 0.008 3.98906e-05
0 0.963957 0.276 0.0699187 0.432 3.99143e-05
0 0.358537 0.612 0.0558266 0.112 3.99188e-05
0 0.511653 0.593333 0.0737127 0.168 3.99297e-05
0 0.802981 1 0.0439024 0 3.99507e-05
0 0.673171 0.653333 0.0932249 0.178667 4.00452e-05
0 0.463144 0.995333 0.0471545 0.00933333 4.01389e-05
0 0.566938 0.831333 0.0346883 0.132 4.03913e-05
0 0.133333 0.601333 0.131165 0.261333 4.04698e-05
0 0.533875 0.727333 0.0791328 0.177333 4.07373e-05
0 0.585637 0.668667 0.0829268 0.158667 4.07422e-05
0 0.511653 0.170667 0.0216802 0.0426667 4.10222e-05
0 0.679404 0 0.0514905 0 4.11276e-05
0 0.401626 0.409333 0.0650406 0.130667 4.13249e-05
0 0.810027 0.952667 0.0753388 0.0946667 4.13411e-05
0 0.0257453 0.698 0.0428184 0.185333 4.13976e-05
0 0.363144 0.414 0.0899729 0.118667 4.15864e-05
0 0.878591 1 0.0357724 0 4.16933e-05
0 0.699729 0.992667 0.0487805 0.0146667 4.18159e-05
0 0.661518 0.992 0.0493225 0.016 4.18653e-05
0 0.374797 0.996 0.0460705 0.008 4.19568e-05
0 0.898645 0.978667 0.0227642 0.0293333 4.21521e-05
0 0.778591 0.992 0.0753388 0.016 4.238e-05
0 0.247154 0.366 0.0639566 0.22 4.26766e-05
0 0.215718 0.648667 0.187534 0.494667 4.27128e-05
0 0.0192412 0.916 0.0384824 0.168 4.27504e-05
0 0.227371 0.996667 0.0710027 0.00666667 4.27917e-05
0 0.426558 0.882667 0.127913 0.234667 4.30249e-05
0 0.635772 0.912667 0.0845528 0.174667 4.30964e-05
0 0.737398 0.216667 0.133875 0.358667 4.31666e-05
0 0.26206 0.484667 0.0482385 0.129333 4.32159e-05
0 0.160976 0.218667 0.160434 0.317333 4.33012e-05
0 0.897832 0.974667 0.0319783 0.016 4.35141e-05
0 0.958266 0.783333 0.0628726 0.286667 4.36251e-05
0 0.114634 0.94 0.0915989 0.12 4.37801e-05
0 0.512195 0.994 0.0487805 0.012 4.37957e-05
0 0.444444 0.912 0.0487805 0.0933333 4.3833e-05
0 0.0382114 0.388 0.0764228 0.498667 4.39456e-05
0 0.787263 0.0213333 0.098103 0.0426667 4.4238e-05
0 0.982114 0.107333 0.0325203 0.161333 4.42505e-05
0 0.434146 0.00466667 0.0466125 0.00933333 4.4323e-05
0 0.275339 0.992667 0.0650406 0.0146667 4.45619e-05
0 0.415447 0.644667 0.0829268 0.182667 4.46833e-05
0 0.713821 0.0946667 0.0878049 0.16 4.47705e-05
0 0.217615 0.513333 0.107859 0.152 4.47916e-05
0 0.624119 0.776 0.0785908 0.170667 4.49889e-05
0 0.683198 0.223333 0.102439 0.278667 4.5262e-05
0 0.785908 0.538 0.117073 0.444 4.54472e-05
0 0.337669 0.995333 0.0466125 0.00933333 4.54578e-05
0 0.425203 0.995333 0.0471545 0.00933333 4.54901e-05
0 0.606775 0.172667 0.0254743 0.084 4.55554e-05
0 0.0300813 0.387333 0.0601626 0.22 4.58868e-05
0 0.105691 0.62 0.125745 0.152 4.60455e-05
0 0.430894 0 0.0520325 0 4.60709e-05
0 0.932791 0.288667 0.128997 0.577333 4.60995e-05
0 0.388076 0.982 0.0672087 0.036 4.6115e-05
0 0.941463 0 0.0542005 0 4.62257e-05
0 0.359892 0 0.0921409 0 4.62543e-05
0 0.712466 0.0393333 0.0644986 0.0786667 4.62623e-05
0 0.206775 0.913333 0.0449864 0.0933333 4.63049e-05
0 0.0395664 1 0.0520325 0 4.64017e-05
0 0.638482 0.322667 0.0216802 0.056 4.64314e-05
0 0.988347 0.734 0.0189702 0.132 4.64874e-05
0 0.179946 0.0846667 0.0476965 0.0946667 4.65453e-05
0 0.372087 0.978 0.0504065 0.044 4.67521e-05
0 0.570732 0.0366667 0.0422764 0.0413333 4.73763e-05
0 0.629539 0.0426667 0.0612466 0.0853333 4.75913e-05
0 0.684011 0.310667 0.0390244 0.296 4.76282e-05
0 0.14065 0.993333 0.0471545 0.0133333 4.7648e-05
0 0.861247 0.991333 0.0856369 0.0173333 4.78456e-05
0 0.612195 0.994667 0.0482385 0.0106667 4.80397e-05
0 0.660163 0.272667 0.128997 0.545333 4.81082e-05
0 0.760705 0.883333 0.0634146 0.188 4.81405e-05
0 0.402981 0.0353333 0.0460705 0.0706667 4.82121e-05
0 0.759079 0.052 0.0439024 0.0613333 4.83708e-05
0 0.213279 0.654 0.125203 0.204 4.83719e-05
0 0.621951 0.718 0.168564 0.564 4.83848e-05
0 0.930081 1 0.0455285 0 4.85717e-05
0 0.636585 0.992667 0.0493225 0.0146667 4.89464e-05
0 0.710027 0.352667 0.0693767 0.14 4.91819e-05
0 0.904878 1 0.0384824 0 4.92438e-05
0 0.0200542 0.918 0.0357724 0.116 4.93112e-05
0 0.256369 0.914 0.0433604 0.0813333 4.95075e-05
0 0.0170732 0.758 0.0341463 0.145333 4.95619e-05
0 0.331978 0.78 0.0482385 0.0586667 4.96079e-05
0 0.509485 0.118667 0.0693767 0.141333 5.01318e-05
0 0.424661 0.524667 0.0579946 0.105333 5.02473e-05
0 0.750407 0.997333 0.0471545 0.00533333 5.02741e-05
0 0.655014 0.416667 0.0742547 0.169333 5.05373e-05
0 0.259892 0.862667 0.100271 0.138667 5.07243e-05
0 0.712466 0.960667 0.0395664 0.068 5.07882e-05
0 0.0181572 0.088 0.0363144 0.176 5.0908e-05
0 0.643902 0.352 0.0433604 0.122667 5.09484e-05
0 0.182114 0.94 0.0693767 0.12 5.11097e-05
0 0.852846 1 0.0439024 0 5.13236e-05
0 0.652032 0.842 0.0368564 0.118667 5.16931e-05
0 0.291328 0 0.0525745 0 5.1732e-05
0 0.882927 0.992 0.0357724 0.016 5.1854e-05
0 0.0666667 0.995333 0.0672087 0.00933333 5.20235e-05
0 0.612737 0.107333 0.0644986 0.174667 5.2152e-05
0 0.669106 0.878 0.160976 0.244 5.27299e-05
0 0.380488 0 0.0531165 0 5.2821e-05
0 0.16206 0.674667 0.160434 0.165333 5.29599e-05
0 0.56206 0.994667 0.0487805 0.0106667 5.33607e-05
0 0.257453 0.0266667 0.0466125 0.0453333 5.33889e-05
0 0.918428 0.600667 0.133875 0.26 5.35836e-05
0 0.560705 0.04 0.0731707 0.0586667 5.38018e-05
0 0.536585 0.994 0.0498645 0.012 5.38271e-05
0 0.0178862 0.820667 0.0357724 0.148 5.38874e-05
0 0.587263 0.996 0.0482385 0.008 5.39981e-05
0 0.805149 0.823333 0.132791 0.353333 5.46462e-05
0 0.166938 0.373333 0.20813 0.56 5.496e-05
0 0.460705 0.942 0.0455285 0.0973333 5.5333e-05
0 0.523848 0.169333 0.0384824 0.0373333 5.53566e-05
0 0.0292683 0.508 0.0401084 0.245333 5.60114e-05
0 0.283198 0.0306667 0.0319783 0.048 5.6141e-05
0 0.365583 0.656 0.0102981 0.0266667 5.62486e-05
0 0.438211 0.728667 0.100271 0.161333 5.62543e-05
0 0.155014 0.102667 0.0921409 0.205333 5.65748e-05
0 0.0482385 1 0.0650406 0 5.76016e-05
0 0.441734 0.532 0.0336043 0.096 5.79477e-05
0 0.3271 0.384667 0.0850949 0.169333 5.79606e-05
0 0.665312 0.00266667 0.0840108 0.00533333 5.82165e-05
0 0.655285 0.222667 0.0769648 0.221333 5.83493e-05
0 0.0181572 0.00733333 0.0363144 0.0146667 5.83498e-05
0 0.807317 0.852667 0.0915989 0.172 5.85614e-05
0 0.425745 0.0373333 0.0796748 0.0746667 5.86786e-05
0 0.450678 0.499333 0.0753388 0.142667 5.89541e-05
0 0.0897019 0.874 0.111111 0.252 5.92423e-05
0 0.486992 0.994667 0.0482385 0.0106667 5.93092e-05
0 0.484824 0.0213333 0.108943 0.0426667 5.96552e-05
0 0.902168 0 0.0547425 0 6.05482e-05
0 0.887534 0.982 0.0222222 0.0173333 6.05662e-05
0 0.580759 0.883333 0.0590786 0.177333 6.07656e-05
0 0.168564 0.514 0.161518 0.233333 6.08292e-05
0 0.410569 0.032 0.0915989 0.064 6.10294e-05
0 0.680217 0.901333 0.0823848 0.197333 6.12387e-05
0 0.232791 0.914 0.0460705 0.0866667 6.13869e-05
0 0.134959 0.258667 0.107317 0.189333 6.13888e-05
0 0.738753 0.028 0.0899729 0.056 6.17983e-05
0 0.21355 0.998667 0.0476965 0.00266667 6.21114e-05
0 0.961518 0.00533333 0.0607046 0.0106667 6.21174e-05
0 0.0509485 0.521333 0.101897 0.197333 6.22236e-05
0 0.528726 0.17 0.0189702 0.0493333 6.25595e-05
0 0.479946 0.145333 0.0710027 0.0906667 6.26637e-05
0 0.823848 0.634 0.0390244 0.0573333 6.28102e-05
0 0.25122 0.261333 0.108943 0.421333 6.28235e-05
0 0.366396 0.653333 0.0216802 0.0186667 6.31206e-05
0 0.709485 0.246667 0.0542005 0.397333 6.31558e-05
0 0.138211 0.986667 0.0758808 0.0266667 6.34674e-05
0 0.185095 0.042 0.0623306 0.084 6.35314e-05
0 0.779404 0.261333 0.131165 0.28 6.36952e-05
0 0.214363 0.344 0.117615 0.32 6.40403e-05
0 0.835772 0.604 0.0542005 0.144 6.50896e-05
0 0.289973 0.00666667 0.0672087 0.0133333 6.58118e-05
0 0.0880759 1 0.0514905 0 6.5985e-05
0 0.811653 0.991333 0.0818428 0.0173333 6.60501e-05
0 0.508943 0.734 0.0878049 0.132 6.6194e-05
0 0.560163 0.00866667 0.0948509 0.0173333 6.62601e-05
0 0.911653 0.991333 0.0531165 0.0173333 6.63894e-05
0 0.849594 0.006 0.0818428 0.012 6.64786e-05
0 0.70271 0.861333 0.0861789 0.210667 6.69616e-05
0 0.345257 0.504 0.0390244 0.072 6.76603e-05
0 0.0327913 0.0553333 0.0655827 0.110667 6.80828e-05
0 0.524119 0.784 0.0780488 0.186667 6.81267e-05
0 0.349322 0.514667 0.0200542 0.032 6.8277e-05
0 0.561518 0.117333 0.0715447 0.162667 6.83697e-05
0 0.349865 0.644667 0.0590786 0.121333 6.84683e-05
0 0.238211 0.997333 0.0471545 0.00533333 6.87295e-05
0 0.476423 0 0.0552846 0 6.91263e-05
0 0.922222 0.740667 0.145799 0.486667 6.93401e-05
0 0.0222222 0.196 0.0303523 0.170667 7.06178e-05
0 0.956098 1 0.0466125 0 7.06618e-05
0 0.0536585 0.277333 0.100813 0.165333 7.12717e-05
0 0.367209 0.656 0.0384824 0.117333 7.13537e-05
0 0.114634 1 0.0493225 0 7.14959e-05
0 0.271003 0.056 0.0411924 0.064 7.15011e-05
0 0.339837 0.00866667 0.0726287 0.0173333 7.18754e-05
0 0.603252 0.18 0.0108401 0.0906667 7.2081e-05
0 0.471274 0.86 0.0948509 0.28 7.21024e-05
0 0.262873 0.996667 0.0476965 0.00666667 7.22729e-05
0 0.287805 0.996 0.0487805 0.008 7.24076e-05
0 0.0111111 0.0213333 0.0222222 0.0426667 7.27743e-05
0 0.0463415 0.454667 0.0785908 0.170667 7.28238e-05
0 0.333604 0.789333 0.0677507 0.0933333 7.33822e-05
0 0.695393 0.975333 0.0585366 0.0493333 7.3586e-05
0 0.73523 0.25 0.0655827 0.470667 7.44279e-05
0 0.461518 0.933333 0.0341463 0.056 7.48305e-05
0 0.56748 0.916 0.0856369 0.168 7.52878e-05
0 0.189973 0.012 0.0785908 0.024 7.59546e-05
0 0.897561 0.987333 0.0368564 0.02 7.62263e-05
0 0.370732 0.886667 0.149594 0.226667 7.67625e-05
0 0.824661 0.925333 0.0785908 0.149333 7.68275e-05
0 0.982114 0.778667 0.0357724 0.322667 7.70126e-05
0 0.0192412 0.42 0.0384824 0.141333 7.70413e-05
0 0.211111 0.912667 0.0807588 0.118667 7.71715e-05
0 0.0273713 0.939333 0.0547425 0.121333 7.74475e-05
0 0.16477 1 0.0466125 0 7.8204e-05
0 0.0135501 0.068 0.0271003 0.136 7.82592e-05
0 0.0555556 0.868 0.0818428 0.216 7.84561e-05
0 0.0517615 0 0.0558266 0 7.88289e-05
0 0.191599 0.992 0.0775068 0.016 7.92306e-05
0 0.702981 0 0.0531165 0 7.95351e-05
0 0.385637 0.01 0.0525745 0.02 7.96997e-05
0 0.828184 0.424 0.343631 0.848 7.99555e-05
0 0.307859 0.912667 0.0466125 0.092 7.99607e-05
0 0.0140921 0.982667 0.0281843 0.0346667 8.01506e-05
0 0.115176 0.892 0.100271 0.176 8.05576e-05
0 0.161247 0.342 0.153388 0.281333 8.06298e-05
0 0.34065 0 0.0536585 0 8.07278e-05
0 0.188889 0.999333 0.0482385 0.00133333 8.09877e-05
0 0.110027 0.229333 0.182114 0.458667 8.10772e-05
0 0.979675 0.982667 0.0406504 0.0346667 8.1101e-05
0 0.0655827 0.008 0.0878049 0.016 8.16149e-05
0 0.586721 0.778667 0.0720867 0.162667 8.1895e-05
0 0.202439 0 0.0547425 0 8.25865e-05
0 0.440108 0.53 0.0238482 0.0546667 8.26556e-05
0 0.237669 0.006 0.0666667 0.012 8.34686e-05
0 0.492412 0.0513333 0.0840108 0.102667 8.35525e-05
0 0.715176 0.292667 0.106775 0.273333 8.40407e-05
0 0.971816 0.997333 0.0422764 0.00533333 8.42888e-05
0 0.510569 0.094 0.0433604 0.0733333 8.43642e-05
0 0.363415 0.896667 0.0850949 0.196 8.6304e-05
0 0.267209 0.81 0.128997 0.201333 8.63248e-05
0 0.0596206 0.534 0.119241 0.446667 8.76527e-05
0 0.520867 0.684667 0.211382 0.630667 8.81832e-05
0 0.509756 0.651333 0.0926829 0.177333 8.85416e-05
0 0.524119 0.171333 0.0411924 0.0946667 9.00289e-05
0 0.252575 0 0.0542005 0 9.08032e-05
0 0.605149 0.878667 0.0775068 0.216 9.11461e-05
0 0.0479675 0.398667 0.0926829 0.344 9.13748e-05
0 0.0140921 1 0.0227642 0 9.19903e-05
0 0.719512 0.902 0.144715 0.196 9.241e-05
0 0.768022 0.012 0.0888889 0.024 9.28026e-05
0 0.00948509 0.062 0.0178862 0.110667 9.31803e-05
0 0.0593496 0.822667 0.118699 0.354667 9.31806e-05
0 0.455285 0.016 0.0498645 0.032 9.34199e-05
0 0.406504 0.0406667 0.0260163 0.0413333 9.34284e-05
0 0.46206 0.784 0.0807588 0.210667 9.37181e-05
0 0.0157182 0.611333 0.0205962 0.257333 9.40978e-05
0 0.895122 0.988667 0.0146341 0.012 9.44341e-05
0 0.334146 0.889333 0.0796748 0.144 9.45157e-05
0 0.104065 0.684667 0.106233 0.201333 9.53721e-05
0 0.611924 0.008 0.0823848 0.016 9.55485e-05
0 0.714905 0.288 0.152846 0.576 9.57914e-05
0 0.00596206 0.990667 0.0119241 0.0186667 9.63179e-05
0 0.143902 0.934 0.0471545 0.0946667 9.64231e-05
0 0.673442 0.768 0.137127 0.461333 9.792e-05
0 0.716802 0.00733333 0.0775068 0.0146667 9.82347e-05
0 0.0363144 0.764 0.0726287 0.450667 9.85214e-05
0 0.0197832 0.48 0.0395664 0.141333 9.87342e-05
0 0.315447 0 0.0542005 0 9.92204e-05
0 0.0184282 0.422 0.0216802 0.265333 0.000100657
0 0.836043 0.623333 0.0287263 0.068 0.0001012
0 0.18103 0.026 0.0433604 0.0493333 0.00010234
0 0.210569 0.036 0.0861789 0.072 0.000102764
0 0.00731707 0.942667 0.0102981 0.114667 0.000103642
0 0.0181572 0.996667 0.0363144 0.00666667 0.000104538
0 0.0875339 1 0.0840108 0 0.000104819
0 0.0173442 0.326667 0.0346883 0.141333 0.000105531
0 0.0365854 0.992 0.0731707 0.016 0.000105655
0 0.0252033 1 0.0428184 0 0.000106176
0 0.442005 0.0173333 0.0796748 0.0346667 0.000106567
0 0.381572 0.06 0.0878049 0.12 0.000108015
0 0.865583 0.0146667 0.0878049 0.0293333 0.000108029
0 0.819512 0.02 0.0888889 0.04 0.000108073
0 0.114092 0 0.0558266 0 0.000108236
0 0.163957 0 0.0558266 0 0.000109615
0 0.775881 0 0.0558266 0 0.000110289
0 0.0262873 0.114 0.0482385 0.228 0.000110322
0 0.24336 0.0606667 0.0357724 0.0813333 0.000112668
0 0.751761 0 0.0552846 0 0.000112745
0 0.876694 0 0.0547425 0 0.000112814
0 0.433604 0.803333 0.0737127 0.193333 0.000112835
0 0.495664 0.132667 0.0417344 0.265333 0.00011416
0 0.123306 0.75 0.133875 0.241333 0.000114226
0 0.827642 0.556667 0.0563686 0.121333 0.000114527
0 0.459621 0.742667 0.169106 0.514667 0.000116184
0 0.692141 0 0.0878049 0 0.000117264
0 0.7271 0 0.0547425 0 0.000117715
0 0.140379 1 0.0487805 0 0.000120666
0 0.989431 0.824 0.0211382 0.210667 0.000122708
0 0.793225 0.584667 0.0514905 0.126667 0.000123556
0 0.159892 0.997333 0.0780488 0.00533333 0.000124316
0 0.916531 0.504667 0.166938 0.670667 0.000124802
0 0.228184 0 0.0542005 0 0.000127457
0 0.0186992 0.831333 0.0222222 0.249333 0.00012794
0 0.149051 0.905333 0.0791328 0.130667 0.00012877
0 0.511653 0.0106667 0.120325 0.0213333 0.000128827
0 0.31355 0 0.0872629 0 0.000130465
0 0.813008 0 0.0552846 0 0.000130627
0 0.0888889 0 0.0552846 0 0.000130651
0 0.259892 0.00133333 0.0829268 0.00266667 0.000130893
0 0.160163 0.605333 0.320325 0.789333 0.000131221
0 0.651491 0.3 0.0585366 0.250667 0.000131609
0 0.564228 0.876 0.0780488 0.248 0.000131693
0 0.939837 0.996 0.0878049 0.008 0.000133416
0 0.138753 0 0.0552846 0 0.000135329
0 0.241463 0.482667 0.105691 0.373333 0.000135549
0 0.174255 0.909333 0.104607 0.181333 0.000135821
0 0.649051 0.289333 0.0417344 0.154667 0.000137167
0 0.898916 0.99 0.0319783 0.02 0.000137404
0 0.363415 0.0133333 0.0850949 0.0266667 0.000139526
0 0.81355 0.518 0.0444444 0.1 0.000141085
0 0.45393 0.00533333 0.0536585 0.0106667 0.000141447
0 0.0268293 0.291333 0.0536585 0.278667 0.000142508
0 0.363686 0.654 0.0173442 0.0386667 0.000144285
0 0.851762 0 0.0558266 0 0.000145293
0 0.0504065 0.13 0.100813 0.26 0.000146032
0 0.344173 0.506 0.0195122 0.0493333 0.000146891
0 0.515989 0.397333 0.803252 0.794667 0.000147134
0 0.341463 0.522667 0.0205962 0.0426667 0.000147159
0 0.0130081 0.278667 0.0260163 0.181333 0.000149554
0 0.936856 0.000666667 0.0937669 0.00133333 0.0001496
0 0.803252 0.544667 0.0563686 0.196 0.000149972
0 0.236043 0.0793333 0.0298103 0.0866667 0.000151327
0 0.466125 0.536 0.266667 0.928 0.000153458
0 0.0168022 0.667333 0.0336043 0.150667 0.000153755
0 0.163686 0.667333 0.200542 0.348 0.000154754
0 0.00840108 0.906 0.0168022 0.188 0.000156919
0 0.112195 0.996667 0.104065 0.00666667 0.000159217
0 0.0111111 0.172667 0.0222222 0.148 0.00016055
0 0.182385 0.0533333 0.0417344 0.08 0.000160855
0 0.249322 0.914667 0.0867209 0.117333 0.000162025
0 0.212195 0 0.0948509 0 0.000162598
0 0.452304 0 0.0558266 0 0.000162699
0 0.988618 0.12 0.0195122 0.24 0.000164502
0 0.0195122 1 0.0390244 0 0.000166384
0 0.148509 0.00133333 0.101897 0.00266667 0.000167392
0 0.990244 1 0.0195122 0 0.000167877
0 0.00921409 0.725333 0.0184282 0.149333 0.000168689
0 0.517886 0.882 0.0569106 0.18 0.000169835
0 0.00894309 1 0.0178862 0 0.000171366
0 0.14065 0.856667 0.111111 0.209333 0.000176846
0 0.0785908 0.684 0.0455285 0.152 0.000182802
0 0.380759 0.854 0.0926829 0.145333 0.000182898
0 0.208401 0.758667 0.110027 0.173333 0.000183266
0 0.768564 0.268667 0.161518 0.537333 0.000183832
0 0.468022 0.0273333 0.0861789 0.0546667 0.000186111
0 0.629268 0.03 0.0422764 0.0546667 0.000190546
0 0.218428 0.818 0.182114 0.364 0.000192326
0 0.09729 0 0.099187 0 0.000194932
0 0.429539 0.689333 0.192412 0.621333 0.000203075
0 0.00921409 0.606 0.0184282 0.153333 0.000206624
0 0.0363144 0.00333333 0.0726287 0.00666667 0.000208014
0 0.98374 0.87 0.0216802 0.228 0.000208321
0 0.74065 0 0.110027 0 0.000212151
0 0.341734 0.518 0.0135501 0.0146667 0.000212508
0 0.0677507 0.694667 0.111653 0.368 0.000214707
0 0.708672 0.56 0.260705 0.88 0.000215233
0 0.78916 0 0.127913 0 0.000215879
0 0.0154472 0.106 0.0265583 0.161333 0.000218227
0 0.107317 0.12 0.149594 0.24 0.000221084
0 0.885366 0 0.103523 0 0.000223878
0 0.778862 0.838 0.096477 0.217333 0.000224179
0 0.0241192 0.584667 0.0482385 0.212 0.000224313
0 0.658808 0.876667 0.0796748 0.198667 0.000224418
0 0.502168 0.153333 0.0417344 0.0746667 0.000231962
0 0.346612 0.41 0.153388 0.281333 0.000232026
0 0.324932 0.784667 0.164228 0.430667 0.000238677
0 0.0227642 0.116 0.0162602 0.125333 0.000243122
0 0.9729 0.846667 0.0542005 0.274667 0.000244161
0 0.89458 0.993333 0.0254743 0.0133333 0.000248798
0 0.51355 0.07 0.0655827 0.0733333 0.000249639
0 0.977507 0.940667 0.0417344 0.118667 0.000249992
0 0.460976 0.012 0.0883469 0.024 0.000252217
0 0.840108 0.000666667 0.122493 0.00133333 0.000255022
0 0.259621 0.0446667 0.0715447 0.0893333 0.000255535
0 0.685908 0.802667 0.115447 0.2 0.000260004
0 0.414634 0.0333333 0.0227642 0.0426667 0.000266259
0 0.0170732 0.356 0.0341463 0.322667 0.000268703
0 0.763415 0.692 0.42981 0.616 0.000276504
0 0.533062 0.880667 0.101355 0.238667 0.000281938
0 0.518428 0.0673333 0.0460705 0.134667 0.000288085
0 0.989702 0.964667 0.0195122 0.0706667 0.000290663
0 0.97561 0.156667 0.0455285 0.313333 0.000293138
0 0.0127371 0.768667 0.0200542 0.244 0.0002937
0 0.355827 0.377333 0.0536585 0.08 0.000294573
0 0.731165 0.834 0.0856369 0.206667 0.000299548
0 0.545528 0.5 0.908943 1 0.000301552
0 0.581301 0.922 0.0872629 0.156 0.000301788
0 0.328184 0.908667 0.0460705 0.0946667 0.000305981
0 0.982114 0.992667 0.0357724 0.0146667 0.000308258
0 0.172629 0.827333 0.103523 0.238667 0.000316087
0 0.724661 0.719333 0.156098 0.561333 0.000318517
0 0.9729 1 0.0542005 0 0.000321904
0 0.0720867 0.162667 0.117073 0.125333 0.00032283
0 0.0271003 0.840667 0.0542005 0.318667 0.00032288
0 0.00948509 0.385333 0.0189702 0.157333 0.000325941
0 0.216531 0.734 0.209756 0.532 0.000329326
0 0.342005 0.518667 0.0281843 0.0213333 0.000332242
0 0.176694 0.381333 0.353388 0.762667 0.000332299
0 0.782114 0.525333 0.435772 0.949333 0.000338574
0 0.394038 0.917333 0.0346883 0.101333 0.000341625
0 0.360976 0.833333 0.108401 0.226667 0.000343363
0 0.273713 0.906 0.130081 0.188 0.000344714
0 0.587534 0.868667 0.101897 0.262667 0.000345546
0 0.749865 0.461333 0.500271 0.922667 0.000349268
0 0.3 0.5 0.6 1 0.000352773
0 0.771003 0.76 0.157724 0.48 0.000354235
0 0.5271 0.181333 0.0287263 0.0373333 0.000361511
0 0.324661 0.657333 0.61897 0.685333 0.000361543
0 0.235772 0.888667 0.105149 0.206667 0.000377891
0 0.0119241 0.240667 0.0173442 0.201333 0.000414959
0 0.38645 0.02 0.0834688 0.04 0.000418725
0 0.509756 0.920667 0.0807588 0.158667 0.000421488
0 0.515447 0.076 0.0271003 0.0666667 0.00042451
0 0.120054 0.0913333 0.114363 0.182667 0.000431258
0 0.513279 0.082 0.0119241 0.0226667 0.000440525
0 0.362331 0.0593333 0.0395664 0.0706667 0.00044444
0 0.0176152 0.66 0.0352304 0.317333 0.000447831
0 0.987534 0.988 0.0216802 0.024 0.000453268
0 0.665583 0.508667 0.544173 0.982667 0.000455328
0 0.49458 0.89 0.0840108 0.22 0.000456051
0 0.78103 0.919333 0.0932249 0.161333 0.000456835
0 0.00840108 0.823333 0.0168022 0.246667 0.000468158
0 0.161789 0.777333 0.166396 0.344 0.000470071
0 0.0181572 0.476667 0.0363144 0.313333 0.000517535
0 0.309214 0.639333 0.226016 0.721333 0.000527642
0 0.393496 0.0273333 0.0509485 0.0413333 0.000529922
0 0.388076 0.916667 0.0563686 0.166667 0.000532085
0 0.31084 0.893333 0.0905149 0.202667 0.000558721
0 0.354743 0.0513333 0.0254743 0.044 0.000567671
0 0.979675 1 0.0406504 0 0.000569381
0 0.329539 0.399333 0.652575 0.798667 0.000602801
0 0.358808 0.806 0.097561 0.102667 0.000632091
0 0.171816 0.736 0.117073 0.141333 0.000635839
0 0.185637 0.671333 0.371274 0.657333 0.000640247
0 0.246341 0.272 0.0666667 0.197333 0.000685635
0 0.446341 0.866667 0.0818428 0.221333 0.000694126
0 0.0121951 0.544 0.0178862 0.256 0.000704898
0 0.804607 0.546 0.0406504 0.0866667 0.000726043
0 0.523035 0.5 0.481301 1 0.000743552
0 0.0116531 0.668667 0.0178862 0.252 0.000744889
0 0.499458 0.128 0.0254743 0.0853333 0.000748718
0 0.0113821 0.45 0.0173442 0.249333 0.000926524
0 0.0119241 0.325333 0.0162602 0.224 0.00113258
0 0.382656 0.0393333 0.0747968 0.0733333 0.00123367
0 0.980759 0.898 0.0384824 0.166667 0.00125328
0 0.809485 0.537333 0.0254743 0.0613333 0.0015735
0 0.238482 0.449333 0.0715447 0.216 0.00179442
0 0.511382 0.088 0.0265583 0.032 0.00193771
0 0.75664 0.823333 0.0542005 0.164 0.00255948
0 0.98916 0.906 0.0195122 0.188 0.00257047
0 0.126558 0.198 0.253117 0.396 0.00271533
0 0.0802168 0.644 0.0672087 0.162667 0.00366354
0 0.492412 0.138667 0.0222222 0.0453333 0.00376148
0 0.492954 0.138 0.0113821 0.0253333 0.00383522
0 0.368293 0.385333 0.302981 0.770667 0.0118105
0 0.569106 0.38 0.287263 0.76 0.0140756
0 0.243631 0.472667 0.0536585 0.129333 0.0165494
0 0.0810298 0.106667 0.127371 0.186667 0.02967
0 0.355285 0.378667 0.120867 0.114667 0.869867
0 0.552304 0.372667 0.0813008 0.148 0.905076
