0 0.505691 0.034 0.0639566 0.068 1.66941e-05
0 0.635772 0.803333 0.0542005 0.121333 1.6768e-05
0 0.388076 0.766667 0.0596206 0.157333 1.67785e-05
0 0.633333 0.594667 0.0926829 0.221333 1.6803e-05
0 0.0661247 0.998667 0.0487805 0.00266667 1.68188e-05
0 0.83252 0.802667 0.185366 0.394667 1.69101e-05
0 0.979404 0.152667 0.0314363 0.254667 1.70236e-05
0 0.469106 0.913333 0.0644986 0.149333 1.70259e-05
0 0.839295 0.138667 0.181572 0.277333 1.70446e-05
0 0.224932 0.195333 0.0303523 0.0333333 1.70503e-05
0 0.619783 0.917333 0.0406504 0.12 1.70566e-05
0 0.89187 0.504667 0.182656 0.345333 1.71231e-05
0 0.595935 0.830667 0.0417344 0.338667 1.71263e-05
0 0.4729 0.296667 0.0308943 0.0573333 1.71502e-05
0 0.229539 0.078 0.0395664 0.084 1.71786e-05
0 0.990786 0.962667 0.0184282 0.0746667 1.72085e-05
0 0.391057 0.0806667 0.0439024 0.156 1.72125e-05
0 0.40813 0.561333 0.0238482 0.072 1.72471e-05
0 0.679946 0.294667 0.139295 0.322667 1.72561e-05
0 0.32168 0.732 0.0373984 0.0986667 1.72688e-05
0 0.768564 0.711333 0.0281843 0.0386667 1.72859e-05
0 0.300813 0.224667 0.0130081 0.0253333 1.73048e-05
0 0.30813 0.67 0.0395664 0.105333 1.73348e-05
0 0.130623 0.695333 0.0552846 0.134667 1.73552e-05
0 0.539566 0.594 0.0514905 0.126667 1.73561e-05
0 0.752846 0.776 0.0281843 0.0426667 1.73855e-05
0 0.975881 0.032 0.0482385 0.064 1.7388e-05
0 0.958266 0.164 0.0823848 0.245333 1.74079e-05
0 0.754743 0 0.0525745 0 1.74657e-05
0 0.793496 0.996 0.0455285 0.008 1.74665e-05
0 0.334959 0.369333 0.0292683 0.0213333 1.74793e-05
0 0.112466 0.211333 0.142547 0.230667 1.75965e-05
0 0.304336 0.294667 0.0634146 0.114667 1.7659e-05
0 0.511924 0.99 0.0623306 0.02 1.76635e-05
0 0.117073 0.168 0.201626 0.336 1.7684e-05
0 0.981301 0.0386667 0.0373984 0.0773333 1.76962e-05
0 0.485095 0.062 0.0617886 0.124 1.77066e-05
0 0.0224932 0.900667 0.0428184 0.198667 1.77081e-05
0 0.182385 0.362 0.0504065 0.105333 1.77233e-05
0 0.435772 0.355333 0.0498645 0.118667 1.77869e-05
0 0.425474 0.0153333 0.0433604 0.0306667 1.78e-05
0 0.234688 0.224667 0.0509485 0.0733333 1.78292e-05
0 0.633333 0.216 0.0688347 0.272 1.78806e-05
0 0.736043 0.828 0.0617886 0.122667 1.79252e-05
0 0.189431 0.975333 0.0872629 0.0493333 1.79337e-05
0 0.559892 0.0346667 0.0672087 0.0693333 1.80525e-05
0 0.633604 0.856667 0.0336043 0.092 1.81373e-05
0 0.0300813 0.545333 0.0482385 0.141333 1.81419e-05
0 0.40542 0.424667 0.0249322 0.0706667 1.81472e-05
0 0.00514905 0.785333 0.0102981 0.138667 1.81664e-05
0 0.432249 0.276667 0.0536585 0.289333 1.82437e-05
0 0.0149051 0.596667 0.0298103 0.129333 1.82535e-05
0 0.709756 0.967333 0.0601626 0.052 1.82694e-05
0 0.518699 0.938667 0.0292683 0.0826667 1.82899e-05
0 0.606775 0.710667 0.0612466 0.133333 1.82962e-05
0 0.754201 0.789333 0.0590786 0.106667 1.83635e-05
0 0.748509 0.776667 0.0205962 0.0146667 1.84042e-05
0 0.474255 0.5 0.0195122 0.072 1.84187e-05
0 0.505691 0.537333 0.0292683 0.0773333 1.8451e-05
0 0.565041 0.779333 0.0655827 0.174667 1.84668e-05
0 0.0802168 0.628 0.0758808 0.186667 1.8472e-05
0 0.326558 0.434 0.0764228 0.238667 1.85391e-05
0 0.505962 0.975333 0.0254743 0.0493333 1.86378e-05
0 0.571545 0.552 0.0384824 0.104 1.86574e-05
0 0.328455 0.291333 0.0585366 0.113333 1.86991e-05
0 0.530894 0.995333 0.0417344 0.00933333 1.87007e-05
0 0.841734 0.930667 0.0878049 0.138667 1.87501e-05
0 0.246341 0.388 0.0601626 0.165333 1.88046e-05
0 0.17019 0.732 0.0542005 0.130667 1.88064e-05
0 0.672629 0.946667 0.0888889 0.106667 1.88196e-05
0 0.363415 0.154667 0.0211382 0.0186667 1.88512e-05
0 0.242276 0.905333 0.0498645 0.109333 1.88586e-05
0 0.659079 0.457333 0.104065 0.338667 1.88588e-05
0 0.380217 0.0186667 0.0406504 0.0373333 1.88884e-05
0 0.669648 0.642 0.16206 0.646667 1.89012e-05
0 0.808672 0.945333 0.0704607 0.109333 1.89443e-05
0 0.644715 0.951333 0.0352304 0.0893333 1.89477e-05
0 0.612737 0.0333333 0.0710027 0.0666667 1.89514e-05
0 0.842276 0.994667 0.0487805 0.0106667 1.90007e-05
0 0.463415 0.737333 0.139837 0.525333 1.90857e-05
0 0.96748 0.358 0.0650406 0.164 1.91087e-05
0 0.136043 0.141333 0.119241 0.282667 1.91299e-05
0 0.41897 0.92 0.0607046 0.146667 1.91335e-05
0 0.324661 0.978667 0.0390244 0.016 1.91705e-05
0 0.808401 0.0193333 0.0352304 0.036 1.91787e-05
0 0.56206 0.985333 0.0693767 0.0293333 1.91975e-05
0 0.409214 0.0293333 0.0336043 0.0586667 1.93762e-05
0 0.487534 0.293333 0.0330623 0.0533333 1.9385e-05
0 0.534688 0.874 0.0417344 0.0973333 1.94808e-05
0 0.184011 0.152 0.097019 0.290667 1.9518e-05
0 0.67019 0.817333 0.00921409 0.0186667 1.95297e-05
0 0.0195122 0.912667 0.0314363 0.110667 1.95529e-05
0 0.284011 0.976 0.0368564 0.0346667 1.96079e-05
0 0.510569 0.281333 0.139837 0.562667 1.96368e-05
0 0.358266 0.514 0.0314363 0.0813333 1.96451e-05
0 0.44336 0.465333 0.0574526 0.309333 1.96556e-05
0 0.660705 0.814 0.0357724 0.084 1.96622e-05
0 0.385908 0.946 0.0260163 0.0413333 1.97144e-05
0 0.00460705 0.69 0.00921409 0.14 1.97216e-05
0 0.942818 0.00133333 0.0579946 0.00266667 1.97226e-05
0 0.47832 0.114667 0.0612466 0.229333 1.97886e-05
0 0.531707 0.0233333 0.0336043 0.0466667 1.98033e-05
0 0.495393 0.974667 0.0303523 0.0506667 1.99328e-05
0 0.690786 0 0.0514905 0 2.00004e-05
0 0.388347 0.956667 0.0254743 0.028 2.00048e-05
0 0.94065 0.96 0.118699 0.08 2.00278e-05
0 0.196477 0.068 0.0352304 0.0906667 2.00296e-05
0 0.813279 0.994667 0.0796748 0.0106667 2.00799e-05
0 0.0300813 0.430667 0.0449864 0.133333 2.01557e-05
0 0.598645 0.555333 0.0558266 0.276 2.03115e-05
0 0.782114 0.965333 0.0390244 0.04 2.03581e-05
0 0.0306233 0.254667 0.0428184 0.125333 2.04813e-05
0 0.405962 0.402 0.0542005 0.286667 2.05042e-05
0 0.404607 0.73 0.0168022 0.076 2.05535e-05
0 0.156369 0.914 0.0460705 0.108 2.0557e-05
0 0.29187 0.921333 0.0406504 0.106667 2.06034e-05
0 0.717344 0.910667 0.0373984 0.088 2.06372e-05
0 0.768022 0.028 0.0834688 0.056 2.06501e-05
0 0.415718 0.305333 0.0325203 0.0186667 2.068e-05
0 0.528997 0.154667 0.0737127 0.309333 2.07051e-05
0 0.755556 0.998 0.0487805 0.004 2.07513e-05
0 0.318699 0.0233333 0.0379404 0.0466667 2.07742e-05
0 0.766125 0.835333 0.0710027 0.121333 2.07868e-05
0 0.400813 0.072 0.0330623 0.0533333 2.08179e-05
0 0.454201 0.577333 0.0542005 0.28 2.08918e-05
0 0.513821 0.147333 0.0704607 0.182667 2.09303e-05
0 0.499729 0.309333 0.0205962 0.0746667 2.10771e-05
0 0.405149 0.306 0.0428184 0.118667 2.12457e-05
0 0.612195 0.988667 0.0623306 0.0226667 2.12505e-05
0 0.325745 0.968 0.0379404 0.04 2.12898e-05
0 0.818699 0.00466667 0.0514905 0.00933333 2.13486e-05
0 0.815989 0.042 0.0742547 0.084 2.13998e-05
0 0.0308943 0.366 0.0476965 0.137333 2.1412e-05
0 0.785908 0.878 0.0845528 0.244 2.142e-05
0 0.481301 0.466667 0.136585 0.64 2.14289e-05
0 0.6271 0 0.0509485 0 2.14289e-05
0 0.32981 0.676 0.0439024 0.101333 2.14703e-05
0 0.720054 0.082 0.101355 0.164 2.15357e-05
0 0.24065 0.193333 0.0292683 0.048 2.16651e-05
0 0.834688 0.897333 0.115989 0.16 2.18966e-05
0 0.284553 0.914 0.0672087 0.172 2.19169e-05
0 0.632249 0.596 0.0796748 0.112 2.19695e-05
0 0.698916 0.811333 0.0211382 0.0146667 2.19776e-05
0 0.301355 0.370667 0.0780488 0.106667 2.19799e-05
0 0.405691 0.726667 0.0276423 0.106667 2.20194e-05
0 0.537127 0.0346667 0.0802168 0.0693333 2.20408e-05
0 0.582656 0.715333 0.0531165 0.137333 2.20854e-05
0 0.419783 0.076 0.0211382 0.0533333 2.21574e-05
0 0.122222 0.822667 0.196748 0.354667 2.23028e-05
0 0.433062 0.848667 0.0639566 0.14 2.23437e-05
0 0.218428 0.426667 0.0346883 0.0746667 2.24843e-05
0 0.439024 0.353333 0.0227642 0.0586667 2.24966e-05
0 0.489431 0.565333 0.0607046 0.157333 2.2508e-05
0 0.585908 0.791333 0.0585366 0.132 2.25195e-05
0 0.362331 0.74 0.132791 0.52 2.25579e-05
0 0.947425 0.968 0.096477 0.064 2.26073e-05
0 0.916531 1 0.0509485 0 2.26776e-05
0 0.580759 0.992667 0.0395664 0.0146667 2.26841e-05
0 0.318157 0.918667 0.0607046 0.162667 2.27059e-05
0 0.721951 0.791333 0.0238482 0.0306667 2.27304e-05
0 0.34607 0.436 0.0265583 0.072 2.2743e-05
0 0.719241 0.130667 0.139837 0.261333 2.28478e-05
0 0.415176 0.877333 0.0357724 0.245333 2.28593e-05
0 0.209756 0.197333 0.135501 0.394667 2.28895e-05
0 0.439837 0.41 0.0579946 0.126667 2.28932e-05
0 0.0300813 0.488 0.0482385 0.138667 2.2935e-05
0 0.444444 0.978667 0.0303523 0.0426667 2.30654e-05
0 0.618157 0.141333 0.116531 0.282667 2.30674e-05
0 0.358808 0.459333 0.0639566 0.268 2.3075e-05
0 0.111653 0.0953333 0.140921 0.185333 2.30834e-05
0 0.731436 0.786667 0.0308943 0.0213333 2.31103e-05
0 0.0436314 0.624667 0.0558266 0.276 2.32014e-05
0 0.76206 0.338667 0.228726 0.677333 2.32118e-05
0 0.532791 0.918 0.0314363 0.092 2.33502e-05
0 0.445528 0.35 0.00758808 0.0333333 2.33687e-05
0 0.390244 0.311333 0.0292683 0.1 2.33874e-05
0 0.569919 0.0286667 0.0785908 0.0573333 2.33979e-05
0 0.220867 0.307333 0.0710027 0.118667 2.34572e-05
0 0.309214 0.162667 0.0536585 0.122667 2.35807e-05
0 0.590515 0.0526667 0.0460705 0.105333 2.35998e-05
0 0.529268 0.507333 0.0102981 0.0493333 2.36065e-05
0 0.890515 0.933333 0.147425 0.104 2.36164e-05
0 0.0168022 0.034 0.0336043 0.0573333 2.36226e-05
0 0.334146 0.376 0.0102981 0.0213333 2.36601e-05
0 0.44607 0.584667 0.0249322 0.0706667 2.36621e-05
0 0.105691 0.638667 0.0552846 0.138667 2.36871e-05
0 0.619241 0.867333 0.0352304 0.0813333 2.37744e-05
0 0.982927 0.0233333 0.0341463 0.0466667 2.38464e-05
0 0.414363 0.763333 0.0655827 0.182667 2.39504e-05
0 0.365312 0.364 0.0444444 0.285333 2.40585e-05
0 0.732249 0.794 0.0466125 0.102667 2.40596e-05
0 0.435501 0.959333 0.0807588 0.0813333 2.41039e-05
0 0.303794 0.416667 0.0514905 0.0546667 2.41368e-05
0 0.38103 0.165333 0.0639566 0.114667 2.4221e-05
0 0.382927 0.539333 0.0579946 0.268 2.42956e-05
0 0.347967 0.37 0.0401084 0.028 2.44228e-05
0 0.0617886 0.97 0.105149 0.06 2.44358e-05
0 0.67019 0.644667 0.0905149 0.174667 2.44948e-05
0 0.273713 0.501333 0.0325203 0.072 2.45197e-05
0 0.258808 0.510667 0.0308943 0.08 2.45514e-05
0 0.633333 0.867333 0.0666667 0.265333 2.46616e-05
0 0.88916 0 0.0547425 0 2.47113e-05
0 0.00569106 0.879333 0.00813008 0.137333 2.47322e-05
0 0.612466 0.852667 0.0173442 0.0733333 2.4767e-05
0 0.120596 0.603333 0.0525745 0.134667 2.48621e-05
0 0.519512 0.01 0.0406504 0.02 2.49268e-05
0 0.55149 0.356 0.0384824 0.144 2.49337e-05
0 0.724661 0.941333 0.0910569 0.117333 2.49737e-05
0 0.125474 0 0.0536585 0 2.49983e-05
0 0.943631 0.997333 0.0520325 0.00533333 2.5002e-05
0 0.384824 0.222667 0.0542005 0.122667 2.50615e-05
0 0.0869919 0 0.0536585 0 2.51023e-05
0 0.307588 0.0326667 0.0655827 0.0653333 2.51554e-05
0 0.63523 0.649333 0.0715447 0.130667 2.52322e-05
0 0.423577 0.538667 0.0243902 0.0613333 2.53275e-05
0 0.38645 0.713333 0.0411924 0.122667 2.533e-05
0 0.311924 0.833333 0.121951 0.333333 2.53404e-05
0 0.217073 0.0386667 0.0482385 0.056 2.57067e-05
0 0.988347 0.989333 0.0233062 0.0213333 2.59386e-05
0 0.446341 0.348 0.0298103 0.04 2.59949e-05
0 0.353659 0 0.0493225 0 2.61612e-05
0 0.0685637 0.209333 0.137127 0.418667 2.6213e-05
0 0.357724 0.644667 0.0943089 0.270667 2.63086e-05
0 0.295935 0.589333 0.0379404 0.0906667 2.63363e-05
0 0.257182 0.074 0.0829268 0.124 2.63429e-05
0 0.969377 0.95 0.0612466 0.1 2.64317e-05
0 0.485908 0.180667 0.0623306 0.134667 2.6569e-05
0 0.817886 0.996667 0.0466125 0.00666667 2.66402e-05
0 0.160163 0.942 0.0785908 0.116 2.66505e-05
0 0.749322 0.789333 0.0254743 0.0266667 2.66665e-05
0 0.288618 0.164 0.0623306 0.133333 2.66883e-05
0 0.182114 0.288667 0.107317 0.294667 2.68147e-05
0 0.275068 0.992 0.0753388 0.016 2.68209e-05
0 0.485908 0.965333 0.0569106 0.0693333 2.69238e-05
0 0.733604 0.0233333 0.0644986 0.0466667 2.70442e-05
0 0.236585 0.99 0.0840108 0.02 2.70702e-05
0 0.0186992 0.423333 0.0211382 0.257333 2.70978e-05
0 0.169377 0.986667 0.0612466 0.0266667 2.7128e-05
0 0.26748 0.00466667 0.0504065 0.00933333 2.71283e-05
0 0.344444 0.167333 0.0558266 0.113333 2.716e-05
0 0.0588076 0.687333 0.0883469 0.26 2.72324e-05
0 0.764228 0.016 0.0162602 0.032 2.7254e-05
0 0.0108401 0.803333 0.0119241 0.257333 2.72786e-05
0 0.331707 0.23 0.0639566 0.116 2.72839e-05
0 0.707588 0.946667 0.0395664 0.072 2.73171e-05
0 0.430081 0.644 0.0579946 0.128 2.736e-05
0 0.876694 0.032 0.143631 0.064 2.73717e-05
0 0.61897 0.106 0.0205962 0.0706667 2.75005e-05
0 0.771274 0.942667 0.0401084 0.08 2.7645e-05
0 0.00677507 0.0166667 0.0135501 0.0333333 2.7665e-05
0 0.44065 0.138667 0.137669 0.277333 2.77069e-05
0 0.57561 0.489333 0.0672087 0.277333 2.77165e-05
0 0.388618 0.03 0.0899729 0.06 2.77363e-05
0 0.773984 0.704667 0.0162602 0.028 2.77577e-05
0 0.493225 0.0146667 0.0249322 0.0293333 2.77604e-05
0 0.785366 0.949333 0.0650406 0.101333 2.79024e-05
0 0.748239 0.784 0.00813008 0.0106667 2.79287e-05
0 0.659892 0.530667 0.0731707 0.170667 2.79591e-05
0 0.513821 0.772667 0.0639566 0.177333 2.7975e-05
0 0.341192 0.0293333 0.104607 0.0586667 2.79879e-05
0 0.713008 0.986667 0.0764228 0.0266667 2.8131e-05
0 0.869106 0.983333 0.0905149 0.0333333 2.83035e-05
0 0.315447 0 0.0509485 0 2.83761e-05
0 0.57561 0.183333 0.125745 0.366667 2.83866e-05
0 0.786992 0.794 0.0639566 0.246667 2.84362e-05
0 0.34607 0.373333 0.0178862 0.032 2.86543e-05
0 0.605962 0.919333 0.0628726 0.161333 2.88989e-05
0 0.766125 0.701333 0.0146341 0.0213333 2.89159e-05
0 0.620596 0.950667 0.0292683 0.0906667 2.89869e-05
0 0.273713 0.314667 0.0466125 0.0586667 2.89886e-05
0 0.460705 0.235333 0.0249322 0.0653333 2.90529e-05
0 0.766396 0.689333 0.0184282 0.024 2.90626e-05
0 0.488618 0.880667 0.0395664 0.238667 2.90666e-05
0 0.393496 0.456667 0.0271003 0.0733333 2.91765e-05
0 0.506504 0.507333 0.0428184 0.268 2.92237e-05
0 0.520054 0.022 0.0308943 0.044 2.9255e-05
0 0.288618 0.0286667 0.102439 0.0573333 2.93248e-05
0 0.370461 0.598667 0.0406504 0.0613333 2.95468e-05
0 0.609756 0.092 0.0292683 0.101333 2.95499e-05
0 0.308672 0.980667 0.0384824 0.0333333 2.9645e-05
0 0.65664 0.853333 0.0471545 0.0986667 2.96713e-05
0 0.729539 0 0.0520325 0 2.97242e-05
0 0.400542 0.329333 0.0303523 0.0586667 2.97427e-05
0 0.458808 0.162667 0.0644986 0.152 2.97739e-05
0 0.187534 0.162667 0.0823848 0.146667 2.98254e-05
0 0.0468835 0.79 0.0937669 0.42 2.98961e-05
0 0.407859 0.965333 0.0460705 0.0533333 2.99202e-05
0 0.575068 1 0.0650406 0 2.99224e-05
0 0.612466 0.642667 0.138753 0.544 2.99494e-05
0 0.0265583 0.974667 0.0531165 0.0506667 2.99826e-05
0 0.170461 0.396 0.0525745 0.096 3.00021e-05
0 0.407046 0.638 0.0487805 0.113333 3.00133e-05
0 0.656098 0.884667 0.0785908 0.230667 3.03527e-05
0 0.0111111 0 0.0222222 0 3.03903e-05
0 0.582656 0.310667 0.0411924 0.248 3.04191e-05
0 0.310569 0.645333 0.128997 0.504 3.06002e-05
0 0.44878 0.513333 0.0184282 0.0373333 3.07264e-05
0 0.771816 0.7 0.00758808 0.024 3.07829e-05
0 0.356911 0.00733333 0.0428184 0.0146667 3.08357e-05
0 0.988618 0.879333 0.0097561 0.132 3.08448e-05
0 0.431436 0.974667 0.0281843 0.0506667 3.09808e-05
0 0.708401 0.954 0.0791328 0.092 3.10603e-05
0 0.437398 0.534667 0.0260163 0.104 3.11139e-05
0 0.481572 0.994 0.0395664 0.012 3.11254e-05
0 0.329539 1 0.0303523 0 3.11897e-05
0 0.885637 0.646 0.140921 0.273333 3.12707e-05
0 0.598374 0.562 0.0216802 0.0893333 3.12866e-05
0 0.547967 0.269333 0.0769648 0.165333 3.13489e-05
0 0.514634 0.618 0.0655827 0.169333 3.1365e-05
0 0.0127371 0.918 0.0135501 0.164 3.1394e-05
0 0.476694 0.0373333 0.0623306 0.0746667 3.13998e-05
0 0.763957 0.908 0.0796748 0.128 3.14504e-05
0 0.345528 0.384 0.0233062 0.0346667 3.14935e-05
0 0.764228 0.957333 0.0780488 0.0853333 3.16247e-05
0 0.523035 0.331333 0.0455285 0.289333 3.16471e-05
0 0.580759 0.29 0.0926829 0.252 3.16505e-05
0 0.863686 0 0.0547425 0 3.17052e-05
0 0.404336 0.592 0.0205962 0.0773333 3.17203e-05
0 0.669648 0.951333 0.0352304 0.0786667 3.17383e-05
0 0.632249 0.954667 0.0319783 0.0853333 3.17472e-05
0 0.473171 0.263333 0.0271003 0.0626667 3.18485e-05
0 0.343631 0.022 0.0401084 0.044 3.18687e-05
0 0.256911 0.996 0.0433604 0.008 3.19177e-05
0 0.562873 0.62 0.0612466 0.162667 3.20488e-05
0 0.0891599 0.870667 0.104607 0.258667 3.20571e-05
0 0.0151762 0.539333 0.0303523 0.129333 3.20859e-05
0 0.303252 0.232667 0.0178862 0.0306667 3.21875e-05
0 0.464499 0.339333 0.0552846 0.302667 3.23717e-05
0 0.208943 0.642667 0.0536585 0.117333 3.2394e-05
0 0.482385 0.976667 0.0303523 0.0466667 3.25497e-05
0 0.279946 0.757333 0.095935 0.306667 3.26011e-05
0 0.456098 0.993333 0.0417344 0.0133333 3.2896e-05
0 0.804878 0.801333 0.0303523 0.112 3.29217e-05
0 0.695935 0.811333 0.00650406 0.00933333 3.29463e-05
0 0.0127371 0.00666667 0.0254743 0.0133333 3.29734e-05
0 0.530352 0.012 0.0352304 0.024 3.29766e-05
0 0.382927 0.356 0.0439024 0.28 3.29824e-05
0 0.662602 0.982 0.0731707 0.036 3.30631e-05
0 0.594851 0.538 0.0373984 0.113333 3.31042e-05
0 0.70271 0.806 0.0308943 0.0333333 3.31161e-05
0 0.976152 0.514667 0.0476965 0.133333 3.3139e-05
0 0.359892 0.550667 0.0336043 0.0693333 3.3272e-05
0 0.385908 0.948 0.0639566 0.104 3.33231e-05
0 0.787805 0.901333 0.0536585 0.141333 3.33733e-05
0 0.680217 0.992 0.0476965 0.016 3.33991e-05
0 0.465041 0.769333 0.0650406 0.173333 3.35468e-05
0 0.134688 0.328667 0.0775068 0.156 3.35797e-05
0 0.506775 0.996 0.0411924 0.008 3.3648e-05
0 0.394851 0.374 0.0222222 0.068 3.37144e-05
0 0.557995 0.538667 0.0623306 0.154667 3.37244e-05
0 0.433875 0.280667 0.0579946 0.124 3.37367e-05
0 0.0642276 0.103333 0.0818428 0.172 3.3743e-05
0 0.886179 0.918667 0.108401 0.162667 3.40125e-05
0 0.610298 0.81 0.0520325 0.118667 3.42054e-05
0 0.418157 0.0473333 0.0699187 0.0946667 3.43019e-05
0 0.394309 0.428 0.0254743 0.0693333 3.43079e-05
0 0.0208672 0.353333 0.0298103 0.216 3.43494e-05
0 0.986992 0.456667 0.0260163 0.110667 3.43581e-05
0 0.576965 0.502667 0.0254743 0.0986667 3.44563e-05
0 0.716802 0.797333 0.0189702 0.0533333 3.46317e-05
0 0.47832 0.0306667 0.0243902 0.0453333 3.46406e-05
0 0.00596206 0.208 0.0108401 0.130667 3.47592e-05
0 0.0124661 0.703333 0.0238482 0.276 3.48349e-05
0 0.271545 0.544667 0.0357724 0.0653333 3.48819e-05
0 0.732249 0.904667 0.0769648 0.129333 3.49837e-05
0 0.487805 0.862667 0.0563686 0.128 3.49839e-05
0 0.363415 0.31 0.0547425 0.108 3.4991e-05
0 0.584553 0.949333 0.0254743 0.101333 3.52019e-05
0 0.628184 0.291333 0.100813 0.372 3.5514e-05
0 0.587534 0.99 0.0834688 0.02 3.58249e-05
0 0.257453 0.841333 0.157182 0.317333 3.5874e-05
0 0.437127 0.0693333 0.0233062 0.0906667 3.5909e-05
0 0.00731707 0.04 0.0146341 0.08 3.60328e-05
0 0.478862 0.0786667 0.0699187 0.128 3.62387e-05
0 0.325203 0.984 0.0271003 0.024 3.62831e-05
0 0.0186992 0.119333 0.0287263 0.105333 3.63203e-05
0 0.55935 0.943333 0.0292683 0.0893333 3.63965e-05
0 0.206504 0.104 0.0704607 0.208 3.63967e-05
0 0.776965 0.692 0.0254743 0.032 3.64695e-05
0 0.191057 0.929333 0.0775068 0.141333 3.65102e-05
0 0.25122 0.164667 0.0482385 0.118667 3.65261e-05
0 0.98645 0.018 0.0271003 0.036 3.659e-05
0 0.405962 0.388 0.0260163 0.0613333 3.66017e-05
0 0.114092 0.954 0.103523 0.092 3.66618e-05
0 0.55149 0.393333 0.119783 0.549333 3.66694e-05
0 0.986721 0.058 0.0157182 0.116 3.67859e-05
0 0.22981 0.994667 0.0455285 0.0106667 3.68009e-05
0 0.185637 0.704667 0.0547425 0.108 3.68065e-05
0 0.277507 0 0.0520325 0 3.68475e-05
0 0.631165 0.533333 0.0710027 0.154667 3.69513e-05
0 0.473171 0.231333 0.0390244 0.324 3.69893e-05
0 0.207317 0.0733333 0.0308943 0.0773333 3.7021e-05
0 0.508672 0.869333 0.0569106 0.128 3.71692e-05
0 0.0181572 0.836 0.0287263 0.258667 3.72513e-05
0 0.882114 0.00533333 0.0796748 0.0106667 3.74762e-05
0 0.0582656 0.00133333 0.0829268 0.00266667 3.75119e-05
0 0.707046 0.888667 0.0894309 0.214667 3.75925e-05
0 0.386179 0.935333 0.0623306 0.110667 3.76772e-05
0 0.0162602 0.36 0.0314363 0.109333 3.77182e-05
0 0.266938 0.0206667 0.0482385 0.0413333 3.79866e-05
0 0.643089 0.100667 0.0330623 0.201333 3.81052e-05
0 0.217344 0.864 0.0726287 0.128 3.81475e-05
0 0.648238 0.0513333 0.0357724 0.102667 3.81898e-05
0 0.184011 0.761333 0.0536585 0.130667 3.8217e-05
0 0.307588 0.0726667 0.0200542 0.044 3.82953e-05
0 0.0913279 0.036 0.126287 0.072 3.84474e-05
0 0.095393 0.298 0.0715447 0.177333 3.84786e-05
0 0.606775 0.992 0.0395664 0.016 3.84788e-05
0 0.660976 0.32 0.0764228 0.64 3.85356e-05
0 0.108672 0.0386667 0.101355 0.0773333 3.86891e-05
0 0.301084 0.0826667 0.0189702 0.0266667 3.88808e-05
0 0.395935 0.354 0.0319783 0.108 3.89145e-05
0 0.447425 0.520667 0.0113821 0.0226667 3.91062e-05
0 0.409756 0.471333 0.0596206 0.126667 3.91827e-05
0 0.573713 0.484 0.0482385 0.144 3.92113e-05
0 0.787805 0.844 0.0222222 0.0506667 3.93143e-05
0 0.630894 0.990667 0.0433604 0.0186667 3.94554e-05
0 0.445528 0.533333 0.0238482 0.056 3.96052e-05
0 0.613279 1 0.0666667 0 3.99711e-05
0 0.492141 0.414 0.0401084 0.06 4.00181e-05
0 0.302439 0.0726667 0.0108401 0.0253333 4.02508e-05
0 0.408943 0.977333 0.0330623 0.0426667 4.06194e-05
0 0.576423 0.893333 0.0352304 0.0826667 4.08243e-05
0 0.668022 0.99 0.0449864 0.02 4.10449e-05
0 0.221409 0.674667 0.0547425 0.122667 4.10871e-05
0 0.362602 0.747333 0.0715447 0.185333 4.12337e-05
0 0.414363 0.174667 0.0233062 0.064 4.13548e-05
0 0.0850949 0.149333 0.135501 0.298667 4.16806e-05
0 0.343631 0.36 0.0552846 0.0933333 4.19535e-05
0 0.957724 0.406667 0.0845528 0.466667 4.21252e-05
0 0.596748 0.972 0.0422764 0.056 4.21401e-05
0 0.34607 1 0.0460705 0 4.22076e-05
0 0.705691 0.816 0.0444444 0.0373333 4.22464e-05
0 0.19187 0.994 0.0466125 0.012 4.23981e-05
0 0.681572 0.809333 0.0157182 0.0213333 4.2529e-05
0 0.501897 0.490667 0.0238482 0.056 4.25439e-05
0 0.0157182 0.452 0.0314363 0.12 4.28587e-05
0 0.491328 0.227333 0.0287263 0.0626667 4.29333e-05
0 0.369919 0.46 0.0298103 0.0746667 4.29445e-05
0 0.357182 0.461333 0.0303523 0.072 4.30344e-05
0 0.970461 0.219333 0.0590786 0.265333 4.31295e-05
0 0.986721 0.192 0.0265583 0.224 4.31368e-05
0 0.0173442 0.006 0.0346883 0.012 4.32015e-05
0 0.533875 0.990667 0.0878049 0.0186667 4.33236e-05
0 0.23794 0.042 0.0899729 0.084 4.33735e-05
0 0.444986 0.476667 0.0336043 0.124 4.35064e-05
0 0.642547 0.0933333 0.0308943 0.0906667 4.35398e-05
0 0.608943 0.492667 0.0363144 0.177333 4.37092e-05
0 0.25935 0.762667 0.101355 0.16 4.37407e-05
0 0.920325 0.986 0.107317 0.028 4.3763e-05
0 0.942276 1 0.0536585 0 4.39657e-05
0 0.357182 0.0186667 0.0390244 0.0373333 4.40556e-05
0 0.00704607 0.910667 0.00758808 0.130667 4.41532e-05
0 0.318699 1 0.0498645 0 4.4269e-05
0 0.385366 0.644 0.0607046 0.122667 4.43475e-05
0 0.682927 0.960667 0.0769648 0.0786667 4.44869e-05
0 0.10813 0.269333 0.193496 0.538667 4.45308e-05
0 0.660976 0.00133333 0.0710027 0.00266667 4.46792e-05
0 0.455285 0.581333 0.0585366 0.125333 4.48643e-05
0 0.141192 0.998667 0.0504065 0.00266667 4.49296e-05
0 0.421409 0.171333 0.0417344 0.284 4.49737e-05
0 0.167209 0.996 0.0460705 0.008 4.49837e-05
0 0.405691 0.406667 0.0558266 0.12 4.53164e-05
0 0.302981 0.0646667 0.0195122 0.036 4.53755e-05
0 0.967751 0.892 0.0590786 0.192 4.5443e-05
0 0.286721 0.950667 0.0639566 0.0986667 4.58735e-05
0 0.360434 0.923333 0.0650406 0.129333 4.59201e-05
0 0.143631 0.401333 0.0704607 0.117333 4.60539e-05
0 0.246883 0.465333 0.0384824 0.0613333 4.6139e-05
0 0.255827 0.13 0.0726287 0.150667 4.6193e-05
0 0.00704607 0.82 0.0140921 0.269333 4.62162e-05
0 0.434688 0.593333 0.0585366 0.106667 4.74945e-05
0 0.27561 0.905333 0.0590786 0.114667 4.75366e-05
0 0.0552846 0.401333 0.0899729 0.213333 4.75883e-05
0 0.0921409 0.996667 0.0509485 0.00666667 4.776e-05
0 0.524932 0.510667 0.0276423 0.0373333 4.78731e-05
0 0.0325203 0.955333 0.0650406 0.0893333 4.82685e-05
0 0.83794 0 0.0552846 0 4.85152e-05
0 0.0875339 0.328667 0.129539 0.337333 4.85729e-05
0 0.0357724 0.0273333 0.0715447 0.0546667 4.86521e-05
0 0.449051 0.516667 0.0287263 0.0146667 4.86622e-05
0 0.30542 0.226 0.00813008 0.012 4.8773e-05
0 0.429268 0.166667 0.0271003 0.0533333 4.87785e-05
0 0.695393 0.971333 0.0433604 0.0386667 4.88835e-05
0 0.0772358 1 0.0525745 0 4.90244e-05
0 0.270461 0.584667 0.0379404 0.102667 4.92935e-05
0 0.162602 0.106667 0.099729 0.157333 4.93332e-05
0 0.659079 0.902667 0.0509485 0.133333 4.93561e-05
0 0.939295 0.0246667 0.121409 0.0493333 4.93575e-05
0 0.481843 0.0206667 0.0585366 0.0413333 4.94072e-05
0 0.282927 0.996 0.0433604 0.008 4.95891e-05
0 0.0951219 0.990667 0.0710027 0.0186667 4.97119e-05
0 0.331165 0.53 0.0715447 0.126667 4.9721e-05
0 0.314905 0.738667 0.0758808 0.181333 4.9773e-05
0 0.650678 1 0.0720867 0 4.97814e-05
0 0.221951 0.338 0.100271 0.0973333 5.00074e-05
0 0.565583 1 0.0406504 0 5.01194e-05
0 0.564228 0.875333 0.0271003 0.0706667 5.02558e-05
0 0.382656 0.455333 0.0271003 0.0706667 5.03949e-05
0 0.0292683 0.713333 0.0585366 0.424 5.04212e-05
0 0.230623 1 0.0634146 0 5.04292e-05
0 0.0151762 0.216667 0.0303523 0.174667 5.04821e-05
0 0.577778 0.408 0.0466125 0.221333 5.05052e-05
0 0.580759 0.1 0.0753388 0.178667 5.06057e-05
0 0.891057 1 0.0520325 0 5.08748e-05
0 0.145799 0.600667 0.0531165 0.132 5.08932e-05
0 0.887534 0.877333 0.160976 0.194667 5.09425e-05
0 0.0523035 0.828 0.0775068 0.234667 5.0957e-05
0 0.891057 0.82 0.217886 0.36 5.13438e-05
0 0.399729 0.362667 0.0146341 0.04 5.15892e-05
0 0.115989 0.999333 0.0520325 0.00133333 5.17765e-05
0 0.556098 0.952667 0.0650406 0.0946667 5.19048e-05
0 0.622222 0.972667 0.0346883 0.0413333 5.20046e-05
0 0.688076 0.000666667 0.0807588 0.00133333 5.20429e-05
0 0.586992 0 0.0650406 0 5.2197e-05
0 0.00460705 0.632 0.00921409 0.133333 5.25454e-05
0 0.365312 0.022 0.0834688 0.044 5.28333e-05
0 0.00840108 0.904667 0.0168022 0.190667 5.29737e-05
0 0.483198 0.026 0.00704607 0.0146667 5.30043e-05
0 0.513008 0.282667 0.0623306 0.152 5.32523e-05
0 0.0325203 0.304667 0.0498645 0.145333 5.34434e-05
0 0.368564 0.346 0.0281843 0.0573333 5.35993e-05
0 0.258266 0.294 0.0579946 0.110667 5.36031e-05
0 0.330623 0.632667 0.0390244 0.084 5.38659e-05
0 0.633062 0.380667 0.0379404 0.566667 5.39143e-05
0 0.688076 1 0.0710027 0 5.39274e-05
0 0.71626 0.809333 0.0330623 0.04 5.41133e-05
0 0.540379 1 0.0422764 0 5.42983e-05
0 0.0170732 0.543333 0.0200542 0.273333 5.43709e-05
0 0.384282 0.578667 0.0368564 0.056 5.45189e-05
0 0.639566 0.838667 0.00867209 0.0293333 5.45985e-05
0 0.686179 0.99 0.0921409 0.02 5.46768e-05
0 0.207046 0.0386667 0.0834688 0.0773333 5.47789e-05
0 0.253659 0 0.0520325 0 5.48421e-05
0 0.787534 0.996 0.097561 0.008 5.51468e-05
0 0.986179 0.891333 0.0276423 0.217333 5.52007e-05
0 0.0192412 0.234 0.0384824 0.308 5.52558e-05
0 0.540379 0.896667 0.0108401 0.0226667 5.5264e-05
0 0.386992 0.998667 0.0639566 0.00266667 5.52951e-05
0 0.419783 0.0733333 0.0514905 0.101333 5.57281e-05
0 0.560705 0.00133333 0.0677507 0.00266667 5.59169e-05
0 0.34336 0.603333 0.0373984 0.06 5.60427e-05
0 0.637669 0.108 0.0135501 0.0826667 5.62381e-05
0 0.0439024 0.27 0.0878049 0.478667 5.64435e-05
0 0.00596206 0.0666667 0.0119241 0.0986667 5.65675e-05
0 0.634146 0.004 0.0628726 0.008 5.66663e-05
0 0.461789 1 0.0650406 0 5.67735e-05
0 0.284824 0.0266667 0.0753388 0.0533333 5.67955e-05
0 0.311382 0.592 0.0363144 0.0746667 5.68644e-05
0 0.601355 0.355333 0.0796748 0.34 5.69097e-05
0 0.135501 0.906667 0.0878049 0.130667 5.70812e-05
0 0.590786 1 0.0401084 0 5.73508e-05
0 0.0300813 0.158667 0.0601626 0.269333 5.74552e-05
0 0.792954 0.949333 0.0390244 0.0773333 5.74556e-05
0 0.739566 0.996 0.095935 0.008 5.75902e-05
0 0.467751 0.926667 0.0151762 0.0586667 5.76015e-05
0 0.254472 0.258 0.0742547 0.102667 5.76798e-05
0 0.512737 1 0.0672087 0 5.82087e-05
0 0.360434 0.546667 0.0661247 0.112 5.82189e-05
0 0.327913 0.650667 0.0639566 0.106667 5.82437e-05
0 0.933333 0 0.0780488 0 5.83995e-05
0 0.414905 0.547333 0.0265583 0.092 5.8762e-05
0 0.866667 1 0.0520325 0 5.87668e-05
0 0.187805 0.0806667 0.0439024 0.14 5.88046e-05
0 0.533333 0.950667 0.0574526 0.0986667 5.91065e-05
0 0.382927 0.461333 0.0558266 0.125333 5.91317e-05
0 0.814092 1 0.0747968 0 5.92482e-05
0 0.549864 0.391333 0.0742547 0.185333 5.93952e-05
0 0.00785908 0.238667 0.0157182 0.210667 5.99619e-05
0 0.30271 0.0766667 0.0265583 0.0173333 6.0006e-05
0 0.97561 0.00133333 0.0487805 0.00266667 6.01352e-05
0 0.00867209 0.142667 0.0162602 0.162667 6.03831e-05
0 0.306504 0.074 0.0113821 0.02 6.07039e-05
0 0.61084 0.646 0.0747968 0.164 6.09389e-05
0 0.960976 0.226667 0.0780488 0.453333 6.09877e-05
0 0.635501 0.96 0.0720867 0.08 6.139e-05
0 0.650136 0.154667 0.097019 0.309333 6.13947e-05
0 0.61355 0 0.0617886 0 6.14014e-05
0 0.965583 0.076 0.0688347 0.152 6.1937e-05
0 0.50542 0.920667 0.0200542 0.068 6.19412e-05
0 0.885637 0.383333 0.15393 0.321333 6.21389e-05
0 0.394851 0.034 0.0688347 0.068 6.21762e-05
0 0.644444 0.974 0.0401084 0.0413333 6.22378e-05
0 0.358808 0.595333 0.0693767 0.092 6.25794e-05
0 0.612195 0.481333 0.100271 0.250667 6.26015e-05
0 0.484824 0.989333 0.0807588 0.0213333 6.28832e-05
0 0.360434 0.656 0.0823848 0.125333 6.28934e-05
0 0.256911 0.548667 0.0401084 0.0786667 6.31431e-05
0 0.717073 1 0.0455285 0 6.31462e-05
0 0.685095 0.905333 0.0813008 0.138667 6.31513e-05
0 0.244986 0.517333 0.0401084 0.088 6.31829e-05
0 0.307046 0.993333 0.0449864 0.0133333 6.32337e-05
0 0.79187 1 0.0466125 0 6.33902e-05
0 0.36477 0.93 0.0433604 0.14 6.3516e-05
0 0.213821 0.212 0.0569106 0.0773333 6.37985e-05
0 0.606775 0.952667 0.0233062 0.0893333 6.38115e-05
0 0.0447154 0.508 0.0579946 0.234667 6.38157e-05
0 0.230894 0.186667 0.0422764 0.08 6.41479e-05
0 0.143089 0.032 0.130081 0.064 6.42699e-05
0 0.559621 0.904 0.0352304 0.0933333 6.45668e-05
0 0.941192 0 0.0558266 0 6.46489e-05
0 0.426287 0.517333 0.0146341 0.04 6.52706e-05
0 0.360163 0.469333 0.0623306 0.117333 6.57078e-05
0 0.523306 0.317333 0.0547425 0.128 6.57205e-05
0 0.634688 0.888 0.0498645 0.109333 6.58744e-05
0 0.0390244 1 0.0542005 0 6.6225e-05
0 0.68103 0.822 0.0265583 0.0306667 6.65158e-05
0 0.213008 0.175333 0.0607046 0.1 6.65992e-05
0 0.889431 0.992667 0.136585 0.0146667 6.68811e-05
0 0.763144 0.0126667 0.0585366 0.0253333 6.74032e-05
0 0.387263 0.0146667 0.0655827 0.0293333 6.76559e-05
0 0.234688 0.464667 0.0422764 0.0813333 6.79436e-05
0 0.389702 0.591333 0.779404 0.817333 6.8182e-05
0 0.294038 0.642 0.0406504 0.084 6.83081e-05
0 0.785366 0.0126667 0.0780488 0.0253333 6.85337e-05
0 0.1729 0.0506667 0.0823848 0.101333 6.87945e-05
0 0.718428 0.0206667 0.0775068 0.0413333 6.89266e-05
0 0.535501 0.00533333 0.0704607 0.0106667 6.8947e-05
0 0.504336 0.931333 0.0395664 0.0653333 6.9108e-05
0 0.157182 0.349333 0.107317 0.266667 6.96433e-05
0 0.260705 0.926667 0.0921409 0.146667 6.99072e-05
0 0.637669 0.989333 0.0915989 0.0213333 6.99858e-05
0 0.378591 1 0.0373984 0 7.0047e-05
0 0.326829 0.438 0.0758808 0.0893333 7.02465e-05
0 0.842818 1 0.0498645 0 7.06483e-05
0 0.965583 0.999333 0.0482385 0.00133333 7.07439e-05
0 0.641192 1 0.0433604 0 7.10077e-05
0 0.779675 0.0186667 0.0276423 0.0373333 7.10993e-05
0 0.205149 0.459333 0.0384824 0.092 7.12694e-05
0 0.992683 1 0.0146341 0 7.13291e-05
0 0.24336 0.04 0.0466125 0.048 7.13715e-05
0 0.21897 0.462667 0.0390244 0.088 7.15591e-05
0 0.308401 0.892 0.0693767 0.152 7.15617e-05
0 0.467751 0.348 0.0336043 0.149333 7.24341e-05
0 0.484553 0.487333 0.0162602 0.084 7.24588e-05
0 0.615718 1 0.0422764 0 7.25796e-05
0 0.51084 0.008 0.0644986 0.016 7.25985e-05
0 0.608672 0.38 0.0401084 0.474667 7.26745e-05
0 0.967209 0.43 0.0655827 0.190667 7.29752e-05
0 0.816802 1 0.0476965 0 7.45395e-05
0 0.815718 0 0.0552846 0 7.46597e-05
0 0.339024 0.0166667 0.0688347 0.0333333 7.47542e-05
0 0.229539 0.740667 0.0579946 0.134667 7.4787e-05
0 0.515718 1 0.0428184 0 7.49968e-05
0 0.38374 0.432 0.0216802 0.072 7.51348e-05
0 0.380488 0.970667 0.0336043 0.0586667 7.5352e-05
0 0.360705 0.151333 0.0113821 0.028 7.54657e-05
0 0.244173 0.00733333 0.0482385 0.0146667 7.55334e-05
0 0.973984 0.640667 0.0433604 0.342667 7.55673e-05
0 0.596206 0.951333 0.0205962 0.0973333 7.56782e-05
0 0.525474 0.508 0.0113821 0.032 7.60854e-05
0 0.320054 0.991333 0.0395664 0.0173333 7.61091e-05
0 0.460163 0.932667 0.0227642 0.0706667 7.614e-05
0 0.305149 0.489333 0.0672087 0.088 7.62689e-05
0 0.108401 0.569333 0.0813008 0.173333 7.65081e-05
0 0.37019 0.576 0.0357724 0.0586667 7.65498e-05
0 0.791599 0.804667 0.0384824 0.108 7.66288e-05
0 0.607859 0.956 0.0569106 0.088 7.69707e-05
0 0.763144 1 0.0737127 0 7.72917e-05
0 0.304607 0.22 0.0151762 0.0213333 7.76269e-05
0 0.678591 1 0.0455285 0 7.76708e-05
0 0.0184282 0.072 0.0368564 0.144 7.78258e-05
0 0.231978 0.638 0.0542005 0.118667 7.78869e-05
0 0.842818 0.992667 0.109485 0.0146667 7.82471e-05
0 0.461789 0.951333 0.0314363 0.076 7.88019e-05
0 0.754201 1 0.0482385 0 7.90709e-05
0 0.0441734 0.512667 0.0883469 0.468 7.96746e-05
0 0.0563686 0.284667 0.0834688 0.182667 7.96874e-05
0 0.246883 0.306667 0.105691 0.301333 7.97437e-05
0 0.306775 0.613333 0.0509485 0.0906667 7.98981e-05
0 0.431707 0.992667 0.0406504 0.0146667 7.99487e-05
0 0.275068 0.654 0.0753388 0.217333 8.00428e-05
0 0.107317 0.669333 0.0921409 0.176 8.02475e-05
0 0.156098 0.801333 0.096477 0.186667 8.07236e-05
0 0.242005 0.338667 0.0460705 0.0693333 8.09924e-05
0 0.607317 0.868 0.0298103 0.0693333 8.10223e-05
0 0.428997 0.93 0.0243902 0.068 8.15081e-05
0 0.385637 0.55 0.0417344 0.0893333 8.21251e-05
0 0.342276 0.966667 0.0254743 0.048 8.22e-05
0 0.408672 0.0686667 0.0151762 0.0386667 8.22734e-05
0 0.10271 1 0.0536585 0 8.23559e-05
0 0.0712737 0.0373333 0.0926829 0.0746667 8.30814e-05
0 0.285908 0.0113333 0.0742547 0.0226667 8.41121e-05
0 0.0571816 0.47 0.111111 0.206667 8.42971e-05
0 0.0170732 0.288 0.0276423 0.210667 8.44746e-05
0 0.116802 0.424 0.126287 0.173333 8.46025e-05
0 0.922493 0.13 0.155014 0.26 8.47451e-05
0 0.0265583 0.1 0.0455285 0.152 8.52843e-05
0 0.262602 1 0.0731707 0 8.5318e-05
0 0.406504 0.989333 0.0401084 0.0213333 8.58506e-05
0 0.796206 0.837333 0.0401084 0.0933333 8.64552e-05
0 0.202439 0.03 0.0688347 0.06 8.66774e-05
0 0.179946 0.348 0.0856369 0.141333 8.70021e-05
0 0.670461 0.325333 0.15935 0.650667 8.72419e-05
0 0.989973 0.958667 0.00921409 0.048 8.72569e-05
0 0.306233 0.648667 0.0737127 0.158667 8.78689e-05
0 0.00569106 0.567333 0.0113821 0.142667 8.81824e-05
0 0.0121951 0.0953333 0.0243902 0.156 8.87181e-05
0 0.487263 0.0286667 0.0162602 0.02 9.03834e-05
0 0.66748 0.824 0.0157182 0.0213333 9.05324e-05
0 0.823848 0.00333333 0.0921409 0.00666667 9.06965e-05
0 0.00677507 0.630667 0.0135501 0.264 9.08757e-05
0 0.194851 0.213333 0.0417344 0.0666667 9.0976e-05
0 0.395122 0.589333 0.0260163 0.072 9.12298e-05
0 0.429539 0.525333 0.00813008 0.024 9.17122e-05
0 0.847696 0.0293333 0.104065 0.0586667 9.21645e-05
0 0.255827 0.583333 0.0433604 0.121333 9.23644e-05
0 0.409214 0.983333 0.0596206 0.0333333 9.23841e-05
0 0.851762 1 0.0818428 0 9.23912e-05
0 0.504336 0.494 0.0406504 0.0893333 9.2729e-05
0 0.736856 0 0.0785908 0 9.33804e-05
0 0.00867209 0.0906667 0.0140921 0.117333 9.37741e-05
0 0.154743 0.441333 0.101355 0.229333 9.40002e-05
0 0.402981 0.056 0.0243902 0.0533333 9.44656e-05
0 0.745528 0.771333 0.0211382 0.0306667 9.47513e-05
0 0.985908 1 0.0281843 0 9.48652e-05
0 0.422764 0.0553333 0.0271003 0.06 9.51359e-05
0 0.279946 1 0.0439024 0 9.51389e-05
0 0.988618 0.935333 0.0097561 0.0626667 9.57146e-05
0 0.428455 0.516667 0.0168022 0.02 9.58273e-05
0 0.190515 0.008 0.0525745 0.016 9.58995e-05
0 0.119783 0.49 0.0856369 0.166667 9.60912e-05
0 0.207588 0.410667 0.0867209 0.114667 9.62714e-05
0 0.163144 0.609333 0.326287 0.781333 9.63295e-05
0 0.304607 0.224667 0.0281843 0.0173333 9.65462e-05
0 0.453388 1 0.0417344 0 9.66387e-05
0 0.381843 0.399333 0.0449864 0.0946667 9.7004e-05
0 0.491328 1 0.0428184 0 9.7019e-05
0 0.431978 0.526667 0.0173442 0.048 9.88285e-05
0 0.208401 0.0826667 0.0699187 0.112 0.000100311
0 0.00840108 0.329333 0.0157182 0.213333 0.00010063
0 0.254201 1 0.0444444 0 0.000101032
0 0.289431 0.994667 0.0791328 0.0106667 0.000101045
0 0.497019 0.465333 0.0216802 0.096 0.000101794
0 0.400271 0.584 0.0189702 0.0426667 0.00010225
0 0.693496 0.801333 0.0124661 0.0186667 0.000102477
0 0.203794 0.480667 0.0856369 0.204 0.000103012
0 0.453659 0.0573333 0.0195122 0.109333 0.000103543
0 0.0195122 0.424667 0.0390244 0.334667 0.000103991
0 0.472087 0.278667 0.0563686 0.106667 0.000104573
0 0.506504 0.911333 0.0102981 0.0306667 0.000105217
0 0.404607 1 0.0384824 0 0.000105611
0 0.0146341 1 0.0249322 0 0.000106062
0 0.536043 0.899333 0.00867209 0.0253333 0.000106872
0 0.888889 1 0.0878049 0 0.000108086
0 0.304336 1 0.0428184 0 0.000108218
0 0.966667 0.002 0.0569106 0.004 0.000109147
0 0.515176 0.302 0.0200542 0.1 0.000109258
0 0.364228 0.00733333 0.0910569 0.0146667 0.000109288
0 0.617615 0.392 0.16206 0.666667 0.000109605
0 0.0669377 0.737333 0.133875 0.474667 0.000110769
0 0.314092 0.004 0.0872629 0.008 0.000111522
0 0.0184282 0.6 0.0368564 0.378667 0.000112138
0 0.0905149 0.637333 0.124661 0.32 0.000112265
0 0.49729 0.922 0.0200542 0.0653333 0.000112837
0 0.38103 0.368 0.0271003 0.0186667 0.000112944
0 0.957995 0.984667 0.0731707 0.0306667 0.00011304
0 0.498374 0.472 0.0937669 0.405333 0.000113046
0 0.640108 0.572 0.719783 0.856 0.000113431
0 0.439295 0.022 0.0373984 0.044 0.000113765
0 0.382385 0.354667 0.0233062 0.0346667 0.000114327
0 0.383198 0.370667 0.0173442 0.032 0.00011433
0 0.165854 1 0.0498645 0 0.000115047
0 0.360163 0.152 0.0276423 0.032 0.000115246
0 0.36477 0.388667 0.0357724 0.0653333 0.000115876
0 0.669106 0.974 0.0373984 0.0333333 0.000116406
0 0.12168 0.729333 0.125203 0.229333 0.000116535
0 0.221138 0.522667 0.0466125 0.106667 0.000118361
0 0.00758808 0.423333 0.0151762 0.228 0.000121755
0 0.60813 0.85 0.0097561 0.0306667 0.000124237
0 0.278591 0.472 0.0422764 0.08 0.000125309
0 0.0506775 1 0.0547425 0 0.00012627
0 0.99458 0.964 0.0108401 0.072 0.000127166
0 0.218428 0.014 0.0650406 0.028 0.000127602
0 0.357453 0.98 0.0460705 0.0266667 0.000128403
0 0.415718 0.944 0.0162602 0.0293333 0.000130225
0 0.247967 0.012 0.0785908 0.024 0.000131249
0 0.743089 0.780667 0.0260163 0.0253333 0.000131886
0 0.314363 0.991333 0.0726287 0.0173333 0.000132076
0 0.0197832 0.989333 0.0395664 0.0213333 0.000132315
0 0.319241 0.973333 0.0563686 0.0533333 0.00013281
0 0.228726 1 0.0466125 0 0.000132833
0 0.17832 0.647333 0.0617886 0.126667 0.00013376
0 0.208672 0.994667 0.0802168 0.0106667 0.00013378
0 0.422764 0.953333 0.0357724 0.0693333 0.00013388
0 0.428997 1 0.0417344 0 0.000134054
0 0.362873 0.996667 0.0612466 0.00666667 0.000134891
0 0.210027 0.916667 0.0525745 0.132 0.000134924
0 0.0330623 0.846667 0.0661247 0.306667 0.000135862
0 0.638211 0.838667 0.0243902 0.04 0.000137891
0 0.399187 0.353333 0.00487805 0.0266667 0.000138228
0 0.127371 1 0.0542005 0 0.000138623
0 0.33794 0.983333 0.0395664 0.0333333 0.000138645
0 0.178862 0.428667 0.0769648 0.118667 0.000138887
0 0.493496 0.343333 0.0395664 0.270667 0.000139964
0 0.0197832 1 0.0395664 0 0.000140553
0 0.635772 0.844 0.0216802 0.0186667 0.000141054
0 0.4729 0.500667 0.0471545 0.129333 0.000142996
0 0.204065 1 0.0493225 0 0.000143578
0 0.220596 0.548 0.125745 0.402667 0.000143663
0 0.773442 0.0166667 0.0379404 0.0253333 0.000143815
0 0.434959 0.989333 0.0775068 0.0213333 0.000144913
0 0.482656 0.016 0.0189702 0.032 0.000146884
0 0.0132791 0.054 0.0265583 0.108 0.000147346
0 0.596748 0.866667 0.0260163 0.0746667 0.000147402
0 0.695393 0.8 0.0227642 0.032 0.000148404
0 0.989702 0.912 0.00650406 0.133333 0.000148482
0 0.255014 0.704667 0.0915989 0.161333 0.00014873
0 0.491599 0.486 0.0162602 0.084 0.000149575
0 0.39729 0.345333 0.0162602 0.032 0.00014973
0 0.18916 0.578 0.0542005 0.134667 0.000150621
0 0.0891599 0.998 0.113279 0.004 0.000150929
0 0.4729 0.432667 0.0395664 0.190667 0.000152313
0 0.41897 0.0206667 0.0672087 0.0413333 0.000152536
0 0.181301 0.459333 0.0493225 0.105333 0.000152851
0 0.969648 0.528667 0.0607046 0.26 0.000153306
0 0.356369 0.156667 0.0265583 0.0146667 0.000154453
0 0.962873 1 0.0742547 0 0.000155233
0 0.0596206 0.568667 0.101897 0.222667 0.000155581
0 0.0880759 0.524 0.108943 0.205333 0.00015638
0 0.614905 0.858 0.0243902 0.028 0.000157808
0 0.984011 0.992 0.0189702 0.016 0.000159907
0 0.484282 0.942 0.0439024 0.0866667 0.00016026
0 0.0899729 0.0126667 0.115989 0.0253333 0.000161071
0 0.961789 0.584 0.0764228 0.488 0.000162057
0 0.256369 0.026 0.0834688 0.052 0.000162523
0 0.669919 0.820667 0.0227642 0.036 0.000164312
0 0.355556 1 0.0390244 0 0.000164362
0 0.66477 0.836 0.0254743 0.032 0.000165087
0 0.0303523 0.538 0.0585366 0.358667 0.000165495
0 0.481843 0.016 0.0292683 0.0213333 0.000167781
0 0.227371 0.213333 0.0168022 0.0346667 0.000168769
0 0.990244 0.966667 0.0195122 0.0666667 0.000170348
0 0.0132791 0.474 0.0233062 0.236 0.000171251
0 0.154472 0.434667 0.0596206 0.109333 0.00017206
0 0.0279133 0.0393333 0.0558266 0.0786667 0.000172149
0 0.573442 0.877333 0.0097561 0.0133333 0.000173293
0 0.139837 0.008 0.121409 0.016 0.000173977
0 0.320054 0.598 0.0189702 0.0573333 0.000174052
0 0.379946 0.359333 0.0314363 0.0866667 0.000174954
0 0.0105691 0.582667 0.0157182 0.266667 0.000175643
0 0.255827 0.640667 0.117073 0.361333 0.000176504
0 0.192412 0.52 0.0444444 0.136 0.000176805
0 0.12981 0.644667 0.0742547 0.150667 0.000176826
0 0.960163 0.00933333 0.0785908 0.0186667 0.00018307
0 0.116802 0.732667 0.159892 0.412 0.000184554
0 0.421951 0.184 0.0319783 0.0746667 0.000185366
0 0.172087 0.738667 0.149051 0.373333 0.000186113
0 0.233333 0.556 0.0514905 0.109333 0.000186318
0 0.776152 0.675333 0.447696 0.649333 0.000188744
0 0.00867209 1 0.0173442 0 0.000190438
0 0.893496 0.439333 0.213008 0.830667 0.000190517
0 0.160976 0.999333 0.0943089 0.00133333 0.000192879
0 0.278591 0.614 0.0520325 0.108 0.000195046
0 0.0341463 0.284667 0.0617886 0.3 0.000195598
0 0.692683 0.812 0.0314363 0.0266667 0.000196046
0 0.650678 0.416 0.698645 0.832 0.000197307
0 0.485637 0.234 0.00542005 0.0466667 0.000198768
0 0.17832 0.0153333 0.0433604 0.0306667 0.000202824
0 0.490786 0.442 0.0471545 0.14 0.00020328
0 0.0252033 0 0.0504065 0 0.000205787
0 0.57561 0.88 0.0195122 0.0186667 0.000212454
0 0.214634 0.0173333 0.0487805 0.0293333 0.000215851
0 0.988076 1 0.0130081 0 0.000221083
0 0.776694 0.0186667 0.0151762 0.0293333 0.000224557
0 0.185637 0.877333 0.108943 0.181333 0.000226976
0 0.25935 0.525333 0.0861789 0.117333 0.000227553
0 0.166396 0.610667 0.0574526 0.128 0.000228175
0 0.310027 0.447333 0.0422764 0.0626667 0.000229561
0 0.404336 0.590667 0.0097561 0.0293333 0.000231786
0 0.607317 0.850667 0.0168022 0.0426667 0.000234558
0 0.20271 0.486667 0.0607046 0.122667 0.000235337
0 0.415176 0.941333 0.0249322 0.0613333 0.000235515
0 0.47561 0.232 0.0189702 0.0746667 0.000235934
0 0.261518 0.008 0.0894309 0.016 0.000239028
0 0.820325 0.43 0.35935 0.86 0.000245696
0 0.134417 0.876 0.102981 0.248 0.000246567
0 0.963415 1 0.0536585 0 0.00024681
0 0.99187 0.928 0.0162602 0.144 0.000247196
0 0.641734 0.094 0.0628726 0.145333 0.000249256
0 0.125203 1 0.0888889 0 0.000251004
0 0.267751 0.668667 0.0476965 0.0973333 0.000255193
0 0.979675 0.992667 0.0406504 0.0146667 0.000256591
0 0.573442 0.876667 0.0205962 0.036 0.000257201
0 0.382385 0.981333 0.0569106 0.0373333 0.000259823
0 0.992683 0.956667 0.00487805 0.084 0.000260017
0 0.62439 0.094 0.0433604 0.188 0.000263102
0 0.941463 0.995333 0.113821 0.00933333 0.000264139
0 0.46477 0.930667 0.0146341 0.016 0.000266098
0 0.0322493 0.006 0.0644986 0.012 0.00026669
0 0.229268 0.709333 0.105149 0.226667 0.00026817
0 0.401626 0.596667 0.0195122 0.0306667 0.00027525
0 0.295393 0.42 0.0661247 0.101333 0.000275336
0 0.923577 0.054 0.111653 0.108 0.000277714
0 0.487263 0.924667 0.0271003 0.068 0.000278606
0 0.378049 0.376667 0.0287263 0.0333333 0.000290873
0 0.385637 0.971333 0.0222222 0.036 0.000292002
0 0.791599 0.830667 0.0168022 0.0373333 0.000292288
0 0.537398 0.896667 0.0168022 0.0413333 0.000293428
0 0.0848238 0.036 0.0699187 0.056 0.000294403
0 0.988889 0.974667 0.00704607 0.0506667 0.000297993
0 0.508672 0.302 0.0157182 0.0946667 0.000299168
0 0.233333 0.480667 0.0861789 0.108 0.000306894
0 0.478591 0.235333 0.0173442 0.0333333 0.00030853
0 0.357724 0.988667 0.0433604 0.0226667 0.000310847
0 0.0864499 0.520667 0.146883 0.361333 0.000310956
0 0.205691 0.762667 0.0525745 0.136 0.000311375
0 0.157724 0.642667 0.0531165 0.109333 0.000313771
0 0.495122 0.256667 0.0200542 0.0786667 0.000314208
0 0.0601626 1 0.0845528 0 0.000319215
0 0.313279 0.609333 0.0238482 0.0533333 0.000334116
0 0.23523 0.204667 0.0227642 0.0413333 0.000334253
0 0.979133 1 0.0352304 0 0.000337523
0 0.326558 0.5 0.653117 1 0.000338543
0 0.48103 0.018 0.00921409 0.0306667 0.000341213
0 0.514363 0.5 0.698103 1 0.000343852
0 0.604065 0.863333 0.0233062 0.0253333 0.000344486
0 0.00758808 0.514 0.0151762 0.254667 0.000344601
0 0.534959 0.896 0.0227642 0.0213333 0.000346352
0 0.139566 0.651333 0.111111 0.233333 0.000349278
0 0.328997 0.607333 0.0368564 0.052 0.000356785
0 0.991057 0.936667 0.00379404 0.092 0.000357158
0 0.963144 0 0.0574526 0 0.000358415
0 0.702439 0.5 0.595122 1 0.000360513
0 0.19729 0.676667 0.0737127 0.134667 0.000362221
0 0.360434 0.983333 0.0563686 0.0333333 0.000366905
0 0.173984 0.729333 0.105149 0.181333 0.000371762
0 0.0403794 0.996 0.0807588 0.008 0.000372856
0 0.423848 0.184667 0.0195122 0.052 0.000372913
0 0.227642 0.206667 0.0227642 0.0186667 0.000381216
0 0.0281843 1 0.0531165 0 0.00038217
0 0.426829 0.0326667 0.0547425 0.0653333 0.000385257
0 0.234959 0.0193333 0.0764228 0.0386667 0.000387392
0 0.623035 0.0833333 0.0211382 0.121333 0.000406285
0 0.521138 0.28 0.0330623 0.0746667 0.000417114
0 0.233062 0.200667 0.0140921 0.02 0.000420576
0 0.895935 0.0193333 0.132249 0.0386667 0.000492043
0 0.484553 0.231333 0.0151762 0.036 0.000510699
0 0.487534 0.239333 0.00487805 0.036 0.000528734
0 0.364228 0.372 0.0205962 0.0426667 0.000539974
0 0.362602 0.378667 0.0162602 0.024 0.000540121
0 0.423306 0.940667 0.0097561 0.0173333 0.000544295
0 0.800542 0.834 0.0227642 0.0573333 0.000556308
0 0.45393 0.08 0.0373984 0.16 0.000572199
0 0.476694 0.444 0.0287263 0.109333 0.000574866
0 0.13252 0.544 0.0775068 0.16 0.000575983
0 0.174526 0.551333 0.0563686 0.129333 0.000597023
0 0.172358 0.0193333 0.0823848 0.0386667 0.000631815
0 0.496477 0.330667 0.0466125 0.117333 0.000632549
0 0.234688 0.678 0.469377 0.644 0.000651292
0 0.209214 0.555333 0.0726287 0.129333 0.00066697
0 0.934959 0.002 0.130081 0.004 0.000700795
0 0.229268 0.877333 0.119241 0.245333 0.000744433
0 0.278591 0.648667 0.0346883 0.0973333 0.000766562
0 0.157453 0.672 0.0872629 0.136 0.000771942
0 0.14336 0.468 0.0753388 0.138667 0.000813538
0 0.500813 0.912667 0.0151762 0.028 0.000828331
0 0.362873 0.976 0.0341463 0.048 0.000850332
0 0.215989 0.64 0.0861789 0.168 0.00085064
0 0.172358 0.492 0.0639566 0.144 0.000885644
0 0.249865 0.637333 0.0769648 0.16 0.000897882
0 0.38374 0.967333 0.00867209 0.028 0.000926437
0 0.204607 0.732667 0.0850949 0.124 0.000964011
0 0.377507 0.962 0.0146341 0.0333333 0.000996327
0 0.796477 0.839333 0.0200542 0.036 0.00105615
0 0.422222 0.942667 0.0173442 0.0373333 0.00111897
0 0.465583 0.932 0.0108401 0.0293333 0.00112672
0 0.891328 0.004 0.182656 0.008 0.00119045
0 0.460976 0.0206667 0.0265583 0.036 0.00139571
0 0.463686 0.0366667 0.0287263 0.0386667 0.00161078
0 0.185637 0.508 0.371274 0.984 0.00161517
0 0.136043 0.516 0.131165 0.325333 0.00163614
0 0.463144 0.928 0.0222222 0.0266667 0.00173847
0 0.230623 0.600667 0.0785908 0.142667 0.00174539
0 0.334959 0.984 0.0119241 0.0186667 0.00180946
0 0.160163 0.576 0.0948509 0.189333 0.00199553
0 0.343089 0.985333 0.0260163 0.0293333 0.00201431
0 0.188347 0.0666667 0.0352304 0.133333 0.00212351
0 0.631978 0.08 0.0195122 0.122667 0.00216808
0 0.427371 0.177333 0.0146341 0.0346667 0.00219064
0 0.184553 0.028 0.0569106 0.0373333 0.00224597
0 0.377778 0.972 0.0184282 0.0266667 0.00278931
0 0.337127 0.975333 0.0173442 0.0253333 0.00330234
0 0.338211 0.984 0.0119241 0.0266667 0.00374755
0 0.272358 0.431333 0.472087 0.862667 0.00401346
0 0.368022 0.373333 0.0130081 0.0293333 0.00424253
0 0.487805 0.242667 0.0173442 0.0453333 0.00479913
0 0.260976 0.322667 0.0861789 0.170667 0.00521496
0 0.23794 0.902 0.0943089 0.148 0.00524256
0 0.293767 0.471333 0.0932249 0.198667 0.0058959
0 0.446883 0.0493333 0.0330623 0.0986667 0.0136558
0 0.153659 0.516 0.0699187 0.181333 0.0180468
0 0.507859 0.276 0.0292683 0.146667 0.0275285
0 0.266938 0.370667 0.0699187 0.106667 0.29295
0 0.191057 0.0186667 0.0428184 0.0373333 0.691342
0 0.511111 0.278667 0.0260163 0.0666667 0.850837
0 0.449322 0.032 0.0314363 0.0586667 0.854946
0 0.488618 0.456667 0.0287263 0.1 0.865966
0 0.256911 0.335333 0.0628726 0.092 0.890114
0 0.291057 0.452667 0.0585366 0.0946667 0.893446
