0 0.47832 0.0686667 0.0428184 0.116 6.78844e-06
0 0.742276 0.553333 0.0872629 0.242667 6.82117e-06
0 0.521409 0.864 0.0173442 0.064 6.82213e-06
0 0.469377 0.764 0.252575 0.472 6.84716e-06
0 0.656911 0.362667 0.178862 0.725333 6.86243e-06
0 0.599458 0.681333 0.0216802 0.048 6.89866e-06
0 0.417344 0.168667 0.0758808 0.337333 6.89983e-06
0 0.696748 0.026 0.0720867 0.052 6.91971e-06
0 0.680759 0.956 0.0357724 0.0613333 6.91988e-06
0 0.0902439 0.41 0.180488 0.292 6.96117e-06
0 0.0506775 0.00466667 0.0558266 0.00933333 6.96765e-06
0 0.973713 0.0593333 0.0308943 0.0946667 6.96813e-06
0 0.977236 0.545333 0.0444444 0.128 7.08801e-06
0 0.147425 0.941333 0.0878049 0.114667 7.10921e-06
0 0.483198 0.560667 0.0634146 0.196 7.16406e-06
0 0.181301 0.111333 0.192412 0.196 7.1864e-06
0 0.336856 0.314 0.0710027 0.628 7.21204e-06
0 0.159079 0.905333 0.0905149 0.189333 7.2613e-06
0 0.704607 0.748667 0.0509485 0.148 7.29031e-06
0 0.463144 0.664667 0.0590786 0.201333 7.29864e-06
0 0.973713 0.942 0.0406504 0.0706667 7.30142e-06
0 0.095664 0.475333 0.0948509 0.3 7.33005e-06
0 0.901084 0.984 0.0720867 0.032 7.34248e-06
0 0.509485 0.282667 0.0758808 0.301333 7.34783e-06
0 0.527642 0.18 0.0948509 0.36 7.38751e-06
0 0.386721 0.521333 0.117615 0.146667 7.42781e-06
0 0.00460705 0.750667 0.00921409 0.141333 7.45251e-06
0 0.0143631 0.477333 0.0287263 0.104 7.50416e-06
0 0.420054 0.523333 0.132249 0.225333 7.51002e-06
0 0.50813 0.964 0.0222222 0.072 7.51759e-06
0 0.900813 0.955333 0.0596206 0.0893333 7.54555e-06
0 0.00731707 0.451333 0.0146341 0.110667 7.54799e-06
0 0.556098 0.338667 0.0726287 0.296 7.58557e-06
0 0.739024 0.574667 0.0243902 0.0613333 7.60047e-06
0 0.143089 0.971333 0.0422764 0.0333333 7.60849e-06
0 0.384824 0.838 0.0780488 0.294667 7.60977e-06
0 0.959621 0.426 0.0449864 0.0973333 7.62582e-06
0 0.325474 0.946 0.0666667 0.108 7.63205e-06
0 0.988347 0.136 0.0233062 0.272 7.64109e-06
0 0.558266 0.0146667 0.0401084 0.0293333 7.6643e-06
0 0.506233 0.589333 0.0921409 0.12 7.66542e-06
0 0.00650406 0.388 0.0130081 0.106667 7.69525e-06
0 0.51084 0.336 0.0829268 0.130667 7.72112e-06
0 0.715447 0.388667 0.096477 0.230667 7.72176e-06
0 0.934146 0.709333 0.131707 0.338667 7.72473e-06
0 0.407317 0.106 0.118699 0.212 7.73138e-06
0 0.00623306 0.0346667 0.0102981 0.0693333 7.74727e-06
0 0.415447 0.332 0.0915989 0.162667 7.76127e-06
0 0.694038 0.526 0.0157182 0.036 7.77632e-06
0 0.985095 0.180667 0.0222222 0.142667 7.82687e-06
0 0.573713 0.284 0.0829268 0.197333 7.93574e-06
0 0.153117 0.0286667 0.0536585 0.0413333 7.99876e-06
0 0.209214 0.350667 0.135501 0.701333 8.00935e-06
0 0.00840108 0.088 0.0168022 0.176 8.01463e-06
0 0.703794 0.528667 0.0233062 0.0733333 8.0169e-06
0 0.383198 0.118 0.0422764 0.105333 8.03451e-06
0 0.48645 0.456667 0.0840108 0.169333 8.03682e-06
0 0.511653 0.513333 0.0834688 0.138667 8.06291e-06
0 0.156369 0.712667 0.110027 0.273333 8.06952e-06
0 0.980488 0.711333 0.0390244 0.452 8.08755e-06
0 0.265312 0.963333 0.105691 0.0733333 8.10821e-06
0 0.726287 0.08 0.119241 0.16 8.12026e-06
0 0.857995 0.889333 0.096477 0.221333 8.12993e-06
0 0.539837 0.52 0.0650406 0.117333 8.19311e-06
0 0.591599 0.352 0.0558266 0.141333 8.20928e-06
0 0.322222 0.486667 0.0341463 0.12 8.22566e-06
0 0.116531 0.976667 0.0455285 0.0333333 8.24642e-06
0 0.9271 0.526 0.126287 0.329333 8.24692e-06
0 0.0178862 0.969333 0.0227642 0.056 8.26242e-06
0 0.339837 0.118667 0.0292683 0.194667 8.27714e-06
0 0.409214 0.332 0.0856369 0.352 8.28936e-06
0 0.833333 0.928 0.0926829 0.144 8.30882e-06
0 0.679946 0.874 0.0319783 0.108 8.3606e-06
0 0.470461 0.961333 0.0325203 0.072 8.36135e-06
0 0.384553 0.0993333 0.0168022 0.198667 8.37895e-06
0 0.33523 0.0793333 0.0222222 0.158667 8.38872e-06
0 0.437398 0.920667 0.0823848 0.158667 8.39634e-06
0 0.847154 0.0326667 0.0704607 0.0653333 8.40506e-06
0 0.539295 0.46 0.0693767 0.146667 8.4364e-06
0 0.283469 0.975333 0.0390244 0.028 8.50647e-06
0 0.92981 0.282 0.140379 0.244 8.53798e-06
0 0.961789 0.782 0.0710027 0.369333 8.54954e-06
0 0.577778 0.624 0.138753 0.592 8.5513e-06
0 0.583469 0.918667 0.0298103 0.0613333 8.57399e-06
0 0.54065 0.262667 0.0113821 0.032 8.57698e-06
0 0.559621 0.355333 0.0395664 0.137333 8.60016e-06
0 0.537127 0.270667 0.0195122 0.0293333 8.61431e-06
0 0.228997 0.334667 0.0644986 0.168 8.62403e-06
0 0.0344173 0.0953333 0.0666667 0.169333 8.63631e-06
0 0.00460705 0.690667 0.00921409 0.138667 8.63757e-06
0 0.00650406 0.513333 0.0130081 0.12 8.64874e-06
0 0.294038 0.472 0.0569106 0.0933333 8.66352e-06
0 0.891328 0.880667 0.0666667 0.238667 8.66536e-06
0 0.306233 0.270667 0.0476965 0.128 8.69347e-06
0 0.562873 0.768667 0.160976 0.462667 8.70668e-06
0 0.571816 0.166 0.163686 0.332 8.72369e-06
0 0.324932 0.810667 0.0102981 0.0506667 8.76322e-06
0 0.0132791 0.543333 0.0200542 0.276 8.78762e-06
0 0.37832 0.939333 0.0552846 0.068 8.82433e-06
0 0.355556 0.852667 0.0867209 0.270667 8.82435e-06
0 0.314363 0.242 0.0238482 0.174667 8.89227e-06
0 0.678591 0.892667 0.0238482 0.0546667 8.94033e-06
0 0.911111 0.535333 0.177778 0.233333 8.96554e-06
0 0.161789 0.976667 0.0829268 0.0466667 8.98277e-06
0 0.92439 0.352 0.15122 0.152 9.07452e-06
0 0.0891599 0.964667 0.113279 0.0706667 9.14167e-06
0 0.80542 0.0206667 0.0498645 0.0413333 9.17474e-06
0 0.0181572 0.920667 0.0363144 0.158667 9.26799e-06
0 0.0140921 0.39 0.0205962 0.265333 9.32122e-06
0 0.866125 0 0.0552846 0 9.33297e-06
0 0.545528 0.0253333 0.0330623 0.032 9.34218e-06
0 0.684824 0.124667 0.0905149 0.249333 9.34606e-06
0 0.745257 0.602667 0.0325203 0.0533333 9.35639e-06
0 0.256369 0.86 0.0856369 0.104 9.38352e-06
0 0.533875 0.521333 0.0867209 0.250667 9.41497e-06
0 0.66748 0.906 0.0298103 0.0706667 9.43266e-06
0 0.987534 0.516 0.0184282 0.114667 9.44876e-06
0 0.299729 0.446 0.0661247 0.268 9.45527e-06
0 0.184553 0.98 0.0601626 0.04 9.53164e-06
0 0.476152 0.642 0.0926829 0.321333 9.59411e-06
0 0.561247 0.874667 0.0200542 0.0506667 9.62504e-06
0 0.512466 0.291333 0.0699187 0.113333 9.70113e-06
0 0.734959 0.546 0.0747968 0.0946667 9.70172e-06
0 0.738211 0.922 0.0802168 0.145333 9.73651e-06
0 0.553659 0.03 0.0590786 0.06 9.75219e-06
0 0.190786 0.068 0.0487805 0.0906667 9.76109e-06
0 0.388618 0.15 0.0292683 0.241333 9.77907e-06
0 0.0878049 0.00266667 0.0574526 0.00533333 9.78716e-06
0 0.443631 0.348 0.0428184 0.141333 9.81332e-06
0 0.919241 0.797333 0.161518 0.405333 9.82509e-06
0 0.119783 0.0913333 0.147425 0.166667 9.84051e-06
0 0.763957 0.507333 0.154472 0.193333 9.91548e-06
0 0.379133 0.395333 0.108943 0.273333 9.92221e-06
0 0.0252033 0.03 0.0493225 0.06 9.9484e-06
0 0.418699 0.726667 0.154472 0.546667 9.99098e-06
0 0.107588 0.952667 0.0785908 0.0946667 1.00101e-05
0 0.481301 0.536667 0.107317 0.286667 1.00167e-05
0 0.25122 0.522 0.103523 0.142667 1.00673e-05
0 0.316802 0.826 0.0211382 0.0253333 1.0075e-05
0 0.00921409 0.718667 0.0184282 0.277333 1.01056e-05
0 0.520325 0.880667 0.0249322 0.0573333 1.0131e-05
0 0.601355 0.420667 0.0644986 0.142667 1.01394e-05
0 0.657724 0.463333 0.0308943 0.0146667 1.01451e-05
0 0.682927 0.530667 0.0552846 0.114667 1.01497e-05
0 0.659621 0.0286667 0.0336043 0.0573333 1.0155e-05
0 0.128726 0.00866667 0.0579946 0.0173333 1.02011e-05
0 0.93794 0.446 0.0710027 0.198667 1.02196e-05
0 0.566938 0.548667 0.0162602 0.044 1.02433e-05
0 0.484824 0.854667 0.0493225 0.146667 1.0263e-05
0 0.259621 0.0766667 0.0314363 0.153333 1.02871e-05
0 0.00514905 0.812 0.0102981 0.144 1.03143e-05
0 0.489431 0.944 0.0693767 0.112 1.03284e-05
0 0.803523 0.995333 0.0493225 0.00933333 1.03362e-05
0 0.340379 0.062 0.0476965 0.0813333 1.03543e-05
0 0.694309 0.532667 0.0249322 0.0626667 1.03645e-05
0 0.650678 0.814667 0.0243902 0.0746667 1.03648e-05
0 0.753117 0.766667 0.0547425 0.136 1.0374e-05
0 0.323035 0.0766667 0.0238482 0.153333 1.04105e-05
0 0.624932 0.384667 0.0487805 0.06 1.04366e-05
0 0.161518 0.101333 0.106233 0.202667 1.04411e-05
0 0.330352 0.102 0.104607 0.204 1.04466e-05
0 0.257182 0.766 0.0796748 0.268 1.04717e-05
0 0.700271 0.777333 0.0346883 0.0693333 1.05099e-05
0 0.223306 0.962667 0.0813008 0.0693333 1.05121e-05
0 0.863957 0.947333 0.0769648 0.105333 1.05163e-05
0 0.326558 0.12 0.0276423 0.197333 1.05286e-05
0 0.53523 0.948667 0.0688347 0.102667 1.06162e-05
0 0.575881 0.579333 0.0384824 0.334667 1.0629e-05
0 0.504607 0.004 0.0542005 0.008 1.06451e-05
0 0.0783198 1 0.0504065 0 1.06489e-05
0 0.921409 0.957333 0.107317 0.0853333 1.06518e-05
0 0.720867 0.253333 0.207046 0.506667 1.06929e-05
0 0.983198 0.884667 0.0238482 0.132 1.07853e-05
0 0.811382 0.868 0.0758808 0.245333 1.08466e-05
0 0.362602 0.308667 0.0661247 0.617333 1.08484e-05
0 0.512195 0.76 0.0520325 0.138667 1.0872e-05
0 0.491057 0.712 0.0455285 0.152 1.09006e-05
0 0.0517615 0.886667 0.0883469 0.181333 1.0924e-05
0 0.907588 0.954667 0.0178862 0.072 1.09694e-05
0 0.976152 0.636 0.0357724 0.264 1.09918e-05
0 0.412195 0.398 0.105691 0.137333 1.10023e-05
0 0.855827 0.0746667 0.0888889 0.149333 1.10196e-05
0 0.285095 0.836667 0.0856369 0.278667 1.10717e-05
0 0.0753388 0.766667 0.150678 0.466667 1.11006e-05
0 0.282927 0.112667 0.109485 0.225333 1.11401e-05
0 0.65935 0.572 0.0666667 0.146667 1.1142e-05
0 0.465041 0.787333 0.158266 0.425333 1.11459e-05
0 0.652575 0.783333 0.0476965 0.0893333 1.11521e-05
0 0.135772 0.008 0.0785908 0.016 1.11791e-05
0 0.833062 0.981333 0.0650406 0.0373333 1.118e-05
0 0.421138 0.788 0.0758808 0.173333 1.11828e-05
0 0.433333 0.391333 0.095935 0.273333 1.11936e-05
0 0.187805 0.962667 0.0677507 0.0666667 1.11969e-05
0 0.453388 0.864 0.0178862 0.04 1.12052e-05
0 0.285637 0.0766667 0.0260163 0.153333 1.12088e-05
0 0.57019 0.306 0.147425 0.612 1.12415e-05
0 0.68916 0.266667 0.0937669 0.258667 1.12694e-05
0 0.0775068 0.182 0.0693767 0.302667 1.12847e-05
0 0.974797 0.426 0.0395664 0.0866667 1.12967e-05
0 0.526016 0.101333 0.113279 0.186667 1.13197e-05
0 0.388076 0.848 0.0813008 0.128 1.13391e-05
0 0.00785908 0.014 0.0157182 0.028 1.13447e-05
0 0.989973 0.858667 0.0157182 0.208 1.13924e-05
0 0.266396 0.210667 0.0439024 0.197333 1.1421e-05
0 0.736585 0.0686667 0.0899729 0.137333 1.14656e-05
0 0.296748 0.117333 0.0460705 0.117333 1.14808e-05
0 0.247696 0.543333 0.0531165 0.153333 1.15253e-05
0 0.427371 0.213333 0.235772 0.426667 1.15371e-05
0 0.746883 0.467333 0.179946 0.545333 1.15726e-05
0 0.738753 0.572667 0.0444444 0.142667 1.15739e-05
0 0.0168022 0.211333 0.0336043 0.198667 1.15739e-05
0 0.579133 0 0.0504065 0 1.16144e-05
0 0.243089 0.05 0.0493225 0.1 1.16265e-05
0 0.254743 0.272 0.0487805 0.168 1.16578e-05
0 0.437398 0.902 0.0357724 0.129333 1.17037e-05
0 0.943902 0.998 0.0493225 0.004 1.17315e-05
0 0.89187 0.936 0.0233062 0.0426667 1.17848e-05
0 0.681843 0.578 0.0867209 0.286667 1.18085e-05
0 0.314905 0.798667 0.0379404 0.298667 1.18443e-05
0 0.384824 0.180667 0.0520325 0.158667 1.18468e-05
0 0.982656 0.394 0.0346883 0.105333 1.19191e-05
0 0.563415 0.57 0.0168022 0.0466667 1.19487e-05
0 0.704878 0.905333 0.0807588 0.130667 1.19555e-05
0 0.380759 0.21 0.171816 0.222667 1.19676e-05
0 0.236314 0.111333 0.125745 0.222667 1.19712e-05
0 0.765041 0.996 0.0471545 0.008 1.19834e-05
0 0.0214092 0.504667 0.0330623 0.297333 1.19951e-05
0 0.269919 0.0953333 0.0444444 0.121333 1.20038e-05
0 0.448509 0.876 0.0254743 0.0266667 1.20114e-05
0 0.122493 0.970667 0.0791328 0.0586667 1.20397e-05
0 0.48103 0.625333 0.0579946 0.157333 1.20862e-05
0 0.512466 0.844667 0.0623306 0.302667 1.22498e-05
0 0.97832 0.208667 0.0368564 0.132 1.22991e-05
0 0.0157182 0.0126667 0.0314363 0.0253333 1.23083e-05
0 0.988347 0.812667 0.0233062 0.289333 1.23129e-05
0 0.160434 0.068 0.100813 0.096 1.24122e-05
0 0.585637 0.764 0.0666667 0.288 1.24163e-05
0 0.107046 0.864 0.117615 0.272 1.24759e-05
0 0.331707 0.0466667 0.0379404 0.0933333 1.25075e-05
0 0.662873 0.318 0.0238482 0.0946667 1.25644e-05
0 0.199458 0.096 0.0704607 0.12 1.2694e-05
0 0.563144 0.644667 0.0715447 0.294667 1.27099e-05
0 0.297832 0.0793333 0.0265583 0.158667 1.27491e-05
0 0.420596 0.524667 0.205962 0.881333 1.27586e-05
0 0.362331 0.15 0.0287263 0.257333 1.27731e-05
0 0.319512 0.524 0.0796748 0.285333 1.27812e-05
0 0.414634 0.639333 0.098645 0.174667 1.27822e-05
0 0.904065 0.864 0.0346883 0.0426667 1.27913e-05
0 0.510298 0.694667 0.00813008 0.0373333 1.29011e-05
0 0.564499 0.467333 0.0688347 0.281333 1.29425e-05
0 0.0845528 0.386 0.0791328 0.302667 1.29494e-05
0 0.979675 0.346 0.0406504 0.294667 1.29539e-05
0 0.767751 0.032 0.0384824 0.064 1.30435e-05
0 0.685908 0.573333 0.0623306 0.128 1.31e-05
0 0.781843 0.435333 0.293225 0.265333 1.3114e-05
0 0.00379404 0.0853333 0.00758808 0.12 1.31188e-05
0 0.480488 0.4 0.126287 0.264 1.31784e-05
0 0.316531 0.838 0.0314363 0.0333333 1.32271e-05
0 0.145528 0.984667 0.0655827 0.0306667 1.32617e-05
0 0.511653 0.394667 0.0856369 0.162667 1.32952e-05
0 0.333604 1 0.0406504 0 1.33133e-05
0 0.895935 0.991333 0.0368564 0.0173333 1.33323e-05
0 0.563686 0.913333 0.0726287 0.16 1.33658e-05
0 0.960976 0.972 0.0780488 0.056 1.33901e-05
0 0.666667 0.472 0.0238482 0.0106667 1.34e-05
0 0.39187 0.026 0.0476965 0.052 1.34053e-05
0 0.185637 0.066 0.102439 0.132 1.34132e-05
0 0.324119 0.183333 0.0422764 0.198667 1.34186e-05
0 0.109214 0.984 0.0699187 0.032 1.34483e-05
0 0.594309 0.944 0.0818428 0.112 1.34641e-05
0 0.431165 0.7 0.0753388 0.32 1.34735e-05
0 0.55149 0.218667 0.0482385 0.144 1.3498e-05
0 0.566667 0.485333 0.0428184 0.154667 1.35149e-05
0 0.432249 0.028 0.129539 0.056 1.35271e-05
0 0.631978 0.640667 0.0704607 0.3 1.35381e-05
0 0.0355014 0.194 0.0710027 0.388 1.35996e-05
0 0.540921 0 0.0531165 0 1.36109e-05
0 0.784282 0.757333 0.0747968 0.192 1.36498e-05
0 0.576965 0.845333 0.0558266 0.269333 1.37098e-05
0 0.160705 0.028 0.098103 0.056 1.37165e-05
0 0.40813 0.638667 0.0921409 0.36 1.3717e-05
0 0.386721 0.777333 0.0775068 0.133333 1.37984e-05
0 0.986179 0.616 0.0276423 0.282667 1.37987e-05
0 0.484824 0.883333 0.0818428 0.233333 1.37994e-05
0 0.687263 0.518667 0.0162602 0.0426667 1.38293e-05
0 0.329268 0.263333 0.0471545 0.134667 1.39474e-05
0 0.227371 0.782667 0.325745 0.434667 1.40032e-05
0 0.756369 0.658667 0.102439 0.269333 1.40626e-05
0 0.205962 0.967333 0.0466125 0.052 1.40657e-05
0 0.352033 0.119333 0.0298103 0.212 1.40693e-05
0 0.585908 0.0406667 0.0552846 0.0813333 1.41124e-05
0 0.193225 0.0306667 0.0460705 0.04 1.41135e-05
0 0.635772 0.231333 0.0585366 0.190667 1.41251e-05
0 0.504607 0.712667 0.0216802 0.028 1.41389e-05
0 0.322764 0.816 0.00596206 0.0186667 1.41702e-05
0 0.0457995 0.472 0.0623306 0.301333 1.41763e-05
0 0.231436 0.102 0.0498645 0.126667 1.4218e-05
0 0.828997 0.994667 0.0449864 0.0106667 1.42336e-05
0 0.585908 0.15 0.0444444 0.193333 1.42806e-05
0 0.904336 0.002 0.0558266 0.004 1.43238e-05
0 0.359079 0.798 0.0449864 0.132 1.43243e-05
0 0.966125 0.283333 0.0677507 0.150667 1.44534e-05
0 0.421409 0.984667 0.0341463 0.0306667 1.45286e-05
0 0.0162602 0.0993333 0.0325203 0.169333 1.45672e-05
0 0.539295 0.586667 0.0661247 0.117333 1.46053e-05
0 0.751761 0.586667 0.0173442 0.0506667 1.46077e-05
0 0.103252 0.996667 0.0536585 0.00666667 1.46181e-05
0 0.639295 0.0253333 0.098103 0.0506667 1.46758e-05
0 0.862873 0.991333 0.0802168 0.0173333 1.47246e-05
0 0.306233 0.0493333 0.0390244 0.0986667 1.4734e-05
0 0.314092 0.119333 0.0287263 0.209333 1.47424e-05
0 0.0197832 0.646 0.0395664 0.273333 1.48478e-05
0 0.986721 0.026 0.0265583 0.052 1.48745e-05
0 0.548509 0.223333 0.0607046 0.313333 1.49526e-05
0 0.604607 0 0.0514905 0 1.49638e-05
0 0.673442 0.360667 0.0330623 0.185333 1.49645e-05
0 0.51355 0.028 0.107859 0.056 1.49916e-05
0 0.730623 0.00466667 0.0563686 0.00933333 1.502e-05
0 0.658537 0.827333 0.171274 0.345333 1.50422e-05
0 0.406233 0.827333 0.192412 0.345333 1.50453e-05
0 0.308401 0.152667 0.0466125 0.132 1.50509e-05
0 0.45664 0.0706667 0.0785908 0.101333 1.50542e-05
0 0.278862 0.240667 0.0406504 0.158667 1.5092e-05
0 0.521138 0.710667 0.0449864 0.122667 1.50997e-05
0 0.356098 0.026 0.0390244 0.0386667 1.5158e-05
0 0.828455 0.0893333 0.163144 0.178667 1.51963e-05
0 0.514634 0.702 0.00704607 0.044 1.51989e-05
0 0.657995 0.107333 0.0867209 0.206667 1.52116e-05
0 0.712466 0.481333 0.100271 0.266667 1.5302e-05
0 0.41355 0.698667 0.0769648 0.178667 1.53399e-05
0 0.544715 0.277333 0.0357724 0.114667 1.53569e-05
0 0.30271 0.212667 0.0222222 0.169333 1.53745e-05
0 0.895122 0.926667 0.0330623 0.114667 1.53773e-05
0 0.664499 0.331333 0.0260163 0.0413333 1.55038e-05
0 0.65664 0.00866667 0.0460705 0.0173333 1.55254e-05
0 0.891599 0.948 0.0140921 0.048 1.56007e-05
0 0.709214 0.502 0.0514905 0.156 1.56296e-05
0 0.680759 0.980667 0.0379404 0.0306667 1.56534e-05
0 0.594851 0.659333 0.0493225 0.257333 1.56565e-05
0 0.920596 0.173333 0.158808 0.346667 1.57259e-05
0 0.514905 0.908667 0.0509485 0.182667 1.5785e-05
0 0.809485 0.0793333 0.102439 0.158667 1.58017e-05
0 0.420054 0.07 0.0802168 0.0973333 1.58664e-05
0 0.53794 0.927333 0.0233062 0.044 1.58824e-05
0 0.0113821 0 0.0227642 0 1.58871e-05
0 0.689702 0.509333 0.0243902 0.048 1.589e-05
0 0.411382 0.0526667 0.0737127 0.105333 1.59145e-05
0 0.291057 0.609333 0.0867209 0.208 1.59154e-05
0 0.0222222 0.398 0.0444444 0.204 1.60524e-05
0 0.0691057 0.0813333 0.104607 0.154667 1.6056e-05
0 0.288889 0.959333 0.105149 0.0813333 1.60731e-05
0 0.50813 0.464 0.123035 0.248 1.60951e-05
0 0.631436 0.156 0.0585366 0.250667 1.61202e-05
0 0.963957 0.0273333 0.0720867 0.0546667 1.61437e-05
0 0.882656 0.994 0.0384824 0.012 1.61994e-05
0 0.678862 0.142667 0.157724 0.285333 1.62153e-05
0 0.938753 0.847333 0.108401 0.236 1.62203e-05
0 0.58916 0.214 0.0444444 0.153333 1.62205e-05
0 0.660705 0.215333 0.123577 0.374667 1.62697e-05
0 0.731978 0.732667 0.0525745 0.196 1.62871e-05
0 0.710027 0.572 0.0628726 0.101333 1.6322e-05
0 0.153388 0.498 0.139837 0.577333 1.63682e-05
0 0.521951 0.238667 0.179946 0.477333 1.63683e-05
0 0.312737 0.982 0.0639566 0.036 1.63779e-05
0 0.387534 0.289333 0.0617886 0.578667 1.64036e-05
0 0.571274 0.0213333 0.0834688 0.0426667 1.64487e-05
0 0.706233 0.975333 0.0357724 0.0333333 1.64624e-05
0 0.0181572 0.841333 0.0319783 0.296 1.66605e-05
0 0.171003 0.992667 0.0634146 0.0146667 1.6703e-05
0 0.981572 0.00533333 0.0368564 0.0106667 1.67741e-05
0 0.446883 0.845333 0.0482385 0.288 1.67769e-05
0 0.785908 0.951333 0.124661 0.0973333 1.6821e-05
0 0.710298 0.679333 0.0623306 0.196 1.68683e-05
0 0.508943 0.700667 0.0195122 0.0253333 1.68813e-05
0 0.542818 0.268667 0.0211382 0.0386667 1.6978e-05
0 0.629539 0.381333 0.0471545 0.282667 1.70106e-05
0 0.290786 0.210667 0.0265583 0.194667 1.70176e-05
0 0.534688 0.861333 0.0308943 0.12 1.70741e-05
0 0.926558 0.415333 0.146883 0.14 1.71472e-05
0 0.579946 0.510667 0.0357724 0.12 1.72034e-05
0 0.319241 1 0.0357724 0 1.72973e-05
0 0.664499 0.478667 0.00325203 0.016 1.7323e-05
0 0.515176 0.402667 0.173984 0.749333 1.74192e-05
0 0.0409214 0.803333 0.0579946 0.316 1.75263e-05
0 0.421951 0.790667 0.0449864 0.285333 1.75645e-05
0 0.706233 0.962 0.0813008 0.076 1.77513e-05
0 0.530894 0.00666667 0.0514905 0.0133333 1.7756e-05
0 0.0536585 0.79 0.107317 0.321333 1.77988e-05
0 0.00813008 0.960667 0.00650406 0.0786667 1.79065e-05
0 0.289702 0.845333 0.0807588 0.106667 1.79786e-05
0 0.708943 0.991333 0.0596206 0.0173333 1.79807e-05
0 0.792141 0.983333 0.0937669 0.0333333 1.79954e-05
0 0.0219512 0.172667 0.0439024 0.34 1.8057e-05
0 0.46206 0.907333 0.0764228 0.156 1.808e-05
0 0.590515 0.77 0.0525745 0.137333 1.81595e-05
0 0.69187 0.0273333 0.120867 0.0546667 1.82589e-05
0 0.187263 0.989333 0.133875 0.0213333 1.83148e-05
0 0.767209 0.0306667 0.130623 0.0613333 1.83208e-05
0 0.61084 0.766667 0.0661247 0.266667 1.83332e-05
0 0.584282 0.162667 0.0661247 0.314667 1.83475e-05
0 0.496206 0.964667 0.0233062 0.0706667 1.83877e-05
0 0.318157 0.728667 0.139837 0.542667 1.84333e-05
0 0.810298 0.0293333 0.0845528 0.0586667 1.84887e-05
0 0.457182 0.780667 0.0590786 0.161333 1.85378e-05
0 0.855827 0.995333 0.0444444 0.00933333 1.85768e-05
0 0.987534 0.016 0.0195122 0.032 1.86501e-05
0 0.0338753 0.38 0.0558266 0.304 1.86656e-05
0 0.674255 0.422 0.0390244 0.174667 1.87053e-05
0 0.940921 0.919333 0.102981 0.161333 1.87399e-05
0 0.553659 0.0113333 0.0298103 0.0226667 1.87403e-05
0 0.543902 0.01 0.0428184 0.02 1.87422e-05
0 0.665312 0.474667 0.00704607 0.032 1.89171e-05
0 0.527913 0.767333 0.0726287 0.302667 1.89363e-05
0 0.56748 0.545333 0.0260163 0.0853333 1.89579e-05
0 0.721951 0.954 0.098645 0.092 1.90147e-05
0 0.842818 0 0.0552846 0 1.90238e-05
0 0.965041 0.949333 0.0699187 0.101333 1.9038e-05
0 0.988618 0.274667 0.0195122 0.106667 1.91558e-05
0 0.141463 0.995333 0.0498645 0.00933333 1.93486e-05
0 0.692412 0.00333333 0.0536585 0.00666667 1.93969e-05
0 0.0718157 0.19 0.143631 0.38 1.95183e-05
0 0.638211 0.648667 0.0612466 0.158667 1.95449e-05
0 0.0349593 0.597333 0.0699187 0.285333 1.95693e-05
0 0.183469 0.973333 0.0417344 0.0453333 1.96426e-05
0 0.633875 0.0726667 0.0655827 0.145333 1.96496e-05
0 0.372087 0.0213333 0.0439024 0.0426667 1.96599e-05
0 0.706504 0.946 0.0341463 0.0813333 1.97577e-05
0 0.233604 0.966667 0.146341 0.0666667 1.98262e-05
0 0.659892 0.028 0.0644986 0.056 1.98931e-05
0 0.0132791 0.864667 0.0124661 0.228 1.98965e-05
0 0.188347 0.935333 0.0840108 0.129333 1.99174e-05
0 0.682656 1 0.0558266 0 2.00661e-05
0 0.185095 0.884667 0.115447 0.230667 2.01185e-05
0 0.98645 0 0.0271003 0 2.02066e-05
0 0.540108 0.941333 0.0178862 0.048 2.02759e-05
0 0.682656 0.96 0.0666667 0.08 2.0347e-05
0 0.319783 0.779333 0.0769648 0.182667 2.04658e-05
0 0.67019 0.477333 0.0417344 0.125333 2.04812e-05
0 0.686179 0.655333 0.0715447 0.156 2.06041e-05
0 0.434688 0.806667 0.0271003 0.0506667 2.0608e-05
0 0.400271 0.955333 0.0276423 0.06 2.06091e-05
0 0.583198 0.628667 0.0596206 0.158667 2.06263e-05
0 0.358808 0.863333 0.0845528 0.121333 2.06483e-05
0 0.487263 0.918 0.0758808 0.126667 2.07057e-05
0 0.0856369 0.084 0.112737 0.168 2.07112e-05
0 0.920596 1 0.0417344 0 2.07938e-05
0 0.886721 0.012 0.096477 0.024 2.08551e-05
0 0.877236 0 0.0547425 0 2.09225e-05
0 0.514905 0.855333 0.0476965 0.121333 2.10153e-05
0 0.332791 0.05 0.16477 0.1 2.10702e-05
0 0.811653 0.994 0.129539 0.012 2.1102e-05
0 0.784282 0.751333 0.0487805 0.388 2.113e-05
0 0.691599 0.302667 0.110569 0.605333 2.1174e-05
0 0.605149 0.282667 0.0764228 0.266667 2.12484e-05
0 0.78916 0.901333 0.0845528 0.197333 2.14915e-05
0 0.484824 0.765333 0.0634146 0.16 2.16102e-05
0 0.887534 0.988667 0.0623306 0.0226667 2.16412e-05
0 0.675339 0.409333 0.0715447 0.32 2.16481e-05
0 0.964228 0.541333 0.0542005 0.176 2.16718e-05
0 0.785366 0.715333 0.120325 0.257333 2.17889e-05
0 0.699729 0.525333 0.0455285 0.0906667 2.17928e-05
0 0.13252 0.476 0.222764 0.330667 2.18054e-05
0 0.578049 0.852 0.0341463 0.125333 2.18064e-05
0 0.528184 0.652667 0.0699187 0.134667 2.18239e-05
0 0.00948509 0.820667 0.0189702 0.276 2.18492e-05
0 0.672629 0.484667 0.0216802 0.1 2.20077e-05
0 0.908943 0.0333333 0.104065 0.0666667 2.2027e-05
0 0.255285 0.0233333 0.0487805 0.0413333 2.20983e-05
0 0.587263 0.279333 0.0504065 0.145333 2.21156e-05
0 0.979946 0.476667 0.0401084 0.0466667 2.21666e-05
0 0.304878 1 0.0406504 0 2.21986e-05
0 0.834688 0.038 0.097561 0.076 2.23738e-05
0 0.309756 0.709333 0.0536585 0.178667 2.23753e-05
0 0.363686 0.765333 0.0867209 0.186667 2.25243e-05
0 0.678591 0.828667 0.0303523 0.0946667 2.25318e-05
0 0.171545 0.241333 0.272629 0.482667 2.25432e-05
0 0.00596206 0.876 0.00758808 0.141333 2.26241e-05
0 0.218699 0.98 0.0677507 0.04 2.27221e-05
0 0.569919 0.658 0.0612466 0.121333 2.28722e-05
0 0.411924 0.926 0.0845528 0.142667 2.28903e-05
0 0.979946 0.131333 0.0303523 0.262667 2.29189e-05
0 0.67832 0.88 0.0536585 0.149333 2.29422e-05
0 0.310027 0.990667 0.0314363 0.0186667 2.30735e-05
0 0.712737 0.646 0.143089 0.534667 2.30928e-05
0 0.288076 0.772667 0.0655827 0.132 2.32352e-05
0 0.75664 0.748667 0.0487805 0.284 2.33314e-05
0 0.40813 0.978667 0.0661247 0.0426667 2.33398e-05
0 0.576694 0.571333 0.0238482 0.1 2.33589e-05
0 0.236314 0.0513333 0.0910569 0.102667 2.34112e-05
0 0.977778 0.00933333 0.0444444 0.0186667 2.34445e-05
0 0.66477 0.473333 0.0200542 0.0266667 2.36264e-05
0 0.987805 0.992667 0.0243902 0.0146667 2.36273e-05
0 0.362331 0.626667 0.16206 0.56 2.37478e-05
0 0.101084 0 0.0558266 0 2.3749e-05
0 0.408943 0.982 0.0536585 0.036 2.38361e-05
0 0.988347 0.225333 0.0233062 0.194667 2.3921e-05
0 0.244986 0.982667 0.0726287 0.0346667 2.39928e-05
0 0.179675 0.997333 0.0504065 0.00533333 2.41151e-05
0 0.970461 0.467333 0.0579946 0.092 2.41706e-05
0 0.53252 0.774 0.0558266 0.150667 2.41796e-05
0 0.0140921 0.941333 0.0162602 0.117333 2.41853e-05
0 0.360976 0.04 0.0726287 0.08 2.42069e-05
0 0.368293 0.939333 0.0536585 0.0386667 2.42785e-05
0 0.196206 0.993333 0.0639566 0.0133333 2.44478e-05
0 0.271816 0.810667 0.191328 0.378667 2.44715e-05
0 0.928455 1 0.0845528 0 2.45523e-05
0 0.0872629 0.038 0.118157 0.076 2.45648e-05
0 0.15393 0.00733333 0.0585366 0.0146667 2.45724e-05
0 0.735772 0.652 0.0569106 0.149333 2.45889e-05
0 0.479404 0.00533333 0.0547425 0.0106667 2.46465e-05
0 0.610569 0.278667 0.0579946 0.152 2.46701e-05
0 0.940379 0.953333 0.105149 0.0906667 2.47077e-05
0 0.0284553 0.482 0.0569106 0.353333 2.48593e-05
0 0.762331 0.0373333 0.0785908 0.0746667 2.49066e-05
0 0.0476965 0.418 0.095393 0.689333 2.50797e-05
0 0.286992 0.982 0.0829268 0.036 2.51753e-05
0 0.215718 0.997333 0.0509485 0.00533333 2.52351e-05
0 0.982385 0.453333 0.0352304 0.266667 2.53543e-05
0 0.479133 0.762 0.0802168 0.294667 2.54635e-05
0 0.236314 0.0546667 0.18645 0.109333 2.55235e-05
0 0.344715 0.506667 0.112737 0.184 2.56192e-05
0 0.095935 0.972667 0.0433604 0.0306667 2.57743e-05
0 0.749865 0.582 0.0319783 0.0626667 2.58826e-05
0 0.613008 0.0426667 0.0531165 0.0853333 2.58899e-05
0 0.631978 0.115333 0.0411924 0.156 2.59206e-05
0 0.990244 0.0726667 0.0195122 0.145333 2.612e-05
0 0.902168 1 0.0677507 0 2.62534e-05
0 0.221138 0.048 0.0466125 0.096 2.63492e-05
0 0.699187 0.556667 0.0314363 0.102667 2.63938e-05
0 0.323848 0.803333 0.0254743 0.0946667 2.64184e-05
0 0.906233 0.631333 0.178862 0.26 2.65022e-05
0 0.607046 0.213333 0.0476965 0.168 2.65175e-05
0 0.21626 0.977333 0.096477 0.0453333 2.65491e-05
0 0.70813 0.654 0.100271 0.270667 2.66205e-05
0 0.94851 0.687333 0.102981 0.625333 2.66571e-05
0 0.595122 0.882667 0.0444444 0.234667 2.68178e-05
0 0.43794 0.978 0.0574526 0.044 2.70254e-05
0 0.635501 0.052 0.0471545 0.104 2.70414e-05
0 0.634146 0.382667 0.0368564 0.152 2.72495e-05
0 0.984282 0.086 0.0281843 0.156 2.73167e-05
0 0.633333 0.213333 0.0926829 0.266667 2.73978e-05
0 0.956369 0.653333 0.0623306 0.365333 2.76017e-05
0 0.42981 0.002 0.0542005 0.004 2.76474e-05
0 0.340379 0.0246667 0.0433604 0.0386667 2.77411e-05
0 0.322764 0.840667 0.0395664 0.0893333 2.78158e-05
0 0.978049 0.174667 0.0439024 0.349333 2.78495e-05
0 0.659079 0.476 0.00867209 0.032 2.80063e-05
0 0.253659 0.997333 0.0520325 0.00533333 2.82056e-05
0 0.352575 0.993333 0.0850949 0.0133333 2.82086e-05
0 0.0346883 0.958667 0.0693767 0.0826667 2.83392e-05
0 0.18103 0.00666667 0.0574526 0.0133333 2.83498e-05
0 0.288076 0.0473333 0.0785908 0.0946667 2.84399e-05
0 0.941192 0 0.0558266 0 2.86274e-05
0 0.556911 0.764 0.0753388 0.28 2.86761e-05
0 0.988076 0.476 0.0238482 0.130667 2.86917e-05
0 0.768022 0.00533333 0.0552846 0.0106667 2.87307e-05
0 0.515447 0.916 0.0411924 0.114667 2.87833e-05
0 0.360976 0.626 0.101897 0.185333 2.90417e-05
0 0.194309 0.898 0.0731707 0.156 2.90961e-05
0 0.359621 0.707333 0.0634146 0.18 2.91439e-05
0 0.38103 0.058 0.0411924 0.0813333 2.91932e-05
0 0.302439 0.440667 0.100813 0.14 2.9214e-05
0 0.0666667 0.0253333 0.133333 0.0506667 2.92607e-05
0 0.280759 0.702 0.0888889 0.217333 2.94611e-05
0 0.463686 0.971333 0.0482385 0.0573333 2.95656e-05
0 0.542276 0.888667 0.0439024 0.222667 2.98407e-05
0 0.0753388 1 0.0542005 0 2.98599e-05
0 0.0468835 0.974667 0.0937669 0.0506667 2.99517e-05
0 0.821138 0.234667 0.257995 0.469333 3.01418e-05
0 0.108401 0.002 0.0780488 0.004 3.01468e-05
0 0.26748 0.058 0.0493225 0.0706667 3.07202e-05
0 0.96748 0.0986667 0.0650406 0.197333 3.07997e-05
0 0.605962 0.907333 0.0238482 0.052 3.08666e-05
0 0.294038 0.550667 0.0536585 0.136 3.08962e-05
0 0.615447 0.84 0.0590786 0.130667 3.08983e-05
0 0.607859 0.068 0.0699187 0.136 3.08983e-05
0 0.216531 0.0286667 0.0514905 0.0386667 3.10835e-05
0 0.446341 0.848 0.0276423 0.106667 3.13376e-05
0 0.728997 0.998667 0.0487805 0.00266667 3.14536e-05
0 0.642005 0.296 0.0590786 0.141333 3.14611e-05
0 0.557995 0.866 0.0373984 0.1 3.15108e-05
0 0.657724 0.468 0.0211382 0.0346667 3.17962e-05
0 0.614363 0.002 0.0655827 0.004 3.19574e-05
0 0.330352 0.713333 0.0807588 0.245333 3.1963e-05
0 0.298916 1 0.0731707 0 3.20552e-05
0 0.696206 0.800667 0.115447 0.398667 3.25895e-05
0 0.218428 0.0273333 0.140921 0.0546667 3.28306e-05
0 0.628455 0 0.0536585 0 3.3018e-05
0 0.0509485 0.998 0.0542005 0.004 3.30725e-05
0 0.420867 0.992 0.0417344 0.016 3.31269e-05
0 0.534417 0.01 0.0693767 0.02 3.31291e-05
0 0.614634 0.777333 0.0585366 0.128 3.35171e-05
0 0.576423 0.568 0.0168022 0.0346667 3.3612e-05
0 0.68103 0.990667 0.0417344 0.0186667 3.37598e-05
0 0.666667 1 0.0509485 0 3.3875e-05
0 0.347967 0.184667 0.0433604 0.190667 3.39815e-05
0 0.453117 1 0.0401084 0 3.40756e-05
0 0.697561 0.01 0.0856369 0.02 3.41638e-05
0 0.776423 0.782 0.211924 0.436 3.41845e-05
0 0.455556 0.00133333 0.0547425 0.00266667 3.42937e-05
0 0.0932249 0.066 0.099729 0.092 3.43512e-05
0 0.880759 0.0293333 0.131165 0.0586667 3.43531e-05
0 0.269919 0.921333 0.120325 0.157333 3.46818e-05
0 0.595935 0.665333 0.0471545 0.114667 3.47408e-05
0 0.404607 0.002 0.0558266 0.004 3.49197e-05
0 0.0157182 0.909333 0.0227642 0.117333 3.49883e-05
0 0.401084 0.976667 0.0216802 0.0413333 3.50118e-05
0 0.260976 0.0266667 0.0850949 0.0533333 3.51452e-05
0 0.0113821 0.909333 0.0227642 0.176 3.51725e-05
0 0.73252 0.710667 0.0861789 0.277333 3.55495e-05
0 0.277778 0.154 0.204336 0.252 3.56028e-05
0 0.111653 0.993333 0.145257 0.0133333 3.58427e-05
0 0.963415 0.354667 0.0731707 0.122667 3.58752e-05
0 0.61897 0.568 0.106233 0.392 3.60046e-05
0 0.925474 0.0226667 0.103523 0.0453333 3.60187e-05
0 0.57832 0.552 0.0195122 0.056 3.60634e-05
0 0.566125 0.863333 0.0254743 0.044 3.60915e-05
0 0.564499 0.771333 0.0612466 0.148 3.61938e-05
0 0.595935 0.702 0.0395664 0.1 3.62542e-05
0 0.115447 1 0.0531165 0 3.63032e-05
0 0.969377 0.586667 0.0612466 0.306667 3.63656e-05
0 0.90271 0 0.0558266 0 3.63831e-05
0 0.936043 0.408 0.127913 0.645333 3.65386e-05
0 0.512195 0.697333 0.0238482 0.0453333 3.68126e-05
0 0.613008 0.2 0.130081 0.4 3.68579e-05
0 0.647696 0.818667 0.0531165 0.266667 3.69523e-05
0 0.114363 0.999333 0.0899729 0.00133333 3.72182e-05
0 0.188347 0.819333 0.196748 0.361333 3.76648e-05
0 0.367751 1 0.0601626 0 3.76939e-05
0 0.984282 0.886 0.0314363 0.228 3.77748e-05
0 0.413821 0.0246667 0.126287 0.0493333 3.78399e-05
0 0.776694 1 0.0813008 0 3.79718e-05
0 0.315718 0.800667 0.0298103 0.06 3.80236e-05
0 0.396748 0.96 0.0542005 0.08 3.80292e-05
0 0.222764 0.0306667 0.0813008 0.0586667 3.81804e-05
0 0.272629 0.0226667 0.0433604 0.0453333 3.83688e-05
0 0.641463 0.428 0.097019 0.389333 3.83905e-05
0 0.863957 1 0.0758808 0 3.84863e-05
0 0.404878 0.988 0.0346883 0.024 3.85489e-05
0 0.126558 0 0.0569106 0 3.88182e-05
0 0.0878049 0 0.0552846 0 3.89387e-05
0 0.434959 0.972 0.0894309 0.056 3.94061e-05
0 0.274797 0.252667 0.228726 0.321333 3.94439e-05
0 0.0173442 0.05 0.0346883 0.1 3.95747e-05
0 0.760434 0.888 0.109485 0.194667 3.96859e-05
0 0.803794 1 0.0520325 0 3.9919e-05
0 0.107046 0.96 0.0460705 0.072 4.0055e-05
0 0.943631 0 0.0704607 0 4.02379e-05
0 0.413279 1 0.0699187 0 4.04349e-05
0 0.434146 0.985333 0.0368564 0.0293333 4.09854e-05
0 0.563415 1 0.0666667 0 4.11131e-05
0 0.961518 0.892 0.0769648 0.178667 4.12561e-05
0 0.438753 0.817333 0.0178862 0.0373333 4.20304e-05
0 0.445528 0.866667 0.0205962 0.024 4.20398e-05
0 0.391057 0.978667 0.0439024 0.0426667 4.21352e-05
0 0.657453 0.768667 0.102981 0.404 4.21686e-05
0 0.446612 0.991333 0.0314363 0.0173333 4.26136e-05
0 0.988618 0.96 0.0140921 0.0506667 4.32716e-05
0 0.380759 0.704667 0.097019 0.249333 4.32811e-05
0 0.514905 0 0.0552846 0 4.34237e-05
0 0.221951 0.0666667 0.0829268 0.0826667 4.3481e-05
0 0.573713 0.71 0.0601626 0.110667 4.349e-05
0 0.304607 0.0233333 0.0444444 0.0386667 4.36193e-05
0 0.317073 0.0613333 0.0476965 0.088 4.3822e-05
0 0.462873 0.990667 0.0802168 0.0186667 4.39325e-05
0 0.0346883 0.0693333 0.0693767 0.138667 4.40856e-05
0 0.961518 0.218 0.0715447 0.236 4.4209e-05
0 0.55664 0.973333 0.0422764 0.032 4.47125e-05
0 0.291057 0.992 0.0444444 0.016 4.48387e-05
0 0.0327913 0.876 0.0655827 0.248 4.49086e-05
0 0.826829 1 0.0807588 0 4.51223e-05
0 0.221409 0.917333 0.134959 0.165333 4.5312e-05
0 0.0495935 0 0.0558266 0 4.57048e-05
0 0.608943 0.91 0.0102981 0.0413333 4.57609e-05
0 0.566667 0.871333 0.0243902 0.02 4.60513e-05
0 0.76477 1 0.0498645 0 4.60941e-05
0 0.66477 0.803333 0.0254743 0.0946667 4.63564e-05
0 0.608672 0.1 0.0466125 0.170667 4.6468e-05
0 0.56748 0.870667 0.00650406 0.0133333 4.65968e-05
0 0.663415 0.88 0.0173442 0.0426667 4.72899e-05
0 0.0596206 0.0126667 0.106233 0.0253333 4.75434e-05
0 0.585908 0 0.0737127 0 4.76477e-05
0 0.206233 0.00533333 0.0569106 0.0106667 4.76727e-05
0 0.304607 0.014 0.113821 0.028 4.78491e-05
0 0.775881 0.014 0.0894309 0.028 4.7955e-05
0 0.634959 0.455333 0.0428184 0.126667 4.80009e-05
0 0.705962 0.996 0.0460705 0.008 5.04482e-05
0 0.85122 0 0.0547425 0 5.06025e-05
0 0.894038 1 0.0373984 0 5.13849e-05
0 0.918157 0.992 0.112737 0.016 5.17226e-05
0 0.828997 1 0.0514905 0 5.18335e-05
0 0.962873 0.415333 0.0742547 0.182667 5.2514e-05
0 0.363957 0.0253333 0.128455 0.0506667 5.29104e-05
0 0.604878 0.163333 0.0780488 0.233333 5.31165e-05
0 0.152033 1 0.0775068 0 5.31365e-05
0 0.625745 0.92 0.0536585 0.16 5.35535e-05
0 0.321951 0.977333 0.0899729 0.0453333 5.37484e-05
0 0.854743 1 0.0466125 0 5.45791e-05
0 0.763415 0.995333 0.126287 0.00933333 5.49859e-05
0 0.666667 0.00733333 0.0780488 0.0146667 5.56319e-05
0 0.322764 0.816667 0.0168022 0.0226667 5.58315e-05
0 0.00677507 0.988667 0.0124661 0.0226667 5.58676e-05
0 0.880759 1 0.0390244 0 5.63002e-05
0 0.424932 0.826667 0.0379404 0.096 5.68162e-05
0 0.559079 0 0.0753388 0 5.69527e-05
0 0.658266 0.913333 0.0363144 0.173333 5.69854e-05
0 0.783198 0.833333 0.095393 0.208 5.70343e-05
0 0.557182 0.980667 0.0249322 0.0306667 5.72517e-05
0 0.966125 1 0.0504065 0 5.74256e-05
0 0.140379 1 0.0520325 0 5.74776e-05
0 0.292141 0.026 0.0498645 0.052 5.76456e-05
0 0.255556 0.00266667 0.0569106 0.00533333 5.7666e-05
0 0.488076 1 0.0731707 0 5.77193e-05
0 0.447696 0.872667 0.00650406 0.0306667 5.77598e-05
0 0.663144 0.675333 0.0590786 0.185333 5.78555e-05
0 0.645799 0.742 0.0319783 0.1 5.79744e-05
0 0.449322 1 0.0758808 0 5.80548e-05
0 0.427371 0.804667 0.0254743 0.0813333 5.82255e-05
0 0.967209 0.000666667 0.0644986 0.00133333 5.8487e-05
0 0.488347 0.970667 0.0422764 0.0586667 5.86034e-05
0 0.277236 0.518667 0.0547425 0.122667 5.86511e-05
0 0.229539 0.006 0.0579946 0.012 5.87004e-05
0 0.752575 0 0.0558266 0 5.87464e-05
0 0.898645 0.953333 0.0227642 0.0666667 5.87589e-05
0 0.322764 0.932 0.0894309 0.106667 5.89051e-05
0 0.290244 0.0606667 0.0525745 0.0813333 5.92749e-05
0 0.666667 0 0.0542005 0 5.95514e-05
0 0.543089 0.967333 0.0195122 0.036 5.97193e-05
0 0.00840108 0.936667 0.00813008 0.110667 5.98603e-05
0 0.533062 0.987333 0.0634146 0.0253333 6.02671e-05
0 0.0143631 0.999333 0.0287263 0.00133333 6.05705e-05
0 0.396477 0.956 0.108943 0.088 6.08278e-05
0 0.711924 0.996 0.0948509 0.008 6.1415e-05
0 0.620596 0.487333 0.0281843 0.129333 6.18038e-05
0 0.310298 0.505333 0.0482385 0.136 6.21319e-05
0 0.114905 0.018 0.119241 0.036 6.22043e-05
0 0.55393 1 0.0379404 0 6.27503e-05
0 0.0200542 0.997333 0.0401084 0.00533333 6.28911e-05
0 0.55149 0.964 0.0460705 0.072 6.37879e-05
0 0.670461 0.873333 0.0227642 0.032 6.38149e-05
0 0.237669 0.992 0.150136 0.016 6.51144e-05
0 0.178591 1 0.0504065 0 6.52925e-05
0 0.152033 0 0.0569106 0 6.52934e-05
0 0.380488 0.0273333 0.0401084 0.0413333 6.60058e-05
0 0.548781 0.983333 0.0569106 0.0333333 6.60582e-05
0 0.512737 1 0.0628726 0 6.60632e-05
0 0.579946 1 0.0390244 0 6.61941e-05
0 0.55149 0.918667 0.0265583 0.096 6.65449e-05
0 0.694038 1 0.0449864 0 6.66089e-05
0 0.42439 0.00866667 0.0878049 0.0173333 6.69138e-05
0 0.489431 0 0.0552846 0 6.69355e-05
0 0.564228 0.988 0.0780488 0.024 6.69459e-05
0 0.674526 0.964 0.0666667 0.072 6.69563e-05
0 0.66748 1 0.0417344 0 6.74904e-05
0 0.0677507 0.00466667 0.0791328 0.00933333 6.8136e-05
0 0.0501355 1 0.0558266 0 6.87297e-05
0 0.357182 1 0.0520325 0 6.91476e-05
0 0.0401084 0.999333 0.0552846 0.00133333 6.91786e-05
0 0.538753 1 0.0628726 0 6.96578e-05
0 0.739837 1 0.0509485 0 7.0525e-05
0 0.342547 0.00133333 0.0563686 0.00266667 7.08013e-05
0 0.280488 0.996667 0.0504065 0.00666667 7.08331e-05
0 0.666396 0.884667 0.0124661 0.0226667 7.0849e-05
0 0.592954 0.986 0.0672087 0.028 7.18576e-05
0 0.965854 0 0.0552846 0 7.26499e-05
0 0.804878 0 0.0574526 0 7.27832e-05
0 0.488618 0.0146667 0.0872629 0.0293333 7.29765e-05
0 0.617344 0.386 0.0520325 0.118667 7.32384e-05
0 0.912466 0 0.128455 0 7.41865e-05
0 0.937669 0.0926667 0.098645 0.185333 7.43026e-05
0 0.989702 0.412667 0.0205962 0.116 7.45042e-05
0 0.742818 0.0146667 0.102439 0.0293333 7.45802e-05
0 0.983198 0.452 0.0325203 0.0346667 7.46091e-05
0 0.381572 0.002 0.0542005 0.004 7.52644e-05
0 0.520054 0.971333 0.0124661 0.0493333 7.6399e-05
0 0.417615 1 0.0439024 0 7.6442e-05
0 0.971274 0.0446667 0.0574526 0.0893333 7.65574e-05
0 0.281843 0.00333333 0.0563686 0.00666667 7.68671e-05
0 0.440379 0 0.0547425 0 7.70773e-05
0 0.369377 0.385333 0.294309 0.770667 7.7387e-05
0 0.786179 0.42 0.427642 0.84 7.81776e-05
0 0.6271 0.957333 0.0336043 0.0533333 7.86438e-05
0 0.479404 1 0.0417344 0 7.90844e-05
0 0.941192 0.236667 0.117615 0.473333 7.92535e-05
0 0.879946 0.162 0.16748 0.324 8.0704e-05
0 0.679946 0.982667 0.0655827 0.0346667 8.23043e-05
0 0.253659 1 0.0552846 0 8.23069e-05
0 0.0493225 0.656 0.098645 0.656 8.24201e-05
0 0.280217 0.032 0.0455285 0.0426667 8.31255e-05
0 0.201355 0.0126667 0.0926829 0.0253333 8.36204e-05
0 0.190786 0 0.0563686 0 8.45815e-05
0 0.210027 0.94 0.0840108 0.096 8.51666e-05
0 0.654201 0.768 0.0238482 0.0906667 8.5172e-05
0 0.987805 0.0493333 0.0243902 0.0933333 8.52023e-05
0 0.48645 0.987333 0.0688347 0.0253333 8.53399e-05
0 0.644173 0.916 0.0330623 0.168 8.5775e-05
0 0.726829 0 0.0563686 0 8.66302e-05
0 0.0230352 0.987333 0.0460705 0.0253333 8.75124e-05
0 0.591057 0.968 0.0579946 0.064 8.78251e-05
0 0.647967 0.823333 0.0373984 0.132 8.79886e-05
0 0.513008 0.974 0.0363144 0.052 8.80178e-05
0 0.439566 1 0.0455285 0 8.87439e-05
0 0.639295 0 0.0872629 0 9.0492e-05
0 0.689973 0 0.0552846 0 9.1366e-05
0 0.215176 0.493333 0.221138 0.314667 9.22816e-05
0 0.287263 0.992667 0.0867209 0.0146667 9.34118e-05
0 0.21626 1 0.0531165 0 9.36e-05
0 0.60542 0.453333 0.0390244 0.146667 9.36261e-05
0 0.503252 1 0.0341463 0 9.49321e-05
0 0.165312 0.036 0.109485 0.072 9.66697e-05
0 0.611382 0.916667 0.0205962 0.0413333 9.69907e-05
0 0.0262873 0.006 0.0525745 0.012 9.74709e-05
0 0.52981 1 0.0352304 0 9.81701e-05
0 0.226829 0.998667 0.0753388 0.00266667 9.82067e-05
0 0.322222 0.0206667 0.0644986 0.0413333 9.8473e-05
0 0.953659 1 0.0547425 0 9.86292e-05
0 0.385637 0.994667 0.0753388 0.0106667 9.93336e-05
0 0.451762 0.323333 0.0308943 0.0813333 9.98145e-05
0 0.0357724 0.0246667 0.0715447 0.0493333 0.000100127
0 0.593225 1 0.0417344 0 0.000101205
0 0.48645 0.433333 0.9729 0.866667 0.000103281
0 0.195393 0.002 0.0764228 0.004 0.000103337
0 0.511111 0 0.105149 0 0.000103782
0 0.555827 0.992 0.0395664 0.016 0.00010399
0 0.192683 0.433333 0.385366 0.866667 0.000103992
0 0.98374 0.996 0.0216802 0.008 0.000106258
0 0.162873 0.014 0.100271 0.028 0.000106353
0 0.992683 0.43 0.0146341 0.0813333 0.000106765
0 0.571545 0.98 0.0373984 0.0186667 0.000106882
0 0.00867209 1 0.0173442 0 0.000107335
0 0.738211 1 0.0823848 0 0.00010737
0 0.777778 0 0.0563686 0 0.000107784
0 0.441734 0.018 0.0921409 0.036 0.000107928
0 0.990786 0.974667 0.0184282 0.0506667 0.000109056
0 0.527371 0.967333 0.0325203 0.0653333 0.000111288
0 0.324119 0.987333 0.0281843 0.0253333 0.000113231
0 0.993225 0.956667 0.00596206 0.0866667 0.000114587
0 0.414634 0 0.0552846 0 0.000116162
0 0.377778 1 0.0466125 0 0.000117572
0 0.279133 1 0.0531165 0 0.000118673
0 0.319783 0.00333333 0.0552846 0.00666667 0.000118805
0 0.449051 0.99 0.0612466 0.02 0.000119293
0 0.992141 1 0.0157182 0 0.000120832
0 0.992683 0.945333 0.0146341 0.109333 0.000123752
0 0.464499 0 0.0563686 0 0.000123777
0 0.988076 0.048 0.0119241 0.096 0.000124369
0 0.716531 1 0.0498645 0 0.000124491
0 0.591599 0.688667 0.0233062 0.06 0.000125048
0 0.988618 0.938 0.0162602 0.0813333 0.000125716
0 0.487534 0.978 0.0373984 0.036 0.000125932
0 0.572087 0.556667 0.0102981 0.0333333 0.000126096
0 0.667751 0.837333 0.0325203 0.096 0.000127005
0 0.274526 0.420667 0.165312 0.337333 0.000127784
0 0.637398 0.989333 0.0672087 0.0213333 0.000128434
0 0.303794 0 0.0558266 0 0.000132834
0 0.988347 0.918 0.00704607 0.14 0.000132873
0 0.215176 0 0.0574526 0 0.000133381
0 0.098103 0.0133333 0.112737 0.0266667 0.000133442
0 0.571274 0.558 0.0184282 0.0466667 0.00013377
0 0.617886 1 0.0411924 0 0.000133868
0 0.541192 0.932667 0.0254743 0.084 0.000135755
0 0.601084 1 0.0823848 0 0.000136152
0 0.826829 0 0.0558266 0 0.000138965
0 0.37561 0.00933333 0.0856369 0.0186667 0.000139405
0 0.761789 0.566 0.476423 0.868 0.000142656
0 0.988347 0.451333 0.0200542 0.0653333 0.000142716
0 0.0742547 1 0.096477 0 0.000145475
0 0.434417 0.816 0.0168022 0.024 0.000146303
0 0.904878 0.626 0.185908 0.582667 0.000148741
0 0.882656 0.066 0.119783 0.132 0.000151018
0 0.434959 0.809333 0.00921409 0.032 0.000151604
0 0.199458 0.514667 0.398916 0.970667 0.000152991
0 0.668835 0.846667 0.0140921 0.0773333 0.000153818
0 0.575068 0.992667 0.0368564 0.0146667 0.000154164
0 0.653659 0.755333 0.0205962 0.044 0.000158357
0 0.793496 0.0233333 0.099729 0.0466667 0.000159483
0 0.691599 0 0.113821 0 0.000161065
0 0.619241 0.559333 0.0558266 0.198667 0.000161732
0 0.593767 0.69 0.0157182 0.0413333 0.000165307
0 0.240379 0 0.0569106 0 0.00016809
0 0.328726 0 0.0558266 0 0.000168267
0 0.598374 0.92 0.0249322 0.0746667 0.000169607
0 0.278591 0 0.0563686 0 0.00017136
0 0.44336 0.994667 0.0455285 0.0106667 0.000172969
0 0.390515 0 0.0558266 0 0.000176614
0 0.263686 1 0.0915989 0 0.000177542
0 0.570732 0.989333 0.0184282 0.0186667 0.000178703
0 0.988347 0.982 0.00921409 0.036 0.000178903
0 0.990244 0.923333 0.0195122 0.153333 0.000180511
0 0.32439 0.825333 0.0276423 0.0346667 0.000181927
0 0.431978 0.816 0.0162602 0.0426667 0.000182243
0 0.494038 0.986 0.0373984 0.02 0.000183531
0 0.724119 0.00266667 0.099729 0.00533333 0.000184184
0 0.688076 0.835333 0.0634146 0.132 0.000189679
0 0.653388 1 0.0319783 0 0.000190547
0 0.352575 0 0.0558266 0 0.000193085
0 0.606775 0.988667 0.0254743 0.0146667 0.000195368
0 0.31626 0.024 0.099187 0.048 0.000200773
0 0.956369 0.994 0.0699187 0.012 0.000200822
0 0.585637 0.982 0.0287263 0.0333333 0.000205443
0 0.970461 1 0.0590786 0 0.000207983
0 0.802168 0 0.0563686 0 0.000209988
0 0.76477 0 0.140921 0 0.000210333
0 0.642005 1 0.0341463 0 0.000212181
0 0.496206 0.98 0.0265583 0.0213333 0.000214051
0 0.434417 0.814667 0.00596206 0.024 0.00021441
0 0.160163 0.000666667 0.158808 0.00133333 0.000220397
0 0.0869919 0 0.15664 0 0.000221481
0 0.0295393 1 0.0525745 0 0.000225825
0 0.656098 0.930667 0.0406504 0.0933333 0.000227464
0 0.487263 0.987333 0.0563686 0.0253333 0.000228063
0 0.663957 0.960667 0.0346883 0.0466667 0.000228339
0 0.457724 0.985333 0.0384824 0.016 0.000233922
0 0.263144 0.0113333 0.095935 0.0226667 0.000240196
0 0.266396 0.026 0.102439 0.052 0.000240655
0 0.682927 0.758667 0.0325203 0.088 0.000241793
0 0.337398 0.01 0.0861789 0.02 0.000241812
0 0.461247 0.00533333 0.096477 0.0106667 0.000243324
0 0.121951 0.537333 0.234146 0.874667 0.000244812
0 0.848509 0.00333333 0.100271 0.00666667 0.000252954
0 0.546612 0.936667 0.0168022 0.0413333 0.000256512
0 0.660434 0.987333 0.0623306 0.0253333 0.00026051
0 0.569377 0.994 0.0330623 0.012 0.00026644
0 0.990515 0.937333 0.00704607 0.106667 0.000269177
0 0.270461 0.00133333 0.0758808 0.00266667 0.000269624
0 0.35664 0.004 0.0737127 0.008 0.00027474
0 0.988076 1 0.0162602 0 0.000279677
0 0.482385 0.992 0.0411924 0.016 0.000281032
0 0.666667 0.765333 0.0433604 0.152 0.000284424
0 0.600271 0.980667 0.0308943 0.0333333 0.000291682
0 0.66477 0.982667 0.0352304 0.032 0.000293291
0 0.265583 0.306667 0.290515 0.613333 0.000295475
0 0.378049 0.980667 0.0428184 0.0306667 0.000298898
0 0.69187 0.78 0.0829268 0.269333 0.000303238
0 0.356098 0.942667 0.0574526 0.088 0.000317123
0 0.225203 0.00933333 0.097019 0.0186667 0.00032855
0 0.299458 0.006 0.098103 0.012 0.000336598
0 0.461789 0.991333 0.0325203 0.0173333 0.000336666
0 0.979946 0.992667 0.0401084 0.0146667 0.000344298
0 0.0265583 0 0.0531165 0 0.000365304
0 0.54607 0.938 0.00813008 0.0386667 0.000366112
0 0.580217 0.99 0.0211382 0.0173333 0.00036641
0 0.513008 0.977333 0.0189702 0.032 0.000369256
0 0.61355 0.432 0.0715447 0.28 0.000370199
0 0.0439024 0.00266667 0.0878049 0.00533333 0.000371171
0 0.52981 0.988 0.0363144 0.024 0.000376269
0 0.398645 0.006 0.0948509 0.012 0.000392843
0 0.597019 0.986 0.0243902 0.0146667 0.000394095
0 0.469648 0.984667 0.0254743 0.0306667 0.000397713
0 0.495122 0.988 0.0146341 0.0213333 0.000399031
0 0.458808 0.992 0.0135501 0.016 0.000404762
0 0.580488 0.994 0.0368564 0.012 0.000414178
0 0.607046 0.993333 0.0444444 0.0133333 0.000424005
0 0.513821 0.979333 0.0227642 0.0146667 0.000424417
0 0.59458 0.992 0.0444444 0.016 0.000427622
0 0.666667 0.535333 0.58103 0.929333 0.000433644
0 0.472629 0.991333 0.0379404 0.0173333 0.000450142
0 0.660705 0.755333 0.0184282 0.0333333 0.00047242
0 0.979133 1 0.0373984 0 0.000482472
0 0.0452575 0.997333 0.0905149 0.00533333 0.000488961
0 0.818428 0.477333 0.253659 0.861333 0.000495757
0 0.602981 0.927333 0.0254743 0.036 0.000497699
0 0.690786 0.793333 0.0395664 0.0933333 0.000506922
0 0.337398 0.979333 0.0644986 0.0413333 0.000513564
0 0.339295 0.96 0.0552846 0.056 0.000535874
0 0.811653 0.004 0.100271 0.008 0.00053746
0 0.600271 0.99 0.0634146 0.02 0.000539581
0 0.626016 0.98 0.0303523 0.0293333 0.00054976
0 0.270732 0.412 0.180488 0.8 0.000553629
0 0.457182 0.993333 0.0233062 0.0106667 0.000564532
0 0.622493 0.988 0.0428184 0.024 0.000565903
0 0.260434 0 0.143631 0 0.000568415
0 0.604065 0.917333 0.0135501 0.024 0.000600517
0 0.620325 0.986 0.0753388 0.028 0.000603295
0 0.357453 0.976 0.0569106 0.048 0.00061236
0 0.635772 0.978667 0.0260163 0.0426667 0.000632144
0 0.360705 0 0.129539 0 0.000638474
0 0.465854 0.992 0.0189702 0.016 0.000643196
0 0.642818 0.945333 0.0368564 0.0693333 0.000648932
0 0.493496 0.990667 0.0276423 0.016 0.000657891
0 0.354743 0.598667 0.709485 0.802667 0.000857441
0 0.647696 0.5 0.704607 1 0.00092714
0 0.626287 0.976667 0.0471545 0.0466667 0.000987343
0 0.505962 0.989333 0.0319783 0.0186667 0.000991874
0 0.33523 0.5 0.670461 1 0.00102079
0 0.373171 0.962 0.0536585 0.06 0.00149825
0 0.524661 0.975333 0.0238482 0.028 0.00150967
0 0.524119 0.983333 0.0173442 0.028 0.00194083
0 0.517615 0.983333 0.0140921 0.0173333 0.00285849
0 0.669106 0.766 0.0319783 0.0893333 0.00298839
0 0.369648 0.711333 0.395664 0.577333 0.0049065
0 0.360163 0.937333 0.106775 0.125333 0.00802915
0 0.622222 0.417333 0.371816 0.834667 0.00803526
0 0.645799 0.960667 0.0243902 0.0786667 0.00845164
0 0.276965 0.489333 0.360976 0.8 0.0135997
0 0.352304 0.960667 0.0878049 0.0786667 0.821014
0 0.645528 0.974 0.0260163 0.052 0.862105
0 0.677507 0.782 0.0325203 0.0866667 0.882493
0 0.295393 0.517333 0.0878049 0.173333 0.91226
0 0.619512 0.450667 0.0466125 0.186667 0.933393
