0 0.334959 0.960667 0.0823848 0.0786667 1.03235e-05
0 0.949593 0.375333 0.0292683 0.084 1.03491e-05
0 0.532249 0.976667 0.0303523 0.0173333 1.03584e-05
0 0.287534 0.278667 0.0840108 0.168 1.03714e-05
0 0.293496 0 0.0525745 0 1.03881e-05
0 0.603252 0.479333 0.0336043 0.150667 1.04056e-05
0 0.757182 0.651333 0.0184282 0.0866667 1.041e-05
0 0.497561 0.136 0.0791328 0.170667 1.04263e-05
0 0.231707 0.887333 0.0482385 0.0946667 1.04356e-05
0 0.945799 0.766 0.108401 0.230667 1.0512e-05
0 0.0829268 0.142667 0.119241 0.28 1.05168e-05
0 0.696206 0.249333 0.0265583 0.0666667 1.05174e-05
0 0.109756 0.415333 0.16748 0.222667 1.05411e-05
0 0.328455 0.0553333 0.0476965 0.076 1.05592e-05
0 0.768564 0.0726667 0.0823848 0.145333 1.05799e-05
0 0.672629 0.502667 0.0216802 0.0586667 1.05966e-05
0 0.367751 0.196 0.153388 0.392 1.05972e-05
0 0.676965 0.213333 0.0249322 0.08 1.06179e-05
0 0.815718 0.388 0.158266 0.642667 1.06251e-05
0 0.886721 0.466 0.0672087 0.148 1.06495e-05
0 0.809214 0.0553333 0.0791328 0.0866667 1.06794e-05
0 0.614092 0.996 0.0737127 0.008 1.06981e-05
0 0.539837 0.714667 0.0455285 0.378667 1.0722e-05
0 0.817886 0.418 0.0336043 0.0573333 1.07283e-05
0 0.667751 0.202 0.134417 0.404 1.07394e-05
0 0.938482 0.442 0.0222222 0.0813333 1.07629e-05
0 0.932249 0.044 0.0476965 0.064 1.07647e-05
0 0.414905 0.720667 0.0948509 0.108 1.07727e-05
0 0.634688 0.471333 0.0693767 0.270667 1.07818e-05
0 0.717615 0.217333 0.149594 0.434667 1.08506e-05
0 0.431165 0.288667 0.0753388 0.156 1.08556e-05
0 0.618699 0.00466667 0.0395664 0.00933333 1.08578e-05
0 0.739295 0.844 0.108401 0.184 1.08745e-05
0 0.70813 0.425333 0.0168022 0.0586667 1.08756e-05
0 0.631436 0.648667 0.0379404 0.0546667 1.08861e-05
0 0.503794 0.578667 0.0363144 0.176 1.09514e-05
0 0.0821138 0.588 0.154472 0.330667 1.09597e-05
0 0.401897 0.215333 0.0677507 0.166667 1.09802e-05
0 0.159621 0.698 0.17832 0.425333 1.09847e-05
0 0.877778 0.859333 0.0699187 0.166667 1.10188e-05
0 0.0601626 0.969333 0.107317 0.0613333 1.10244e-05
0 0.585908 0.226 0.0802168 0.156 1.10421e-05
0 0.657724 0.983333 0.0905149 0.0333333 1.10588e-05
0 0.29458 0.957333 0.0948509 0.0853333 1.10652e-05
0 0.781843 0.484667 0.0222222 0.0573333 1.10989e-05
0 0.430352 0.992667 0.0422764 0.0146667 1.11244e-05
0 0.362873 0.728 0.101355 0.210667 1.11253e-05
0 0.564228 0.305333 0.0585366 0.122667 1.11458e-05
0 0.240108 0.0146667 0.0737127 0.0293333 1.11516e-05
0 0.185637 0.0286667 0.0861789 0.0573333 1.11651e-05
0 0.343631 0.0446667 0.104065 0.0893333 1.12315e-05
0 0.67561 0.472 0.0146341 0.0586667 1.12804e-05
0 0.864499 0.401333 0.0769648 0.125333 1.12853e-05
0 0.0555556 0.906667 0.111111 0.141333 1.12875e-05
0 0.758266 0.140667 0.0856369 0.238667 1.12958e-05
0 0.311111 0 0.096477 0 1.13304e-05
0 0.850136 0.872667 0.0514905 0.102667 1.13373e-05
0 0.715176 0.972667 0.123035 0.0546667 1.13584e-05
0 0.731707 0.443333 0.0238482 0.052 1.14061e-05
0 0.584011 0.759333 0.128455 0.481333 1.14433e-05
0 0.840108 0.214 0.0867209 0.209333 1.14493e-05
0 0.572087 0.377333 0.152304 0.650667 1.14629e-05
0 0.672358 0.605333 0.0243902 0.04 1.1501e-05
0 0.320596 0.968667 0.0449864 0.0466667 1.15284e-05
0 0.710027 0.886667 0.0758808 0.0613333 1.15703e-05
0 0.707588 0.557333 0.0406504 0.072 1.15917e-05
0 0.171816 0.967333 0.0346883 0.0493333 1.15977e-05
0 0.939837 0.164 0.120325 0.328 1.16161e-05
0 0.643902 0.991333 0.0422764 0.0173333 1.16214e-05
0 0.693225 0.5 0.0238482 0.0666667 1.16394e-05
0 0.242276 0.470667 0.0834688 0.162667 1.16584e-05
0 0.669648 0.613333 0.159892 0.664 1.17103e-05
0 0.761518 0.938667 0.126829 0.122667 1.1728e-05
0 0.637127 0.382 0.0720867 0.148 1.17917e-05
0 0.335772 0.205333 0.0883469 0.28 1.18052e-05
0 0.972087 0.631333 0.0482385 0.116 1.18272e-05
0 0.117344 0.0726667 0.127371 0.145333 1.18581e-05
0 0.599458 0.539333 0.0520325 0.313333 1.18667e-05
0 0.816802 0.613333 0.137669 0.592 1.18736e-05
0 0.713279 0.948667 0.0921409 0.102667 1.18779e-05
0 0.674797 0.516667 0.0704607 0.18 1.18908e-05
0 0.271003 0.0153333 0.0585366 0.0306667 1.19052e-05
0 0.417344 0.99 0.0336043 0.02 1.1939e-05
0 0.879675 0.898 0.102981 0.153333 1.19609e-05
0 0.0566396 0.177333 0.113279 0.354667 1.19652e-05
0 0.75393 0.992 0.0487805 0.016 1.1994e-05
0 0.0292683 0.314667 0.0368564 0.306667 1.20165e-05
0 0.984824 0.964667 0.0303523 0.0706667 1.20605e-05
0 0.541734 0.650667 0.0222222 0.0693333 1.20835e-05
0 0.437398 0.368667 0.0726287 0.121333 1.20954e-05
0 0.360705 0.784 0.0829268 0.0426667 1.21404e-05
0 0.684553 0.588667 0.0227642 0.0706667 1.21555e-05
0 0.72439 0.622 0.0200542 0.068 1.22008e-05
0 0.576152 0.0226667 0.0802168 0.0453333 1.22281e-05
0 0.717615 0.0906667 0.0867209 0.16 1.22283e-05
0 0.634688 0.144 0.0531165 0.144 1.22476e-05
0 0.689973 0.0826667 0.0737127 0.149333 1.22963e-05
0 0.163144 1 0.0780488 0 1.23109e-05
0 0.344986 0.984 0.0569106 0.032 1.23776e-05
0 0.309214 0.274667 0.102439 0.266667 1.23808e-05
0 0.628184 0.969333 0.0357724 0.0426667 1.23816e-05
0 0.68645 0.722667 0.0710027 0.101333 1.24041e-05
0 0.0186992 0.849333 0.0373984 0.141333 1.24046e-05
0 0.492683 0 0.0509485 0 1.24816e-05
0 0.776423 0.527333 0.0612466 0.249333 1.24931e-05
0 0.103252 1 0.0482385 0 1.24953e-05
0 0.704607 0.878667 0.0444444 0.0373333 1.25428e-05
0 0.534417 0.800667 0.145257 0.398667 1.25654e-05
0 0.255556 0.967333 0.0373984 0.036 1.25794e-05
0 0.479675 0.993333 0.0346883 0.0133333 1.25846e-05
0 0.814092 0.362 0.0542005 0.150667 1.25915e-05
0 0.790515 0.218667 0.0785908 0.154667 1.26349e-05
0 0.00840108 0.966 0.00921409 0.068 1.26382e-05
0 0.66748 0.164 0.0493225 0.128 1.26459e-05
0 0.663686 1 0.0677507 0 1.26742e-05
0 0.731978 0.22 0.0677507 0.112 1.26783e-05
0 0.260705 0.962 0.0758808 0.068 1.26805e-05
0 0.362331 0.33 0.0688347 0.150667 1.27582e-05
0 0.970732 0.368 0.0357724 0.106667 1.27987e-05
0 0.855285 0.997333 0.0444444 0.00533333 1.28062e-05
0 0.589702 0.803333 0.0661247 0.174667 1.28064e-05
0 0.910298 0.0286667 0.0850949 0.0573333 1.28653e-05
0 0.665041 0.678667 0.0281843 0.016 1.29329e-05
0 0.93794 0.279333 0.100271 0.249333 1.29534e-05
0 0.931165 0.945333 0.109485 0.109333 1.29984e-05
0 0.891328 0.996 0.0460705 0.008 1.29986e-05
0 0.492954 0.99 0.0287263 0.02 1.30387e-05
0 0.710569 0.911333 0.0888889 0.084 1.30451e-05
0 0.974797 0.916 0.0341463 0.104 1.30576e-05
0 0.583198 0.987333 0.0292683 0.0253333 1.30757e-05
0 0.566938 0.195333 0.131165 0.390667 1.31426e-05
0 0.340921 0.720667 0.0878049 0.137333 1.31451e-05
0 0.359621 0.917333 0.0655827 0.08 1.32125e-05
0 0.811382 0.0713333 0.102981 0.142667 1.32249e-05
0 0.897019 0.605333 0.0411924 0.0826667 1.32342e-05
0 0.609756 0.648667 0.0639566 0.289333 1.3245e-05
0 0.658537 0.58 0.0726287 0.229333 1.32454e-05
0 0.707046 0.266667 0.0525745 0.0826667 1.32594e-05
0 0.895664 0.644 0.0406504 0.0933333 1.32626e-05
0 0.179404 0.53 0.155014 0.358667 1.32955e-05
0 0.321409 0.852 0.0346883 0.128 1.3328e-05
0 0.607859 0.298667 0.107859 0.189333 1.33359e-05
0 0.0569106 0.0253333 0.0466125 0.0506667 1.33519e-05
0 0.420054 0.961333 0.0227642 0.0613333 1.33527e-05
0 0.89458 0.984667 0.0731707 0.0306667 1.33865e-05
0 0.923306 0.689333 0.0449864 0.114667 1.34109e-05
0 0.692683 0.03 0.101897 0.06 1.34131e-05
0 0.293496 0.966 0.0417344 0.0413333 1.34184e-05
0 0.690515 0.213333 0.0249322 0.0906667 1.3443e-05
0 0.671274 0.684667 0.0189702 0.0386667 1.34482e-05
0 0.583198 0.312 0.0672087 0.0906667 1.34487e-05
0 0.483198 0.0666667 0.0948509 0.133333 1.34618e-05
0 0.201897 1 0.0699187 0 1.35019e-05
0 0.612195 0.946667 0.0612466 0.106667 1.35878e-05
0 0.401897 0.756 0.0482385 0.0293333 1.36031e-05
0 0.589702 0.0866667 0.0346883 0.141333 1.36076e-05
0 0.784282 0.343333 0.0552846 0.158667 1.36344e-05
0 0.369648 0.048 0.0498645 0.064 1.36681e-05
0 0.917073 0.460667 0.0769648 0.148 1.36997e-05
0 0.67019 0.00133333 0.0493225 0.00266667 1.37119e-05
0 0.486992 0.896 0.0460705 0.208 1.37184e-05
0 0.220054 0.0773333 0.0943089 0.149333 1.37226e-05
0 0.586992 0.528667 0.0281843 0.0226667 1.37576e-05
0 0.468022 0.774 0.160976 0.452 1.37586e-05
0 0.19458 0.968 0.0455285 0.0613333 1.37602e-05
0 0.754472 0.779333 0.0802168 0.236 1.37719e-05
0 0.811382 0.270667 0.097561 0.224 1.37815e-05
0 0.621138 0.0286667 0.0747968 0.0573333 1.38174e-05
0 0.597019 0.0593333 0.00704607 0.118667 1.3828e-05
0 0.782114 0.514667 0.0184282 0.0533333 1.39002e-05
0 0.806504 0.453333 0.0227642 0.0746667 1.39138e-05
0 0.424932 0.512667 0.132249 0.478667 1.39358e-05
0 0.623306 0.924 0.0379404 0.114667 1.39757e-05
0 0.759892 0.838667 0.0368564 0.0506667 1.40481e-05
0 0.722493 0.397333 0.0336043 0.0773333 1.40519e-05
0 0.945257 0.874 0.0932249 0.190667 1.40781e-05
0 0.728184 0.419333 0.0168022 0.06 1.40985e-05
0 0.589431 0.088 0.0514905 0.176 1.41188e-05
0 0.293225 0.937333 0.0433604 0.0853333 1.41254e-05
0 0.318699 0.642667 0.0856369 0.16 1.41336e-05
0 0.553388 0.741333 0.0216802 0.072 1.41379e-05
0 0.214634 0.334 0.0856369 0.265333 1.41398e-05
0 0.0669377 0.000666667 0.0536585 0.00133333 1.42637e-05
0 0.613279 0.206667 0.136043 0.413333 1.433e-05
0 0.260705 0 0.0899729 0 1.43409e-05
0 0.28374 0.71 0.116531 0.265333 1.43522e-05
0 0.526287 0.99 0.0715447 0.02 1.43748e-05
0 0.817886 0.844667 0.0563686 0.092 1.43859e-05
0 0.452846 0.405333 0.0373984 0.109333 1.43878e-05
0 0.833062 0.34 0.0910569 0.2 1.4438e-05
0 0.260976 0.938 0.121951 0.110667 1.44707e-05
0 0.135772 0.964 0.099187 0.0586667 1.44716e-05
0 0.587534 0.151333 0.0639566 0.150667 1.45019e-05
0 0.734688 0.554 0.0807588 0.236 1.4555e-05
0 0.415176 0.986667 0.0813008 0.0266667 1.46047e-05
0 0.743631 0.0306667 0.106233 0.0613333 1.46289e-05
0 0.612737 0.156667 0.0536585 0.14 1.4666e-05
0 0.74607 0.459333 0.0634146 0.252 1.46713e-05
0 0.662331 0.282667 0.0607046 0.146667 1.46949e-05
0 0.608672 0.718667 0.0314363 0.0906667 1.47121e-05
0 0.861247 0.47 0.0650406 0.142667 1.47282e-05
0 0.299187 0.946 0.0845528 0.108 1.47686e-05
0 0.637398 0.478 0.0661247 0.126667 1.49199e-05
0 0.88374 0.69 0.0937669 0.270667 1.493e-05
0 0.957995 0.436667 0.0352304 0.092 1.49452e-05
0 0.983198 0.849333 0.0249322 0.130667 1.49471e-05
0 0.292683 0.993333 0.0487805 0.0133333 1.49704e-05
0 0.68645 0.604 0.0428184 0.048 1.49895e-05
0 0.197019 0.928667 0.0677507 0.102667 1.50024e-05
0 0.815176 0.884 0.0834688 0.232 1.50158e-05
0 0.718699 0.58 0.0390244 0.0373333 1.5164e-05
0 0.514092 1 0.0720867 0 1.51663e-05
0 0.569648 0.115333 0.0780488 0.18 1.51777e-05
0 0.482656 0.872 0.0124661 0.096 1.51946e-05
0 0.630352 0.605333 0.0682927 0.245333 1.52267e-05
0 0.728184 1 0.0742547 0 1.52623e-05
0 0.166938 0.02 0.0498645 0.04 1.5274e-05
0 0.0124661 0.634 0.0249322 0.137333 1.52829e-05
0 0.0794038 0.997333 0.0753388 0.00533333 1.53445e-05
0 0.668022 0.131333 0.0731707 0.169333 1.53468e-05
0 0.941192 0.587333 0.095935 0.166667 1.54043e-05
0 0.756369 0.335333 0.0807588 0.228 1.54058e-05
0 0.369919 0.768 0.105691 0.0693333 1.54985e-05
0 0.880759 0.388 0.0303523 0.088 1.55142e-05
0 0.685637 0.348 0.0509485 0.152 1.55423e-05
0 0.694038 0.000666667 0.0504065 0.00133333 1.55494e-05
0 0.535772 0.694 0.0178862 0.052 1.55667e-05
0 0.935501 0.811333 0.128997 0.377333 1.56237e-05
0 0.28916 0.575333 0.0742547 0.166667 1.56558e-05
0 0.912466 0.529333 0.0764228 0.141333 1.57906e-05
0 0.757453 0.255333 0.0926829 0.188 1.58e-05
0 0.484282 0.869333 0.0287263 0.096 1.58234e-05
0 0.566396 0.340667 0.0747968 0.113333 1.58345e-05
0 0.922764 0.177333 0.145799 0.354667 1.5836e-05
0 0.76748 0.998 0.0509485 0.004 1.58602e-05
0 0.720054 0.439333 0.0254743 0.0466667 1.58638e-05
0 0.860705 0.664667 0.0303523 0.0866667 1.58817e-05
0 0.545799 0.970667 0.0281843 0.0186667 1.58858e-05
0 0.689973 0.580667 0.0758808 0.22 1.58904e-05
0 0.71355 0.854 0.105691 0.126667 1.59048e-05
0 0.265312 0.982 0.0861789 0.036 1.59098e-05
0 0.665312 0.347333 0.0460705 0.142667 1.59152e-05
0 0.838211 0.991333 0.0905149 0.0173333 1.59154e-05
0 0.781301 0.998 0.0460705 0.004 1.59797e-05
0 0.662331 0.684667 0.00542005 0.028 1.59812e-05
0 0.0143631 0.675333 0.0189702 0.276 1.60486e-05
0 0.988076 0.751333 0.0119241 0.137333 1.60704e-05
0 0.455827 0.994667 0.0466125 0.0106667 1.61174e-05
0 0.262873 0.708 0.106233 0.149333 1.61459e-05
0 0.601084 0.966 0.0346883 0.0466667 1.6158e-05
0 0.597832 0.717333 0.0411924 0.112 1.61583e-05
0 0.620054 0.334667 0.0433604 0.104 1.61651e-05
0 0.475881 0.82 0.0162602 0.08 1.62094e-05
0 0.582385 0.489333 0.0579946 0.333333 1.62439e-05
0 0.213821 0.342 0.0536585 0.126667 1.63143e-05
0 0.642276 0.0593333 0.0151762 0.118667 1.63211e-05
0 0.71355 0.166667 0.0775068 0.146667 1.63344e-05
0 0.990515 0.63 0.0189702 0.126667 1.63834e-05
0 0.506233 0.992 0.0390244 0.016 1.6419e-05
0 0.460163 0.402 0.133333 0.577333 1.64444e-05
0 0.746341 0.022 0.0422764 0.044 1.64642e-05
0 0.255556 0.989333 0.0449864 0.0213333 1.66241e-05
0 0.00704607 0.849333 0.0140921 0.146667 1.66338e-05
0 0.847696 0.807333 0.106233 0.206667 1.66441e-05
0 0.641463 0.618 0.0287263 0.0386667 1.66636e-05
0 0.913279 0.961333 0.124661 0.0773333 1.67574e-05
0 0.344173 0.004 0.0531165 0.008 1.67614e-05
0 0.882114 0.663333 0.0352304 0.1 1.67991e-05
0 0.402168 0.210667 0.096477 0.282667 1.6846e-05
0 0.394851 0.972 0.0384824 0.056 1.68676e-05
0 0.963957 0.974667 0.0720867 0.0506667 1.69944e-05
0 0.0745257 1 0.0514905 0 1.70226e-05
0 0.455556 0.410667 0.0764228 0.178667 1.7036e-05
0 0.099187 1 0.0899729 0 1.71406e-05
0 0.471816 0.887333 0.0352304 0.137333 1.71559e-05
0 0.363144 0.074 0.0910569 0.148 1.71602e-05
0 0.168835 0.0546667 0.0493225 0.0746667 1.73346e-05
0 0.988618 0.688 0.0184282 0.138667 1.73809e-05
0 0.205962 0.000666667 0.0531165 0.00133333 1.73882e-05
0 0.40813 0.332 0.0823848 0.141333 1.73942e-05
0 0.714363 0.637333 0.0650406 0.290667 1.74122e-05
0 0.987805 0.96 0.0135501 0.0586667 1.74284e-05
0 0.218428 0.99 0.0487805 0.02 1.74332e-05
0 0.337398 0.016 0.102439 0.032 1.74344e-05
0 0.634417 0.534 0.0655827 0.126667 1.74438e-05
0 0.718157 0 0.0509485 0 1.7455e-05
0 0.857724 0.275333 0.138211 0.252 1.74732e-05
0 0.404607 0.274 0.134959 0.548 1.75069e-05
0 0.239566 0.936667 0.0444444 0.0866667 1.75121e-05
0 0.407588 0.944 0.0715447 0.112 1.75248e-05
0 0.670732 0.216 0.0612466 0.232 1.75648e-05
0 0.0105691 0.826 0.0211382 0.289333 1.75912e-05
0 0.808943 0.998 0.0439024 0.004 1.76551e-05
0 0.990786 0.394667 0.0184282 0.12 1.76706e-05
0 0.76206 0.538667 0.132249 0.514667 1.76887e-05
0 0.221951 0.258667 0.146883 0.517333 1.77023e-05
0 0.585637 0.660667 0.0590786 0.118667 1.77951e-05
0 0.533875 0.0446667 0.0780488 0.0893333 1.78097e-05
0 0.940108 0.416667 0.0157182 0.084 1.78632e-05
0 0.882114 0.026 0.0406504 0.052 1.78791e-05
0 0.303794 0.042 0.0883469 0.0786667 1.78872e-05
0 0.360434 0.982 0.0552846 0.036 1.79168e-05
0 0.475068 0.191333 0.140379 0.382667 1.79395e-05
0 0.612737 0.218 0.0731707 0.148 1.79633e-05
0 0.600271 0.54 0.0341463 0.125333 1.79901e-05
0 0.836585 0.695333 0.0785908 0.169333 1.80051e-05
0 0.111924 0.904 0.166396 0.0933333 1.81031e-05
0 0.212466 0.973333 0.0780488 0.0533333 1.81623e-05
0 0.467751 0 0.0531165 0 1.82699e-05
0 0.439566 0.03 0.107317 0.06 1.82816e-05
0 0.562873 0.0446667 0.0612466 0.0893333 1.83155e-05
0 0.867751 0.0293333 0.114905 0.0586667 1.83515e-05
0 0.905691 0 0.0531165 0 1.84482e-05
0 0.494038 0.515333 0.0449864 0.068 1.84526e-05
0 0.368293 0.963333 0.0298103 0.0573333 1.84536e-05
0 0.744444 0 0.0514905 0 1.84934e-05
0 0.831707 0.402667 0.0731707 0.122667 1.85315e-05
0 0.571274 0.596 0.0639566 0.152 1.87393e-05
0 0.495122 0.956667 0.0308943 0.0626667 1.87583e-05
0 0.832249 0.632667 0.0363144 0.0946667 1.87952e-05
0 0.384011 0.144667 0.0785908 0.278667 1.8847e-05
0 0.593225 0.0533333 0.0341463 0.106667 1.88577e-05
0 0.822493 0.191333 0.160976 0.382667 1.88647e-05
0 0.185908 0.0673333 0.0910569 0.134667 1.88678e-05
0 0.0132791 0.934667 0.0265583 0.130667 1.89347e-05
0 0.409214 0.96 0.0476965 0.048 1.90324e-05
0 0.39458 0.99 0.0411924 0.02 1.90568e-05
0 0.984282 0.27 0.0314363 0.308 1.91738e-05
0 0.154743 0.292 0.21626 0.584 1.91969e-05
0 0.758266 0.262667 0.147425 0.525333 1.92494e-05
0 0.0837398 0.993333 0.136043 0.0133333 1.92558e-05
0 0.780217 0.1 0.0915989 0.162667 1.92655e-05
0 0.83252 0.997333 0.0455285 0.00533333 1.93418e-05
0 0.356098 0.92 0.0726287 0.16 1.93847e-05
0 0.47019 0.817333 0.0764228 0.202667 1.94087e-05
0 0.537669 0.723333 0.0195122 0.0653333 1.94915e-05
0 0.508401 0.502 0.0596206 0.236 1.95057e-05
0 0.895935 0.086 0.0422764 0.113333 1.95157e-05
0 0.748239 0.05 0.0428184 0.0786667 1.9674e-05
0 0.540108 0.71 0.0460705 0.124 1.97409e-05
0 0.255827 0 0.0531165 0 1.98052e-05
0 0.882385 0.0566667 0.0433604 0.0973333 1.98203e-05
0 0.288889 0.640667 0.0813008 0.150667 1.98342e-05
0 0.370732 0.987333 0.0314363 0.0253333 1.98875e-05
0 0.801897 0.458667 0.0623306 0.205333 1.99148e-05
0 0.667209 0.406667 0.0585366 0.277333 1.99685e-05
0 0.22981 0.280667 0.0737127 0.206667 1.99937e-05
0 0.807859 0.696667 0.0460705 0.145333 2.01256e-05
0 0.738211 0.11 0.0856369 0.22 2.02435e-05
0 0.222222 0.591333 0.0747968 0.18 2.02572e-05
0 0.71084 0.252 0.0785908 0.173333 2.02806e-05
0 0.638211 0.076 0.00704607 0.114667 2.03765e-05
0 0.807588 0.424 0.0411924 0.106667 2.0398e-05
0 0.43794 0.916 0.0856369 0.168 2.04605e-05
0 0.486721 0.991333 0.0845528 0.0173333 2.04791e-05
0 0.61084 0.0853333 0.0422764 0.130667 2.05162e-05
0 0.48103 0.597333 0.0536585 0.0693333 2.05586e-05
0 0.63252 0.0893333 0.0542005 0.178667 2.06005e-05
0 0.635772 0.300667 0.0780488 0.14 2.06206e-05
0 0.0815718 0.046 0.0536585 0.0706667 2.07044e-05
0 0.687534 0.19 0.0482385 0.102667 2.08569e-05
0 0.128997 1 0.0487805 0 2.09442e-05
0 0.6271 0.726667 0.0596206 0.282667 2.09624e-05
0 0.490786 0.213333 0.0840108 0.272 2.10076e-05
0 0.94336 0.996667 0.0504065 0.00666667 2.11791e-05
0 0.267751 0.119333 0.0682927 0.118667 2.13971e-05
0 0.854201 0.757333 0.160434 0.485333 2.14048e-05
0 0.0588076 0.406 0.117615 0.388 2.1439e-05
0 0.0138211 0.864667 0.0124661 0.225333 2.14994e-05
0 0.548509 0.768 0.0184282 0.0933333 2.15833e-05
0 0.0490515 0.64 0.098103 0.309333 2.16092e-05
0 0.703523 1 0.0433604 0 2.16303e-05
0 0.861789 0.639333 0.0769648 0.204 2.16759e-05
0 0.605691 1 0.0363144 0 2.17009e-05
0 0.661789 0.939333 0.102981 0.121333 2.17517e-05
0 0.989973 0.258 0.0200542 0.14 2.18918e-05
0 0.987534 0.814 0.0130081 0.142667 2.19727e-05
0 0.925474 0.0206667 0.0514905 0.0413333 2.19958e-05
0 0.928184 1 0.0525745 0 2.2051e-05
0 0.344444 0.447333 0.0948509 0.417333 2.20759e-05
0 0.579675 1 0.0384824 0 2.21105e-05
0 0.217615 0.0393333 0.105691 0.0786667 2.21368e-05
0 0.0514905 0.328 0.0867209 0.298667 2.21562e-05
0 0.239566 0.844 0.188618 0.128 2.21873e-05
0 0.804336 0.0226667 0.0466125 0.0453333 2.22213e-05
0 0.788076 0.696667 0.0617886 0.153333 2.2307e-05
0 0.342005 0.026 0.0520325 0.0413333 2.23531e-05
0 0.163686 0.0753333 0.0888889 0.14 2.24705e-05
0 0.25935 0.538667 0.0785908 0.168 2.24742e-05
0 0.528726 0 0.0514905 0 2.24899e-05
0 0.234959 0.239333 0.0504065 0.150667 2.25069e-05
0 0.733333 0.330667 0.0617886 0.149333 2.26713e-05
0 0.143631 0.054 0.0509485 0.0786667 2.27179e-05
0 0.540379 0.98 0.0661247 0.04 2.27232e-05
0 0.818428 0 0.0531165 0 2.28107e-05
0 0.56477 0.538667 0.0195122 0.0426667 2.28819e-05
0 0.791057 0.03 0.107859 0.06 2.28867e-05
0 0.0203252 0.596 0.0406504 0.136 2.29068e-05
0 0.466125 0.912667 0.0639566 0.174667 2.30013e-05
0 0.454201 0.0213333 0.0455285 0.0426667 2.30095e-05
0 0.317615 0 0.0531165 0 2.30336e-05
0 0.477778 0.0913333 0.0894309 0.164 2.31158e-05
0 0.795664 1 0.0682927 0 2.32205e-05
0 0.532791 0.486667 0.0650406 0.141333 2.33036e-05
0 0.693496 0.768667 0.0861789 0.129333 2.33187e-05
0 0.612466 0.0426667 0.0444444 0.0853333 2.35817e-05
0 0.0921409 0.00466667 0.0552846 0.00933333 2.36334e-05
0 0.0417344 0.03 0.0476965 0.06 2.3671e-05
0 0.442818 0.000666667 0.0542005 0.00133333 2.37494e-05
0 0.607317 0.512667 0.126287 0.513333 2.37594e-05
0 0.765583 0.844667 0.113279 0.118667 2.37735e-05
0 0.230623 0.967333 0.0514905 0.0573333 2.39036e-05
0 0.309214 0.0166667 0.110027 0.0333333 2.39082e-05
0 0.704336 0.230667 0.0569106 0.096 2.40132e-05
0 0.461789 0.536667 0.0834688 0.289333 2.40219e-05
0 0.609485 0.312 0.0753388 0.104 2.40422e-05
0 0.464228 1 0.0753388 0 2.41068e-05
0 0.888889 0.231333 0.100813 0.246667 2.41284e-05
0 0.229268 0 0.0542005 0 2.41869e-05
0 0.378049 0.953333 0.0634146 0.0933333 2.423e-05
0 0.808672 0.655333 0.0238482 0.0786667 2.42694e-05
0 0.99187 0.560667 0.0162602 0.222667 2.43274e-05
0 0.83523 0.467333 0.0715447 0.132 2.43544e-05
0 0.182927 0.946667 0.0449864 0.0853333 2.45657e-05
0 0.639295 1 0.0731707 0 2.46234e-05
0 0.238482 0.980667 0.097561 0.0386667 2.46566e-05
0 0.243089 0.638 0.0471545 0.124 2.47301e-05
0 0.680759 0.618667 0.0607046 0.101333 2.47967e-05
0 0.606775 0.602 0.0558266 0.108 2.48472e-05
0 0.384011 0.745333 0.0417344 0.0453333 2.48556e-05
0 0.594851 0.966667 0.0612466 0.0666667 2.49293e-05
0 0.133604 0.459333 0.107859 0.209333 2.51797e-05
0 0.0298103 0.83 0.0390244 0.284 2.52459e-05
0 0.677778 1 0.0417344 0 2.53194e-05
0 0.520054 0.846 0.0742547 0.124 2.55316e-05
0 0.268293 0.992667 0.0466125 0.0146667 2.56331e-05
0 0.763686 0.984667 0.113821 0.0306667 2.57136e-05
0 0.979404 0.358667 0.0411924 0.274667 2.57158e-05
0 0.69187 0.914 0.134959 0.124 2.59166e-05
0 0.649051 0.0846667 0.0373984 0.126667 2.59223e-05
0 0.484824 0.275333 0.129539 0.276 2.59359e-05
0 0.708672 0.368 0.127371 0.504 2.5983e-05
0 0.551762 1 0.0747968 0 2.60092e-05
0 0.98103 0.544667 0.0325203 0.228 2.60377e-05
0 0.917344 0.028 0.119783 0.056 2.6101e-05
0 0.611382 0.103333 0.0563686 0.206667 2.61339e-05
0 0.907317 0.606 0.0628726 0.124 2.61641e-05
0 0.411111 0.0666667 0.0558266 0.112 2.61732e-05
0 0.13252 0.576667 0.099187 0.273333 2.62453e-05
0 0.531436 0.584667 0.0558266 0.337333 2.62498e-05
0 0.753388 0.280667 0.0628726 0.108 2.62609e-05
0 0.799187 0.661333 0.0168022 0.0746667 2.63802e-05
0 0.630352 0.986667 0.0401084 0.0266667 2.64666e-05
0 0.785637 0.282667 0.0677507 0.128 2.6506e-05
0 0.49458 0.967333 0.00921409 0.0546667 2.6533e-05
0 0.300813 0.438667 0.0845528 0.176 2.6627e-05
0 0.0542005 0.527333 0.108401 0.289333 2.66343e-05
0 0.658537 0.596 0.0661247 0.104 2.67274e-05
0 0.59187 0.748 0.0336043 0.04 2.67382e-05
0 0.613821 0.362667 0.0807588 0.176 2.68208e-05
0 0.0111111 0.568667 0.0222222 0.14 2.68432e-05
0 0.836585 0.1 0.114363 0.2 2.69106e-05
0 0.401355 0.285333 0.0753388 0.130667 2.69438e-05
0 0.774797 0.008 0.0785908 0.016 2.69655e-05
0 0.667751 0.688667 0.00325203 0.012 2.69833e-05
0 0.325474 0.411333 0.0829268 0.14 2.70087e-05
0 0.491328 1 0.0406504 0 2.71e-05
0 0.792954 0.0453333 0.0487805 0.0613333 2.71812e-05
0 0.672358 0.417333 0.0395664 0.149333 2.72292e-05
0 0.849322 0.546 0.0769648 0.121333 2.73894e-05
0 0.387534 0.0813333 0.0585366 0.128 2.74932e-05
0 0.836043 0.854 0.0514905 0.110667 2.75391e-05
0 0.542276 0.836667 0.0352304 0.076 2.75666e-05
0 0.152575 1 0.0471545 0 2.75953e-05
0 0.326829 0.884 0.115989 0.202667 2.7636e-05
0 0.842547 0 0.0536585 0 2.77025e-05
0 0.11626 0.00333333 0.0558266 0.00666667 2.79463e-05
0 0.482114 0.472667 0.0840108 0.145333 2.80649e-05
0 0.781572 0.00133333 0.0509485 0.00266667 2.80851e-05
0 0.360705 0.770667 0.0384824 0.0213333 2.81604e-05
0 0.991057 0.266667 0.0124661 0.106667 2.81694e-05
0 0.78645 0.42 0.0585366 0.117333 2.81719e-05
0 0.881572 0 0.0536585 0 2.8284e-05
0 0.461789 0.00666667 0.0856369 0.0133333 2.82881e-05
0 0.143089 0.0313333 0.123577 0.0626667 2.83638e-05
0 0.386992 0.982 0.0769648 0.036 2.84567e-05
0 0.48374 0.816 0.0243902 0.096 2.85628e-05
0 0.391328 0.0306667 0.106233 0.0613333 2.8711e-05
0 0.568564 0.875333 0.0292683 0.0653333 2.87756e-05
0 0.77832 0.534667 0.0487805 0.109333 2.88084e-05
0 0.469106 0.738 0.0417344 0.129333 2.88484e-05
0 0.43523 0.95 0.0715447 0.1 2.8993e-05
0 0.631707 0.977333 0.0775068 0.0453333 2.90015e-05
0 0.504065 1 0.0401084 0 2.91232e-05
0 0.0100271 0.0366667 0.0157182 0.0733333 2.91306e-05
0 0.0186992 0.476 0.0373984 0.138667 2.91513e-05
0 0.70271 0.264667 0.0276423 0.044 2.91911e-05
0 0.610569 0 0.0861789 0 2.92528e-05
0 0.267751 0.614667 0.169106 0.613333 2.95515e-05
0 0.99187 0.688667 0.0151762 0.284 2.96161e-05
0 0.636043 0.0526667 0.0373984 0.105333 2.96462e-05
0 0.80271 0.886667 0.0552846 0.104 2.97316e-05
0 0.925745 0.996667 0.108401 0.00666667 2.99278e-05
0 0.872087 0.645333 0.0314363 0.0853333 2.99677e-05
0 0.565041 0.834667 0.0395664 0.0666667 3.00137e-05
0 0.342818 0.99 0.0428184 0.02 3.00533e-05
0 0.765583 0.474 0.0287263 0.0333333 3.00983e-05
0 0.0398374 0.00533333 0.0547425 0.0106667 3.01409e-05
0 0.936043 0.078 0.0813008 0.118667 3.01954e-05
0 0.0208672 0.415333 0.0265583 0.297333 3.02638e-05
0 0.56748 0.986667 0.0368564 0.0266667 3.0481e-05
0 0.55149 0.988667 0.0710027 0.0226667 3.05098e-05
0 0.298374 0.074 0.0525745 0.108 3.07441e-05
0 0.429539 0.0626667 0.0710027 0.125333 3.09129e-05
0 0.265583 0.126 0.0813008 0.252 3.09411e-05
0 0.179404 0.000666667 0.0552846 0.00133333 3.11011e-05
0 0.971545 0.440667 0.0417344 0.0653333 3.11953e-05
0 0.393767 0.000666667 0.0536585 0.00133333 3.12789e-05
0 0.383198 0.746667 0.0856369 0.0773333 3.12819e-05
0 0.336043 0.938667 0.0704607 0.112 3.15899e-05
0 0.569377 0.867333 0.0504065 0.113333 3.17772e-05
0 0.910569 0.637333 0.099729 0.176 3.18224e-05
0 0.570461 0.904667 0.0276423 0.1 3.18496e-05
0 0.368293 0.002 0.0547425 0.004 3.18576e-05
0 0.970461 0.292 0.0579946 0.184 3.18705e-05
0 0.810027 0.0333333 0.0872629 0.0666667 3.19122e-05
0 0.217615 0.928 0.110027 0.144 3.20663e-05
0 0.262602 0.238667 0.120867 0.397333 3.22292e-05
0 0.00813008 0.135333 0.0130081 0.148 3.22402e-05
0 0.555827 0.720667 0.0514905 0.116 3.23137e-05
0 0.234417 0.540667 0.107859 0.236 3.24613e-05
0 0.42439 0.00666667 0.0813008 0.0133333 3.25733e-05
0 0.142276 0.02 0.0504065 0.04 3.285e-05
0 0.97019 0.0486667 0.0476965 0.0626667 3.29121e-05
0 0.0211382 0.16 0.0422764 0.149333 3.29853e-05
0 0.714905 0.0246667 0.097561 0.0493333 3.30288e-05
0 0.66477 0.688667 0.00921409 0.0173333 3.30541e-05
0 0.453659 0.72 0.0455285 0.130667 3.30665e-05
0 0.719512 0.421333 0.0211382 0.0613333 3.30839e-05
0 0.465583 0.948667 0.0563686 0.102667 3.30922e-05
0 0.362602 1 0.0661247 0 3.31054e-05
0 0.869648 1 0.0710027 0 3.31451e-05
0 0.0262873 0.976667 0.0525745 0.0466667 3.32684e-05
0 0.633333 0.0753333 0.00813008 0.118667 3.32857e-05
0 0.673713 0.224667 0.0433604 0.108 3.3399e-05
0 0.23794 1 0.0737127 0 3.34791e-05
0 0.401355 1 0.0666667 0 3.35527e-05
0 0.0192412 0.539333 0.0384824 0.137333 3.3563e-05
0 0.553117 0.65 0.0482385 0.132 3.36775e-05
0 0.905691 0.583333 0.0336043 0.0653333 3.37154e-05
0 0.334146 0.932667 0.0373984 0.0946667 3.3799e-05
0 0.513279 0.00666667 0.0726287 0.0133333 3.38245e-05
0 0.812195 0.826 0.130623 0.110667 3.38274e-05
0 0.153388 0.002 0.0563686 0.004 3.39475e-05
0 0.148509 0.0273333 0.0899729 0.0546667 3.40222e-05
0 0.275881 0.88 0.101897 0.144 3.4378e-05
0 0.555285 0.926 0.0352304 0.113333 3.44218e-05
0 0.166938 0.732 0.302439 0.536 3.44281e-05
0 0.803523 0.464 0.0417344 0.117333 3.4515e-05
0 0.531165 0.992667 0.0411924 0.0146667 3.45395e-05
0 0.355014 0.987333 0.0346883 0.0253333 3.47498e-05
0 0.984011 0.0726667 0.0319783 0.145333 3.47799e-05
0 0.0173442 0.910667 0.0346883 0.117333 3.53139e-05
0 0.928184 0 0.0536585 0 3.53548e-05
0 0.466125 0.056 0.0444444 0.088 3.53602e-05
0 0.652846 1 0.0395664 0 3.57268e-05
0 0.634688 0.084 0.0292683 0.128 3.57298e-05
0 0.739295 0.742 0.0314363 0.0413333 3.57579e-05
0 0.41897 0 0.0531165 0 3.57599e-05
0 0.529268 1 0.0406504 0 3.58179e-05
0 0.0932249 0.032 0.128997 0.064 3.58209e-05
0 0.842005 0.0313333 0.111111 0.0626667 3.58272e-05
0 0.754201 0.716667 0.0623306 0.121333 3.60081e-05
0 0.192412 1 0.0444444 0 3.61442e-05
0 0.972087 0.952 0.0558266 0.096 3.63114e-05
0 0.365041 0.218 0.0731707 0.26 3.63198e-05
0 0.554472 0 0.0520325 0 3.67151e-05
0 0.0119241 0.449333 0.0238482 0.133333 3.68452e-05
0 0.480759 0.844 0.0130081 0.0773333 3.69404e-05
0 0.654743 0.0406667 0.0552846 0.0813333 3.6957e-05
0 0.839024 0.908 0.0899729 0.117333 3.71824e-05
0 0.954201 0.246667 0.0915989 0.493333 3.72559e-05
0 0.0105691 0.288667 0.0211382 0.145333 3.73176e-05
0 0.0856369 0.0553333 0.097561 0.0866667 3.74861e-05
0 0.565312 0 0.0596206 0 3.7508e-05
0 0.742547 0.278 0.0260163 0.0946667 3.79048e-05
0 0.779946 0.790667 0.124661 0.394667 3.82224e-05
0 0.327642 0.538667 0.0937669 0.216 3.84013e-05
0 0.349322 0.964667 0.0373984 0.044 3.8497e-05
0 0.0108401 0.384667 0.0216802 0.137333 3.86414e-05
0 0.562873 0.983333 0.0731707 0.0333333 3.86752e-05
0 0.585366 0.505333 0.0411924 0.106667 3.89338e-05
0 0.54336 0.678667 0.0189702 0.0613333 3.90304e-05
0 0.728455 0.720667 0.0411924 0.0786667 3.9061e-05
0 0.619783 0.984667 0.0363144 0.0253333 3.90697e-05
0 0.160163 0.516 0.246612 0.573333 3.91162e-05
0 0.38916 0.279333 0.0281843 0.036 3.91314e-05
0 0.72981 1 0.0504065 0 3.92655e-05
0 0.568293 0.565333 0.0428184 0.410667 3.92949e-05
0 0.0390244 1 0.0552846 0 3.94128e-05
0 0.256911 0.246667 0.0813008 0.184 3.95425e-05
0 0.611382 0.952 0.0542005 0.0693333 3.97923e-05
0 0.764499 0.461333 0.0222222 0.0426667 3.98364e-05
0 0.0493225 1 0.0552846 0 4.00052e-05
0 0.861247 0.640667 0.0542005 0.121333 4.01278e-05
0 0.6271 0.732 0.0661247 0.125333 4.03963e-05
0 0.717615 0.636667 0.0487805 0.132 4.0686e-05
0 0.945799 0.036 0.0444444 0.0613333 4.07041e-05
0 0.884824 0.644 0.0644986 0.136 4.0731e-05
0 0.438753 0.993333 0.0926829 0.0133333 4.07684e-05
0 0.407588 0.879333 0.108401 0.209333 4.09489e-05
0 0.726829 0.416667 0.0563686 0.105333 4.12088e-05
0 0.558537 0.928667 0.0168022 0.105333 4.1641e-05
0 0.355285 0.018 0.0504065 0.036 4.19796e-05
0 0.746341 0.026 0.0910569 0.052 4.19943e-05
0 0.00894309 0.0633333 0.0124661 0.113333 4.20623e-05
0 0.666396 0.687333 0.0233062 0.0173333 4.20791e-05
0 0.950406 0.404 0.0471545 0.128 4.22826e-05
0 0.0097561 0.902 0.0195122 0.196 4.23323e-05
0 0.515176 0.988 0.0861789 0.024 4.24027e-05
0 0.987534 0.008 0.0249322 0.016 4.24476e-05
0 0.0560976 0.11 0.100271 0.22 4.27374e-05
0 0.725474 0.795333 0.234688 0.409333 4.31155e-05
0 0.452033 0.445333 0.0466125 0.157333 4.32788e-05
0 0.0338753 0.957333 0.0677507 0.0853333 4.33067e-05
0 0.971274 0.512 0.0509485 0.112 4.35013e-05
0 0.508943 0.256667 0.142005 0.513333 4.3535e-05
0 0.955014 0.476667 0.0899729 0.508 4.36787e-05
0 0.466396 1 0.0428184 0 4.40641e-05
0 0.0219512 0.636 0.0330623 0.301333 4.42382e-05
0 0.0203252 0.224 0.0406504 0.149333 4.432e-05
0 0.108943 0.052 0.0791328 0.0613333 4.47188e-05
0 0.808943 0.130667 0.108943 0.218667 4.48191e-05
0 0.372358 0.767333 0.220054 0.465333 4.49004e-05
0 0.908672 0.08 0.0872629 0.138667 4.50265e-05
0 0.985637 0.778667 0.0287263 0.354667 4.51108e-05
0 0.811382 0.989333 0.0899729 0.0213333 4.51154e-05
0 0.466667 0.62 0.0585366 0.130667 4.51372e-05
0 0.536856 0 0.0796748 0 4.51999e-05
0 0.614634 0.654 0.0617886 0.0973333 4.52035e-05
0 0.563144 0.492 0.0607046 0.122667 4.54396e-05
0 0.954472 0.00266667 0.0542005 0.00533333 4.54403e-05
0 0.604607 0 0.0525745 0 4.55742e-05
0 0.504607 0.945333 0.0585366 0.109333 4.578e-05
0 0.688347 0.434 0.0368564 0.110667 4.57882e-05
0 0.273442 0.028 0.0937669 0.056 4.59065e-05
0 0.10813 0.21 0.191328 0.398667 4.61408e-05
0 0.0135501 0.384667 0.0184282 0.268 4.63984e-05
0 0.473713 0.854 0.0173442 0.084 4.64039e-05
0 0.78103 0.476667 0.0498645 0.1 4.64213e-05
0 0.708943 0.378667 0.0704607 0.176 4.66549e-05
0 0.492141 0.725333 0.098645 0.354667 4.69657e-05
0 0.631436 1 0.0401084 0 4.69868e-05
0 0.54336 0.991333 0.0406504 0.0173333 4.70208e-05
0 0.544173 0.703333 0.0108401 0.0546667 4.71973e-05
0 0.838753 1 0.0796748 0 4.77014e-05
0 0.232791 0.306667 0.0363144 0.0933333 4.7874e-05
0 0.591599 0.897333 0.0384824 0.173333 4.80781e-05
0 0.603523 0.524667 0.0688347 0.161333 4.8371e-05
0 0.98916 0.488667 0.0216802 0.124 4.84462e-05
0 0.0219512 0.0293333 0.0439024 0.0586667 4.84945e-05
0 0.689973 0.467333 0.0184282 0.0653333 4.86321e-05
0 0.583469 0.538667 0.0243902 0.0453333 4.87805e-05
0 0.824119 0.00466667 0.0818428 0.00933333 4.87959e-05
0 0.536043 0.658 0.0292683 0.108 4.89856e-05
0 0.545799 0.732 0.0130081 0.0693333 4.90402e-05
0 0.713008 0.746667 0.0298103 0.0426667 4.93394e-05
0 0.316531 0.992667 0.0476965 0.0146667 4.95352e-05
0 0.631165 0.618667 0.0601626 0.08 4.96264e-05
0 0.502439 0 0.0531165 0 4.99831e-05
0 0.287534 0.868667 0.125203 0.262667 5.00423e-05
0 0.673713 0.512667 0.0357724 0.121333 5.01792e-05
0 0.252033 0.592 0.0661247 0.157333 5.03787e-05
0 0.734146 0.585333 0.0406504 0.0426667 5.07591e-05
0 0.784282 0.632667 0.0303523 0.102667 5.08934e-05
0 0.135772 0.926 0.110027 0.0946667 5.12519e-05
0 0.545528 0.698 0.0222222 0.06 5.16881e-05
0 0.0105691 0.0153333 0.0211382 0.0306667 5.18079e-05
0 0.786992 0.849333 0.19729 0.301333 5.20634e-05
0 0.871274 0.256 0.164228 0.512 5.21016e-05
0 0.0888889 0 0.0552846 0 5.21203e-05
0 0.114905 0.911333 0.119241 0.177333 5.23115e-05
0 0.368835 1 0.0352304 0 5.26583e-05
0 0.288889 1 0.0813008 0 5.26808e-05
0 0.299187 0.439333 0.127913 0.350667 5.27529e-05
0 0.55664 0.992 0.0422764 0.016 5.29512e-05
0 0.532249 0.586 0.0346883 0.142667 5.30628e-05
0 0.488076 0.538 0.0829268 0.137333 5.31199e-05
0 0.975339 0.144667 0.0493225 0.217333 5.31941e-05
0 0.382927 0.24 0.0590786 0.162667 5.32189e-05
0 0.0105691 0.17 0.0211382 0.252 5.3629e-05
0 0.760976 0.563333 0.0650406 0.145333 5.39246e-05
0 0.0295393 0.878 0.0590786 0.244 5.3986e-05
0 0.546612 0.724 0.0243902 0.0773333 5.40626e-05
0 0.374255 0.00866667 0.0948509 0.0173333 5.41007e-05
0 0.441463 1 0.0460705 0 5.42564e-05
0 0.612737 0.762 0.0243902 0.068 5.48423e-05
0 0.0116531 0.511333 0.0233062 0.14 5.48569e-05
0 0.988618 0.547333 0.0205962 0.126667 5.49086e-05
0 0.476152 0.851333 0.0352304 0.092 5.50952e-05
0 0.544444 0.926667 0.0493225 0.146667 5.51014e-05
0 0.508672 0.534 0.0341463 0.06 5.51824e-05
0 0.0444444 0.531333 0.0888889 0.689333 5.52685e-05
0 0.516531 0.896667 0.0758808 0.148 5.53221e-05
0 0.233875 0.946 0.0861789 0.0786667 5.56553e-05
0 0.72439 0.598 0.0287263 0.0546667 5.57366e-05
0 0.443089 0.0553333 0.0449864 0.076 5.57891e-05
0 0.801626 0.635333 0.0292683 0.0813333 5.57963e-05
0 0.241734 1 0.0476965 0 5.5878e-05
0 0.749052 0.467333 0.0563686 0.092 5.63633e-05
0 0.706233 0.416 0.0433604 0.106667 5.66731e-05
0 0.555014 1 0.0444444 0 5.67612e-05
0 0.891328 1 0.0504065 0 5.71304e-05
0 0.0504065 0 0.0552846 0 5.71442e-05
0 0.698103 0.458667 0.0531165 0.109333 5.72206e-05
0 0.161518 0.0353333 0.0813008 0.0706667 5.76674e-05
0 0.727642 0.903333 0.147967 0.174667 5.79187e-05
0 0.80813 0.634667 0.0563686 0.218667 5.80758e-05
0 0.394038 0.0173333 0.0476965 0.0346667 5.84733e-05
0 0.783469 0.0306667 0.0861789 0.0613333 5.86296e-05
0 0.990515 0.203333 0.0124661 0.137333 5.87918e-05
0 0.73794 0.564667 0.0699187 0.0973333 5.89179e-05
0 0.607046 0.983333 0.0379404 0.0306667 5.94482e-05
0 0.601626 0.929333 0.0433604 0.12 5.95313e-05
0 0.985366 0.157333 0.0292683 0.314667 5.96757e-05
0 0.579133 0 0.0525745 0 5.97454e-05
0 0.585637 0 0.0699187 0 5.98036e-05
0 0.6729 0 0.0829268 0 5.98243e-05
0 0.392412 1 0.0401084 0 6.00079e-05
0 0.757453 0.431333 0.0601626 0.113333 6.00989e-05
0 0.864499 0.994 0.109485 0.012 6.01036e-05
0 0.978862 0.0146667 0.0422764 0.0293333 6.01045e-05
0 0.292412 1 0.0504065 0 6.0213e-05
0 0.965854 0.998667 0.0487805 0.00266667 6.04293e-05
0 0.0357724 0.254667 0.0715447 0.509333 6.04616e-05
0 0.00813008 0.911333 0.0097561 0.134667 6.05963e-05
0 0.692412 0.00533333 0.0731707 0.0106667 6.08064e-05
0 0.567209 0.92 0.0460705 0.16 6.09696e-05
0 0.341463 0 0.0552846 0 6.13153e-05
0 0.866938 1 0.0493225 0 6.2001e-05
0 0.333062 0.99 0.0883469 0.02 6.22234e-05
0 0.982927 0.042 0.0341463 0.084 6.23924e-05
0 0.742818 0.0106667 0.0829268 0.0213333 6.24536e-05
0 0.984553 0.0526667 0.0287263 0.0706667 6.34389e-05
0 0.440379 0.445333 0.0482385 0.290667 6.37143e-05
0 0.692683 0.592 0.0628726 0.0826667 6.44882e-05
0 0.960434 0.028 0.0791328 0.056 6.48223e-05
0 0.779946 1 0.0498645 0 6.57058e-05
0 0.362331 0.0313333 0.107859 0.0626667 6.64773e-05
0 0.981301 0.636 0.0373984 0.336 6.65745e-05
0 0.865583 0.0586667 0.0682927 0.117333 6.66445e-05
0 0.0178862 0.336667 0.0357724 0.284 6.67009e-05
0 0.487805 0.964667 0.0108401 0.0413333 6.70262e-05
0 0.292683 0.989333 0.109485 0.0213333 6.71788e-05
0 0.824661 0.558667 0.0449864 0.088 6.72298e-05
0 0.957995 0.497333 0.0731707 0.205333 6.78564e-05
0 0.0143631 0.519333 0.0189702 0.278667 6.78729e-05
0 0.740921 0.622 0.0563686 0.254667 6.84983e-05
0 0.00731707 0.992667 0.0146341 0.0146667 6.89767e-05
0 0.417344 1 0.0433604 0 6.89778e-05
0 0.989973 0.108667 0.0200542 0.169333 6.90303e-05
0 0.765854 0 0.0542005 0 6.90415e-05
0 0.67832 0.478667 0.0395664 0.229333 6.93682e-05
0 0.0138211 0.000666667 0.0276423 0.00133333 7.18194e-05
0 0.90271 0 0.0547425 0 7.23882e-05
0 0.217344 1 0.0487805 0 7.27455e-05
0 0.0317073 0.340667 0.0634146 0.492 7.27615e-05
0 0.754743 1 0.0536585 0 7.32032e-05
0 0.667209 0 0.0531165 0 7.4265e-05
0 0.628184 0 0.0542005 0 7.44937e-05
0 0.817886 1 0.0466125 0 7.47178e-05
0 0.411382 0.94 0.0260163 0.0986667 7.50872e-05
0 0.46748 0.422 0.890515 0.844 7.54017e-05
0 0.899187 0.00733333 0.095393 0.0146667 7.55821e-05
0 0.791057 0 0.0547425 0 7.58769e-05
0 0.76477 1 0.0921409 0 7.60054e-05
0 0.901626 1 0.0905149 0 7.73459e-05
0 0.524119 0.522667 0.0281843 0.0453333 7.8043e-05
0 0.982114 0.024 0.0336043 0.0453333 7.81339e-05
0 0.744986 0.622 0.0189702 0.0786667 7.83588e-05
0 0.617615 0.811333 0.0471545 0.0413333 7.85833e-05
0 0.0192412 0.102 0.0330623 0.198667 7.86728e-05
0 0.0135501 0.292 0.0227642 0.258667 7.91336e-05
0 0.740379 0 0.0542005 0 7.98975e-05
0 0.992141 0.198667 0.0157182 0.210667 8.0363e-05
0 0.459079 0.034 0.0856369 0.068 8.04176e-05
0 0.267751 1 0.0487805 0 8.05244e-05
0 0.562873 0.858 0.0319783 0.068 8.08814e-05
0 0.61355 0.774 0.0379404 0.0386667 8.08907e-05
0 0.610298 0.969333 0.0650406 0.0613333 8.09651e-05
0 0.34065 1 0.0439024 0 8.10675e-05
0 0.0401084 0.726667 0.0802168 0.546667 8.12643e-05
0 0.488076 0.732 0.0688347 0.189333 8.23576e-05
0 0.842818 1 0.0487805 0 8.25004e-05
0 0.695122 0.598667 0.0406504 0.0266667 8.25961e-05
0 0.981572 0.456 0.0368564 0.229333 8.27424e-05
0 0.952575 0 0.0558266 0 8.28741e-05
0 0.875339 0.0833333 0.0715447 0.150667 8.45799e-05
0 0.647154 0.86 0.136585 0.28 8.48049e-05
0 0.34878 0.000666667 0.102439 0.00133333 8.50019e-05
0 0.0195122 0.778667 0.0336043 0.357333 8.52775e-05
0 0.616802 0.827333 0.109485 0.329333 8.57095e-05
0 0.88916 0.0426667 0.0850949 0.0853333 8.57671e-05
0 0.636585 0 0.0796748 0 8.59203e-05
0 0.0143631 1 0.0243902 0 8.60143e-05
0 0.373171 0.024 0.0840108 0.048 8.61345e-05
0 0.985908 0 0.0281843 0 8.61998e-05
0 0.715447 0 0.0542005 0 8.63681e-05
0 0.690786 0 0.0547425 0 8.67596e-05
0 0.161247 0.00733333 0.0926829 0.0146667 8.78175e-05
0 0.977236 0.546 0.0455285 0.121333 8.7851e-05
0 0.228184 0.413333 0.456369 0.826667 8.82781e-05
0 0.0102981 0.0886667 0.0205962 0.177333 8.83529e-05
0 0.0533875 0.209333 0.106775 0.365333 8.86011e-05
0 0.988618 0.449333 0.0227642 0.0906667 8.92106e-05
0 0.982656 0.420667 0.0346883 0.105333 8.9543e-05
0 0.988076 0.00866667 0.0184282 0.0173333 9.0177e-05
0 0.188618 0.016 0.0802168 0.032 9.02565e-05
0 0.0818428 0.02 0.0520325 0.04 9.03764e-05
0 0.98916 0.114667 0.0130081 0.128 9.11631e-05
0 0.952846 1 0.0542005 0 9.14138e-05
0 0.556369 0.798667 0.0406504 0.242667 9.15e-05
0 0.20271 0 0.0552846 0 9.22123e-05
0 0.990786 0.852 0.0140921 0.277333 9.25447e-05
0 0.0869919 0.016 0.108943 0.032 9.26954e-05
0 0.758808 0.0273333 0.0390244 0.0546667 9.28306e-05
0 0.126558 0 0.0569106 0 9.38421e-05
0 0.991599 0.955333 0.00704607 0.0893333 9.43506e-05
0 0.209756 0.00133333 0.0932249 0.00266667 9.45319e-05
0 0.792141 0.0133333 0.0796748 0.0266667 9.66391e-05
0 0.427371 0 0.0558266 0 9.68808e-05
0 0.867751 0.0113333 0.0867209 0.0226667 9.72667e-05
0 0.0205962 1 0.0411924 0 9.76478e-05
0 0.377507 0 0.0558266 0 9.76762e-05
0 0.97019 0.072 0.0585366 0.122667 9.79852e-05
0 0.48916 0.934667 0.0265583 0.104 9.80632e-05
0 0.522222 0.146 0.0731707 0.214667 9.89869e-05
0 0.0205962 0.485333 0.0411924 0.352 9.96169e-05
0 0.987805 0.88 0.0124661 0.146667 9.99716e-05
0 0.452304 0 0.0547425 0 0.000100322
0 0.477236 0 0.0547425 0 0.000101005
0 0.97832 0.474 0.0433604 0.0733333 0.000101201
0 0.714905 0 0.104065 0 0.000102557
0 0.704336 0.555333 0.0753388 0.110667 0.000102787
0 0.77019 0.0453333 0.0433604 0.0666667 0.000103879
0 0.969377 0.708667 0.0612466 0.244 0.000104668
0 0.216802 0.875333 0.150678 0.249333 0.000105124
0 0.485908 0 0.099187 0 0.000105735
0 0.407588 0.0226667 0.0433604 0.0426667 0.000105815
0 0.269919 0.05 0.0585366 0.1 0.000105934
0 0.0189702 0.0546667 0.0379404 0.109333 0.000106414
0 0.402439 0 0.0558266 0 0.000107427
0 0.704878 0.584 0.0395664 0.0346667 0.000108178
0 0.511111 0.509333 0.0466125 0.08 0.000108359
0 0.991057 0.0573333 0.0178862 0.114667 0.000108468
0 0.779404 0.797333 0.095393 0.138667 0.000110072
0 0.0300813 0.0646667 0.0493225 0.105333 0.000110834
0 0.445257 0.428 0.0254743 0.125333 0.000110925
0 0.415447 0.0126667 0.0785908 0.0253333 0.000111424
0 0.763957 0.000666667 0.095935 0.00133333 0.000111843
0 0.325203 0.893333 0.0650406 0.16 0.000112762
0 0.109485 0.942667 0.100813 0.0853333 0.000113134
0 0.961247 0.356667 0.0720867 0.214667 0.000113422
0 0.792954 0.469333 0.414092 0.938667 0.000114326
0 0.238211 0.885333 0.106775 0.146667 0.000117291
0 0.982385 0.994667 0.0243902 0.0106667 0.000118966
0 0.809756 0.635333 0.0422764 0.124 0.000120641
0 0.979404 0 0.0411924 0 0.000121185
0 0.372087 0.766 0.0428184 0.02 0.000121588
0 0.815718 0 0.0552846 0 0.000121653
0 0.736585 0.610667 0.0130081 0.0666667 0.000121798
0 0.957995 0.702667 0.0840108 0.557333 0.000121806
0 0.228997 0.832 0.273713 0.336 0.000122751
0 0.878049 0 0.0552846 0 0.000122807
0 0.991599 0.977333 0.0168022 0.0453333 0.000123497
0 0.822764 0.594 0.0617886 0.22 0.000124489
0 0.472087 0.624667 0.095393 0.249333 0.000125241
0 0.987805 0.888 0.0243902 0.224 0.000125385
0 0.99187 1 0.0162602 0 0.000125655
0 0.146883 0.431333 0.293767 0.862667 0.000129158
0 0.0149051 0.592667 0.0298103 0.364 0.000129523
0 0.117073 0.018 0.101897 0.036 0.000129631
0 0.520596 0.527333 0.0395664 0.076 0.000130795
0 0.949865 0.414667 0.0222222 0.096 0.00013159
0 0.416531 0.0306667 0.0655827 0.0613333 0.000133088
0 0.176694 0 0.0563686 0 0.000133643
0 0.790515 0.915333 0.121951 0.156 0.000134551
0 0.356911 0.942667 0.0384824 0.0773333 0.000135817
0 0.987263 0.914667 0.0178862 0.109333 0.000136325
0 0.73523 0.604667 0.0287263 0.068 0.000136607
0 0.758266 0.466667 0.0422764 0.0506667 0.000136719
0 0.150949 0 0.0569106 0 0.000138064
0 0.0319783 0.132 0.0585366 0.24 0.000139211
0 0.374526 0.756667 0.0628726 0.028 0.000142579
0 0.0601626 1 0.0878049 0 0.000143595
0 0.969106 0.573333 0.0617886 0.293333 0.000144059
0 0.615989 0.84 0.0547425 0.128 0.000144562
0 0.632791 0.632667 0.0395664 0.0333333 0.000146773
0 0.105149 0.024 0.0509485 0.0346667 0.000146845
0 0.325474 1 0.0785908 0 0.000149518
0 0.0663957 0.0286667 0.104607 0.0573333 0.000151013
0 0.00948509 1 0.0189702 0 0.000153399
0 0.159079 0.535333 0.318157 0.929333 0.000156501
0 0.839837 0 0.0558266 0 0.000160898
0 0.923577 0.00133333 0.107317 0.00266667 0.000162128
0 0.436314 0.000666667 0.101897 0.00133333 0.000162215
0 0.333062 0.052 0.124119 0.104 0.000162442
0 0.31626 1 0.0504065 0 0.000163352
0 0.873171 0.0913333 0.0357724 0.132 0.000165753
0 0.41084 0.0506667 0.0390244 0.0693333 0.000165851
0 0.326016 0.456667 0.0569106 0.158667 0.00016874
0 0.0246612 0.66 0.0493225 0.445333 0.000170498
0 0.573713 0.536 0.0265583 0.0266667 0.000171105
0 0.944173 0.01 0.0433604 0.02 0.000174795
0 0.72439 0.725333 0.0287263 0.0453333 0.000176826
0 0.376423 0.286 0.0319783 0.0786667 0.000176956
0 0.722222 0.739333 0.0341463 0.190667 0.000177288
0 0.974797 0.888667 0.0504065 0.182667 0.000177515
0 0.956911 0.996667 0.0699187 0.00666667 0.000178479
0 0.990244 0.0573333 0.0119241 0.0906667 0.000178954
0 0.488618 0.940667 0.0102981 0.092 0.000180145
0 0.717073 0.734667 0.0260163 0.0373333 0.000181532
0 0.569919 0.551333 0.0352304 0.0866667 0.000183409
0 0.755827 0.465333 0.0243902 0.0346667 0.000184548
0 0.336314 0.5 0.672629 1 0.000190325
0 0.0338753 0.0326667 0.0677507 0.0653333 0.000196726
0 0.547967 0.802667 0.0238482 0.144 0.000198993
0 0.433604 0.034 0.0574526 0.0626667 0.000199386
0 0.253659 0.0686667 0.0509485 0.110667 0.000205702
0 0.815718 0 0.113821 0 0.000206864
0 0.971003 0.408667 0.0569106 0.137333 0.000211044
0 0.760705 0.592 0.0341463 0.0586667 0.000212346
0 0.947154 0.016 0.0688347 0.032 0.000213056
0 0.987805 0.982667 0.0102981 0.0346667 0.000217464
0 0.560705 0.800667 0.0308943 0.137333 0.000220148
0 0.80813 0.522 0.38374 0.956 0.000221997
0 0.0208672 0.227333 0.0406504 0.396 0.000229296
0 0.0224932 0.006 0.0449864 0.012 0.000230491
0 0.75935 0.616 0.0401084 0.194667 0.000231948
0 0.363144 0.568 0.552846 0.864 0.000240306
0 0.886179 0 0.100813 0 0.000246645
0 0.782656 0.0286667 0.0411924 0.0466667 0.000255879
0 0.279133 0.708 0.558266 0.584 0.000256131
0 0.471003 0.5 0.596206 1 0.000259092
0 0.976152 0 0.0476965 0 0.000261472
0 0.0894309 0.00533333 0.126829 0.0106667 0.000264636
0 0.848509 0.002 0.0937669 0.004 0.000265668
0 0.956098 0.022 0.0682927 0.044 0.000266743
0 0.098916 0.0266667 0.0905149 0.0533333 0.000268141
0 0.388889 0.002 0.107859 0.004 0.000270644
0 0.428184 0.052 0.0379404 0.0693333 0.000272628
0 0.623306 0.607333 0.691599 0.785333 0.000275537
0 0.0281843 1 0.0531165 0 0.000278656
0 0.0303523 0.998 0.0607046 0.004 0.000285085
0 0.834688 0.574 0.0433604 0.06 0.000287287
0 0.987534 1 0.0184282 0 0.000302268
0 0.162873 0.000666667 0.118699 0.00133333 0.000318345
0 0.979946 0.999333 0.0401084 0.00133333 0.000352687
0 0.678862 0.484 0.0287263 0.08 0.000352841
0 0.575339 0.54 0.0189702 0.0613333 0.000383282
0 0.682927 0.478 0.0119241 0.0386667 0.000404215
0 0.991599 0.921333 0.0157182 0.157333 0.000405041
0 0.0322493 0.008 0.0644986 0.016 0.000415481
0 0.418699 0.03 0.0384824 0.052 0.000419196
0 0.594851 0.760667 0.0222222 0.26 0.00043545
0 0.7271 0.746 0.0406504 0.0493333 0.000436669
0 0.961789 0.00333333 0.0764228 0.00666667 0.000442959
0 0.679133 0.485333 0.0151762 0.0266667 0.000443727
0 0.978591 1 0.0395664 0 0.000486193
0 0.38374 0.77 0.0693767 0.0333333 0.000514821
0 0.989973 0.934 0.00921409 0.110667 0.000524541
0 0.751761 0.605333 0.0390244 0.0853333 0.000541911
0 0.382114 0.289333 0.0130081 0.0266667 0.000548729
0 0.541192 0.862667 0.0211382 0.064 0.000569587
0 0.8271 0.602667 0.0498645 0.101333 0.000640376
0 0.0268293 0 0.0536585 0 0.000651751
0 0.941192 0.02 0.0373984 0.024 0.000671813
0 0.381843 0.289333 0.0222222 0.0453333 0.000738219
0 0.841463 0.584 0.0308943 0.0293333 0.000985562
0 0.685366 0.484667 0.0243902 0.0413333 0.00108981
0 0.515989 0.527333 0.0271003 0.0413333 0.00113199
0 0.555827 0.898667 0.0200542 0.112 0.00118926
0 0.307046 0.284 0.614092 0.568 0.00156992
0 0.284824 0.494667 0.521951 0.656 0.00297165
0 0.550135 0.858 0.0271003 0.124 0.00344459
0 0.76206 0.617333 0.0303523 0.0693333 0.00420302
0 0.275881 0.245333 0.371816 0.490667 0.00839242
0 0.599458 0.775333 0.0325203 0.06 0.00921194
0 0.822493 0.723333 0.313821 0.553333 0.0131041
0 0.621409 0.738667 0.297561 0.522667 0.0163778
0 0.472629 0.631333 0.260163 0.686667 0.0164083
0 0.322493 0.482667 0.21355 0.501333 0.0295774
0 0.723306 0.742 0.0200542 0.0386667 0.0386806
0 0.597019 0.758 0.0189702 0.044 0.271143
0 0.548781 0.865333 0.0189702 0.0613333 0.369519
0 0.276423 0.0733333 0.0910569 0.130667 0.608743
0 0.463686 0.680667 0.0655827 0.228 0.785184
0 0.82439 0.866667 0.101897 0.136 0.788333
0 0.611111 0.890667 0.0699187 0.194667 0.866026
0 0.328997 0.462 0.111653 0.217333 0.922743
