0 0.407588 0.894667 0.0813008 0.210667 1.71994e-05
0 0.836585 0.923333 0.0688347 0.153333 1.72189e-05
0 0.904336 0.004 0.0525745 0.008 1.72217e-05
0 0.674526 0.985333 0.0525745 0.0293333 1.72289e-05
0 0.523306 0.152 0.159892 0.304 1.72412e-05
0 0.30271 0.784 0.0623306 0.242667 1.72751e-05
0 0.207859 0.906 0.0850949 0.145333 1.72874e-05
0 0.330352 0.036 0.0211382 0.072 1.73622e-05
0 0.194038 0.41 0.0411924 0.278667 1.73884e-05
0 0.65935 0.952 0.0363144 0.064 1.74105e-05
0 0.0281843 0.488667 0.0325203 0.118667 1.74227e-05
0 0.469648 0.268 0.0514905 0.354667 1.74291e-05
0 0.75122 0.881333 0.0130081 0.0293333 1.75402e-05
0 0.809485 0.904667 0.0623306 0.134667 1.75601e-05
0 0.397832 0.004 0.0834688 0.008 1.75838e-05
0 0.517886 0.673333 0.0243902 0.117333 1.76012e-05
0 0.117615 0.062 0.0422764 0.0973333 1.76533e-05
0 0.485637 0.268667 0.0140921 0.0973333 1.76594e-05
0 0.649593 0.981333 0.0623306 0.0373333 1.76627e-05
0 0.292954 0.0193333 0.0341463 0.0386667 1.77162e-05
0 0.604607 0.458667 0.0547425 0.274667 1.77201e-05
0 0.533062 0.909333 0.0406504 0.114667 1.77316e-05
0 0.68916 0.267333 0.0590786 0.294667 1.77376e-05
0 0.309485 0.396667 0.0303523 0.052 1.77828e-05
0 0.63523 0.950667 0.0639566 0.0986667 1.77877e-05
0 0.18103 0.452 0.0368564 0.0906667 1.78087e-05
0 0.889431 0.150667 0.209214 0.301333 1.78181e-05
0 0.562331 0.766667 0.0330623 0.12 1.78819e-05
0 0.423306 0.279333 0.0476965 0.297333 1.78977e-05
0 0.0376694 0.82 0.0655827 0.264 1.79034e-05
0 0.620596 0.13 0.0303523 0.052 1.79246e-05
0 0.410569 0.602667 0.0363144 0.125333 1.79734e-05
0 0.779133 0.709333 0.0861789 0.232 1.79823e-05
0 0.38916 0.831333 0.0596206 0.142667 1.80088e-05
0 0.619241 0.162 0.142547 0.324 1.80709e-05
0 0.347696 0.631333 0.0807588 0.230667 1.81879e-05
0 0.226016 0.168667 0.0509485 0.121333 1.81992e-05
0 0.358808 0.840667 0.0466125 0.14 1.8212e-05
0 0.105149 0.824667 0.163686 0.350667 1.82276e-05
0 0.0138211 0.576667 0.0189702 0.222667 1.82576e-05
0 0.659621 0.455333 0.0520325 0.305333 1.82793e-05
0 0.988347 0.0713333 0.0233062 0.118667 1.83266e-05
0 0.656098 0.056 0.0699187 0.112 1.83424e-05
0 0.0292683 0.116 0.0422764 0.12 1.83426e-05
0 0.699729 0.988667 0.0628726 0.0226667 1.83604e-05
0 0.858537 0.952 0.0704607 0.0933333 1.83772e-05
0 0.00948509 0.762 0.0189702 0.145333 1.84142e-05
0 0.579675 0.179333 0.0428184 0.302667 1.8449e-05
0 0.765854 0.131333 0.0184282 0.0386667 1.84655e-05
0 0.409485 0.0146667 0.0482385 0.0293333 1.84939e-05
0 0.520867 0.720667 0.0151762 0.108 1.85367e-05
0 0.430894 0.910667 0.0531165 0.104 1.85448e-05
0 0.893225 0.992667 0.0466125 0.0146667 1.85601e-05
0 0.505691 0.477333 0.0325203 0.138667 1.8586e-05
0 0.433604 0.909333 0.0336043 0.0453333 1.86803e-05
0 0.577778 0.518667 0.0314363 0.114667 1.86878e-05
0 0.108672 0.142667 0.0471545 0.0666667 1.87087e-05
0 0.702981 0.08 0.0173442 0.088 1.87311e-05
0 0.911382 0.287333 0.113279 0.252 1.87675e-05
0 0.808943 0.860667 0.0428184 0.172 1.87857e-05
0 0.315176 0.940667 0.0677507 0.118667 1.87868e-05
0 0.51355 1 0.0612466 0 1.87893e-05
0 0.134146 0.988 0.0601626 0.024 1.87936e-05
0 0.28374 0.636667 0.0460705 0.132 1.87963e-05
0 0.566667 0.105333 0.0319783 0.146667 1.88002e-05
0 0.655556 0.214 0.0439024 0.124 1.88106e-05
0 0.213279 0.364667 0.0233062 0.036 1.88628e-05
0 0.943631 0.422667 0.0758808 0.202667 1.88654e-05
0 0.985908 0.955333 0.0108401 0.052 1.89101e-05
0 0.0498645 0.157333 0.099729 0.314667 1.89617e-05
0 0.256098 0.538667 0.0666667 0.136 1.89746e-05
0 0.540921 0.405333 0.0650406 0.149333 1.90363e-05
0 0.595935 0.09 0.0254743 0.092 1.904e-05
0 0.308943 0.144 0.132249 0.288 1.90597e-05
0 0.341734 0.121333 0.0558266 0.242667 1.90679e-05
0 0.0634146 0.170667 0.0411924 0.096 1.91185e-05
0 0.307588 0.520667 0.0612466 0.292 1.91927e-05
0 0.450678 0.990667 0.0634146 0.0186667 1.92229e-05
0 0.757453 0.0866667 0.0699187 0.173333 1.92589e-05
0 0.459079 0.586667 0.0520325 0.349333 1.92809e-05
0 0.477778 0.152667 0.0135501 0.105333 1.93063e-05
0 0.373171 0.676 0.0406504 0.136 1.93903e-05
0 0.210298 0.529333 0.0780488 0.184 1.94117e-05
0 0.514634 0.594667 0.0276423 0.0986667 1.94185e-05
0 0.456369 0.992 0.0379404 0.016 1.94245e-05
0 0.986179 0 0.0276423 0 1.94284e-05
0 0.120325 0.526667 0.0834688 0.184 1.94464e-05
0 0.692141 0.980667 0.0249322 0.0386667 1.95041e-05
0 0.993225 0.481333 0.0135501 0.178667 1.96555e-05
0 0.774797 0.991333 0.0601626 0.0173333 1.96951e-05
0 0.441463 0.00866667 0.0504065 0.0173333 1.96986e-05
0 0.644444 0.155333 0.0238482 0.0466667 1.97155e-05
0 0.561518 0.656667 0.0227642 0.068 1.97546e-05
0 0.290515 0.453333 0.0585366 0.317333 1.97941e-05
0 0.698645 0.0606667 0.0411924 0.121333 1.97987e-05
0 0.108672 0.917333 0.095935 0.16 1.98158e-05
0 0.0542005 0.465333 0.0856369 0.176 1.98252e-05
0 0.551762 0.635333 0.0227642 0.0493333 1.98868e-05
0 0.0818428 0.539333 0.0845528 0.166667 1.98874e-05
0 0.139295 0.131333 0.0520325 0.0626667 1.99831e-05
0 0.756911 0.692667 0.0243902 0.0466667 2.00431e-05
0 0.209485 0.956667 0.0742547 0.0866667 2.0183e-05
0 0.285366 0.779333 0.0482385 0.132 2.01911e-05
0 0.584824 0.0313333 0.0715447 0.0626667 2.02222e-05
0 0.604607 0.428 0.0178862 0.0693333 2.02889e-05
0 0.57832 0.278667 0.0271003 0.0906667 2.03272e-05
0 0.358537 0.896 0.0536585 0.208 2.03419e-05
0 0.0596206 0.196667 0.119241 0.393333 2.03668e-05
0 0.664228 0.61 0.0514905 0.286667 2.03763e-05
0 0.320054 0.649333 0.0363144 0.122667 2.04194e-05
0 0.558266 0.7 0.0520325 0.346667 2.04945e-05
0 0.784824 0.904667 0.0520325 0.134667 2.05113e-05
0 0.192683 0.993333 0.0449864 0.0133333 2.05251e-05
0 0.331165 0.846 0.0498645 0.132 2.05379e-05
0 0.263144 0.65 0.0504065 0.14 2.05777e-05
0 0.711111 0.275333 0.0476965 0.294667 2.05875e-05
0 0.341734 0.626667 0.119783 0.546667 2.05887e-05
0 0.663144 0.949333 0.0829268 0.101333 2.06071e-05
0 0.42439 0.289333 0.0314363 0.141333 2.06214e-05
0 0.500542 0.923333 0.0666667 0.153333 2.06297e-05
0 0.781572 0.982667 0.0173442 0.0346667 2.06547e-05
0 0.41355 0.269333 0.0314363 0.152 2.08092e-05
0 0.976152 0.00733333 0.0476965 0.0146667 2.08338e-05
0 0.740921 0 0.0542005 0 2.08429e-05
0 0.666125 0.208667 0.134417 0.417333 2.08684e-05
0 0.762873 0.0426667 0.0677507 0.0853333 2.09072e-05
0 0.605691 0.33 0.0514905 0.118667 2.0937e-05
0 0.114363 0.654 0.098645 0.201333 2.09391e-05
0 0.0590786 0.972 0.0639566 0.0533333 2.10037e-05
0 0.846341 0.992 0.0363144 0.016 2.10867e-05
0 0.295122 0.576667 0.0254743 0.0653333 2.10948e-05
0 0.61897 0.662667 0.0509485 0.117333 2.11171e-05
0 0.363415 0.449333 0.0222222 0.0906667 2.11256e-05
0 0.559892 0.710667 0.0303523 0.157333 2.12172e-05
0 0.0222222 0.698667 0.0444444 0.133333 2.12325e-05
0 0.408401 0.407333 0.0558266 0.118667 2.12657e-05
0 0.310027 0.591333 0.0531165 0.129333 2.13127e-05
0 0.433062 0.957333 0.0650406 0.0853333 2.13139e-05
0 0.645799 0.159333 0.0135501 0.036 2.13722e-05
0 0.657453 0.33 0.0097561 0.06 2.13971e-05
0 0.954201 0 0.0547425 0 2.1421e-05
0 0.582114 0.976 0.0184282 0.0373333 2.14419e-05
0 0.302168 0.281333 0.0254743 0.08 2.14563e-05
0 0.312466 0.532 0.0417344 0.157333 2.14866e-05
0 0.756098 0.89 0.0325203 0.0413333 2.14867e-05
0 0.755556 0.624667 0.151762 0.556 2.14937e-05
0 0.512737 0.162667 0.0379404 0.208 2.15104e-05
0 0.508401 0.510667 0.0173442 0.114667 2.15583e-05
0 0.0617886 0.829333 0.123577 0.341333 2.1577e-05
0 0.833062 0.4 0.105149 0.184 2.15805e-05
0 0.347967 0.356 0.0346883 0.0693333 2.16268e-05
0 0.439295 0.197333 0.0178862 0.0213333 2.17384e-05
0 0.460434 0.146 0.144715 0.292 2.19686e-05
0 0.224661 0.986667 0.0590786 0.0266667 2.20428e-05
0 0.715176 0.006 0.0612466 0.012 2.20642e-05
0 0.756911 0.961333 0.0287263 0.072 2.20682e-05
0 0.0127371 0.577333 0.0254743 0.128 2.20865e-05
0 0.0655827 0.002 0.0531165 0.004 2.21803e-05
0 0.582656 0.449333 0.0173442 0.088 2.22721e-05
0 0.259079 0.467333 0.0585366 0.132 2.22722e-05
0 0.818157 0.516 0.249865 0.802667 2.22929e-05
0 0.519783 0.988667 0.0336043 0.0226667 2.23534e-05
0 0.580217 0.706 0.0493225 0.156 2.2366e-05
0 0.560705 0.986667 0.0514905 0.0266667 2.23728e-05
0 0.471545 0.535333 0.0379404 0.310667 2.24808e-05
0 0.420325 0.228667 0.0200542 0.14 2.25274e-05
0 0.371003 0.458 0.0200542 0.092 2.26305e-05
0 0.307859 0.840667 0.0422764 0.110667 2.26969e-05
0 0.524932 0.715333 0.0460705 0.313333 2.27208e-05
0 0.0105691 0.138667 0.0211382 0.2 2.27384e-05
0 0.42981 0.983333 0.0119241 0.0306667 2.27465e-05
0 0.657724 0.974667 0.0384824 0.0346667 2.28166e-05
0 0.624119 0.704 0.0558266 0.133333 2.28212e-05
0 0.313279 0.402 0.0466125 0.110667 2.28267e-05
0 0.530081 0.0513333 0.0314363 0.0866667 2.28517e-05
0 0.238211 0.999333 0.0666667 0.00133333 2.29224e-05
0 0.834417 0.179333 0.133875 0.358667 2.3002e-05
0 0.508401 0.172 0.0585366 0.344 2.30278e-05
0 0.539024 1 0.0590786 0 2.30493e-05
0 0.49187 0.355333 0.0276423 0.118667 2.3085e-05
0 0.476694 0.125333 0.0233062 0.0986667 2.31176e-05
0 0.0601626 0.117333 0.0661247 0.234667 2.31213e-05
0 0.781843 0.961333 0.0569106 0.0773333 2.31627e-05
0 0.496748 0.273333 0.0211382 0.0746667 2.32021e-05
0 0.411924 0.836 0.0542005 0.128 2.32104e-05
0 0.379675 0.393333 0.0319783 0.0453333 2.32197e-05
0 0.265312 0.597333 0.0547425 0.12 2.32371e-05
0 0.666667 0.809333 0.0498645 0.16 2.32443e-05
0 0.314092 0.444 0.0428184 0.117333 2.32853e-05
0 0.944173 0.994667 0.0476965 0.0106667 2.34406e-05
0 0.306233 0.406667 0.0097561 0.0426667 2.34769e-05
0 0.324119 0.354667 0.0682927 0.181333 2.36114e-05
0 0.0203252 0.795333 0.0406504 0.153333 2.36126e-05
0 0.990515 0.490667 0.00921409 0.114667 2.36402e-05
0 0.719241 0.254667 0.0216802 0.0773333 2.36666e-05
0 0.594038 0.431333 0.0227642 0.0866667 2.37371e-05
0 0.412466 0.0226667 0.0769648 0.0453333 2.37387e-05
0 0.188347 0.0973333 0.0558266 0.194667 2.37784e-05
0 0.70271 0.56 0.0287263 0.056 2.37896e-05
0 0.831707 0.993333 0.0373984 0.0133333 2.38095e-05
0 0.730352 0.229333 0.0287263 0.0533333 2.38498e-05
0 0.502981 0.274 0.0520325 0.252 2.39191e-05
0 0.633604 0.531333 0.0542005 0.108 2.39494e-05
0 0.507859 0.778 0.0401084 0.124 2.39523e-05
0 0.511382 0.0353333 0.0601626 0.0706667 2.39679e-05
0 0.276152 0.93 0.0775068 0.14 2.40019e-05
0 0.702439 0.371333 0.0390244 0.116 2.40239e-05
0 0.15664 0.976 0.0346883 0.0346667 2.40256e-05
0 0.624119 0.28 0.0504065 0.104 2.40811e-05
0 0.973442 0.990667 0.0531165 0.0186667 2.40865e-05
0 0.765041 0.00466667 0.0753388 0.00933333 2.40883e-05
0 0.644444 0.988667 0.0411924 0.0226667 2.41132e-05
0 0.523035 0.781333 0.0249322 0.125333 2.41516e-05
0 0.373984 0.682667 0.0151762 0.0906667 2.41631e-05
0 0.301897 0.419333 0.0162602 0.0546667 2.4194e-05
0 0.615447 0.836667 0.0590786 0.129333 2.42864e-05
0 0.472358 0.275333 0.0308943 0.126667 2.42889e-05
0 0.286179 0.85 0.0444444 0.129333 2.43313e-05
0 0.11084 0.642667 0.159892 0.549333 2.43561e-05
0 0.0796748 0.162 0.0693767 0.124 2.44149e-05
0 0.73794 0.911333 0.0504065 0.116 2.44174e-05
0 0.396477 0.779333 0.0146341 0.0493333 2.44608e-05
0 0.509214 0.908667 0.0547425 0.121333 2.45101e-05
0 0.404065 0.768667 0.0471545 0.116 2.46036e-05
0 0.468564 0.988667 0.0330623 0.0226667 2.46702e-05
0 0.729268 0.05 0.0753388 0.1 2.47249e-05
0 0.444715 0.0646667 0.0298103 0.0813333 2.47549e-05
0 0.495664 0.404 0.0113821 0.0746667 2.48862e-05
0 0.204878 0.945333 0.0433604 0.0853333 2.49158e-05
0 0.779404 0.844667 0.0487805 0.150667 2.49525e-05
0 0.833604 0.506 0.0531165 0.252 2.49985e-05
0 0.164499 0 0.0525745 0 2.50094e-05
0 0.526558 0.718 0.0319783 0.153333 2.50153e-05
0 0.32981 0 0.0504065 0 2.51304e-05
0 0.928997 1 0.0487805 0 2.52393e-05
0 0.212466 0.0186667 0.0639566 0.0373333 2.53892e-05
0 0.381572 0.491333 0.0455285 0.278667 2.54214e-05
0 0.547425 0.318 0.0216802 0.052 2.55022e-05
0 0.375068 0.3 0.0238482 0.0746667 2.55049e-05
0 0.109756 0.228 0.098103 0.181333 2.55596e-05
0 0.779946 0.844667 0.0802168 0.252 2.55879e-05
0 0.613008 0.980667 0.0552846 0.0386667 2.56497e-05
0 0.687263 0.00333333 0.0563686 0.00666667 2.56783e-05
0 0.296748 0.385333 0.0287263 0.133333 2.57204e-05
0 0.400813 0.764 0.0276423 0.0506667 2.58211e-05
0 0.706504 0.907333 0.0623306 0.142667 2.58294e-05
0 0.705691 0.63 0.127913 0.497333 2.58467e-05
0 0.832791 0.649333 0.154472 0.450667 2.58631e-05
0 0.311111 0.926667 0.0574526 0.109333 2.58961e-05
0 0.81355 0.956 0.0563686 0.088 2.59475e-05
0 0.479946 0.899333 0.0644986 0.201333 2.60386e-05
0 0.564228 0 0.0531165 0 2.62123e-05
0 0.717344 0.724667 0.0298103 0.0386667 2.62214e-05
0 0.212466 1 0.0715447 0 2.6227e-05
0 0.259892 0.0613333 0.0666667 0.122667 2.62465e-05
0 0.185095 0.0733333 0.0352304 0.0986667 2.63582e-05
0 0.271816 0.870667 0.0243902 0.0826667 2.63612e-05
0 0.0609756 0.0966667 0.0536585 0.153333 2.65097e-05
0 0.1729 0.896667 0.130081 0.190667 2.65126e-05
0 0.658266 0.325333 0.0189702 0.088 2.65888e-05
0 0.333604 0.0773333 0.0211382 0.0613333 2.66181e-05
0 0.380217 0.422667 0.0276423 0.08 2.66277e-05
0 0.779675 0.594667 0.0742547 0.256 2.6652e-05
0 0.717615 0.0766667 0.0379404 0.052 2.67297e-05
0 0.865041 0.988 0.0802168 0.024 2.67361e-05
0 0.317073 0.420667 0.0357724 0.0333333 2.67376e-05
0 0.508672 0.713333 0.0287263 0.133333 2.67924e-05
0 0.225203 0.283333 0.0601626 0.137333 2.68109e-05
0 0.879133 0 0.0520325 0 2.68312e-05
0 0.381301 0.972667 0.0373984 0.052 2.69168e-05
0 0.530081 0.0633333 0.0162602 0.092 2.69384e-05
0 0.744715 0.842667 0.0390244 0.106667 2.69646e-05
0 0.525203 0.0826667 0.0151762 0.072 2.69973e-05
0 0.484011 0.944667 0.0271003 0.102667 2.70192e-05
0 0.790786 0 0.0531165 0 2.70757e-05
0 0.661789 0.462667 0.0336043 0.141333 2.71443e-05
0 0.118699 0.137333 0.0845528 0.109333 2.71493e-05
0 0.830894 0.53 0.124661 0.268 2.72383e-05
0 0.807046 0.995333 0.0401084 0.00933333 2.72454e-05
0 0.719512 0.704 0.0276423 0.0666667 2.73444e-05
0 0.511382 0.701333 0.0146341 0.0746667 2.73575e-05
0 0.0485095 0.592 0.0471545 0.12 2.73859e-05
0 0.559621 0.908667 0.0547425 0.132 2.74112e-05
0 0.631436 0.404 0.0184282 0.048 2.75575e-05
0 0.721409 0.116667 0.0379404 0.233333 2.75712e-05
0 0.562331 0.504667 0.0222222 0.0706667 2.76788e-05
0 0.156369 0.994 0.0439024 0.012 2.7686e-05
0 0.590786 0.0546667 0.0346883 0.109333 2.77396e-05
0 0.732249 0.992667 0.0422764 0.0146667 2.78295e-05
0 0.473442 0.835333 0.0471545 0.257333 2.7894e-05
0 0.481301 0.986 0.0303523 0.028 2.80315e-05
0 0.33252 0.448 0.0710027 0.282667 2.8054e-05
0 0.274255 0.268667 0.0303523 0.0893333 2.80857e-05
0 0.398645 0.77 0.00921409 0.044 2.82277e-05
0 0.465854 0.912667 0.0406504 0.121333 2.82661e-05
0 0.339837 0.928667 0.0747968 0.142667 2.82848e-05
0 0.488347 1 0.0617886 0 2.83405e-05
0 0.495935 0.41 0.0368564 0.273333 2.84475e-05
0 0.410569 0.150667 0.0276423 0.181333 2.85144e-05
0 0.220054 0.978667 0.0303523 0.0293333 2.85835e-05
0 0.375339 0.404667 0.0471545 0.257333 2.86305e-05
0 0.0111111 0.775333 0.0146341 0.268 2.86633e-05
0 0.292683 0.548 0.0401084 0.122667 2.87945e-05
0 0.593767 0.988667 0.0341463 0.0226667 2.88959e-05
0 0.732249 0.488667 0.0693767 0.182667 2.89258e-05
0 0.638482 0.603333 0.0542005 0.1 2.89572e-05
0 0.0100271 0.970667 0.0146341 0.0586667 2.90061e-05
0 0.831707 0.0766667 0.0775068 0.153333 2.90198e-05
0 0.525474 0.112 0.0157182 0.0773333 2.92252e-05
0 0.0905149 0.096 0.0878049 0.152 2.9311e-05
0 0.668293 0.132667 0.0661247 0.182667 2.9372e-05
0 0.942547 0.985333 0.0878049 0.0293333 2.94511e-05
0 0.568293 0.192 0.0373984 0.109333 2.95841e-05
0 0.426829 1 0.0579946 0 2.96622e-05
0 0.546612 0.28 0.0536585 0.258667 2.97317e-05
0 0.233333 0.982667 0.0341463 0.0266667 2.97702e-05
0 0.988618 0.0446667 0.0227642 0.0893333 2.97798e-05
0 0.297019 0.46 0.0476965 0.133333 2.98024e-05
0 0.704878 0.995333 0.0406504 0.00933333 2.98106e-05
0 0.405962 0.496 0.0411924 0.128 2.98576e-05
0 0.312737 0.259333 0.110569 0.422667 2.98737e-05
0 0.754472 0.968 0.0476965 0.064 2.99034e-05
0 0.520867 0.0873333 0.0292683 0.132 2.99207e-05
0 0.536585 0.985333 0.0596206 0.0293333 2.99426e-05
0 0.168022 0.790667 0.212466 0.418667 2.99541e-05
0 0.80813 0.850667 0.0867209 0.216 2.9962e-05
0 0.756098 0.990667 0.0433604 0.0186667 2.99792e-05
0 0.900271 0.99 0.0932249 0.02 3.01021e-05
0 0.0121951 0.52 0.0243902 0.128 3.0142e-05
0 0.5271 0.612 0.0211382 0.024 3.01457e-05
0 0.451491 1 0.0607046 0 3.01769e-05
0 0.671816 0.739333 0.0308943 0.116 3.02423e-05
0 0.784011 0.78 0.0471545 0.194667 3.02726e-05
0 0.504065 0.335333 0.0509485 0.110667 3.02929e-05
0 0.488889 0.425333 0.0108401 0.0373333 3.03156e-05
0 0.504607 0.0106667 0.0292683 0.0213333 3.04644e-05
0 0.342005 0.154667 0.0281843 0.178667 3.04668e-05
0 0.974797 0.907333 0.0200542 0.108 3.0518e-05
0 0.533604 0.962 0.0439024 0.076 3.05554e-05
0 0.563957 1 0.0644986 0 3.05676e-05
0 0.752846 0.650667 0.0422764 0.130667 3.06802e-05
0 0.674526 0.541333 0.0493225 0.261333 3.07074e-05
0 0.606504 0.463333 0.0346883 0.110667 3.08523e-05
0 0.477507 0.109333 0.0487805 0.218667 3.09047e-05
0 0.468293 0.415333 0.0639566 0.126667 3.09492e-05
0 0.636585 0.129333 0.0395664 0.149333 3.10112e-05
0 0.534146 0.979333 0.0178862 0.0333333 3.10327e-05
0 0.0718157 0.987333 0.0547425 0.0253333 3.10344e-05
0 0.540921 0.0186667 0.0466125 0.0373333 3.11068e-05
0 0.550135 0.300667 0.0173442 0.0653333 3.11155e-05
0 0.262602 1 0.0655827 0 3.11162e-05
0 0.726016 0.696 0.0525745 0.106667 3.1201e-05
0 0.711382 0.958667 0.0634146 0.0826667 3.12165e-05
0 0.804065 0.0686667 0.0710027 0.137333 3.12178e-05
0 0.903523 1 0.0466125 0 3.12654e-05
0 0.297019 0.138667 0.0758808 0.181333 3.12928e-05
0 0.594309 0.923333 0.0460705 0.1 3.14833e-05
0 0.686179 0.991333 0.0758808 0.0173333 3.15242e-05
0 0.544715 0.322667 0.0401084 0.114667 3.15296e-05
0 0.836585 0.717333 0.0677507 0.565333 3.1551e-05
0 0.401355 0.112 0.0276423 0.088 3.15975e-05
0 0.884553 0.0413333 0.101897 0.0826667 3.16708e-05
0 0.378591 0 0.0525745 0 3.18309e-05
0 0.27832 0.324667 0.0655827 0.164 3.1862e-05
0 0.626287 0.408 0.0222222 0.0293333 3.19588e-05
0 0.308672 0.792667 0.0558266 0.126667 3.20229e-05
0 0.641192 0.725333 0.0401084 0.112 3.20311e-05
0 0.394309 0.159333 0.0525745 0.318667 3.20974e-05
0 0.44336 0.993333 0.0411924 0.0133333 3.21239e-05
0 0.430894 0.076 0.0639566 0.149333 3.21504e-05
0 0.693496 0.993333 0.0406504 0.0133333 3.22614e-05
0 0.956369 0.996667 0.0493225 0.00666667 3.22773e-05
0 0.604607 0.418667 0.0460705 0.117333 3.23552e-05
0 0.505149 1 0.0325203 0 3.2425e-05
0 0.406775 0.0593333 0.0308943 0.0653333 3.24307e-05
0 0.78103 0.995333 0.0368564 0.00933333 3.24435e-05
0 0.177236 0.508667 0.0173442 0.084 3.26017e-05
0 0.29729 0.084 0.0395664 0.168 3.26249e-05
0 0.570732 0.419333 0.0271003 0.132 3.26814e-05
0 0.321409 0.0533333 0.0271003 0.0666667 3.28488e-05
0 0.833062 0.569333 0.0325203 0.341333 3.28786e-05
0 0.843902 0.946 0.0325203 0.0973333 3.3079e-05
0 0.668835 0.989333 0.0346883 0.0213333 3.31223e-05
0 0.754743 0.630667 0.0764228 0.184 3.31251e-05
0 0.411653 0.987333 0.0710027 0.0253333 3.31643e-05
0 0.946341 0.384 0.107317 0.56 3.33442e-05
0 0.626829 1 0.0590786 0 3.33755e-05
0 0.906775 0.190667 0.132249 0.381333 3.33865e-05
0 0.483469 0.6 0.0444444 0.114667 3.34402e-05
0 0.701355 0.574 0.0205962 0.0306667 3.34726e-05
0 0.119783 0.171333 0.157182 0.342667 3.34864e-05
0 0.560976 0.987333 0.0715447 0.0253333 3.35094e-05
0 0.0853659 0.942 0.0211382 0.0466667 3.35379e-05
0 0.472629 0.659333 0.0238482 0.0546667 3.35645e-05
0 0.285366 0.592 0.0439024 0.112 3.35676e-05
0 0.173171 0.0573333 0.0406504 0.0933333 3.3636e-05
0 0.531165 0.0906667 0.0108401 0.0933333 3.42819e-05
0 0.313279 0.434667 0.0216802 0.101333 3.43169e-05
0 0.0224932 0.63 0.0287263 0.246667 3.44241e-05
0 0.35664 0.389333 0.0281843 0.0346667 3.44901e-05
0 0.369106 0.394667 0.0195122 0.0533333 3.45805e-05
0 0.219783 0.991333 0.0395664 0.0173333 3.45957e-05
0 0.363957 0.468 0.0439024 0.330667 3.46498e-05
0 0.676423 1 0.0661247 0 3.47616e-05
0 0.681301 0.954 0.0271003 0.0813333 3.47731e-05
0 0.852304 1 0.0677507 0 3.48331e-05
0 0.309756 0.423333 0.0135501 0.0413333 3.48371e-05
0 0.0319783 0.732 0.0563686 0.250667 3.48707e-05
0 0.768835 0.992667 0.0395664 0.0146667 3.49361e-05
0 0.175068 0.992 0.0780488 0.016 3.49379e-05
0 0.94607 0.344 0.101355 0.133333 3.50186e-05
0 0.475881 0.530667 0.00867209 0.032 3.50648e-05
0 0.213821 0.986667 0.0883469 0.0266667 3.51581e-05
0 0.852575 0 0.0531165 0 3.52806e-05
0 0.555285 0.99 0.0363144 0.02 3.54827e-05
0 0.113008 0.0686667 0.108943 0.137333 3.56128e-05
0 0.410298 0.024 0.0444444 0.0453333 3.56464e-05
0 0.967209 0.545333 0.0634146 0.282667 3.56668e-05
0 0.483469 0.0386667 0.0878049 0.0773333 3.56714e-05
0 0.0208672 0.976667 0.0341463 0.0413333 3.56884e-05
0 0.168835 0.995333 0.0449864 0.00933333 3.56988e-05
0 0.301626 0.0426667 0.0818428 0.0853333 3.58563e-05
0 0.335501 0.0506667 0.0433604 0.101333 3.59401e-05
0 0.630081 0.984 0.0308943 0.032 3.59885e-05
0 0.304065 0.227333 0.0401084 0.0573333 3.60948e-05
0 0.593225 0.123333 0.0482385 0.246667 3.61036e-05
0 0.0116531 0.366 0.0211382 0.113333 3.61111e-05
0 0.0238482 0.235333 0.0476965 0.145333 3.61462e-05
0 0.707859 0.677333 0.0205962 0.112 3.61818e-05
0 0.349865 0.216667 0.0178862 0.0813333 3.62574e-05
0 0.510298 0.983333 0.0655827 0.0333333 3.6372e-05
0 0.0197832 0.516 0.0211382 0.218667 3.65292e-05
0 0.925203 0.993333 0.109485 0.0133333 3.65563e-05
0 0.834688 0.032 0.0943089 0.064 3.65685e-05
0 0.553388 0.006 0.0509485 0.012 3.66538e-05
0 0.22981 1 0.0401084 0 3.67306e-05
0 0.519241 0.978 0.0292683 0.028 3.67692e-05
0 0.300271 1 0.0639566 0 3.68663e-05
0 0.412466 0.206667 0.0130081 0.101333 3.70465e-05
0 0.534146 0.0326667 0.0460705 0.0653333 3.7086e-05
0 0.793225 0.006 0.0796748 0.012 3.70955e-05
0 0.507046 0.271333 0.0178862 0.068 3.71136e-05
0 0.504336 0.283333 0.0352304 0.113333 3.71243e-05
0 0.482114 0.163333 0.0308943 0.193333 3.71405e-05
0 0.0750678 0.324 0.0796748 0.290667 3.72998e-05
0 0.343089 0.0853333 0.0346883 0.136 3.73122e-05
0 0.777778 0.647333 0.0498645 0.132 3.75013e-05
0 0.392141 0.0686667 0.0850949 0.137333 3.7511e-05
0 0.730081 0.700667 0.0303523 0.0546667 3.75626e-05
0 0.365583 0.03 0.098103 0.06 3.75954e-05
0 0.267209 0.194 0.0607046 0.164 3.76016e-05
0 0.902439 0 0.0542005 0 3.76026e-05
0 0.436856 0.993333 0.0726287 0.0133333 3.77615e-05
0 0.651762 1 0.0623306 0 3.77976e-05
0 0.987263 0.992667 0.0254743 0.0146667 3.79429e-05
0 0.356369 0.153333 0.0471545 0.306667 3.79617e-05
0 0.733062 0.976667 0.0352304 0.0386667 3.81131e-05
0 0.41897 0.989333 0.0357724 0.0213333 3.81315e-05
0 0.874797 0.99 0.0650406 0.02 3.81493e-05
0 0.482656 0.96 0.0146341 0.0746667 3.82679e-05
0 0.935772 0.0446667 0.0894309 0.0893333 3.8383e-05
0 0.40813 0.976 0.0466125 0.0426667 3.85837e-05
0 0.571816 0.337333 0.0151762 0.0693333 3.86098e-05
0 0.517073 0.71 0.0119241 0.0813333 3.86123e-05
0 0.531165 0.0106667 0.0498645 0.0213333 3.88709e-05
0 0.321138 0.032 0.0287263 0.064 3.88991e-05
0 0.588889 1 0.0590786 0 3.92274e-05
0 0.398374 0.142 0.0368564 0.190667 3.93039e-05
0 0.166938 0.0733333 0.0910569 0.146667 3.93502e-05
0 0.580488 0.990667 0.0325203 0.0186667 3.94455e-05
0 0.701084 0.231333 0.0211382 0.044 3.95204e-05
0 0.161789 0.139333 0.115447 0.113333 3.95603e-05
0 0.325745 1 0.0607046 0 4.00277e-05
0 0.836314 0.992667 0.0791328 0.0146667 4.01012e-05
0 0.0558266 0.928 0.0628726 0.144 4.0152e-05
0 0.976965 0.935333 0.0460705 0.129333 4.01713e-05
0 0.0216802 0.635333 0.0433604 0.129333 4.02502e-05
0 0.271816 0.906667 0.0395664 0.101333 4.0361e-05
0 0.468835 0.824 0.0130081 0.0746667 4.03725e-05
0 0.0138211 0.302667 0.0157182 0.24 4.0513e-05
0 0.0097561 0.0306667 0.0195122 0.0613333 4.05991e-05
0 0.555014 0.959333 0.0542005 0.0813333 4.06028e-05
0 0.457724 0.157333 0.0373984 0.154667 4.06428e-05
0 0.601355 0.270667 0.0211382 0.0426667 4.06715e-05
0 0.488889 0.223333 0.0314363 0.177333 4.06964e-05
0 0.113279 1 0.0639566 0 4.07412e-05
0 0.397019 0.35 0.0113821 0.0226667 4.07678e-05
0 0.353388 0 0.0531165 0 4.09325e-05
0 0.518699 0.0173333 0.0281843 0.0293333 4.10894e-05
0 0.0425474 0.421333 0.0276423 0.056 4.1205e-05
0 0.381843 0.924 0.0634146 0.122667 4.12099e-05
0 0.763686 1 0.0661247 0 4.12435e-05
0 0.511111 0.018 0.0303523 0.036 4.12601e-05
0 0.54607 0.974667 0.0373984 0.0373333 4.16145e-05
0 0.4 0.671333 0.110569 0.433333 4.16413e-05
0 0.612737 0.00333333 0.0666667 0.00666667 4.18136e-05
0 0.493496 0.420667 0.0102981 0.0466667 4.18423e-05
0 0.539024 0.034 0.0937669 0.068 4.19865e-05
0 0.660705 0.985333 0.0682927 0.0293333 4.19891e-05
0 0.408672 0.916667 0.0693767 0.105333 4.20091e-05
0 0.0433604 0.640667 0.0661247 0.241333 4.2059e-05
0 0.529539 1 0.0336043 0 4.21588e-05
0 0.438211 0.822 0.0579946 0.278667 4.22004e-05
0 0.49187 1 0.0330623 0 4.22689e-05
0 0.0726287 1 0.0628726 0 4.22707e-05
0 0.693225 0.270667 0.0542005 0.12 4.22764e-05
0 0.989431 0.0686667 0.00596206 0.126667 4.25262e-05
0 0.00894309 0.0893333 0.0157182 0.122667 4.2612e-05
0 0.575881 0.479333 0.0157182 0.0546667 4.27748e-05
0 0.708943 0.653333 0.0325203 0.149333 4.2929e-05
0 0.307588 0.986 0.0384824 0.028 4.2966e-05
0 0.671545 0.862667 0.0184282 0.08 4.30951e-05
0 0.0780488 1 0.0390244 0 4.31741e-05
0 0.471545 0.961333 0.0433604 0.0773333 4.31776e-05
0 0.553388 0.982 0.0227642 0.028 4.33232e-05
0 0.336314 0.396 0.0655827 0.104 4.33665e-05
0 0.769106 0.130667 0.0401084 0.04 4.33806e-05
0 0.341463 0.232 0.0476965 0.301333 4.34854e-05
0 0.541463 1 0.0336043 0 4.38396e-05
0 0.607317 0.985333 0.0341463 0.0293333 4.40204e-05
0 0.335501 0.926667 0.0552846 0.112 4.41622e-05
0 0.719512 0.1 0.0373984 0.122667 4.41736e-05
0 0.943089 0.287333 0.0878049 0.166667 4.42592e-05
0 0.357724 0.146667 0.0325203 0.176 4.4404e-05
0 0.454743 1 0.0357724 0 4.45736e-05
0 0.641463 0.151333 0.00704607 0.0493333 4.46038e-05
0 0.388889 1 0.0569106 0 4.50323e-05
0 0.118699 0.992667 0.0455285 0.0146667 4.50796e-05
0 0.988889 0.0326667 0.00813008 0.0653333 4.5164e-05
0 0.827642 0 0.0531165 0 4.5617e-05
0 0.636585 0.16 0.0146341 0.0346667 4.57119e-05
0 0.462873 0.986667 0.0726287 0.0266667 4.57613e-05
0 0.738753 1 0.0672087 0 4.58724e-05
0 0.0490515 0.635333 0.098103 0.478667 4.58954e-05
0 0.282656 0.0253333 0.0634146 0.0506667 4.62663e-05
0 0.00948509 0.824 0.0189702 0.152 4.63832e-05
0 0.736585 0 0.0834688 0 4.64212e-05
0 0.939837 0 0.0552846 0 4.65217e-05
0 0.413821 0.199333 0.0243902 0.145333 4.66382e-05
0 0.987534 0.55 0.0249322 0.265333 4.67393e-05
0 0.701626 1 0.0677507 0 4.68985e-05
0 0.531436 0.989333 0.0298103 0.0213333 4.69423e-05
0 0.478591 0.66 0.0292683 0.0906667 4.69581e-05
0 0.561789 0.280667 0.0298103 0.0813333 4.7029e-05
0 0.973442 0.283333 0.0509485 0.252 4.72061e-05
0 0.369106 0.429333 0.0205962 0.0826667 4.72229e-05
0 0.40542 0.958667 0.0661247 0.0826667 4.73168e-05
0 0.0853659 0.00666667 0.0840108 0.0133333 4.73593e-05
0 0.485366 0.218667 0.0514905 0.325333 4.74709e-05
0 0.404336 1 0.0336043 0 4.7503e-05
0 0.190244 0.408 0.0140921 0.04 4.77237e-05
0 0.25393 1 0.0384824 0 4.77311e-05
0 0.0135501 0.27 0.0271003 0.233333 4.79632e-05
0 0.20813 0.972 0.0401084 0.032 4.81184e-05
0 0.662331 0 0.0661247 0 4.81444e-05
0 0.410569 0.117333 0.0449864 0.234667 4.82326e-05
0 0.814363 1 0.0710027 0 4.83775e-05
0 0.988347 0.545333 0.00704607 0.144 4.84658e-05
0 0.807588 0.601333 0.109485 0.189333 4.85335e-05
0 0.350406 1 0.0601626 0 4.86391e-05
0 0.339837 0.45 0.0661247 0.145333 4.87037e-05
0 0.737669 0.992 0.0802168 0.016 4.88666e-05
0 0.189973 1 0.0449864 0 4.90156e-05
0 0.809214 0.153333 0.111653 0.28 4.91301e-05
0 0.468835 0.122667 0.0205962 0.088 4.91529e-05
0 0.0363144 0.523333 0.0726287 0.518667 4.93211e-05
0 0.0680217 0.992 0.0406504 0.016 4.96298e-05
0 0.893767 0.012 0.095393 0.024 4.98095e-05
0 0.479946 0.024 0.0547425 0.048 4.99025e-05
0 0.6271 0.938 0.0292683 0.084 5.00595e-05
0 0.292141 1 0.0357724 0 5.01919e-05
0 0.461789 0.582 0.0411924 0.118667 5.02064e-05
0 0.128997 0.456 0.0336043 0.024 5.02136e-05
0 0.519241 0.0126667 0.0379404 0.0253333 5.02404e-05
0 0.478591 1 0.0346883 0 5.03379e-05
0 0.88916 1 0.0850949 0 5.03787e-05
0 0.868022 0.972667 0.0384824 0.0306667 5.0627e-05
0 0.681572 0.99 0.0308943 0.02 5.06616e-05
0 0.637127 0.00133333 0.0644986 0.00266667 5.09227e-05
0 0.732249 0.171333 0.0411924 0.126667 5.10804e-05
0 0.809214 0.800667 0.0455285 0.398667 5.12381e-05
0 0.13794 0.990667 0.0883469 0.0186667 5.12891e-05
0 0.404607 0.988667 0.0384824 0.0226667 5.13935e-05
0 0.266938 0.896 0.0178862 0.04 5.16141e-05
0 0.0382114 0.00266667 0.0547425 0.00533333 5.17008e-05
0 0.304878 1 0.0352304 0 5.21395e-05
0 0.355285 1 0.0319783 0 5.21467e-05
0 0.981843 0.116 0.0341463 0.232 5.21927e-05
0 0.0626016 0.0226667 0.106775 0.0453333 5.22169e-05
0 0.391599 1 0.0352304 0 5.23006e-05
0 0.645257 0.807333 0.0612466 0.164 5.24841e-05
0 0.892141 1 0.0487805 0 5.25e-05
0 0.736856 0.963333 0.0547425 0.0733333 5.28238e-05
0 0.805691 0.778667 0.120867 0.309333 5.29924e-05
0 0.370461 0.936 0.0417344 0.128 5.30052e-05
0 0.971274 0.996 0.0422764 0.008 5.30348e-05
0 0.786721 0.998667 0.0829268 0.00266667 5.30633e-05
0 0.594038 0.0926667 0.0346883 0.164 5.31959e-05
0 0.56748 1 0.0368564 0 5.34903e-05
0 0.423035 0.036 0.0612466 0.0586667 5.38926e-05
0 0.725745 0.204667 0.0498645 0.233333 5.41148e-05
0 0.420596 0.978667 0.0205962 0.0346667 5.44052e-05
0 0.362873 0.389333 0.0319783 0.109333 5.44174e-05
0 0.331165 0.411333 0.0433604 0.0226667 5.44284e-05
0 0.446883 0.192 0.0200542 0.0186667 5.45323e-05
0 0.358266 0.0913333 0.0097561 0.0786667 5.45445e-05
0 0.573442 0.461333 0.0379404 0.248 5.4634e-05
0 0.724932 0.645333 0.0579946 0.234667 5.50914e-05
0 0.384011 0.353333 0.0243902 0.048 5.51227e-05
0 0.417615 1 0.0341463 0 5.52867e-05
0 0.73252 0.295333 0.0655827 0.14 5.5296e-05
0 0.0314363 0.936 0.0628726 0.128 5.55527e-05
0 0.546612 0.0133333 0.0753388 0.0266667 5.60215e-05
0 0.603252 0.258 0.0401084 0.0786667 5.60423e-05
0 0.362331 0.935333 0.0363144 0.0973333 5.60912e-05
0 0.311924 0.012 0.0677507 0.024 5.65183e-05
0 0.137398 0.008 0.0753388 0.016 5.66267e-05
0 0.492412 0.423333 0.0211382 0.052 5.66426e-05
0 0.240379 0.309333 0.0395664 0.253333 5.69478e-05
0 0.769377 0.978667 0.0276423 0.0293333 5.69614e-05
0 0.673442 0.897333 0.0493225 0.205333 5.69774e-05
0 0.100542 0.952667 0.0785908 0.0946667 5.69798e-05
0 0.187263 0.0146667 0.0764228 0.0293333 5.70397e-05
0 0.368022 0.471333 0.0303523 0.169333 5.70736e-05
0 0.495935 0.406 0.0249322 0.1 5.72046e-05
0 0.269648 0.294 0.0298103 0.092 5.77025e-05
0 0.869106 0.990667 0.0439024 0.0186667 5.81193e-05
0 0.703252 0.402667 0.0623306 0.114667 5.81527e-05
0 0.317073 1 0.0346883 0 5.81827e-05
0 0.368293 1 0.0308943 0 5.83452e-05
0 0.586179 0.426667 0.0287263 0.109333 5.83994e-05
0 0.475339 0.84 0.0314363 0.112 5.84665e-05
0 0.666938 1 0.0395664 0 5.85312e-05
0 0.472358 0.676667 0.0341463 0.246667 5.87093e-05
0 0.472358 0.144 0.0146341 0.088 5.88407e-05
0 0.347425 0.596 0.0401084 0.288 5.92013e-05
0 0.104878 1 0.0373984 0 5.93367e-05
0 0.430623 0.991333 0.0319783 0.0173333 5.96085e-05
0 0.810027 0.625333 0.0460705 0.253333 5.96732e-05
0 0.699458 0.492 0.0677507 0.154667 5.97209e-05
0 0.441463 1 0.0373984 0 5.99009e-05
0 0.250949 0.977333 0.0531165 0.0293333 6.00307e-05
0 0.514905 0.014 0.0682927 0.028 6.02181e-05
0 0.0577236 0.959333 0.0785908 0.0813333 6.10464e-05
0 0.0257453 0.972 0.0514905 0.056 6.12409e-05
0 0.590786 0.984 0.0672087 0.032 6.12675e-05
0 0.704336 0.644 0.0699187 0.170667 6.13025e-05
0 0.0119241 0.939333 0.0238482 0.121333 6.13348e-05
0 0.483469 0.920667 0.0476965 0.118667 6.1337e-05
0 0.384282 0.336667 0.0314363 0.0413333 6.19105e-05
0 0.848509 0 0.098103 0 6.19792e-05
0 0.843902 1 0.0379404 0 6.20313e-05
0 0.410027 0.144 0.0124661 0.101333 6.22195e-05
0 0.0742547 0.926667 0.0661247 0.146667 6.23647e-05
0 0.381301 0.983333 0.0623306 0.0333333 6.2689e-05
0 0.13794 1 0.0677507 0 6.29084e-05
0 0.64336 1 0.0379404 0 6.3124e-05
0 0.604336 1 0.0336043 0 6.31334e-05
0 0.544444 0.980667 0.0222222 0.0306667 6.32719e-05
0 0.359892 0.0886667 0.0271003 0.0946667 6.35111e-05
0 0.462331 0.811333 0.0151762 0.0973333 6.35132e-05
0 0.0414634 0.360667 0.0612466 0.233333 6.3861e-05
0 0.417344 0.0466667 0.0769648 0.0933333 6.43782e-05
0 0.381301 0.988667 0.0373984 0.0226667 6.46553e-05
0 0.351762 0.246 0.0173442 0.0706667 6.47141e-05
0 0.609756 0.094 0.0303523 0.0973333 6.52378e-05
0 0.910298 0.024 0.102439 0.048 6.57815e-05
0 0.379675 0.628667 0.0417344 0.148 6.62452e-05
0 0.0449864 0.536 0.0650406 0.2 6.62864e-05
0 0.186179 0.412 0.0308943 0.0293333 6.6343e-05
0 0.926016 1 0.103523 0 6.63578e-05
0 0.637669 0.136667 0.0222222 0.0493333 6.6415e-05
0 0.680488 0.975333 0.0189702 0.0413333 6.67582e-05
0 0.175881 1 0.0742547 0 6.68441e-05
0 0.247154 0.974667 0.0737127 0.0506667 6.75764e-05
0 0.133875 0.138 0.102981 0.06 6.7909e-05
0 0.729539 1 0.0411924 0 6.81585e-05
0 0.109756 0.986667 0.0753388 0.0266667 6.82862e-05
0 0.468022 0.0786667 0.0265583 0.072 6.82937e-05
0 0.617615 1 0.0330623 0 6.85791e-05
0 0.744715 0.974667 0.0390244 0.032 6.87674e-05
0 0.580759 0.190667 0.0384824 0.0906667 6.90095e-05
0 0.140379 0 0.0542005 0 6.90687e-05
0 0.967751 0.412 0.0644986 0.178667 6.92482e-05
0 0.991599 1 0.0168022 0 6.94798e-05
0 0.579946 1 0.0357724 0 6.95068e-05
0 0.314363 0.243333 0.0271003 0.076 6.95632e-05
0 0.265041 0.67 0.530081 0.66 7.00471e-05
0 0.669106 0.607333 0.0569106 0.105333 7.01769e-05
0 0.715447 0.254667 0.0411924 0.0933333 7.01973e-05
0 0.868564 1 0.0439024 0 7.03141e-05
0 0.69729 0.586667 0.0504065 0.12 7.05725e-05
0 0.76748 1 0.0411924 0 7.06021e-05
0 0.507588 0.0153333 0.0211382 0.0253333 7.07696e-05
0 0.636585 0.146667 0.0102981 0.0506667 7.1069e-05
0 0.0902439 0.0326667 0.0937669 0.0653333 7.11312e-05
0 0.0205962 0.553333 0.0379404 0.136 7.12268e-05
0 0.584011 0 0.0666667 0 7.13142e-05
0 0.817344 1 0.0411924 0 7.18779e-05
0 0.342276 1 0.0341463 0 7.29043e-05
0 0.634688 0.975333 0.0650406 0.0493333 7.29393e-05
0 0.962873 1 0.0742547 0 7.30582e-05
0 0.79187 1 0.0422764 0 7.38486e-05
0 0.692683 1 0.0411924 0 7.394e-05
0 0.406504 0.0853333 0.0216802 0.0746667 7.39419e-05
0 0.0260163 0.351333 0.0260163 0.153333 7.45045e-05
0 0.386992 0.488667 0.0531165 0.132 7.45241e-05
0 0.646883 0.119333 0.0514905 0.238667 7.47486e-05
0 0.00921409 0.945333 0.0130081 0.109333 7.48598e-05
0 0.696477 0.730667 0.0737127 0.154667 7.59487e-05
0 0.714363 0.212667 0.0238482 0.0866667 7.60792e-05
0 0.379675 1 0.0341463 0 7.61535e-05
0 0.365854 0.0506667 0.0552846 0.101333 7.64013e-05
0 0.245257 0.990667 0.0428184 0.0186667 7.72878e-05
0 0.0205962 0.907333 0.0216802 0.161333 7.76827e-05
0 0.363686 0.0913333 0.0108401 0.068 7.7794e-05
0 0.988076 0.254667 0.0238482 0.309333 7.78624e-05
0 0.399458 0.348 0.0184282 0.0453333 7.84907e-05
0 0.62168 0.103333 0.0401084 0.076 7.88172e-05
0 0.955014 1 0.0509485 0 7.92982e-05
0 0.476965 0.952 0.0173442 0.0826667 7.93531e-05
0 0.470461 0.531333 0.0357724 0.0973333 7.9418e-05
0 0.166938 1 0.0466125 0 7.95053e-05
0 0.237398 0.098 0.0574526 0.161333 7.97177e-05
0 0.542818 0.988 0.0319783 0.0213333 8.00139e-05
0 0.377236 0.403333 0.0444444 0.113333 8.08155e-05
0 0.241463 0.0266667 0.0905149 0.0533333 8.09933e-05
0 0.128997 1 0.0444444 0 8.10937e-05
0 0.250136 0.986 0.0384824 0.0226667 8.29651e-05
0 0.0807588 0.949333 0.0542005 0.088 8.35624e-05
0 0.70271 0.132 0.0449864 0.264 8.36246e-05
0 0.0273713 0.100667 0.0547425 0.201333 8.37826e-05
0 0.6271 0.961333 0.0238482 0.0506667 8.48166e-05
0 0.394038 0.981333 0.0379404 0.0346667 8.49222e-05
0 0.478049 0.074 0.0357724 0.102667 8.57559e-05
0 0.726016 0.657333 0.0352304 0.117333 8.58029e-05
0 0.138753 0.106667 0.114905 0.109333 8.61367e-05
0 0.247967 0.158 0.0558266 0.148 8.67541e-05
0 0.0701897 0.194667 0.0254743 0.08 8.67792e-05
0 0.0219512 0.446 0.0254743 0.14 8.70014e-05
0 0.345528 0.986667 0.0352304 0.0266667 8.8195e-05
0 0.342276 0.396 0.0395664 0.032 8.82429e-05
0 0.757453 0.977333 0.0352304 0.0293333 8.90019e-05
0 0.461247 0.694667 0.0216802 0.0746667 8.91361e-05
0 0.500271 0.966667 0.0466125 0.0666667 9.01375e-05
0 0.471274 0.772667 0.0308943 0.108 9.12987e-05
0 0.114634 0 0.0547425 0 9.23004e-05
0 0.126829 0.464667 0.0260163 0.02 9.23119e-05
0 0.44336 0.194667 0.0108401 0.0133333 9.25611e-05
0 0.550407 0.29 0.0373984 0.0973333 9.25985e-05
0 0.346341 0.234667 0.0292683 0.141333 9.26583e-05
0 0.696748 0.147333 0.0384824 0.177333 9.36687e-05
0 0.496477 0.0226667 0.0216802 0.0293333 9.45568e-05
0 0.453659 0.773333 0.0336043 0.210667 9.45747e-05
0 0.0542005 0.994667 0.0498645 0.0106667 9.46486e-05
0 0.675339 0.914667 0.0303523 0.133333 9.50867e-05
0 0.0276423 0.03 0.0552846 0.06 9.5421e-05
0 0.36206 0.608667 0.0260163 0.190667 9.60422e-05
0 0.442276 0.831333 0.0401084 0.129333 9.63208e-05
0 0.968564 0.026 0.0628726 0.052 9.70068e-05
0 0.183198 0.146667 0.139837 0.293333 9.7234e-05
0 0.41084 0.096 0.0314363 0.138667 9.7608e-05
0 0.573984 0.224667 0.0336043 0.0866667 9.83276e-05
0 0.48916 0.982 0.0525745 0.036 9.91493e-05
0 0.10271 0.978667 0.0363144 0.0346667 9.92164e-05
0 0.713008 0.168 0.0352304 0.144 9.94073e-05
0 0.60542 0.923333 0.0552846 0.153333 9.97059e-05
0 0.350678 0.600667 0.0292683 0.148 0.000100408
0 0.56477 0.292667 0.0433604 0.228 0.000101405
0 0.302981 0.324667 0.0368564 0.161333 0.000101753
0 0.0463415 0.28 0.0493225 0.226667 0.000102302
0 0.285366 0.983333 0.0753388 0.0333333 0.000103177
0 0.0634146 0 0.0552846 0 0.000103693
0 0.394038 0.0873333 0.0368564 0.110667 0.000104228
0 0.459892 0.1 0.0504065 0.2 0.000104328
0 0.0327913 0.194667 0.0655827 0.389333 0.000104664
0 0.18916 0.416 0.0314363 0.0613333 0.000104865
0 0.742005 0.198 0.0216802 0.0706667 0.000105357
0 0.0195122 0.946667 0.0325203 0.0906667 0.000105479
0 0.890786 0 0.141463 0 0.000105607
0 0.475339 0.974 0.0184282 0.0413333 0.000105704
0 0.867751 0.256667 0.160434 0.513333 0.000106233
0 0.0162602 0.0973333 0.0325203 0.168 0.000106348
0 0.0414634 0.313333 0.0276423 0.210667 0.000106662
0 0.586721 0.208 0.0265583 0.032 0.00010734
0 0.811924 0 0.123577 0 0.000107603
0 0.30813 0.272 0.0558266 0.146667 0.000107988
0 0.354472 0.254 0.0379404 0.233333 0.000108116
0 0.293496 0.324667 0.0222222 0.113333 0.000108792
0 0.0249322 0.326667 0.0498645 0.266667 0.000109186
0 0.697832 0.526 0.0460705 0.0973333 0.000109436
0 0.0121951 0.0126667 0.0243902 0.0253333 0.000109772
0 0.671816 0.952 0.0233062 0.0906667 0.000109922
0 0.601897 0.941333 0.0265583 0.056 0.000110764
0 0.0517615 1 0.0504065 0 0.000111516
0 0.990515 0.976667 0.0189702 0.0466667 0.000114476
0 0.0940379 0.962 0.0395664 0.076 0.000114546
0 0.962873 0 0.0558266 0 0.000114614
0 0.314092 0.979333 0.0644986 0.0413333 0.000115434
0 0.987805 0.126667 0.00596206 0.133333 0.000115447
0 0.649323 0.694 0.0910569 0.302667 0.000118474
0 0.725474 0.204 0.0449864 0.104 0.000118736
0 0.333604 0.404667 0.0395664 0.012 0.000119018
0 0.488076 0.961333 0.0319783 0.048 0.000119483
0 0.293225 0.975333 0.0379404 0.028 0.000122603
0 0.562873 0.314667 0.0189702 0.064 0.00012297
0 0.373171 0.5 0.746341 1 0.000124437
0 0.367209 0.105333 0.0254743 0.0773333 0.000124897
0 0.0333333 0.600667 0.0330623 0.172 0.000124917
0 0.395393 0.0406667 0.0872629 0.0813333 0.000126426
0 0.0888889 0 0.0552846 0 0.000126863
0 0.937669 0.0113333 0.0899729 0.0226667 0.000126871
0 0.286179 0.285333 0.0314363 0.101333 0.000128128
0 0.364499 0.109333 0.00704607 0.064 0.000128477
0 0.464499 0.667333 0.0216802 0.0546667 0.000128948
0 0.482927 0.0173333 0.0813008 0.0346667 0.000128974
0 0.618699 0.983333 0.0276423 0.0333333 0.000129295
0 0.450678 0.0346667 0.0644986 0.0693333 0.000129318
0 0.139566 0.0573333 0.113279 0.114667 0.00012939
0 0.487805 0.976 0.0184282 0.04 0.000129963
0 0.449865 0.737333 0.0271003 0.0906667 0.000131117
0 0.576965 0.216667 0.0243902 0.0466667 0.00013138
0 0.255285 0.275333 0.0574526 0.182667 0.000133932
0 0.255014 0.309333 0.0189702 0.0906667 0.000135007
0 0.274797 0.964667 0.0487805 0.0706667 0.000135092
0 0.275068 0.884667 0.0211382 0.044 0.000136588
0 0.0178862 0.406 0.0346883 0.254667 0.000137344
0 0.310569 0.972667 0.0379404 0.036 0.000137375
0 0.462873 0.782 0.0238482 0.0573333 0.000137378
0 0.186992 0.107333 0.113821 0.190667 0.000137661
0 0.463686 0.718 0.0319783 0.276 0.000137821
0 0.574526 0.465333 0.0249322 0.106667 0.000138255
0 0.0766938 0.961333 0.0211382 0.0426667 0.000138795
0 0.0596206 0.026 0.0802168 0.052 0.000138848
0 0.483469 0.0466667 0.0422764 0.056 0.000140202
0 0.98374 0.992 0.0249322 0.016 0.000141399
0 0.321951 0.96 0.0390244 0.0586667 0.000143413
0 0.0224932 0.886 0.0449864 0.174667 0.000145227
0 0.0837398 0.986667 0.0330623 0.024 0.000146523
0 0.73794 0.448 0.095935 0.309333 0.000146749
0 0.407317 0.118 0.0135501 0.0866667 0.000147234
0 0.67832 0.55 0.0211382 0.0386667 0.000151187
0 0.0287263 0.0546667 0.0476965 0.0826667 0.000151992
0 0.268293 0.153333 0.0672087 0.306667 0.000153246
0 0.498374 0.987333 0.0384824 0.0253333 0.000156582
0 0.993225 0.112667 0.0135501 0.225333 0.000159027
0 0.746341 0.42 0.0379404 0.106667 0.000160241
0 0.704878 0.102667 0.0341463 0.144 0.000160482
0 0.368022 0.352667 0.0205962 0.0893333 0.00016051
0 0.339566 0.398 0.0308943 0.0146667 0.000161072
0 0.443089 0.186 0.0157182 0.0253333 0.000163945
0 0.609485 0.27 0.0243902 0.0573333 0.000164126
0 0.465583 0.424 0.893225 0.848 0.000164377
0 0.468022 0.048 0.0406504 0.0506667 0.00016646
0 0.775068 0.398667 0.449865 0.797333 0.000168418
0 0.665312 0.565333 0.667209 0.869333 0.000170715
0 0.332249 0.986667 0.0357724 0.0266667 0.000172874
0 0.0135501 0.462667 0.0271003 0.173333 0.000173104
0 0.705691 0.211333 0.0238482 0.084 0.000174531
0 0.94607 0.643333 0.107859 0.545333 0.000174904
0 0.00840108 0.993333 0.0168022 0.0133333 0.000177085
0 0.111111 0.002 0.100813 0.004 0.000177352
0 0.0314363 0.964667 0.0628726 0.0706667 0.000178972
0 0.260434 0.0966667 0.0547425 0.172 0.000184139
0 0.36477 0.00733333 0.0899729 0.0146667 0.000184726
0 0.988618 1 0.0205962 0 0.000185371
0 0.981301 0.225333 0.0341463 0.224 0.000185524
0 0.731978 0.198667 0.0254743 0.0826667 0.00018751
0 0.0219512 0.148 0.0406504 0.210667 0.000188421
0 0.0379404 0 0.0563686 0 0.000194777
0 0.366125 0.299333 0.0373984 0.225333 0.000195731
0 0.0235772 0.65 0.0471545 0.356 0.000197705
0 0.992412 0.939333 0.0151762 0.118667 0.000198817
0 0.288618 0.0413333 0.0308943 0.0826667 0.000202165
0 0.986179 0.740667 0.0168022 0.161333 0.00020432
0 0.371274 0.342667 0.0411924 0.117333 0.00020884
0 0.568835 0.489333 0.0233062 0.0426667 0.000210003
0 0.347967 0.976 0.0314363 0.0346667 0.000212445
0 0.986992 0.983333 0.0130081 0.0333333 0.000213623
0 0.0330623 0.758 0.0661247 0.462667 0.000218023
0 0.568835 0.49 0.00921409 0.0306667 0.000230383
0 0.459079 0.795333 0.0303523 0.1 0.000230663
0 0.677236 0.552 0.0406504 0.0773333 0.000233711
0 0.0411924 0.261333 0.0823848 0.381333 0.000233872
0 0.0238482 0.544 0.0444444 0.266667 0.00023557
0 0.885908 0.663333 0.19458 0.561333 0.000250734
0 0.440379 0.193333 0.0276423 0.032 0.000251756
0 0.980488 0.998667 0.0390244 0.00266667 0.000253604
0 0.0154472 0.405333 0.0243902 0.152 0.000253642
0 0.539295 0.00733333 0.0791328 0.0146667 0.000254989
0 0.490515 0.0573333 0.0227642 0.0533333 0.000256501
0 0.986179 0.903333 0.00921409 0.14 0.000258168
0 0.1 0.987333 0.0276423 0.0253333 0.000261206
0 0.472087 0.526667 0.0097561 0.0373333 0.000261612
0 0.138211 0.429333 0.276423 0.858667 0.000266509
0 0.459621 0.0633333 0.0422764 0.116 0.000266741
0 0.387534 0.584667 0.098645 0.158667 0.000267085
0 0.982114 0.864 0.0151762 0.125333 0.000271016
0 0.136043 0.587333 0.272087 0.825333 0.000274361
0 0.0097561 0.887333 0.0184282 0.209333 0.000277555
0 0.466125 0.0226667 0.0455285 0.0426667 0.000278854
0 0.0100271 1 0.0200542 0 0.000288845
0 0.353388 0.274667 0.0216802 0.08 0.000297955
0 0.341734 0.970667 0.0482385 0.0586667 0.000299109
0 0.276152 0.0546667 0.0471545 0.0986667 0.000306932
0 0.0205962 0.04 0.0411924 0.08 0.000309146
0 0.45935 0.75 0.0222222 0.0706667 0.000313365
0 0.989702 0.913333 0.0195122 0.173333 0.000320247
0 0.357182 0.262 0.0325203 0.124 0.000321466
0 0.271274 0.988 0.0471545 0.024 0.000336143
0 0.255285 0.044 0.0813008 0.088 0.000338147
0 0.263686 0.981333 0.0612466 0.0373333 0.000338701
0 0.257724 0.282667 0.0373984 0.117333 0.000338761
0 0.0224932 0.988667 0.0449864 0.0226667 0.000339397
0 0.0262873 0.408 0.0178862 0.096 0.000341941
0 0.98916 0.926 0.00758808 0.108 0.000349721
0 0.0211382 1 0.0422764 0 0.000360758
0 0.969919 0.161333 0.0601626 0.322667 0.000372687
0 0.623035 0.104667 0.0428184 0.209333 0.000374999
0 0.938211 0 0.122493 0 0.000378208
0 0.979946 1 0.0390244 0 0.000386995
0 0.98916 0.159333 0.0108401 0.137333 0.000393983
0 0.46477 0.520667 0.0287263 0.052 0.000397959
0 0.0276423 0.026 0.0498645 0.052 0.000402236
0 0.0314363 0.411333 0.0184282 0.0573333 0.000404892
0 0.0159892 0.839333 0.0254743 0.265333 0.000419812
0 0.0555556 0.986 0.0840108 0.028 0.000423596
0 0.986992 0.846 0.0216802 0.190667 0.000425177
0 0.759892 0.541333 0.480217 0.917333 0.000438093
0 0.0292683 0.998667 0.0520325 0.00266667 0.000440412
0 0.578591 0.202 0.0168022 0.044 0.000448744
0 0.0189702 0.330667 0.0292683 0.221333 0.000474464
0 0.0208672 0.792667 0.0417344 0.404 0.000481865
0 0.371274 0.984667 0.0292683 0.0253333 0.00048272
0 0.569377 0.298667 0.0233062 0.088 0.000483586
0 0.714363 0.092 0.0205962 0.0613333 0.000490609
0 0.575068 0.320667 0.0108401 0.044 0.000501562
0 0.0598916 0.00133333 0.099187 0.00266667 0.000518891
0 0.617344 0.942667 0.0422764 0.114667 0.000519022
0 0.622493 0.09 0.0254743 0.126667 0.000522727
0 0.988076 0.590667 0.0162602 0.162667 0.000524558
0 0.240921 0.398 0.481843 0.796 0.000553092
0 0.575068 0.320667 0.0216802 0.052 0.000576128
0 0.331165 0.972 0.0346883 0.04 0.000607606
0 0.981843 0.887333 0.0341463 0.204 0.000617958
0 0.986179 0.845333 0.0146341 0.125333 0.00062308
0 0.0379404 1 0.0639566 0 0.000641046
0 0.192954 0.0393333 0.0444444 0.0786667 0.000658932
0 0.982114 0.770667 0.0292683 0.298667 0.000674476
0 0.290786 0.256667 0.0363144 0.18 0.000769529
0 0.991599 0.747333 0.0168022 0.273333 0.000787257
0 0.366667 0.963333 0.0211382 0.0733333 0.000807405
0 0.974255 0.638667 0.0417344 0.4 0.000826415
0 0.0308943 0.00866667 0.0617886 0.0173333 0.000848457
0 0.495664 0.974667 0.0319783 0.0266667 0.000918467
0 0.438211 0.0613333 0.0449864 0.122667 0.00100135
0 0.372629 0.572 0.457995 0.856 0.00101092
0 0.99458 0.568 0.0108401 0.264 0.00115412
0 0.358537 0.984 0.0200542 0.024 0.00118674
0 0.71084 0.222 0.0276423 0.0386667 0.00120182
0 0.455014 0.768667 0.0265583 0.0653333 0.00124066
0 0.0937669 0.986667 0.0336043 0.016 0.00124394
0 0.0850949 0.966667 0.0292683 0.0613333 0.00126903
0 0.466125 0.713333 0.0205962 0.0826667 0.00130566
0 0.0918699 0.978667 0.0319783 0.0426667 0.00136201
0 0.363415 0.325333 0.0233062 0.106667 0.00144732
0 0.632249 0.0926667 0.0287263 0.137333 0.00146837
0 0.353117 0.321333 0.0352304 0.138667 0.00156085
0 0.0224932 0.000666667 0.0449864 0.00133333 0.00160921
0 0.472358 0.528 0.0200542 0.048 0.00162069
0 0.631978 0.5 0.736043 1 0.00167313
0 0.452575 0.0233333 0.0357724 0.0466667 0.00167353
0 0.710027 0.222667 0.0140921 0.032 0.00174787
0 0.984824 0.646 0.0205962 0.34 0.0019655
0 0.0235772 0.23 0.0341463 0.278667 0.00206237
0 0.989702 0.22 0.00867209 0.146667 0.00232891
0 0.27019 0.977333 0.0439024 0.024 0.00246789
0 0.569919 0.31 0.0135501 0.076 0.00247477
0 0.992141 0.194667 0.0157182 0.237333 0.00258299
0 0.247967 0.298667 0.0265583 0.0986667 0.00344896
0 0.688618 0.56 0.0276423 0.048 0.00374781
0 0.431436 0.0253333 0.0498645 0.0506667 0.00381893
0 0.363686 0.979333 0.0184282 0.0386667 0.00385588
0 0.988618 0.656 0.0205962 0.162667 0.00508168
0 0.0311653 0.298667 0.0287263 0.258667 0.00757079
0 0.722764 0.434667 0.371274 0.869333 0.00957195
0 0.673984 0.616667 0.328997 0.766667 0.00995139
0 0.293767 0.252 0.0346883 0.0933333 0.0113798
0 0.993496 0.658667 0.0130081 0.269333 0.0131179
0 0.471816 0.678 0.0189702 0.0413333 0.0143323
0 0.455556 0.771333 0.0178862 0.0413333 0.0156906
0 0.376152 0.607333 0.276423 0.785333 0.0198468
0 0.617886 0.948667 0.0314363 0.0653333 0.0214907
0 0.359079 0.297333 0.0243902 0.0826667 0.0251303
0 0.22981 0.198667 0.221138 0.397333 0.0297923
0 0.442276 0.0246667 0.0325203 0.0493333 0.0700883
0 0.727371 0.411333 0.0650406 0.137333 0.901844
0 0.658808 0.717333 0.0590786 0.152 0.914824
0 0.39187 0.610667 0.0542005 0.226667 0.940472
0 0.247696 0.114 0.0878049 0.228 0.945436
