0 0.755014 0.966 0.0390244 0.044 6.68194e-06
0 0.530623 0.908667 0.0661247 0.132 6.687e-06
0 0.096748 0.294667 0.0785908 0.189333 6.69054e-06
0 0.0823848 0.822 0.142005 0.356 6.71513e-06
0 0.568022 0.934 0.0390244 0.1 6.73613e-06
0 0.852575 0.913333 0.0433604 0.0826667 6.74264e-06
0 0.841734 0.0213333 0.0390244 0.0426667 6.75919e-06
0 0.412737 0.930667 0.0883469 0.138667 6.78718e-06
0 0.609756 0.342 0.0238482 0.092 6.80027e-06
0 0.768293 0.0166667 0.0254743 0.0333333 6.82701e-06
0 0.0243902 0.609333 0.0466125 0.157333 6.83079e-06
0 0.743631 0.024 0.0411924 0.048 6.83737e-06
0 0.52981 0.00466667 0.0449864 0.00933333 6.86052e-06
0 0.643089 0.260667 0.0168022 0.0466667 6.89239e-06
0 0.381843 0.876 0.0460705 0.104 6.98852e-06
0 0.685637 0.458667 0.0682927 0.330667 6.99382e-06
0 0.592412 0.006 0.0314363 0.012 7.00087e-06
0 0.618428 0.269333 0.0704607 0.181333 7.04897e-06
0 0.972087 0.437333 0.0363144 0.0773333 7.07055e-06
0 0.792683 0.963333 0.0406504 0.0493333 7.10249e-06
0 0.718157 0.911333 0.0325203 0.0946667 7.1393e-06
0 0.47832 0.976 0.0579946 0.048 7.15403e-06
0 0.479946 0.00666667 0.0395664 0.0133333 7.19017e-06
0 0.557182 0.345333 0.0184282 0.096 7.21545e-06
0 0.972087 0.048 0.0330623 0.0773333 7.22819e-06
0 0.684553 0.016 0.0249322 0.032 7.23645e-06
0 0.553659 0.0966667 0.0341463 0.0493333 7.24279e-06
0 0.215176 0.279333 0.20813 0.308 7.24528e-06
0 0.211653 0.486 0.105691 0.22 7.24783e-06
0 0.613821 0.487333 0.0417344 0.105333 7.26946e-06
0 0.228997 0.917333 0.0482385 0.0826667 7.42531e-06
0 0.178591 0.545333 0.107859 0.282667 7.44932e-06
0 0.317073 0.958667 0.0401084 0.0746667 7.48276e-06
0 0.150678 0.48 0.130081 0.256 7.48461e-06
0 0.774255 0.404 0.0677507 0.328 7.56475e-06
0 0.594038 0.0273333 0.0271003 0.0546667 7.65238e-06
0 0.376423 0.0493333 0.0373984 0.0826667 7.66494e-06
0 0.630081 0.256667 0.0233062 0.044 7.67965e-06
0 0.972629 0.8 0.0319783 0.325333 7.68518e-06
0 0.793767 0.014 0.0287263 0.028 7.71609e-06
0 0.895664 0.688667 0.208672 0.212 7.73173e-06
0 0.556369 0.219333 0.0352304 0.132 7.743e-06
0 0.457182 0.004 0.0439024 0.008 7.74393e-06
0 0.679133 0 0.0444444 0 7.74672e-06
0 0.249593 0.824 0.115447 0.168 7.77727e-06
0 0.396748 0.844 0.0444444 0.0986667 7.78078e-06
0 0.652846 0.467333 0.0590786 0.145333 7.84299e-06
0 0.933333 0.936 0.118157 0.128 7.8444e-06
0 0.773984 0.004 0.0628726 0.008 7.84457e-06
0 0.936856 0.116 0.0818428 0.229333 7.86521e-06
0 0.706504 0.941333 0.0373984 0.08 7.89199e-06
0 0.531978 0.0706667 0.0428184 0.0426667 7.89411e-06
0 0.112466 0.0946667 0.153388 0.173333 7.89473e-06
0 0.866125 0.762667 0.146341 0.202667 7.9082e-06
0 0.503523 0.932667 0.0444444 0.092 7.91029e-06
0 0.819241 0.968 0.0905149 0.064 7.96708e-06
0 0.671003 0.01 0.0249322 0.02 8.01895e-06
0 0.563144 0.256 0.0173442 0.0186667 8.03191e-06
0 0.379946 0.454 0.0205962 0.62 8.04203e-06
0 0.736314 0.408667 0.0655827 0.313333 8.05881e-06
0 0.984011 0.155333 0.0135501 0.126667 8.08359e-06
0 0.631436 0.350667 0.0563686 0.144 8.12629e-06
0 0.973171 0.0266667 0.0536585 0.0533333 8.15537e-06
0 0.376152 0.799333 0.149594 0.26 8.1563e-06
0 0.915989 0.962667 0.108401 0.0746667 8.17897e-06
0 0.0192412 0.978 0.0319783 0.0386667 8.27515e-06
0 0.644986 0.122667 0.0292683 0.0533333 8.28676e-06
0 0.37019 0.369333 0.149594 0.517333 8.29117e-06
0 0.292141 0.958 0.0411924 0.0733333 8.29363e-06
0 0.56748 0.975333 0.0542005 0.0493333 8.29894e-06
0 0.55664 0.253333 0.0173442 0.0426667 8.32602e-06
0 0.211924 0.702 0.107317 0.190667 8.36506e-06
0 0.41084 0.145333 0.0715447 0.216 8.3847e-06
0 0.0420054 0.171333 0.0558266 0.158667 8.38623e-06
0 0.0544715 0.127333 0.0504065 0.134667 8.389e-06
0 0.319512 0.802 0.153388 0.273333 8.39926e-06
0 0.754201 0.912667 0.0298103 0.1 8.41661e-06
0 0.211111 0.952667 0.099187 0.0946667 8.41773e-06
0 0.541734 0.975333 0.0536585 0.0493333 8.47755e-06
0 0.0132791 0.959333 0.0157182 0.0813333 8.49274e-06
0 0.868835 0.964667 0.101897 0.0706667 8.51113e-06
0 0.0691057 0.0586667 0.0493225 0.088 8.51154e-06
0 0.488618 0.101333 0.0623306 0.202667 8.53705e-06
0 0.33523 0.0226667 0.0449864 0.0453333 8.53851e-06
0 0.326287 0.928667 0.0455285 0.102667 8.59624e-06
0 0.708943 0.15 0.0411924 0.14 8.63248e-06
0 0.669106 0.0566667 0.0243902 0.0813333 8.63486e-06
0 0.813008 0.0666667 0.0704607 0.133333 8.64201e-06
0 0.0379404 0.914667 0.0542005 0.144 8.64612e-06
0 0.220325 0.02 0.0493225 0.04 8.68268e-06
0 0.596477 0.26 0.0168022 0.0346667 8.6865e-06
0 0.931978 0.996 0.0428184 0.008 8.75791e-06
0 0.985908 0.907333 0.0281843 0.185333 8.76002e-06
0 0.117615 0.0346667 0.0509485 0.0666667 8.77344e-06
0 0.255014 0.914667 0.0449864 0.0853333 8.78629e-06
0 0.285366 0.343333 0.261789 0.238667 8.80828e-06
0 0.948238 0.876667 0.0796748 0.241333 8.81796e-06
0 0.715176 0.0846667 0.0211382 0.0786667 8.82173e-06
0 0.658808 0.166 0.0222222 0.0786667 8.95644e-06
0 0.817615 0.0213333 0.0168022 0.0426667 8.96613e-06
0 0.0447154 0.0633333 0.0384824 0.0946667 8.99161e-06
0 0.984553 0.87 0.0308943 0.206667 8.9927e-06
0 0.516531 0.218667 0.0845528 0.421333 9.02321e-06
0 0.649864 0.308 0.00758808 0.0293333 9.04361e-06
0 0.701897 0.668667 0.0216802 0.0413333 9.05505e-06
0 0.628184 0 0.0455285 0 9.05608e-06
0 0.602981 0.006 0.0276423 0.012 9.062e-06
0 0.462873 0.974 0.0585366 0.052 9.07334e-06
0 0.0672087 0.03 0.0498645 0.06 9.1081e-06
0 0.775881 0.500667 0.0536585 0.052 9.11034e-06
0 0.0932249 0.971333 0.0433604 0.0413333 9.13266e-06
0 0.982927 0.964 0.0341463 0.072 9.15739e-06
0 0.466667 0.168 0.152846 0.336 9.16153e-06
0 0.15664 0.418667 0.19729 0.224 9.18173e-06
0 0.0436314 0.273333 0.0569106 0.133333 9.21164e-06
0 0.659621 0.117333 0.0260163 0.056 9.28225e-06
0 0.654472 0.314 0.00813008 0.0333333 9.34245e-06
0 0.57832 0.485333 0.0205962 0.104 9.37256e-06
0 0.985637 0.222 0.0124661 0.102667 9.3893e-06
0 0.179675 0.915333 0.0504065 0.0973333 9.39029e-06
0 0.248509 0.520667 0.102439 0.198667 9.40737e-06
0 0.108672 0.0606667 0.0514905 0.0813333 9.41522e-06
0 0.870461 0.434 0.187534 0.868 9.42859e-06
0 0.653117 0.964 0.0444444 0.064 9.58735e-06
0 0.243631 0.906667 0.0785908 0.128 9.61002e-06
0 0.0560976 0.812 0.112195 0.376 9.63613e-06
0 0.984824 0.253333 0.0151762 0.072 9.77335e-06
0 0.843902 0.975333 0.0650406 0.0493333 9.77335e-06
0 0.970461 0.963333 0.0417344 0.028 9.79053e-06
0 0.515718 0.972667 0.0569106 0.0546667 9.82601e-06
0 0.749865 0.360667 0.0135501 0.052 9.98888e-06
0 0.505149 0.402 0.0520325 0.113333 1.00479e-05
0 0.65393 0 0.0449864 0 1.00862e-05
0 0.860976 0.202 0.0623306 0.404 1.01326e-05
0 0.177236 0.178 0.264499 0.356 1.01428e-05
0 0.556911 0.912667 0.0623306 0.126667 1.01552e-05
0 0.530894 0.907333 0.0406504 0.092 1.01704e-05
0 0.739837 0.971333 0.0823848 0.0573333 1.02519e-05
0 0.939566 0.546667 0.0785908 0.186667 1.02888e-05
0 0.236043 0.762667 0.104607 0.176 1.03371e-05
0 0.578049 0.452667 0.0287263 0.0946667 1.0396e-05
0 0.62981 0.964 0.0444444 0.0586667 1.04875e-05
0 0.118428 0.961333 0.117615 0.0773333 1.04982e-05
0 0.663957 0.718667 0.162602 0.562667 1.0527e-05
0 0.958266 0.875333 0.0531165 0.145333 1.0564e-05
0 0.280217 0.0213333 0.0422764 0.0426667 1.05796e-05
0 0.281301 0.170667 0.122493 0.341333 1.06142e-05
0 0.718157 0.405333 0.0802168 0.173333 1.07592e-05
0 0.990244 0.395333 0.0195122 0.121333 1.08613e-05
0 0.212737 0.0286667 0.0948509 0.0573333 1.08709e-05
0 0.401897 0.63 0.0471545 0.588 1.08843e-05
0 0.558266 0.285333 0.0292683 0.138667 1.09428e-05
0 0.491599 0.393333 0.0401084 0.0666667 1.09608e-05
0 0.987263 0.0313333 0.0254743 0.0626667 1.09777e-05
0 0.985908 0.074 0.0108401 0.084 1.10126e-05
0 0.61084 0.176 0.0205962 0.0586667 1.10437e-05
0 0.629539 0.127333 0.0384824 0.0573333 1.11604e-05
0 0.793225 0.292 0.0157182 0.0213333 1.12222e-05
0 0.717073 0.964 0.0411924 0.064 1.13238e-05
0 0.0444444 0.438667 0.0607046 0.261333 1.13308e-05
0 0.760434 0.302667 0.0303523 0.08 1.13565e-05
0 0.466938 0.932 0.0720867 0.136 1.13935e-05
0 0.480488 0.208 0.0395664 0.216 1.14701e-05
0 0.201897 0.992 0.0493225 0.016 1.15097e-05
0 0.604065 0.938667 0.0395664 0.08 1.15137e-05
0 0.687263 0.377333 0.0238482 0.0346667 1.15244e-05
0 0.663144 0.418667 0.0850949 0.138667 1.15943e-05
0 0.0401084 0.006 0.0542005 0.012 1.17641e-05
0 0.839566 0.991333 0.0466125 0.0173333 1.18722e-05
0 0.426016 0.974667 0.0542005 0.0506667 1.19306e-05
0 0.659892 0.593333 0.0655827 0.162667 1.19482e-05
0 0.531165 0.0873333 0.0628726 0.174667 1.19862e-05
0 0.554201 0.112667 0.0189702 0.052 1.19915e-05
0 0.601355 0.137333 0.0233062 0.0533333 1.19927e-05
0 0.68916 0.464 0.0688347 0.146667 1.20011e-05
0 0.158266 0.586667 0.231978 0.28 1.2005e-05
0 0.573984 0.138667 0.0195122 0.0533333 1.21823e-05
0 0.116531 0.00333333 0.0563686 0.00666667 1.22376e-05
0 0.604607 0.964 0.0439024 0.0586667 1.22837e-05
0 0.696206 0.522 0.0894309 0.132 1.22852e-05
0 0.589702 0.208 0.0617886 0.117333 1.23446e-05
0 0.541192 0.098 0.0363144 0.044 1.23508e-05
0 0.380217 0.401333 0.00813008 0.682667 1.24467e-05
0 0.437127 0.989333 0.0590786 0.0213333 1.24913e-05
0 0.383198 0.262667 0.0271003 0.525333 1.2525e-05
0 0.652575 0.304 0.0195122 0.0213333 1.25714e-05
0 0.65664 0.00666667 0.0373984 0.0133333 1.25847e-05
0 0.0818428 0.351333 0.130081 0.18 1.26167e-05
0 0.972358 0.0126667 0.0390244 0.0253333 1.26278e-05
0 0.609485 0.238667 0.0200542 0.0613333 1.27074e-05
0 0.401897 0.979333 0.0601626 0.0413333 1.27539e-05
0 0.58103 0.276667 0.0617886 0.342667 1.28352e-05
0 0.611653 0.291333 0.0254743 0.0813333 1.28655e-05
0 0.0200542 0.856667 0.0401084 0.132 1.28747e-05
0 0.981572 0.104667 0.0281843 0.209333 1.29295e-05
0 0.649864 0.286667 0.0379404 0.130667 1.29352e-05
0 0.808401 0.014 0.0211382 0.028 1.29973e-05
0 0.702168 0.99 0.0699187 0.02 1.30019e-05
0 0.794851 0.98 0.0612466 0.04 1.30409e-05
0 0.09729 0.604 0.108943 0.272 1.30445e-05
0 0.981572 0.902 0.0325203 0.134667 1.30545e-05
0 0.731165 0.982 0.0574526 0.036 1.30587e-05
0 0.768835 0.00133333 0.0439024 0.00266667 1.30753e-05
0 0.980488 0.557333 0.0390244 0.141333 1.3111e-05
0 0.276423 0.855333 0.111653 0.156 1.31612e-05
0 0.00840108 0.949333 0.0168022 0.101333 1.31678e-05
0 0.325203 0.976 0.0878049 0.048 1.3189e-05
0 0.186179 0.762667 0.103523 0.221333 1.31891e-05
0 0.436585 0.384 0.0200542 0.488 1.32967e-05
0 0.426829 0.792 0.121951 0.269333 1.33593e-05
0 0.797019 0.00333333 0.0655827 0.00666667 1.34236e-05
0 0.920325 0.99 0.0726287 0.02 1.34723e-05
0 0.0777778 0.002 0.0558266 0.004 1.35329e-05
0 0.329268 0.008 0.0471545 0.016 1.354e-05
0 0.286992 0.03 0.0688347 0.06 1.36122e-05
0 0.128997 0.0633333 0.0531165 0.0893333 1.36763e-05
0 0.617886 0.977333 0.0574526 0.0453333 1.37412e-05
0 0.376152 0.960667 0.0758808 0.0786667 1.3863e-05
0 0.201626 0.930667 0.0520325 0.112 1.38764e-05
0 0.24336 0.932 0.0498645 0.096 1.38792e-05
0 0.655285 0.0893333 0.0325203 0.0773333 1.38921e-05
0 0.0869919 0.900667 0.124119 0.158667 1.39724e-05
0 0.376965 0.526 0.118699 0.46 1.39783e-05
0 0.655827 0.272 0.134417 0.544 1.41899e-05
0 0.485637 0.502 0.125745 0.590667 1.4225e-05
0 0.510027 0.098 0.0585366 0.196 1.42993e-05
0 0.656369 0.0586667 0.0281843 0.088 1.43507e-05
0 0.219783 0.96 0.099187 0.08 1.43548e-05
0 0.682385 0.1 0.0531165 0.2 1.43897e-05
0 0.299458 0.984667 0.0861789 0.0306667 1.43936e-05
0 0.964228 0.968667 0.0715447 0.0626667 1.44091e-05
0 0.980759 0.93 0.0384824 0.14 1.44171e-05
0 0.810569 0.0246667 0.0395664 0.0493333 1.44282e-05
0 0.986721 0.960667 0.0189702 0.036 1.45587e-05
0 0.804878 0.488667 0.0531165 0.113333 1.45658e-05
0 0.565854 0.425333 0.0227642 0.032 1.47198e-05
0 0.987805 0.0706667 0.0243902 0.141333 1.47256e-05
0 0.610298 0.196667 0.127913 0.393333 1.4726e-05
0 0.631978 0.130667 0.0151762 0.0613333 1.47419e-05
0 0.665583 0.146667 0.140921 0.293333 1.47931e-05
0 0.430081 0.625333 0.0276423 0.584 1.48392e-05
0 0.0531165 0.162667 0.106233 0.325333 1.49943e-05
0 0.137127 0.138667 0.166938 0.277333 1.50158e-05
0 0.682927 0.00933333 0.0411924 0.0186667 1.50166e-05
0 0.268835 0.967333 0.0878049 0.0653333 1.50304e-05
0 0.0208672 0.920667 0.0417344 0.158667 1.50414e-05
0 0.655827 0.314667 0.0281843 0.0506667 1.50517e-05
0 0.662602 0.498667 0.16206 0.493333 1.51941e-05
0 0.706504 0.0893333 0.0243902 0.0746667 1.52184e-05
0 0.24878 0.59 0.115989 0.206667 1.52336e-05
0 0.479404 0.276667 0.0395664 0.142667 1.53498e-05
0 0.517073 0.344667 0.127913 0.481333 1.55747e-05
0 0.962602 0.950667 0.0715447 0.0986667 1.56006e-05
0 0.0571816 0.704 0.114363 0.258667 1.56244e-05
0 0.878049 0.994667 0.0509485 0.0106667 1.56541e-05
0 0.417615 0.904 0.0428184 0.0986667 1.56657e-05
0 0.643631 0.128667 0.0146341 0.0573333 1.56763e-05
0 0.988618 0.274 0.0227642 0.297333 1.58436e-05
0 0.536314 0.0293333 0.0731707 0.0586667 1.5936e-05
0 0.817886 0.977333 0.0596206 0.0453333 1.59831e-05
0 0.488347 0.41 0.0325203 0.172 1.61984e-05
0 0.75664 0.350667 0.0162602 0.0533333 1.62491e-05
0 0.682114 0.927333 0.0406504 0.105333 1.62573e-05
0 0.903523 0.997333 0.0498645 0.00533333 1.62694e-05
0 0.542005 0.347333 0.0476965 0.321333 1.6281e-05
0 0.741192 0.414667 0.0634146 0.136 1.62913e-05
0 0.94065 0.483333 0.0677507 0.14 1.63418e-05
0 0.0509485 0.876 0.0715447 0.213333 1.63854e-05
0 0.63794 0.651333 0.0487805 0.137333 1.64151e-05
0 0.555014 0.186667 0.119241 0.373333 1.64251e-05
0 0.964499 0.81 0.0536585 0.164 1.64798e-05
0 0.994309 0.962667 0.0113821 0.0746667 1.65357e-05
0 0.445257 0.908 0.0406504 0.0933333 1.65548e-05
0 0.118428 0.825333 0.215176 0.349333 1.66285e-05
0 0.493496 0.906667 0.0417344 0.0853333 1.66817e-05
0 0.00813008 0.967333 0.00867209 0.0653333 1.67231e-05
0 0.633333 0.728 0.0590786 0.277333 1.67642e-05
0 0.946612 0.996 0.0471545 0.008 1.67934e-05
0 0.730623 0.164 0.0433604 0.141333 1.6838e-05
0 0.0151762 0.692 0.0303523 0.133333 1.69064e-05
0 0.457995 0.0386667 0.0867209 0.0773333 1.6973e-05
0 0.107317 0.349333 0.139837 0.394667 1.69916e-05
0 0.96748 0.935333 0.0466125 0.076 1.69975e-05
0 0.502168 0.130667 0.0569106 0.136 1.70979e-05
0 0.607588 0.263333 0.0162602 0.0493333 1.71276e-05
0 0.0116531 0.0713333 0.0233062 0.142667 1.71719e-05
0 0.00542005 0.852 0.0108401 0.138667 1.71876e-05
0 0.407588 0.401333 0.00650406 0.693333 1.72646e-05
0 0.16477 0.995333 0.0476965 0.00933333 1.72862e-05
0 0.688889 0.61 0.0672087 0.124 1.73398e-05
0 0.523035 0.119333 0.0498645 0.0893333 1.73699e-05
0 0.0162602 0.633333 0.0325203 0.128 1.74181e-05
0 0.576694 0.986667 0.0455285 0.0266667 1.75249e-05
0 0.0804878 0.143333 0.0590786 0.214667 1.75537e-05
0 0.812466 0.042 0.0476965 0.084 1.78636e-05
0 0.697561 0.388667 0.0260163 0.0813333 1.79002e-05
0 0.57832 0.486667 0.0433604 0.12 1.79007e-05
0 0.76206 0.398667 0.140921 0.517333 1.79971e-05
0 0.657995 0.0206667 0.0314363 0.0413333 1.80149e-05
0 0.724932 0.116 0.0536585 0.232 1.80445e-05
0 0.559079 0.258667 0.0731707 0.184 1.80884e-05
0 0.979404 0.475333 0.0401084 0.110667 1.81175e-05
0 0.858537 0.562 0.0466125 0.548 1.81855e-05
0 0.641734 0.939333 0.0390244 0.0893333 1.81922e-05
0 0.981843 0.355333 0.0363144 0.289333 1.81993e-05
0 0.0300813 0.124 0.0449864 0.146667 1.82531e-05
0 0.970732 0.392667 0.0411924 0.108 1.83838e-05
0 0.395393 0.970667 0.0558266 0.0586667 1.84501e-05
0 0.371274 0.974667 0.0574526 0.0506667 1.84575e-05
0 0.109756 0.702 0.100271 0.270667 1.84594e-05
0 0.0140921 0.935333 0.0281843 0.129333 1.84805e-05
0 0.285095 0.0533333 0.0932249 0.106667 1.84947e-05
0 0.801355 0.550667 0.0612466 0.133333 1.85008e-05
0 0.196206 0.539333 0.102981 0.161333 1.85656e-05
0 0.420596 0.969333 0.0552846 0.0613333 1.86256e-05
0 0.605149 0.716 0.0406504 0.149333 1.86382e-05
0 0.317344 0.0266667 0.0590786 0.0533333 1.86496e-05
0 0.753388 0.0706667 0.0672087 0.141333 1.87011e-05
0 0.557995 0.12 0.0753388 0.189333 1.8714e-05
0 0.24065 0.994 0.0487805 0.012 1.8797e-05
0 0.826287 0.132 0.113279 0.264 1.8808e-05
0 0.309214 0.226 0.0710027 0.452 1.88133e-05
0 0.984553 0.933333 0.0276423 0.064 1.88294e-05
0 0.794038 0 0.0466125 0 1.88394e-05
0 0.409485 0.236667 0.0330623 0.438667 1.88548e-05
0 0.412466 0.532 0.15393 0.314667 1.8866e-05
0 0.347154 0.032 0.0590786 0.0613333 1.89098e-05
0 0.717344 0.564 0.0699187 0.274667 1.90334e-05
0 0.279946 0.931333 0.0449864 0.102667 1.9056e-05
0 0.485095 0.880667 0.0617886 0.161333 1.91659e-05
0 0.620054 0.925333 0.0422764 0.0986667 1.91973e-05
0 0.992141 0.0673333 0.0157182 0.113333 1.92002e-05
0 0.98916 0.106 0.00542005 0.126667 1.9226e-05
0 0.591328 0.375333 0.0444444 0.145333 1.92405e-05
0 0.790515 0.990667 0.0471545 0.0186667 1.92409e-05
0 0.515718 0.908 0.0395664 0.096 1.92411e-05
0 0.867209 0 0.0520325 0 1.92753e-05
0 0.686721 0.0366667 0.0726287 0.0733333 1.92906e-05
0 0.612737 0.436667 0.0482385 0.092 1.93492e-05
0 0.518157 0.343333 0.0726287 0.198667 1.93652e-05
0 0.265583 0.991333 0.0476965 0.0173333 1.95458e-05
0 0.556369 0.908667 0.0341463 0.0973333 1.96347e-05
0 0.559892 0.270667 0.0227642 0.0373333 1.96696e-05
0 0.775881 0.284 0.0146341 0.04 1.96857e-05
0 0.0303523 0.0646667 0.0401084 0.108 1.97041e-05
0 0.90813 0.129333 0.149051 0.258667 1.97791e-05
0 0.0891599 0.995333 0.0504065 0.00933333 1.97848e-05
0 0.160976 0.7 0.110569 0.248 1.98897e-05
0 0.756911 0.355333 0.0254743 0.076 1.99832e-05
0 0.678591 0.152 0.0184282 0.064 2.00118e-05
0 0.338753 0 0.0531165 0 2.01653e-05
0 0.682385 0.844667 0.0921409 0.142667 2.03402e-05
0 0.433604 0.459333 0.00758808 0.692 2.03526e-05
0 0.314905 0.982667 0.0487805 0.0346667 2.03892e-05
0 0.674255 0.782667 0.0607046 0.122667 2.04715e-05
0 0.55149 0.985333 0.0460705 0.0293333 2.04893e-05
0 0.253117 0.0213333 0.0487805 0.0426667 2.06401e-05
0 0.731165 0.628 0.0639566 0.264 2.07151e-05
0 0.712466 0.0306667 0.0742547 0.0613333 2.07755e-05
0 0.950136 0.988 0.0737127 0.024 2.07847e-05
0 0.412466 0.982 0.0466125 0.036 2.08333e-05
0 0.27019 0.226 0.279133 0.452 2.08662e-05
0 0.979404 0.028 0.0411924 0.056 2.08822e-05
0 0.628997 0.992 0.0623306 0.016 2.08953e-05
0 0.0135501 0.0193333 0.0271003 0.0386667 2.10531e-05
0 0.612195 0.208667 0.0189702 0.0626667 2.11134e-05
0 0.726287 0.088 0.0455285 0.141333 2.11333e-05
0 0.400271 0.886667 0.0829268 0.176 2.11869e-05
0 0.548781 0.428667 0.00704607 0.044 2.11993e-05
0 0.976152 0.868667 0.0476965 0.156 2.12288e-05
0 0.729539 0.0446667 0.0531165 0.0893333 2.12461e-05
0 0.676423 0.988 0.0476965 0.024 2.12587e-05
0 0.404878 0.516667 0.0140921 0.641333 2.13518e-05
0 0.153117 0.032 0.0525745 0.0613333 2.13619e-05
0 0.52168 0.981333 0.0699187 0.0373333 2.13855e-05
0 0.690515 0.382667 0.0227642 0.0133333 2.14065e-05
0 0.0734417 0.038 0.0818428 0.076 2.14654e-05
0 0.474797 0.982667 0.0476965 0.0346667 2.16163e-05
0 0.611653 0.032 0.0699187 0.064 2.1618e-05
0 0.108943 0.934 0.0888889 0.116 2.16331e-05
0 0.490244 0.0486667 0.0634146 0.0973333 2.16994e-05
0 0.0886179 0.959333 0.117615 0.0813333 2.17041e-05
0 0.685637 0.0986667 0.0271003 0.0906667 2.17109e-05
0 0.71355 0.285333 0.144715 0.570667 2.17155e-05
0 0.98916 0.440667 0.0216802 0.158667 2.17249e-05
0 0.00650406 0.787333 0.0130081 0.14 2.17356e-05
0 0.0620596 0.97 0.112195 0.06 2.17884e-05
0 0.139024 1 0.0514905 0 2.18359e-05
0 0.362602 0.980667 0.0487805 0.0386667 2.18555e-05
0 0.671003 0.641333 0.0715447 0.154667 2.18622e-05
0 0.0634146 1 0.0509485 0 2.18758e-05
0 0.674255 0.02 0.0271003 0.04 2.19469e-05
0 0.549594 0.986 0.0715447 0.028 2.19847e-05
0 0.113821 1 0.0531165 0 2.21312e-05
0 0.708401 0.776 0.0563686 0.144 2.21358e-05
0 0.697832 0.695333 0.0536585 0.124 2.22234e-05
0 0.610569 0.270667 0.0482385 0.349333 2.23475e-05
0 0.563415 0.423333 0.0265583 0.0626667 2.23648e-05
0 0.404607 0.227333 0.097019 0.390667 2.23906e-05
0 0.882656 0.979333 0.0720867 0.0413333 2.25309e-05
0 0.386721 0.980667 0.0482385 0.0386667 2.26017e-05
0 0.719241 0.488667 0.0780488 0.113333 2.26246e-05
0 0.495935 0.975333 0.0672087 0.0493333 2.26362e-05
0 0.7729 0.75 0.282927 0.5 2.26758e-05
0 0.415447 0.412 0.130623 0.296 2.27488e-05
0 0.656098 0.928 0.0417344 0.109333 2.28476e-05
0 0.813821 0.99 0.0471545 0.02 2.28591e-05
0 0.323035 0.891333 0.139837 0.217333 2.30047e-05
0 0.533062 0.938667 0.0861789 0.122667 2.30667e-05
0 0.111653 0.0393333 0.107317 0.0786667 2.312e-05
0 0.486179 0.0286667 0.0715447 0.0573333 2.31962e-05
0 0.42981 0.522667 0.00542005 0.714667 2.325e-05
0 0.978591 0.194667 0.0265583 0.253333 2.32704e-05
0 0.445257 0.536 0.0948509 0.52 2.34253e-05
0 0.43794 0.981333 0.0476965 0.0373333 2.34689e-05
0 0.679133 0.656 0.0466125 0.336 2.35956e-05
0 0.525745 0.984667 0.0476965 0.0306667 2.36069e-05
0 0.681301 0.014 0.0140921 0.0253333 2.36209e-05
0 0.0495935 0.267333 0.097019 0.209333 2.37291e-05
0 0.75664 0.954 0.0834688 0.092 2.37626e-05
0 0.153388 0.002 0.0574526 0.004 2.38255e-05
0 0.811653 0.799333 0.0514905 0.257333 2.38346e-05
0 0.836043 0.195333 0.0439024 0.390667 2.39647e-05
0 0.0178862 0.697333 0.0260163 0.269333 2.39883e-05
0 0.467751 0.91 0.0401084 0.0893333 2.41298e-05
0 0.455556 0.745333 0.0417344 0.426667 2.42055e-05
0 0.557453 0.363333 0.0406504 0.281333 2.4264e-05
0 0.562331 0.0786667 0.0775068 0.157333 2.43216e-05
0 0.652575 0.216 0.0509485 0.138667 2.43289e-05
0 0.714905 0.989333 0.0476965 0.0213333 2.43342e-05
0 0.616531 0.854 0.0710027 0.132 2.43433e-05
0 0.648238 0.788667 0.0140921 0.0306667 2.44077e-05
0 0.966667 0.308667 0.0612466 0.193333 2.44235e-05
0 0.501084 0.983333 0.0482385 0.0333333 2.44771e-05
0 0.586721 0.0293333 0.0644986 0.0586667 2.45315e-05
0 0.78916 0.948 0.0856369 0.104 2.45809e-05
0 0.458808 0.982667 0.0785908 0.0346667 2.46314e-05
0 0.813008 0.928667 0.0888889 0.142667 2.47442e-05
0 0.342547 0.911333 0.0509485 0.110667 2.4753e-05
0 0.235772 0.655333 0.163686 0.276 2.47565e-05
0 0.0189702 0.290667 0.0379404 0.125333 2.47748e-05
0 0.337398 0.979333 0.0504065 0.0413333 2.48666e-05
0 0.61084 0.647333 0.0444444 0.153333 2.50189e-05
0 0.663686 0.792667 0.0211382 0.044 2.50339e-05
0 0.993225 0.208667 0.0102981 0.22 2.50494e-05
0 0.623035 0.220667 0.0363144 0.34 2.51689e-05
0 0.92168 0.194667 0.15664 0.389333 2.53245e-05
0 0.794309 0.0253333 0.101355 0.0506667 2.53768e-05
0 0.654743 0.262667 0.0650406 0.16 2.55116e-05
0 0.985908 0.0453333 0.0140921 0.064 2.55217e-05
0 0.428184 0.641333 0.0617886 0.445333 2.57277e-05
0 0.237127 0.0573333 0.103523 0.114667 2.57338e-05
0 0.929539 0.0733333 0.108401 0.146667 2.58269e-05
0 0.311924 0.946667 0.0753388 0.106667 2.58425e-05
0 0.752304 0.992 0.0466125 0.016 2.58433e-05
0 0.444715 0.963333 0.0590786 0.0733333 2.58681e-05
0 0.496477 0.248667 0.0531165 0.148 2.61125e-05
0 0.451762 0.857333 0.0785908 0.168 2.62197e-05
0 0.91897 0 0.0525745 0 2.62262e-05
0 0.841734 0.940667 0.107317 0.118667 2.62331e-05
0 0.290786 0.989333 0.0460705 0.0213333 2.62764e-05
0 0.311111 0.109333 0.124661 0.218667 2.62905e-05
0 0.947967 0.389333 0.0867209 0.272 2.65063e-05
0 0.460163 0.519333 0.00867209 0.62 2.65567e-05
0 0.586179 0.280667 0.0634146 0.126667 2.6947e-05
0 0.661247 0.711333 0.0650406 0.294667 2.7046e-05
0 0.622493 0.0886667 0.0233062 0.0733333 2.71743e-05
0 0.413821 0.655333 0.147967 0.313333 2.71939e-05
0 0.212737 0.516 0.219512 0.296 2.72903e-05
0 0.604607 0.652 0.0688347 0.264 2.7471e-05
0 0.70813 0.222667 0.0449864 0.165333 2.75901e-05
0 0.620596 0.791333 0.0542005 0.108 2.76731e-05
0 0.636856 0.0306667 0.0693767 0.0613333 2.77672e-05
0 0.614905 0.988 0.0482385 0.024 2.78115e-05
0 0.818157 0.00266667 0.0471545 0.00533333 2.78629e-05
0 0.970732 0.530667 0.0455285 0.221333 2.79419e-05
0 0.357995 0.176667 0.108943 0.353333 2.79736e-05
0 0.991599 0.0746667 0.00487805 0.12 2.81345e-05
0 0.107317 0.651333 0.190786 0.276 2.8222e-05
0 0.602981 0.155333 0.0373984 0.289333 2.82572e-05
0 0.0173442 0.421333 0.0346883 0.128 2.82886e-05
0 0.426558 0.028 0.0813008 0.056 2.82905e-05
0 0.557182 0.428 0.0119241 0.04 2.85649e-05
0 0.686721 0.300667 0.0487805 0.124 2.85866e-05
0 0.756098 0.246 0.0639566 0.297333 2.86637e-05
0 0.350406 0.984 0.0688347 0.032 2.86795e-05
0 0.594309 0.150667 0.0211382 0.04 2.87317e-05
0 0.68645 0.06 0.0330623 0.12 2.91207e-05
0 0.651762 0.987333 0.0471545 0.0253333 2.92071e-05
0 0.805962 0.408667 0.0715447 0.270667 2.92909e-05
0 0.617073 0.261333 0.0341463 0.0613333 2.93537e-05
0 0.608672 0.12 0.0585366 0.165333 2.94277e-05
0 0.00840108 0.0646667 0.0135501 0.118667 2.94649e-05
0 0.753117 0.620667 0.0753388 0.212 2.94901e-05
0 0.887805 0.954667 0.132249 0.0906667 2.95063e-05
0 0.457182 0.694667 0.0200542 0.6 2.95443e-05
0 0.804607 0.403333 0.0460705 0.174667 2.95722e-05
0 0.098374 0.442667 0.102439 0.229333 2.9589e-05
0 0.706233 0.162 0.110569 0.324 2.97027e-05
0 0.285366 0.938 0.0785908 0.124 2.98045e-05
0 0.162873 0.986667 0.0948509 0.0266667 2.98566e-05
0 0.78645 0.026 0.0607046 0.052 2.98581e-05
0 0.484282 0.404667 0.0742547 0.150667 2.987e-05
0 0.929539 1 0.0487805 0 2.98952e-05
0 0.982927 0.474667 0.0341463 0.274667 2.99827e-05
0 0.136043 0.213333 0.200542 0.266667 3.01266e-05
0 0.438482 0.216667 0.0737127 0.188 3.01861e-05
0 0.678049 0.206667 0.0487805 0.149333 3.02199e-05
0 0.0322493 0.227333 0.0504065 0.246667 3.02794e-05
0 0.885366 0.514 0.176152 0.310667 3.03e-05
0 0.836585 0.421333 0.153388 0.338667 3.05222e-05
0 0.696206 0.362667 0.0395664 0.28 3.05248e-05
0 0.660434 0.503333 0.0937669 0.156 3.05334e-05
0 0.173442 0.907333 0.099729 0.108 3.05416e-05
0 0.600271 0.0946667 0.0287263 0.0986667 3.07018e-05
0 0.778862 0.106667 0.0563686 0.213333 3.07593e-05
0 0.637398 0.219333 0.0195122 0.0413333 3.08671e-05
0 0.691057 0.382667 0.0108401 0.0213333 3.08689e-05
0 0.558808 0.264 0.0130081 0.0293333 3.10123e-05
0 0.0173442 0.54 0.0346883 0.128 3.1181e-05
0 0.732791 0.702667 0.0509485 0.157333 3.12655e-05
0 0.450135 0.998 0.0460705 0.004 3.1492e-05
0 0.786992 0.292667 0.0325203 0.0413333 3.15199e-05
0 0.34878 0.886667 0.0894309 0.154667 3.15914e-05
0 0.583469 0.15 0.0276423 0.0413333 3.16821e-05
0 0.577778 0.987333 0.0747968 0.0253333 3.18957e-05
0 0.990244 0.222 0.00542005 0.124 3.20106e-05
0 0.0818428 0.133333 0.108401 0.266667 3.21168e-05
0 0.562873 0.421333 0.0406504 0.0986667 3.21753e-05
0 0.0186992 0.916667 0.0363144 0.110667 3.2415e-05
0 0.45393 0.918667 0.0775068 0.16 3.25358e-05
0 0.94878 0.814 0.102439 0.372 3.25992e-05
0 0.881843 0.796667 0.236314 0.406667 3.2723e-05
0 0.563686 0.26 0.0238482 0.04 3.31896e-05
0 0.531436 0.05 0.0688347 0.1 3.33032e-05
0 0.475068 0.998 0.0460705 0.004 3.3475e-05
0 0.617073 0.482 0.0688347 0.233333 3.35175e-05
0 0.74065 0.542667 0.0471545 0.0773333 3.35354e-05
0 0.719512 0.57 0.0569106 0.150667 3.36367e-05
0 0.758808 0.897333 0.0943089 0.16 3.36455e-05
0 0.575881 0.943333 0.0764228 0.113333 3.39068e-05
0 0.985366 0.0173333 0.0195122 0.0346667 3.39264e-05
0 0.989702 0.157333 0.00650406 0.146667 3.40959e-05
0 0.835772 0.441333 0.0162602 0.357333 3.43597e-05
0 0.0200542 0.386667 0.0260163 0.261333 3.45371e-05
0 0.804607 0.599333 0.0829268 0.198667 3.47477e-05
0 0.638482 0.738 0.0520325 0.118667 3.50324e-05
0 0.485908 0.556 0.0168022 0.506667 3.55752e-05
0 0.162873 0.0706667 0.121951 0.141333 3.56209e-05
0 0.607588 0.0826667 0.0585366 0.165333 3.59106e-05
0 0.115447 0.0726667 0.119241 0.145333 3.6184e-05
0 0.0214092 0.092 0.0384824 0.117333 3.63882e-05
0 0.756098 0.0966667 0.0444444 0.172 3.64105e-05
0 0.39458 0.906 0.0476965 0.110667 3.64249e-05
0 0.603794 0.955333 0.0747968 0.0893333 3.64303e-05
0 0.615718 0.266667 0.0184282 0.048 3.64464e-05
0 0.698374 0.38 0.0168022 0.0186667 3.65544e-05
0 0.767209 0 0.0493225 0 3.65715e-05
0 0.726016 0.956 0.0742547 0.088 3.66405e-05
0 0.0284553 0.975333 0.0569106 0.0493333 3.67431e-05
0 0.0878049 1 0.0531165 0 3.69087e-05
0 0.915176 0 0.0514905 0 3.70239e-05
0 0.982114 0.582 0.0357724 0.324 3.70783e-05
0 0.676152 0.959333 0.0720867 0.0813333 3.70933e-05
0 0.00596206 0.721333 0.0119241 0.138667 3.71125e-05
0 0.958808 0.646 0.0563686 0.454667 3.71319e-05
0 0.475881 0.706 0.0390244 0.436 3.73112e-05
0 0.547967 0.354667 0.0260163 0.144 3.73366e-05
0 0.31355 0 0.0547425 0 3.7573e-05
0 0.325474 0.624 0.258537 0.752 3.75884e-05
0 0.384553 0.160667 0.0861789 0.233333 3.78526e-05
0 0.0170732 0.479333 0.0341463 0.126667 3.7911e-05
0 0.455285 0.775333 0.0704607 0.212 3.80235e-05
0 0.0184282 0.360667 0.0368564 0.126667 3.80708e-05
0 0.441192 0.288667 0.0444444 0.225333 3.84044e-05
0 0.271545 0.922667 0.142005 0.154667 3.856e-05
0 0.830894 0.992 0.0693767 0.016 3.85733e-05
0 0.465854 0.424667 0.0254743 0.313333 3.86121e-05
0 0.74065 0.574667 0.131707 0.424 3.88377e-05
0 0.70542 0.0526667 0.0395664 0.105333 3.88444e-05
0 0.968835 0.101333 0.0623306 0.202667 3.88809e-05
0 0.942818 0.490667 0.111111 0.282667 3.89628e-05
0 0.0626016 0.516667 0.125203 0.276 3.90641e-05
0 0.369377 0.0646667 0.0807588 0.102667 3.94102e-05
0 0.987534 0.556667 0.0249322 0.209333 3.95307e-05
0 0.825474 0.35 0.0943089 0.329333 3.96793e-05
0 0.811924 0.240667 0.185366 0.481333 3.97281e-05
0 0.58103 0.910667 0.0325203 0.088 3.97442e-05
0 0.990244 0.248667 0.0195122 0.156 3.98482e-05
0 0.55122 1 0.0455285 0 3.98714e-05
0 0.834959 0.888 0.157724 0.186667 3.99034e-05
0 0.178591 0.000666667 0.0569106 0.00133333 3.99404e-05
0 0.705149 0.298 0.0747968 0.308 3.99431e-05
0 0.537669 0.612667 0.0281843 0.398667 4.00823e-05
0 0.0102981 0.768667 0.0151762 0.257333 4.0371e-05
0 0.754201 0.03 0.0623306 0.06 4.04424e-05
0 0.95935 0.668667 0.0813008 0.270667 4.05389e-05
0 0.84336 0.004 0.0552846 0.008 4.06139e-05
0 0.988347 0.907333 0.0102981 0.142667 4.0678e-05
0 0.567209 0.0506667 0.0655827 0.101333 4.0696e-05
0 0.941463 0.024 0.115989 0.048 4.08528e-05
0 0.425474 0.997333 0.0466125 0.00533333 4.13471e-05
0 0.554472 0.433333 0.0260163 0.0426667 4.13866e-05
0 0.763686 0.419333 0.0639566 0.161333 4.1498e-05
0 0.525745 1 0.0466125 0 4.19844e-05
0 0.576423 0.458 0.0677507 0.1 4.19925e-05
0 0.49729 0.142667 0.110027 0.149333 4.21337e-05
0 0.75935 0.254667 0.0260163 0.096 4.26298e-05
0 0.501084 0.999333 0.0460705 0.00133333 4.26816e-05
0 0.00785908 0.174667 0.0135501 0.144 4.28385e-05
0 0.162873 0.908 0.108943 0.184 4.2876e-05
0 0.625203 0.924667 0.118699 0.150667 4.32106e-05
0 0.00650406 0.995333 0.0130081 0.00933333 4.32332e-05
0 0.988076 0.542 0.0216802 0.134667 4.33555e-05
0 0.782114 0.126667 0.097561 0.253333 4.361e-05
0 0.547696 0.459333 0.0384824 0.356 4.36158e-05
0 0.367751 0.906 0.0471545 0.102667 4.38283e-05
0 0.261518 0.704667 0.116531 0.177333 4.39325e-05
0 0.73252 0.923333 0.0688347 0.145333 4.41815e-05
0 0.113821 0.886 0.120325 0.228 4.42093e-05
0 0.00785908 0.818667 0.0157182 0.258667 4.43875e-05
0 0.992954 0.958 0.00433604 0.0786667 4.46181e-05
0 0.576423 1 0.0449864 0 4.49669e-05
0 0.423306 0.054 0.0563686 0.108 4.50142e-05
0 0.329539 0.992667 0.0693767 0.0146667 4.5191e-05
0 0.311382 0.01 0.0796748 0.02 4.52789e-05
0 0.784282 0.74 0.0433604 0.272 4.52824e-05
0 0.893496 0.986667 0.103523 0.0266667 4.55123e-05
0 0.0165312 0.769333 0.0330623 0.266667 4.58847e-05
0 0.465583 0.536667 0.121409 0.268 4.58944e-05
0 0.992141 0.925333 0.0157182 0.149333 4.60409e-05
0 0.662602 0.139333 0.0222222 0.0573333 4.60796e-05
0 0.387263 0.996 0.0471545 0.008 4.63971e-05
0 0.56206 0 0.0628726 0 4.64253e-05
0 0.64851 0.959333 0.0644986 0.0813333 4.64662e-05
0 0.0387534 0.381333 0.0775068 0.52 4.65148e-05
0 0.762331 0.194667 0.131707 0.389333 4.65386e-05
0 0.736314 0.222 0.0514905 0.137333 4.68404e-05
0 0.893496 0 0.0547425 0 4.7181e-05
0 0.0140921 0 0.0281843 0 4.72484e-05
0 0.685095 0.00133333 0.0628726 0.00266667 4.74178e-05
0 0.779404 0.639333 0.0845528 0.185333 4.74457e-05
0 0.561518 0.370667 0.0325203 0.128 4.74885e-05
0 0.608672 0.374 0.0542005 0.126667 4.7651e-05
0 0.725474 0.926667 0.114363 0.146667 4.79437e-05
0 0.724932 0.532667 0.0872629 0.084 4.79592e-05
0 0.483198 0.683333 0.0124661 0.545333 4.81327e-05
0 0.487263 0.802667 0.0368564 0.242667 4.82773e-05
0 0.204607 0 0.0558266 0 4.86046e-05
0 0.95664 0.386667 0.0867209 0.498667 4.8617e-05
0 0.629539 0.263333 0.0406504 0.113333 4.8697e-05
0 0.644715 0.797333 0.0406504 0.237333 4.87846e-05
0 0.604065 0.988667 0.0710027 0.0226667 4.8997e-05
0 0.62981 0.202 0.0281843 0.0733333 4.90144e-05
0 0.0265583 0.340667 0.0520325 0.209333 4.90202e-05
0 0.716531 0.794667 0.160434 0.410667 4.90281e-05
0 0.521138 0.664 0.0601626 0.394667 4.90901e-05
0 0.588076 0.656667 0.0563686 0.169333 4.9119e-05
0 0.903252 1 0.0525745 0 4.95697e-05
0 0.811111 0.777333 0.126287 0.264 4.96945e-05
0 0.528997 0.0953333 0.0498645 0.0546667 5.0026e-05
0 0.104336 0.473333 0.184824 0.397333 5.01525e-05
0 0.861789 0.925333 0.115989 0.136 5.08663e-05
0 0.0127371 0.917333 0.0146341 0.165333 5.13585e-05
0 0.698916 0.098 0.0319783 0.102667 5.13878e-05
0 0.135772 0.0626667 0.104607 0.109333 5.14397e-05
0 0.00623306 0.604 0.0124661 0.136 5.14822e-05
0 0.636314 0.0873333 0.0487805 0.174667 5.15135e-05
0 0.808672 0.684667 0.0401084 0.348 5.16387e-05
0 0.730352 0.845333 0.0840108 0.189333 5.17172e-05
0 0.75935 0.800667 0.0433604 0.204 5.18307e-05
0 0.81084 0.535333 0.177778 0.644 5.20209e-05
0 0.981843 0.423333 0.0363144 0.110667 5.21398e-05
0 0.733604 0.29 0.0775068 0.265333 5.21923e-05
0 0.763686 0.990667 0.0802168 0.0186667 5.22355e-05
0 0.53523 0 0.0623306 0 5.2523e-05
0 0.0577236 0.243333 0.115447 0.486667 5.27668e-05
0 0.676423 0.993333 0.0726287 0.0133333 5.31764e-05
0 0.659079 0.00333333 0.0617886 0.00666667 5.33941e-05
0 0.0414634 0.0266667 0.0829268 0.0533333 5.36463e-05
0 0.87832 1 0.0536585 0 5.40527e-05
0 0.0373984 1 0.0552846 0 5.4148e-05
0 0.0588076 0.410667 0.117615 0.317333 5.42797e-05
0 0.00813008 0.328 0.0162602 0.144 5.50225e-05
0 0.611653 0 0.0623306 0 5.55687e-05
0 0.614634 0.269333 0.0422764 0.125333 5.55823e-05
0 0.415447 0.0266667 0.0493225 0.0533333 5.57918e-05
0 0.464228 0.00133333 0.0644986 0.00266667 5.601e-05
0 0.650949 0.991333 0.0672087 0.0173333 5.61898e-05
0 0.587263 0.797333 0.0449864 0.186667 5.62026e-05
0 0.695393 0.377333 0.0097561 0.016 5.64802e-05
0 0.704607 0.288 0.0401084 0.141333 5.67883e-05
0 0.956369 0 0.0547425 0 5.68016e-05
0 0.365312 0.014 0.098645 0.028 5.683e-05
0 0.474797 0.520667 0.0639566 0.457333 5.71048e-05
0 0.362331 0.995333 0.0482385 0.00933333 5.74427e-05
0 0.614092 1 0.0466125 0 5.76343e-05
0 0.377236 0.0346667 0.106233 0.0693333 5.78956e-05
0 0.511653 0.801333 0.0281843 0.272 5.81323e-05
0 0.941463 0 0.0531165 0 5.83206e-05
0 0.0636856 0.0713333 0.095935 0.142667 5.83537e-05
0 0.839837 1 0.0514905 0 5.85487e-05
0 0.316531 0.0313333 0.0856369 0.0626667 5.87861e-05
0 0.698645 0.385333 0.0260163 0.0293333 5.87882e-05
0 0.161518 0.038 0.100813 0.076 5.9223e-05
0 0.274255 0.00866667 0.0888889 0.0173333 5.93182e-05
0 0.665583 0.892667 0.0802168 0.156 5.93979e-05
0 0.153388 0.262 0.249322 0.524 5.94245e-05
0 0.0192412 0.232667 0.0384824 0.14 5.96861e-05
0 0.511653 0.0613333 0.0607046 0.101333 5.96967e-05
0 0.711111 0 0.0628726 0 5.97149e-05
0 0.688076 0.38 0.0276423 0.0693333 5.98072e-05
0 0.676152 1 0.0471545 0 5.98761e-05
0 0.114092 1 0.0547425 0 6.02326e-05
0 0.568293 0.750667 0.198916 0.498667 6.06794e-05
0 0.609756 0.0613333 0.0368564 0.122667 6.09992e-05
0 0.798916 0.358 0.0260163 0.129333 6.13478e-05
0 0.376423 0.780667 0.217344 0.438667 6.16517e-05
0 0.642547 0.790667 0.0124661 0.04 6.17188e-05
0 0.336043 0.00333333 0.107317 0.00666667 6.17611e-05
0 0.736856 0 0.0655827 0 6.18978e-05
0 0.990515 0.934667 0.00704607 0.088 6.19349e-05
0 0.462331 0.662 0.132249 0.273333 6.24257e-05
0 0.728726 0.778 0.0710027 0.185333 6.25627e-05
0 0.749865 0.355333 0.0265583 0.102667 6.25948e-05
0 0.586992 0 0.0585366 0 6.27372e-05
0 0.0197832 1 0.0395664 0 6.27657e-05
0 0.667209 0.724 0.0542005 0.130667 6.28642e-05
0 0.0303523 0.789333 0.0520325 0.312 6.29638e-05
0 0.494038 0.665333 0.0493225 0.437333 6.30694e-05
0 0.342818 0.93 0.0829268 0.14 6.32037e-05
0 0.556098 0.657333 0.0737127 0.274667 6.34853e-05
0 0.829268 0.6 0.131165 0.333333 6.35588e-05
0 0.701897 1 0.0466125 0 6.41956e-05
0 0.808401 0.239333 0.0265583 0.308 6.45351e-05
0 0.100271 0 0.0563686 0 6.46164e-05
0 0.00785908 0.908 0.0157182 0.184 6.48422e-05
0 0.210569 0.630667 0.421138 0.738667 6.51791e-05
0 0.00677507 0.917333 0.00813008 0.130667 6.53191e-05
0 0.651491 1 0.0466125 0 6.54067e-05
0 0.755285 0.712 0.0807588 0.213333 6.56417e-05
0 0.951219 0.00266667 0.0910569 0.00533333 6.57804e-05
0 0.753659 0.163333 0.0406504 0.193333 6.58371e-05
0 0.426287 0.878667 0.105691 0.242667 6.60019e-05
0 0.00677507 0.665333 0.0135501 0.138667 6.63566e-05
0 0.863415 0.994 0.127913 0.012 6.66994e-05
0 0.506775 0.914 0.0769648 0.161333 6.67438e-05
0 0.0254743 0.462667 0.0509485 0.237333 6.74e-05
0 0.529268 0.766 0.0666667 0.281333 6.78471e-05
0 0.00758808 0.719333 0.0151762 0.257333 6.85821e-05
0 0.511382 0 0.0644986 0 6.86252e-05
0 0.215718 1 0.0531165 0 6.87103e-05
0 0.988076 0.00866667 0.0151762 0.0173333 6.87332e-05
0 0.76206 0.144 0.0802168 0.186667 6.87746e-05
0 0.637127 0 0.0623306 0 6.89373e-05
0 0.991328 0.0453333 0.0173442 0.0906667 6.9635e-05
0 0.763957 0.331333 0.0384824 0.116 6.976e-05
0 0.099187 0.994 0.0932249 0.012 6.9774e-05
0 0.537127 0.691333 0.0108401 0.550667 7.00176e-05
0 0.635772 0.183333 0.0260163 0.0946667 7.0048e-05
0 0.0750678 0 0.0558266 0 7.09133e-05
0 0.673984 0.932 0.114363 0.136 7.10182e-05
0 0.756911 0.240667 0.0471545 0.134667 7.11363e-05
0 0.790244 1 0.0498645 0 7.21778e-05
0 0.177778 0.846 0.241734 0.308 7.25532e-05
0 0.535772 0.527333 0.0590786 0.214667 7.26334e-05
0 0.00921409 0.116667 0.0184282 0.174667 7.28006e-05
0 0.959892 0.157333 0.0802168 0.168 7.32251e-05
0 0.41084 0.416 0.18645 0.832 7.32886e-05
0 0.790515 0 0.0514905 0 7.33654e-05
0 0.978591 0.012 0.0428184 0.024 7.39127e-05
0 0.657724 0.798667 0.0298103 0.0666667 7.44993e-05
0 0.869648 0 0.0764228 0 7.49458e-05
0 0.175339 1 0.0796748 0 7.50226e-05
0 0.0579946 0.114 0.0780488 0.204 7.52663e-05
0 0.989702 0.034 0.00650406 0.068 7.53756e-05
0 0.126287 0 0.0563686 0 7.56046e-05
0 0.337669 0.994667 0.0498645 0.0106667 7.60875e-05
0 0.249051 0.028 0.0850949 0.056 7.61772e-05
0 0.784824 0.836 0.108401 0.181333 7.6209e-05
0 0.814905 0 0.0525745 0 7.64234e-05
0 0.373984 0.919333 0.0802168 0.14 7.64542e-05
0 0.136856 0.0353333 0.129539 0.0706667 7.66326e-05
0 0.0336043 0.953333 0.0672087 0.0933333 7.66423e-05
0 0.458266 0.412667 0.131707 0.350667 7.70991e-05
0 0.512737 0.546667 0.0238482 0.376 7.71402e-05
0 0.215447 0.989333 0.112195 0.0213333 7.73153e-05
0 0.288618 0 0.0558266 0 7.75811e-05
0 0.0506775 0 0.0558266 0 7.76959e-05
0 0.814363 1 0.0504065 0 7.80081e-05
0 0.656098 0.0533333 0.0536585 0.106667 7.83727e-05
0 0.0726287 0.998 0.0910569 0.004 7.83778e-05
0 0.837127 0.309333 0.0298103 0.592 7.83863e-05
0 0.485366 0 0.0634146 0 7.85393e-05
0 0.966667 0.994667 0.0504065 0.0106667 7.88609e-05
0 0.890515 0 0.0531165 0 7.88658e-05
0 0.476423 0.884 0.099729 0.224 7.90404e-05
0 0.707588 0.898 0.0883469 0.166667 7.91613e-05
0 0.691328 0.670667 0.0298103 0.253333 7.94946e-05
0 0.0170732 0.159333 0.0308943 0.225333 7.96487e-05
0 0.757724 0.780667 0.098645 0.230667 7.96539e-05
0 0.954201 1 0.0536585 0 8.00283e-05
0 0.0238482 0.659333 0.0476965 0.428 8.01634e-05
0 0.00785908 0.391333 0.0157182 0.14 8.02497e-05
0 0.604878 0.534667 0.119241 0.389333 8.04105e-05
0 0.811382 0.24 0.112737 0.424 8.044e-05
0 0.51626 0.660667 0.110027 0.236 8.0521e-05
0 0.465583 0.338 0.0769648 0.161333 8.08277e-05
0 0.852304 0 0.0547425 0 8.0896e-05
0 0.821951 0.732667 0.218428 0.534667 8.09053e-05
0 0.80542 0.522 0.131165 0.188 8.09063e-05
0 0.566125 0.58 0.0666667 0.2 8.11622e-05
0 0.971274 0.22 0.0574526 0.298667 8.15046e-05
0 0.785095 0.191333 0.0265583 0.377333 8.16186e-05
0 0.58103 0.898667 0.0878049 0.165333 8.18407e-05
0 0.936856 0.503333 0.126287 0.630667 8.1893e-05
0 0.729539 0.996667 0.0856369 0.00666667 8.27773e-05
0 0.751761 1 0.0487805 0 8.36404e-05
0 0.986721 0 0.0265583 0 8.41708e-05
0 0.73794 0.287333 0.0514905 0.129333 8.44442e-05
0 0.66477 0.116 0.0384824 0.232 8.45981e-05
0 0.307859 0.997333 0.0726287 0.00533333 8.46799e-05
0 0.605149 0.154 0.0330623 0.1 8.48634e-05
0 0.670461 0.154667 0.0260163 0.0613333 8.50152e-05
0 0.239837 0.00333333 0.0569106 0.00666667 8.52069e-05
0 0.24065 0.936667 0.120325 0.124 8.80122e-05
0 0.836043 0.624 0.0330623 0.528 8.82758e-05
0 0.262873 0 0.0552846 0 8.86649e-05
0 0.69458 0.386667 0.0243902 0.016 9.05573e-05
0 0.238211 1 0.0807588 0 9.19549e-05
0 0.0794038 0.624 0.15664 0.552 9.19723e-05
0 0.565041 0.790667 0.115447 0.256 9.26152e-05
0 0.440379 0.277333 0.105691 0.237333 9.31496e-05
0 0.764499 0 0.0753388 0 9.32106e-05
0 0.726558 1 0.0482385 0 9.42696e-05
0 0.509485 0.691333 0.00867209 0.569333 9.47651e-05
0 0.289973 1 0.0498645 0 9.48924e-05
0 0.50271 0.529333 0.0644986 0.344 9.49231e-05
0 0.636585 0.93 0.0666667 0.124 9.50115e-05
0 0.585095 0.730667 0.0894309 0.264 9.57391e-05
0 0.695664 0.359333 0.0330623 0.1 9.7809e-05
0 0.638753 0.0586667 0.0395664 0.117333 9.85941e-05
0 0.266125 0.0246667 0.096477 0.0493333 9.89381e-05
0 0.70271 0.116 0.0612466 0.154667 9.91085e-05
0 0.265312 1 0.0504065 0 9.91554e-05
0 0.584553 0.719333 0.0547425 0.18 9.91721e-05
0 0.84065 0 0.0552846 0 0.000100439
0 0.79458 0.0106667 0.0715447 0.0213333 0.000100966
0 0.990786 0.977333 0.0184282 0.0453333 0.000102177
0 0.00785908 0.448 0.0157182 0.141333 0.000102588
0 0.563144 0.736667 0.0292683 0.377333 0.000105721
0 0.241192 1 0.0520325 0 0.000106848
0 0.0409214 0.782 0.0818428 0.436 0.000107731
0 0.0926829 0.008 0.0769648 0.016 0.00010782
0 0.00867209 1 0.0173442 0 0.000108588
0 0.270461 0.836 0.21355 0.328 0.000109038
0 0.263144 0.996 0.0905149 0.008 0.000110447
0 0.974255 0.715333 0.0471545 0.433333 0.000110471
0 0.0495935 1 0.0558266 0 0.000110549
0 0.00813008 0.509333 0.0162602 0.141333 0.00011205
0 0.099458 1 0.0905149 0 0.00011329
0 0.490515 0.789333 0.0932249 0.229333 0.000113523
0 0.513008 0.736667 0.163144 0.526667 0.000113547
0 0.780759 0.256667 0.0601626 0.284 0.00011386
0 0.53252 0.852 0.099187 0.152 0.000114679
0 0.694038 0.383333 0.00813008 0.012 0.000115331
0 0.786721 0.996 0.0948509 0.008 0.000115806
0 0.610569 0.924 0.0753388 0.122667 0.000116116
0 0.961518 0.231333 0.0769648 0.462667 0.000116553
0 0.0205962 0.232 0.0411924 0.349333 0.000116662
0 0.0124661 0.368 0.0184282 0.258667 0.000116801
0 0.967751 0.418 0.0579946 0.190667 0.000116908
0 0.983469 0.994 0.0233062 0.012 0.000117689
0 0.667751 0.679333 0.262331 0.641333 0.000118284
0 0.547154 0.440667 0.0352304 0.0973333 0.000118286
0 0.679133 0.437333 0.641734 0.874667 0.000119747
0 0.0200542 0.839333 0.0325203 0.270667 0.000120407
0 0.217073 0.735333 0.23252 0.449333 0.000122957
0 0.680488 0.674667 0.0373984 0.0906667 0.000124236
0 0.37019 0.909333 0.139837 0.181333 0.000124705
0 0.343089 0.458 0.686179 0.916 0.000125239
0 0.0192412 0.359333 0.0384824 0.369333 0.000125536
0 0.91355 1 0.098103 0 0.000127472
0 0.00948509 0.235333 0.0189702 0.217333 0.000128593
0 0.150949 0 0.0569106 0 0.000130458
0 0.78103 0.288667 0.0336043 0.0253333 0.000131343
0 0.966938 0 0.0661247 0 0.000131948
0 0.576423 0.0973333 0.0384824 0.130667 0.000132262
0 0.981301 0 0.0373984 0 0.000132374
0 0.990515 0.16 0.0189702 0.256 0.000136384
0 0.0113821 0.648 0.0227642 0.272 0.000138317
0 0.0176152 0.0526667 0.0352304 0.105333 0.000140876
0 0.470461 0.899333 0.140921 0.201333 0.00014104
0 0.138211 0.670667 0.276423 0.658667 0.000143008
0 0.0327913 0.0326667 0.0655827 0.0653333 0.000144167
0 0.210027 0.916 0.115447 0.0906667 0.000148906
0 0.0178862 0.544667 0.0357724 0.38 0.000148986
0 0.0880759 0.028 0.107859 0.056 0.000150831
0 0.192683 0.0213333 0.101355 0.0426667 0.000151738
0 0.958266 0.994 0.0704607 0.012 0.000152832
0 0.395935 0.108 0.118699 0.216 0.000153375
0 0.457995 0.659333 0.172358 0.673333 0.000154004
0 0.289431 0.004 0.132249 0.008 0.000156766
0 0.817344 0 0.114905 0 0.000158918
0 0.573984 0.919333 0.119241 0.161333 0.000158941
0 0.678049 0.116 0.0314363 0.104 0.00016046
0 0.277778 0.4 0.228184 0.610667 0.000161501
0 0.0222222 0.006 0.0444444 0.012 0.000162178
0 0.214092 0.915333 0.123577 0.169333 0.000163263
0 0.711924 0.661333 0.576152 0.677333 0.000164428
0 0.137398 1 0.0894309 0 0.000165327
0 0.0214092 0.990667 0.0428184 0.0186667 0.000165841
0 0.58916 0.142667 0.00867209 0.0293333 0.000166668
0 0.134146 0.912 0.102439 0.133333 0.000169926
0 0.78374 0.264667 0.0260163 0.0866667 0.000172346
0 0.847425 0.0213333 0.0937669 0.0426667 0.000173185
0 0.160434 0.392667 0.320867 0.785333 0.000174663
0 0.175068 0.00933333 0.101897 0.0186667 0.000178251
0 0.98916 0.983333 0.00867209 0.0333333 0.000178581
0 0.780488 0.295333 0.0184282 0.0733333 0.000180793
0 0.552846 0.407333 0.0162602 0.0786667 0.0001812
0 0.176423 0 0.0569106 0 0.00018404
0 0.237669 0 0.0558266 0 0.000188631
0 0.201626 0 0.0563686 0 0.000199256
0 0.00948509 0.448 0.0178862 0.256 0.000202065
0 0.623848 0.22 0.0271003 0.0693333 0.000210172
0 0.796748 0.309333 0.0531165 0.290667 0.000210655
0 0.51897 0.912 0.133875 0.176 0.000213978
0 0.823035 0.468 0.35393 0.936 0.000218289
0 0.988618 1 0.0140921 0 0.000218571
0 0.263957 0.732667 0.498645 0.534667 0.00022157
0 0.591328 0.535333 0.0758808 0.193333 0.000222138
0 0.0390244 0.160667 0.0769648 0.297333 0.000223696
0 0.874526 0.278 0.173984 0.556 0.000224358
0 0.896477 0.0146667 0.111653 0.0293333 0.000228531
0 0.850136 0.00266667 0.097019 0.00533333 0.000230149
0 0.587805 0.112 0.0384824 0.224 0.000239265
0 0.24878 0.00666667 0.0910569 0.0133333 0.000240078
0 0.0127371 0.519333 0.0211382 0.268 0.000243003
0 0.777778 0.308 0.0325203 0.0826667 0.00024416
0 0.421138 0.0473333 0.0325203 0.084 0.000247751
0 0.685366 0.672667 0.0287263 0.0466667 0.00025302
0 0.970461 0.841333 0.0590786 0.285333 0.000253736
0 0.635772 0.0886667 0.0303523 0.084 0.000262183
0 0.963415 0 0.0547425 0 0.000275225
0 0.978591 0.994667 0.0428184 0.0106667 0.000281388
0 0.392683 0.028 0.0536585 0.056 0.000283141
0 0.35935 0.657333 0.233062 0.685333 0.000298489
0 0.0273713 1 0.0536585 0 0.000298926
0 0.163415 0.538667 0.268293 0.589333 0.000299055
0 0.781301 0.252 0.0493225 0.136 0.000299658
0 0.647425 0.798667 0.0233062 0.0346667 0.000304138
0 0.0317073 0.870667 0.0634146 0.258667 0.00030735
0 0.960705 0.00666667 0.0742547 0.0133333 0.000310488
0 0.124661 0.004 0.114905 0.008 0.000320614
0 0.415718 0.5 0.702439 1 0.000334959
0 0.678591 0.128 0.0249322 0.056 0.000335499
0 0.590515 0.0673333 0.0352304 0.134667 0.000349658
0 0.673171 0.5 0.653659 1 0.000357993
0 0.667751 0.116667 0.0249322 0.0866667 0.000364007
0 0.867209 0 0.162602 0 0.0003773
0 0.511382 0.63 0.231436 0.74 0.00037908
0 0.0428184 0.995333 0.0856369 0.00933333 0.000383074
0 0.211382 0.00533333 0.097561 0.0106667 0.000384805
0 0.979404 1 0.0368564 0 0.00039464
0 0.639566 0.0913333 0.0140921 0.084 0.000403416
0 0.690786 0.665333 0.0287263 0.0773333 0.000412619
0 0.524661 0.640667 0.647154 0.718667 0.000414319
0 0.164228 0 0.146341 0 0.000422431
0 0.793767 0.303333 0.0178862 0.0946667 0.000437391
0 0.0601626 1 0.0823848 0 0.000437844
0 0.0647696 0.00133333 0.114363 0.00266667 0.000448686
0 0.910569 0.00733333 0.108401 0.0146667 0.000455513
0 0.553659 0.420667 0.0135501 0.0333333 0.000468889
0 0.948238 0.718667 0.103523 0.562667 0.000520889
0 0.792683 0.294667 0.0384824 0.112 0.000522046
0 0.273713 0.5 0.547425 1 0.000544218
0 0.644986 0.798667 0.0314363 0.0693333 0.000558698
0 0.629268 0.214 0.0140921 0.052 0.000641374
0 0.588347 0.14 0.0243902 0.04 0.000651017
0 0.0311653 0.008 0.0623306 0.016 0.000652704
0 0.808943 0.558667 0.382114 0.882667 0.000659719
0 0.891599 0.659333 0.216802 0.521333 0.000667484
0 0.937127 0 0.122493 0 0.000685469
0 0.760163 0.512 0.0558266 0.064 0.000836092
0 0.673984 0.142 0.0178862 0.0493333 0.000846293
0 0.0265583 0 0.0531165 0 0.00086191
0 0.590244 0.101333 0.0238482 0.130667 0.00179635
0 0.589431 0.123333 0.0157182 0.102667 0.00188923
0 0.628455 0.219333 0.0200542 0.028 0.0022352
0 0.420054 0.338 0.457453 0.676 0.00449276
0 0.769648 0.5 0.420596 1 0.00580446
0 0.410569 0.0646667 0.0840108 0.129333 0.00623951
0 0.578049 0.489333 0.358266 0.92 0.010672
0 0.761247 0.541333 0.102439 0.176 0.0126532
0 0.481301 0.287333 0.244986 0.574667 0.0203923
0 0.404336 0.042 0.0607046 0.084 0.80335
0 0.499187 0.196667 0.0704607 0.26 0.834149
0 0.758808 0.532 0.0758808 0.0933333 0.837059
0 0.6 0.469333 0.0661247 0.16 0.872223
