0 0.362873 0.0333333 0.0731707 0.0666667 1.3719e-05
0 0.469648 0.955333 0.0341463 0.0786667 1.37299e-05
0 0.725474 0.537333 0.0449864 0.106667 1.37405e-05
0 0.217886 0.173333 0.0487805 0.0346667 1.37445e-05
0 0.986179 0.922667 0.0113821 0.130667 1.37454e-05
0 0.873713 0.157333 0.150678 0.314667 1.38101e-05
0 0.117073 0.0306667 0.123577 0.0613333 1.38105e-05
0 0.482114 0.0593333 0.0341463 0.0413333 1.38197e-05
0 0.984824 0.0853333 0.0205962 0.106667 1.38266e-05
0 0.68103 0.77 0.0558266 0.137333 1.3897e-05
0 0.518699 0.997333 0.0422764 0.00533333 1.39516e-05
0 0.792412 0.16 0.0520325 0.32 1.39592e-05
0 0.385637 0.848 0.0915989 0.130667 1.40154e-05
0 0.708672 0.292 0.153388 0.584 1.40257e-05
0 0.338482 0.244667 0.0796748 0.193333 1.40318e-05
0 0.645799 0.986 0.0579946 0.028 1.41176e-05
0 0.520867 0.0353333 0.0173442 0.0706667 1.41314e-05
0 0.484553 0.454667 0.0162602 0.0933333 1.41687e-05
0 0.851762 0.0273333 0.0298103 0.052 1.41768e-05
0 0.626287 0.650667 0.0569106 0.328 1.41795e-05
0 0.0948509 0.570667 0.0910569 0.2 1.42273e-05
0 0.279675 0.734 0.0661247 0.116 1.42556e-05
0 0.558808 0.629333 0.126829 0.472 1.42798e-05
0 0.0747968 0.402667 0.125745 0.189333 1.42985e-05
0 0.0111111 0.0693333 0.0178862 0.138667 1.43022e-05
0 0.890244 0.004 0.0514905 0.008 1.43279e-05
0 0.433875 0.056 0.0352304 0.112 1.43453e-05
0 0.720867 0.148 0.0845528 0.184 1.43677e-05
0 0.638211 0.208 0.0471545 0.152 1.43802e-05
0 0.336043 0.763333 0.0314363 0.0573333 1.43861e-05
0 0.391328 0.373333 0.0574526 0.16 1.44001e-05
0 0.480759 0.074 0.0314363 0.0306667 1.44271e-05
0 0.254201 0.542667 0.0607046 0.152 1.44938e-05
0 0.440921 0 0.0514905 0 1.45013e-05
0 0.285637 0.00933333 0.0791328 0.0186667 1.4503e-05
0 0.90271 0.444667 0.00921409 0.02 1.45158e-05
0 0.29458 0.467333 0.0590786 0.273333 1.45219e-05
0 0.579946 0.626 0.0184282 0.0226667 1.45386e-05
0 0.926287 0.993333 0.0910569 0.0133333 1.45455e-05
0 0.652846 0 0.0525745 0 1.45933e-05
0 0.326558 0.958667 0.0406504 0.0746667 1.46324e-05
0 0.158537 0.546667 0.097019 0.162667 1.46883e-05
0 0.54607 0.504 0.0157182 0.0586667 1.46896e-05
0 0.734146 0.209333 0.0644986 0.138667 1.47302e-05
0 0.559079 0.646667 0.0514905 0.133333 1.4737e-05
0 0.808943 0.97 0.0254743 0.044 1.4751e-05
0 0.177778 0.432 0.0444444 0.096 1.47728e-05
0 0.793496 0.042 0.0357724 0.084 1.4801e-05
0 0.801355 0.554 0.0189702 0.0386667 1.48031e-05
0 0.734688 0.953333 0.0655827 0.0933333 1.48264e-05
0 0.628455 0.874667 0.0200542 0.0853333 1.48373e-05
0 0.664499 0.523333 0.0238482 0.0973333 1.48702e-05
0 0.765041 0.864 0.0666667 0.272 1.48731e-05
0 0.849051 0.0813333 0.0536585 0.162667 1.48794e-05
0 0.71897 0.828 0.0644986 0.136 1.49273e-05
0 0.208943 0.472 0.0915989 0.146667 1.49435e-05
0 0.711111 0.263333 0.0433604 0.0866667 1.49757e-05
0 0.634417 0.148667 0.0579946 0.297333 1.49844e-05
0 0.497832 0.773333 0.0514905 0.104 1.499e-05
0 0.320596 0.641333 0.140379 0.562667 1.49984e-05
0 0.565583 0.962667 0.0872629 0.0746667 1.50141e-05
0 0.710027 0.260667 0.0737127 0.182667 1.50606e-05
0 0.430623 0.879333 0.0254743 0.102667 1.51055e-05
0 0.411653 0.264 0.0688347 0.173333 1.51193e-05
0 0.23523 0.0566667 0.0314363 0.1 1.51615e-05
0 0.392141 0.965333 0.0406504 0.0613333 1.5169e-05
0 0.607046 0.214 0.0466125 0.158667 1.51899e-05
0 0.443089 0.973333 0.0352304 0.048 1.52021e-05
0 0.469106 0.270667 0.0113821 0.109333 1.52231e-05
0 0.769106 0.572667 0.0574526 0.350667 1.52512e-05
0 0.279946 0.291333 0.0428184 0.150667 1.52668e-05
0 0.663415 0.12 0.0628726 0.218667 1.52938e-05
0 0.767751 0.00533333 0.0504065 0.0106667 1.53076e-05
0 0.489702 0.486 0.0471545 0.342667 1.53153e-05
0 0.326287 0.158667 0.145257 0.317333 1.53376e-05
0 0.0924119 0.711333 0.182656 0.257333 1.53478e-05
0 0.311924 0.03 0.0872629 0.06 1.535e-05
0 0.285366 0.838 0.0905149 0.124 1.53896e-05
0 0.944715 0.968667 0.0737127 0.0626667 1.54141e-05
0 0.0560976 0.924 0.100271 0.152 1.54284e-05
0 0.166938 0.0166667 0.0476965 0.0333333 1.54499e-05
0 0.79729 0.162667 0.0487805 0.133333 1.54949e-05
0 0.240379 0.957333 0.0439024 0.072 1.55392e-05
0 0.0932249 0.824 0.18645 0.352 1.55725e-05
0 0.579675 0.628 0.0363144 0.0346667 1.56138e-05
0 0.455285 0.052 0.0173442 0.0746667 1.56176e-05
0 0.492683 0.435333 0.0184282 0.0786667 1.56622e-05
0 0.605962 0.478667 0.0303523 0.141333 1.56648e-05
0 0.829539 0.968 0.0373984 0.0426667 1.56802e-05
0 0.206233 0.0953333 0.0439024 0.105333 1.57096e-05
0 0.729268 0.966667 0.0254743 0.0426667 1.57266e-05
0 0.49187 0.946667 0.0395664 0.0773333 1.57282e-05
0 0.350406 0.346667 0.0493225 0.138667 1.57319e-05
0 0.834417 0.608 0.0428184 0.146667 1.57598e-05
0 0.657182 0.906 0.0807588 0.148 1.57743e-05
0 0.464228 0.0366667 0.0883469 0.0733333 1.5816e-05
0 0.514905 0.766 0.179946 0.468 1.58161e-05
0 0.833875 0.548667 0.0471545 0.126667 1.58286e-05
0 0.607317 0.614 0.0308943 0.0413333 1.58627e-05
0 0.447154 0.062 0.0227642 0.068 1.58713e-05
0 0.739566 0.79 0.0287263 0.0626667 1.58932e-05
0 0.0815718 0.276667 0.139295 0.209333 1.59099e-05
0 0.252575 0.471333 0.0596206 0.129333 1.59494e-05
0 0.675881 0.299333 0.0205962 0.0546667 1.59935e-05
0 0.697561 0.677333 0.0379404 0.28 1.60168e-05
0 0.0102981 0.202 0.0184282 0.217333 1.60418e-05
0 0.558266 0.63 0.0260163 0.0893333 1.60793e-05
0 0.550135 0.426 0.0552846 0.225333 1.60823e-05
0 0.338753 0.376667 0.0238482 0.0333333 1.6099e-05
0 0.462331 0.173333 0.138753 0.346667 1.61272e-05
0 0.393225 0.072 0.0731707 0.130667 1.61759e-05
0 0.614905 0.0413333 0.0948509 0.0826667 1.61954e-05
0 0.731436 0.646 0.0688347 0.294667 1.62121e-05
0 0.311924 0.278667 0.0623306 0.301333 1.62383e-05
0 0.514905 0.0686667 0.0444444 0.121333 1.62567e-05
0 0.823848 0.968 0.0531165 0.064 1.63119e-05
0 0.952575 0.418667 0.0428184 0.112 1.6314e-05
0 0.698103 0.238 0.0281843 0.110667 1.63502e-05
0 0.57561 0.536667 0.0227642 0.0386667 1.63526e-05
0 0.31084 0.507333 0.0222222 0.105333 1.63841e-05
0 0.557995 0.67 0.0146341 0.068 1.64601e-05
0 0.505691 0.408667 0.0314363 0.0973333 1.64794e-05
0 0.910298 0.210667 0.0601626 0.2 1.65263e-05
0 0.491328 0.654667 0.0222222 0.152 1.65412e-05
0 0.181301 0.605333 0.0818428 0.154667 1.65482e-05
0 0.249865 0.0313333 0.0292683 0.0626667 1.65518e-05
0 0.655014 0.0106667 0.0514905 0.0213333 1.66566e-05
0 0.184553 0.0133333 0.0764228 0.0266667 1.66583e-05
0 0.592141 0.936 0.0536585 0.128 1.66587e-05
0 0.607588 0.280667 0.0509485 0.158667 1.66931e-05
0 0.602168 0.421333 0.0173442 0.0453333 1.67396e-05
0 0.516531 0.360667 0.0325203 0.028 1.67691e-05
0 0.826016 0.16 0.0520325 0.136 1.67895e-05
0 0.607046 0.418667 0.0585366 0.28 1.67934e-05
0 0.406504 0.712 0.0704607 0.106667 1.68042e-05
0 0.660434 0.590667 0.0308943 0.024 1.68293e-05
0 0.263957 0.249333 0.0899729 0.173333 1.68296e-05
0 0.686721 0.320667 0.0205962 0.0173333 1.68303e-05
0 0.621409 0.571333 0.0330623 0.052 1.68855e-05
0 0.796748 0.799333 0.0444444 0.0813333 1.69322e-05
0 0.252846 0.605333 0.0775068 0.162667 1.69968e-05
0 0.939837 0.0906667 0.0715447 0.122667 1.70045e-05
0 0.969377 0.370667 0.0439024 0.0773333 1.70119e-05
0 0.946612 0.277333 0.0623306 0.149333 1.70138e-05
0 0.0490515 0.161333 0.098103 0.322667 1.70192e-05
0 0.599187 0.554 0.0395664 0.334667 1.70219e-05
0 0.863144 0.248 0.0829268 0.2 1.70286e-05
0 0.899458 0.454 0.0254743 0.036 1.71399e-05
0 0.409485 0.646667 0.0710027 0.141333 1.7183e-05
0 0.528726 0.427333 0.0471545 0.116 1.7222e-05
0 0.0411924 0.174 0.0487805 0.257333 1.72356e-05
0 0.675068 0.329333 0.0211382 0.0453333 1.73545e-05
0 0.52168 0.106667 0.0113821 0.0666667 1.73702e-05
0 0.365583 0.164667 0.0395664 0.129333 1.74069e-05
0 0.363144 0.258 0.0563686 0.153333 1.74212e-05
0 0.765854 0.421333 0.0281843 0.072 1.74217e-05
0 0.672629 0.330667 0.0238482 0.112 1.74417e-05
0 0.30813 0.798 0.119783 0.121333 1.75322e-05
0 0.615989 0.00933333 0.0460705 0.0186667 1.75379e-05
0 0.387263 0.245333 0.0753388 0.189333 1.75486e-05
0 0.760705 0.956667 0.0482385 0.0786667 1.75662e-05
0 0.939295 0.156667 0.0769648 0.142667 1.75836e-05
0 0.591328 0.522 0.0162602 0.036 1.75881e-05
0 0.711382 0.149333 0.154472 0.298667 1.76313e-05
0 0.231978 0.886 0.0433604 0.113333 1.76429e-05
0 0.860976 0.414667 0.0644986 0.130667 1.76799e-05
0 0.661518 0.488 0.0146341 0.0506667 1.76913e-05
0 0.25393 0.136667 0.0287263 0.0546667 1.76922e-05
0 0.792412 0.995333 0.0422764 0.00933333 1.77254e-05
0 0.531707 0.216 0.0520325 0.245333 1.77506e-05
0 0.559079 0.982 0.0330623 0.036 1.77556e-05
0 0.928184 0.00133333 0.0536585 0.00266667 1.77945e-05
0 0.320596 0.414 0.140379 0.601333 1.78398e-05
0 0.355285 0.917333 0.0373984 0.101333 1.78401e-05
0 0.259079 0.774 0.0813008 0.0946667 1.78402e-05
0 0.162602 0.426667 0.145257 0.229333 1.78406e-05
0 0.833875 0.922 0.0937669 0.156 1.78733e-05
0 0.210569 0.404667 0.117615 0.230667 1.7976e-05
0 0.755556 0.417333 0.0411924 0.136 1.79868e-05
0 0.439295 0.352667 0.0135501 0.0413333 1.79911e-05
0 0.14065 0.0486667 0.118699 0.0973333 1.79916e-05
0 0.800813 0.560667 0.0373984 0.036 1.79967e-05
0 0.988076 0.569333 0.0151762 0.122667 1.80644e-05
0 0.636314 0.464 0.0466125 0.154667 1.80733e-05
0 0.535772 0.93 0.0850949 0.14 1.80996e-05
0 0.776423 0.557333 0.0265583 0.0533333 1.81235e-05
0 0.72981 0.367333 0.0504065 0.158667 1.81296e-05
0 0.166125 0.0313333 0.117615 0.0626667 1.81337e-05
0 0.50542 0.500667 0.0460705 0.265333 1.81557e-05
0 0.613821 0.837333 0.16748 0.325333 1.82355e-05
0 0.592683 0.336667 0.0612466 0.156 1.82642e-05
0 0.0170732 0.664 0.0341463 0.122667 1.82867e-05
0 0.891328 0.996667 0.0449864 0.00666667 1.8306e-05
0 0.0262873 0.885333 0.0525745 0.144 1.83244e-05
0 0.683469 0.314667 0.0130081 0.024 1.84163e-05
0 0.23794 0.79 0.120325 0.18 1.84176e-05
0 0.565854 0.01 0.0520325 0.02 1.8595e-05
0 0.981572 0.954667 0.0368564 0.0906667 1.86502e-05
0 0.731436 0.420667 0.0569106 0.148 1.87717e-05
0 0.633333 0.950667 0.0211382 0.0826667 1.87805e-05
0 0.133333 0.846667 0.145257 0.24 1.88049e-05
0 0.431978 0.294667 0.0498645 0.330667 1.88103e-05
0 0.0490515 0.765333 0.0872629 0.248 1.88942e-05
0 0.535772 0.0486667 0.0352304 0.0546667 1.89157e-05
0 0.780488 0.993333 0.0390244 0.0133333 1.89207e-05
0 0.552033 0.516 0.0265583 0.0533333 1.89416e-05
0 0.384011 0.648 0.0590786 0.144 1.89463e-05
0 0.55664 0.587333 0.0585366 0.329333 1.89563e-05
0 0.41897 0.783333 0.207046 0.433333 1.89799e-05
0 0.904878 0.535333 0.0807588 0.206667 1.90669e-05
0 0.66748 0.107333 0.0384824 0.0946667 1.90875e-05
0 0.172087 0.038 0.0178862 0.076 1.91102e-05
0 0.530894 0.488 0.0493225 0.101333 1.91329e-05
0 0.414092 0.844667 0.0650406 0.214667 1.91861e-05
0 0.275068 0.530667 0.138211 0.541333 1.91922e-05
0 0.623035 0.0186667 0.0720867 0.0373333 1.91988e-05
0 0.260434 0.03 0.0905149 0.06 1.92294e-05
0 0.729268 0.584667 0.0493225 0.118667 1.92318e-05
0 0.512466 0.0386667 0.0850949 0.0773333 1.93033e-05
0 0.581843 0.120667 0.00813008 0.0866667 1.93084e-05
0 0.00677507 0.789333 0.0135501 0.133333 1.93134e-05
0 0.826829 1 0.0731707 0 1.93307e-05
0 0.363144 0.576667 0.0672087 0.302667 1.93424e-05
0 0.750135 0.983333 0.0585366 0.0333333 1.93646e-05
0 0.305962 0.718667 0.0753388 0.112 1.93695e-05
0 0.832791 0.588 0.0699187 0.248 1.93818e-05
0 0.655827 0.0233333 0.0509485 0.0466667 1.94902e-05
0 0.378862 0.720667 0.0444444 0.0466667 1.95046e-05
0 0.952033 0.206 0.095935 0.412 1.95049e-05
0 0.572629 0.813333 0.0102981 0.109333 1.9514e-05
0 0.367751 0.962667 0.0417344 0.0666667 1.95564e-05
0 0.817615 0.226667 0.0276423 0.32 1.95744e-05
0 0.860976 0.272 0.136043 0.544 1.96036e-05
0 0.81355 0.992 0.0780488 0.016 1.96195e-05
0 0.869648 0.00466667 0.0504065 0.00933333 1.96234e-05
0 0.321951 0.43 0.0747968 0.182667 1.96539e-05
0 0.700813 0.703333 0.0260163 0.0786667 1.96641e-05
0 0.43794 0.97 0.0791328 0.06 1.96647e-05
0 0.328455 0.627333 0.0401084 0.0786667 1.96801e-05
0 0.761247 0.034 0.0720867 0.068 1.97518e-05
0 0.431978 0.937333 0.0726287 0.125333 1.97615e-05
0 0.457995 0.0426667 0.0596206 0.0853333 1.97809e-05
0 0.0151762 0.601333 0.0303523 0.128 1.98296e-05
0 0.684553 0.322 0.00758808 0.012 1.98416e-05
0 0.252304 0.798 0.0525745 0.116 1.99195e-05
0 0.771003 0.25 0.0807588 0.174667 1.99335e-05
0 0.827913 0.284 0.0677507 0.242667 1.9959e-05
0 0.194038 0.004 0.0542005 0.008 1.99666e-05
0 0.47561 0.290667 0.0233062 0.112 2.00245e-05
0 0.855827 0.533333 0.0682927 0.168 2.00454e-05
0 0.812466 0.0373333 0.0715447 0.0746667 2.00484e-05
0 0.705691 0.414 0.0715447 0.18 2.00865e-05
0 0.36748 0.580667 0.0563686 0.153333 2.01126e-05
0 0.775881 0.494 0.0536585 0.126667 2.01441e-05
0 0.316531 0.288 0.0509485 0.144 2.03988e-05
0 0.516802 0.625333 0.0666667 0.466667 2.04004e-05
0 0.561247 0.698 0.0168022 0.084 2.0411e-05
0 0.822222 0.103333 0.0596206 0.164 2.04129e-05
0 0.0181572 0.914667 0.0363144 0.170667 2.04602e-05
0 0.268835 0.406 0.0823848 0.190667 2.05631e-05
0 0.74065 0.735333 0.0807588 0.116 2.06256e-05
0 0.557182 0.638 0.0140921 0.068 2.06279e-05
0 0.586179 0.962 0.0265583 0.076 2.06419e-05
0 0.258537 0.346667 0.0628726 0.154667 2.06497e-05
0 0.486179 0.0646667 0.0910569 0.129333 2.06998e-05
0 0.350406 0.150667 0.0460705 0.213333 2.07143e-05
0 0.148238 0.258667 0.104607 0.168 2.07309e-05
0 0.860434 0.480667 0.0710027 0.113333 2.08332e-05
0 0.758266 0.199333 0.123577 0.398667 2.09215e-05
0 0.00460705 0.854667 0.00921409 0.128 2.09357e-05
0 0.83523 0.0186667 0.0346883 0.0373333 2.09638e-05
0 0.584282 0.587333 0.0476965 0.105333 2.0979e-05
0 0.605149 0.963333 0.0471545 0.0733333 2.10009e-05
0 0.478862 0.994 0.0449864 0.012 2.10156e-05
0 0.168835 0.970667 0.0883469 0.0586667 2.10436e-05
0 0.255827 0.163333 0.0390244 0.044 2.10534e-05
0 0.313279 0.427333 0.0303523 0.108 2.10804e-05
0 0.507859 0.422667 0.0650406 0.178667 2.11437e-05
0 0.500813 0.782667 0.0281843 0.0586667 2.1154e-05
0 0.723306 0.491333 0.0428184 0.0973333 2.11944e-05
0 0.33252 0.869333 0.0818428 0.122667 2.12233e-05
0 0.504065 0.677333 0.0346883 0.112 2.12422e-05
0 0.465312 0 0.0514905 0 2.12499e-05
0 0.550677 0.427333 0.0303523 0.102667 2.12901e-05
0 0.765041 0.0386667 0.0818428 0.0773333 2.13829e-05
0 0.766667 0.538 0.0666667 0.153333 2.14274e-05
0 0.778591 0.946 0.0699187 0.108 2.15006e-05
0 0.611111 0.665333 0.0493225 0.109333 2.16043e-05
0 0.453117 0.404667 0.0639566 0.116 2.16397e-05
0 0.216531 0.406667 0.186992 0.581333 2.17394e-05
0 0.52981 0.365333 0.0753388 0.261333 2.17594e-05
0 0.473442 0.294667 0.00704607 0.088 2.17709e-05
0 0.684553 0.426667 0.0216802 0.0613333 2.1776e-05
0 0.508401 0.827333 0.0672087 0.252 2.18936e-05
0 0.0539295 0.646667 0.107859 0.410667 2.1977e-05
0 0.278862 0.143333 0.0417344 0.0386667 2.20325e-05
0 0.584282 0.65 0.0639566 0.121333 2.21815e-05
0 0.934688 0.105333 0.095935 0.210667 2.22161e-05
0 0.926016 0.146667 0.147967 0.293333 2.22316e-05
0 0.46206 0.220667 0.0406504 0.196 2.22329e-05
0 0.463415 0.772 0.0628726 0.133333 2.2264e-05
0 0.726558 0.350667 0.0710027 0.253333 2.22847e-05
0 0.484824 0.426667 0.0178862 0.064 2.23365e-05
0 0.646341 0.762667 0.133875 0.474667 2.23632e-05
0 0.0926829 0.119333 0.0563686 0.214667 2.23731e-05
0 0.0861789 0.0886667 0.108401 0.177333 2.2489e-05
0 0.187263 0.894 0.0840108 0.158667 2.25643e-05
0 0.554201 0.554 0.0222222 0.084 2.25751e-05
0 0.203794 0.584667 0.0498645 0.121333 2.25901e-05
0 0.934959 0.259333 0.0888889 0.238667 2.26566e-05
0 0.0650406 0.998667 0.0509485 0.00266667 2.26719e-05
0 0.181572 0.932667 0.0466125 0.0946667 2.26894e-05
0 0.137398 0.122 0.123035 0.244 2.27308e-05
0 0.458808 0.975333 0.0341463 0.0466667 2.27769e-05
0 0.623035 0.774667 0.0308943 0.125333 2.27872e-05
0 0.578862 0.0766667 0.0390244 0.105333 2.27873e-05
0 0.241734 0.0173333 0.0379404 0.0346667 2.28681e-05
0 0.810569 0.423333 0.0319783 0.129333 2.28698e-05
0 0.121138 0.606 0.107859 0.198667 2.29248e-05
0 0.191057 0.958 0.0460705 0.06 2.29433e-05
0 0.954743 0.388667 0.0905149 0.508 2.30155e-05
0 0.761789 0.392 0.153388 0.690667 2.31292e-05
0 0.520325 0.0533333 0.0140921 0.0586667 2.31342e-05
0 0.322222 0.654667 0.0764228 0.178667 2.31362e-05
0 0.682114 0.995333 0.0395664 0.00933333 2.31556e-05
0 0.727913 0.498667 0.0336043 0.0453333 2.3207e-05
0 0.78645 0.857333 0.0747968 0.165333 2.32072e-05
0 0.252846 0.417333 0.0601626 0.122667 2.32809e-05
0 0.667209 0.29 0.0292683 0.0866667 2.32952e-05
0 0.520596 0.0806667 0.0113821 0.06 2.33948e-05
0 0.631707 0.452 0.0644986 0.328 2.34283e-05
0 0.741192 0.155333 0.0243902 0.036 2.34442e-05
0 0.610298 0.538667 0.0628726 0.16 2.34467e-05
0 0.689431 0.950667 0.0878049 0.0986667 2.35637e-05
0 0.00623306 0.146667 0.0124661 0.136 2.35674e-05
0 0.668564 0.47 0.0243902 0.108 2.36061e-05
0 0.675339 0.456 0.0401084 0.28 2.36643e-05
0 0.736314 0.657333 0.0666667 0.144 2.37059e-05
0 0.663144 0.992667 0.0840108 0.0146667 2.38331e-05
0 0.488076 0.416 0.0287263 0.106667 2.38717e-05
0 0.283198 0.1 0.095935 0.136 2.40008e-05
0 0.215176 0.418 0.0878049 0.124 2.4003e-05
0 0.904336 0.289333 0.0840108 0.226667 2.4062e-05
0 0.561789 0.345333 0.0775068 0.202667 2.40785e-05
0 0.215989 0.699333 0.0482385 0.102667 2.41572e-05
0 0.717886 0.768 0.0699187 0.114667 2.42086e-05
0 0.590786 0.024 0.0433604 0.0453333 2.42558e-05
0 0.163957 0.208667 0.146883 0.132 2.43703e-05
0 0.39458 0.982 0.0531165 0.036 2.44577e-05
0 0.988347 0.367333 0.0189702 0.0973333 2.45638e-05
0 0.866396 0.634 0.159892 0.641333 2.45653e-05
0 0.326287 0.362 0.0195122 0.084 2.45894e-05
0 0.457995 0.221333 0.0628726 0.341333 2.46162e-05
0 0.959079 0.446667 0.0395664 0.056 2.463e-05
0 0.304878 0.882667 0.0417344 0.101333 2.46764e-05
0 0.456369 0.403333 0.0260163 0.0226667 2.48023e-05
0 0.726287 0.0426667 0.0780488 0.0853333 2.48331e-05
0 0.965854 0.882 0.0682927 0.225333 2.48624e-05
0 0.428455 0.833333 0.0287263 0.08 2.48878e-05
0 0.27832 0.534667 0.0785908 0.208 2.49349e-05
0 0.620325 0.246667 0.0796748 0.232 2.49438e-05
0 0.983198 0.274667 0.0336043 0.293333 2.4944e-05
0 0.34336 0.04 0.0308943 0.08 2.50601e-05
0 0.0170732 0.359333 0.0341463 0.129333 2.50875e-05
0 0.759892 0.848667 0.15393 0.302667 2.51159e-05
0 0.950136 0.422 0.0292683 0.068 2.51216e-05
0 0.971274 0.230667 0.0357724 0.152 2.51242e-05
0 0.0281843 0.0633333 0.0476965 0.0973333 2.51471e-05
0 0.620596 0.402 0.151762 0.652 2.52596e-05
0 0.976965 0.661333 0.0460705 0.242667 2.5294e-05
0 0.319783 0.366 0.0292683 0.113333 2.5361e-05
0 0.804878 0.485333 0.0552846 0.141333 2.54038e-05
0 0.388076 0.976667 0.0758808 0.0466667 2.54223e-05
0 0.595664 0.749333 0.0769648 0.141333 2.55937e-05
0 0.75122 0.798 0.0271003 0.0893333 2.57022e-05
0 0.950136 0.977333 0.0466125 0.0453333 2.5716e-05
0 0.49187 0.474667 0.0460705 0.133333 2.57377e-05
0 0.643089 0.278 0.0547425 0.129333 2.57788e-05
0 0.880488 0.72 0.0850949 0.218667 2.58122e-05
0 0.800813 0.636667 0.0677507 0.164 2.58498e-05
0 0.563686 0.812 0.0130081 0.0906667 2.59939e-05
0 0.364499 0.769333 0.0840108 0.157333 2.602e-05
0 0.83252 0.953333 0.0823848 0.0933333 2.60396e-05
0 0.988076 0.152 0.0238482 0.205333 2.60455e-05
0 0.52168 0.0573333 0.0276423 0.072 2.60609e-05
0 0.982656 0.577333 0.0346883 0.226667 2.61104e-05
0 0.510298 0.821333 0.0493225 0.106667 2.6247e-05
0 0.904336 0.443333 0.0222222 0.0413333 2.62561e-05
0 0.668564 0.0606667 0.0460705 0.0946667 2.64081e-05
0 0.283469 0.342667 0.0791328 0.248 2.64129e-05
0 0.235772 0.83 0.0791328 0.164 2.65163e-05
0 0.694309 0.991333 0.0357724 0.0173333 2.65876e-05
0 0.765583 0.656667 0.0623306 0.148 2.66526e-05
0 0.814363 0.380667 0.145799 0.633333 2.68253e-05
0 0.866125 0.996 0.0444444 0.008 2.68619e-05
0 0.372358 0.436 0.0747968 0.109333 2.68672e-05
0 0.242818 0.0333333 0.0195122 0.064 2.70196e-05
0 0.880759 0.596667 0.0607046 0.238667 2.70476e-05
0 0.299187 0.474667 0.0314363 0.109333 2.71075e-05
0 0.233875 0.201333 0.0807588 0.128 2.71343e-05
0 0.0162602 0.42 0.0325203 0.136 2.71571e-05
0 0.207588 0.732 0.0715447 0.138667 2.72758e-05
0 0.861789 0.348667 0.0639566 0.158667 2.72776e-05
0 0.834959 0.480667 0.0666667 0.126667 2.73775e-05
0 0.620325 0.859333 0.0243902 0.068 2.74392e-05
0 0.945799 0.524 0.0682927 0.136 2.74842e-05
0 0.699729 0.420667 0.0281843 0.0946667 2.75482e-05
0 0.555827 0.491333 0.0287263 0.0946667 2.77068e-05
0 0.00542005 0.694667 0.0108401 0.136 2.77888e-05
0 0.768293 0.988667 0.0341463 0.0226667 2.78404e-05
0 0.627642 0.654 0.0531165 0.126667 2.79283e-05
0 0.820054 0.221333 0.0672087 0.170667 2.79721e-05
0 0.289431 0.347333 0.0563686 0.132 2.80561e-05
0 0.561247 0.734 0.0373984 0.292 2.81649e-05
0 0.525474 0.354667 0.0514905 0.146667 2.84319e-05
0 0.424932 0.985333 0.0737127 0.0293333 2.87091e-05
0 0.15935 0.930667 0.0888889 0.138667 2.87863e-05
0 0.0894309 0.998667 0.0531165 0.00266667 2.88487e-05
0 0.175339 0.0946667 0.0243902 0.109333 2.88954e-05
0 0.513008 0.237333 0.0428184 0.245333 2.89277e-05
0 0.209756 0.542 0.112737 0.244 2.8932e-05
0 0.75664 0 0.0509485 0 2.89616e-05
0 0.66748 0.996 0.0406504 0.008 2.91354e-05
0 0.414363 0.371333 0.0644986 0.124 2.91402e-05
0 0.542005 0.516667 0.0195122 0.036 2.91679e-05
0 0.284824 0.665333 0.0753388 0.130667 2.92106e-05
0 0.0157182 0.538667 0.0314363 0.130667 2.92388e-05
0 0.768293 0.973333 0.0276423 0.0506667 2.9295e-05
0 0.641192 0.336667 0.0704607 0.137333 2.93354e-05
0 0.279133 0.976667 0.0509485 0.0466667 2.93374e-05
0 0.314634 0.656 0.0493225 0.112 2.94668e-05
0 0.331165 0.531333 0.0596206 0.132 2.94811e-05
0 0.319783 0.601333 0.0487805 0.0986667 2.97323e-05
0 0.657182 0.958667 0.0872629 0.0826667 2.97344e-05
0 0.776965 0 0.0536585 0 2.97725e-05
0 0.398645 0.524 0.0525745 0.088 2.97769e-05
0 0.513821 1 0.0693767 0 2.99125e-05
0 0.329539 0.362 0.0151762 0.0306667 2.9934e-05
0 0.912195 0.899333 0.0747968 0.156 2.99988e-05
0 0.86206 0.896667 0.116531 0.188 3.00443e-05
0 0.633875 0.118667 0.0341463 0.0853333 3.00503e-05
0 0.573984 0.814 0.0411924 0.254667 3.01291e-05
0 0.695935 0.429333 0.0195122 0.0613333 3.02681e-05
0 0.596748 0.0846667 0.0205962 0.110667 3.03032e-05
0 0.943902 0.781333 0.112195 0.437333 3.03997e-05
0 0.484011 0.933333 0.0899729 0.133333 3.047e-05
0 0.462602 0.100667 0.0818428 0.161333 3.0679e-05
0 0.337669 0.97 0.0780488 0.06 3.08026e-05
0 0.863415 0.798667 0.184282 0.402667 3.08162e-05
0 0.167751 0.134667 0.128455 0.189333 3.08204e-05
0 0.0723577 0.138 0.0558266 0.193333 3.10564e-05
0 0.53523 0.905333 0.0634146 0.112 3.10604e-05
0 0.362331 0.00666667 0.0558266 0.0133333 3.10844e-05
0 0.915718 1 0.0471545 0 3.10936e-05
0 0.566938 0.252 0.095393 0.245333 3.11177e-05
0 0.489973 0 0.0509485 0 3.11533e-05
0 0.952575 0.006 0.0558266 0.012 3.11598e-05
0 0.626829 0.566 0.0406504 0.092 3.13158e-05
0 0.193225 0.207333 0.0417344 0.076 3.13677e-05
0 0.213008 0.032 0.105149 0.064 3.13708e-05
0 0.725474 0.0166667 0.0384824 0.0333333 3.14477e-05
0 0.196477 0.797333 0.0785908 0.189333 3.1448e-05
0 0.64336 0.862667 0.0758808 0.144 3.14689e-05
0 0.536856 0.822 0.0623306 0.236 3.15144e-05
0 0.0111111 0.0133333 0.0222222 0.0266667 3.16291e-05
0 0.378049 0.938 0.0428184 0.102667 3.17344e-05
0 0.290244 0 0.0514905 0 3.17567e-05
0 0.882927 0.074 0.0867209 0.148 3.18974e-05
0 0.443631 0.352 0.0384824 0.314667 3.22381e-05
0 0.684011 0.0146667 0.0509485 0.0293333 3.22727e-05
0 0.531436 0.522 0.0341463 0.0413333 3.22914e-05
0 0.0230352 0.144667 0.0384824 0.201333 3.23059e-05
0 0.0636856 0.205333 0.127371 0.410667 3.23309e-05
0 0.760163 0.987333 0.0775068 0.0253333 3.23868e-05
0 0.378862 0.462667 0.0422764 0.141333 3.25382e-05
0 0.133604 0.650667 0.175068 0.226667 3.26079e-05
0 0.7 0.925333 0.0471545 0.104 3.26175e-05
0 0.0777778 0.476 0.129539 0.170667 3.27147e-05
0 0.217073 0.760667 0.173984 0.478667 3.29893e-05
0 0.989431 0.536667 0.0211382 0.182667 3.30124e-05
0 0.181843 0.119333 0.0406504 0.148 3.30427e-05
0 0.0178862 0.296667 0.0357724 0.137333 3.30736e-05
0 0.629268 0.962 0.0693767 0.076 3.33204e-05
0 0.514092 0.762667 0.0287263 0.064 3.3422e-05
0 0.515989 0.0393333 0.0617886 0.0786667 3.35781e-05
0 0.849322 0.0426667 0.0520325 0.0853333 3.36045e-05
0 0.263415 0.667333 0.0867209 0.190667 3.36067e-05
0 0.160434 0.534 0.152846 0.249333 3.37325e-05
0 0.363144 0.978 0.0791328 0.044 3.37572e-05
0 0.731978 0.988667 0.0341463 0.0226667 3.38072e-05
0 0.707317 0.986 0.0336043 0.028 3.38989e-05
0 0.968293 0.282 0.0612466 0.254667 3.39195e-05
0 0.0102981 0.124 0.0140921 0.184 3.39215e-05
0 0.32981 0.908667 0.0428184 0.110667 3.39445e-05
0 0.864499 1 0.0845528 0 3.40118e-05
0 0.00867209 0.332667 0.0173442 0.134667 3.40272e-05
0 0.0439024 0.973333 0.0878049 0.0533333 3.40561e-05
0 0.16748 0.994 0.0487805 0.012 3.41561e-05
0 0.501626 0.768667 0.0135501 0.044 3.43645e-05
0 0.00813008 0.723333 0.0162602 0.276 3.44186e-05
0 0.0742547 0.516 0.148509 0.584 3.45082e-05
0 0.712466 1 0.0634146 0 3.46704e-05
0 0.141734 0.942 0.0504065 0.0626667 3.47945e-05
0 0.0620596 0 0.0558266 0 3.48931e-05
0 0.192954 0.980667 0.0574526 0.0386667 3.48937e-05
0 0.739024 1 0.0590786 0 3.49551e-05
0 0.16477 0.195333 0.18645 0.390667 3.50487e-05
0 0.180759 0.838667 0.106775 0.322667 3.51311e-05
0 0.831978 0.411333 0.0867209 0.190667 3.52335e-05
0 0.432249 0.786667 0.0590786 0.130667 3.53841e-05
0 0.680217 0.0773333 0.0357724 0.112 3.54833e-05
0 0.506504 0.536667 0.0417344 0.084 3.55118e-05
0 0.88103 0.678667 0.0428184 0.253333 3.55885e-05
0 0.64065 0.976 0.0238482 0.048 3.56203e-05
0 0.627371 0 0.0536585 0 3.57093e-05
0 0.00704607 0.636 0.0140921 0.130667 3.57863e-05
0 0.3 0.528667 0.0287263 0.121333 3.5811e-05
0 0.219241 0.156667 0.144715 0.313333 3.58383e-05
0 0.557453 0.591333 0.0558266 0.137333 3.59809e-05
0 0.508672 0.768 0.0146341 0.048 3.60685e-05
0 0.639024 0.408 0.0628726 0.170667 3.61199e-05
0 0.608943 0.856 0.0417344 0.122667 3.62731e-05
0 0.907588 0.100667 0.0894309 0.177333 3.6317e-05
0 0.410569 0.00666667 0.0720867 0.0133333 3.63185e-05
0 0.671545 0.42 0.0271003 0.133333 3.64201e-05
0 0.928184 0.270667 0.130623 0.541333 3.64533e-05
0 0.750678 0.140667 0.0281843 0.0466667 3.64642e-05
0 0.436856 0.306 0.0379404 0.126667 3.65134e-05
0 0.990786 0.264 0.0184282 0.133333 3.65349e-05
0 0.462331 0.273333 0.110569 0.445333 3.65503e-05
0 0.183198 0.204667 0.097561 0.0866667 3.67078e-05
0 0.712195 0.976 0.0563686 0.048 3.68286e-05
0 0.220867 0.915333 0.0417344 0.108 3.68455e-05
0 0.984011 0.152 0.0319783 0.296 3.68557e-05
0 0.547425 0.113333 0.119241 0.226667 3.68978e-05
0 0.0859079 0 0.0547425 0 3.69254e-05
0 0.737127 0.87 0.0747968 0.134667 3.70507e-05
0 0.547425 0.064 0.0303523 0.08 3.71406e-05
0 0.899458 0 0.0536585 0 3.71922e-05
0 0.49729 0.572667 0.098103 0.150667 3.74374e-05
0 0.666938 0.036 0.115447 0.072 3.74444e-05
0 0.26206 0.934667 0.0623306 0.130667 3.74972e-05
0 0.856911 0.624667 0.0411924 0.241333 3.76445e-05
0 0.642818 0.991333 0.0368564 0.0173333 3.76727e-05
0 0.0924119 0.944 0.139295 0.104 3.77326e-05
0 0.776152 1 0.0672087 0 3.77409e-05
0 0.508401 0.961333 0.0715447 0.0773333 3.78181e-05
0 0.935772 0.585333 0.113279 0.261333 3.79474e-05
0 0.682385 0.316 0.0216802 0.0426667 3.80033e-05
0 0.376152 0.0913333 0.126829 0.145333 3.80419e-05
0 0.35664 0.951333 0.0639566 0.0973333 3.81984e-05
0 0.00596206 0.570667 0.0119241 0.133333 3.82317e-05
0 0.589973 0.508 0.0222222 0.0906667 3.8352e-05
0 0.465583 0.828 0.133333 0.344 3.85281e-05
0 0.114092 1 0.0547425 0 3.85568e-05
0 0.310569 0.00533333 0.0607046 0.0106667 3.86143e-05
0 0.814363 0.117333 0.0493225 0.234667 3.86254e-05
0 0.0257453 0.032 0.0504065 0.064 3.8653e-05
0 0.966667 0.964667 0.0666667 0.0706667 3.89794e-05
0 0.0214092 0.202667 0.0428184 0.130667 3.89798e-05
0 0.295122 0.426667 0.0373984 0.0986667 3.91496e-05
0 0.229268 0.978667 0.0542005 0.0426667 3.92971e-05
0 0.785366 0.343333 0.0802168 0.249333 3.97526e-05
0 0.58374 0.523333 0.0227642 0.0173333 3.99632e-05
0 0.665854 0.483333 0.0168022 0.0306667 4.00243e-05
0 0.950406 0.392667 0.0764228 0.18 4.01247e-05
0 0.380217 0.182667 0.0525745 0.154667 4.01564e-05
0 0.580217 0.0846667 0.0189702 0.105333 4.01611e-05
0 0.764499 0.346667 0.0634146 0.162667 4.01888e-05
0 0.841734 1 0.0466125 0 4.01924e-05
0 0.428184 0.892 0.0617886 0.202667 4.02908e-05
0 0.892683 0.991333 0.0943089 0.0173333 4.03615e-05
0 0.815447 1 0.0439024 0 4.03634e-05
0 0.35935 0.67 0.0639566 0.121333 4.03714e-05
0 0.287263 0.0493333 0.0888889 0.0986667 4.0715e-05
0 0.626829 1 0.0644986 0 4.07964e-05
0 0.854743 0.596667 0.0888889 0.18 4.08751e-05
0 0.3271 0.614667 0.0189702 0.0373333 4.08849e-05
0 0.458808 0.964 0.0710027 0.072 4.10933e-05
0 0.237398 0.024 0.0314363 0.048 4.11716e-05
0 0.535772 0.966667 0.0785908 0.0666667 4.13684e-05
0 0.938211 0.665333 0.123577 0.288 4.13976e-05
0 0.983469 0.0693333 0.0330623 0.138667 4.14437e-05
0 0.543631 0.997333 0.0422764 0.00533333 4.14657e-05
0 0.217886 0.664 0.0639566 0.141333 4.15009e-05
0 0.156098 0.250667 0.124661 0.314667 4.15143e-05
0 0.975339 0.0906667 0.0493225 0.12 4.16008e-05
0 0.987534 0.216 0.0162602 0.114667 4.17076e-05
0 0.660434 0.147333 0.121951 0.294667 4.17144e-05
0 0.909756 0.622667 0.0514905 0.328 4.17579e-05
0 0.387534 0.0106667 0.0791328 0.0213333 4.1826e-05
0 0.0113821 0.804667 0.0151762 0.278667 4.19109e-05
0 0.0146341 0.912667 0.0281843 0.108 4.21069e-05
0 0.00704607 0.0933333 0.0130081 0.133333 4.21268e-05
0 0.755285 0.989333 0.0384824 0.0213333 4.23256e-05
0 0.573171 0.982 0.0287263 0.0333333 4.25088e-05
0 0.405691 0.971333 0.0384824 0.0546667 4.26793e-05
0 0.346883 0.74 0.0325203 0.0426667 4.27181e-05
0 0.125474 0.000666667 0.0558266 0.00133333 4.2741e-05
0 0.463957 0.00666667 0.0596206 0.0133333 4.28302e-05
0 0.976152 0.0113333 0.0476965 0.0226667 4.29281e-05
0 0.442005 0.344667 0.0189702 0.0146667 4.30083e-05
0 0.514905 0.264667 0.0878049 0.246667 4.31461e-05
0 0.566125 0.774667 0.0319783 0.106667 4.32342e-05
0 0.686721 0.422667 0.0314363 0.0986667 4.33454e-05
0 0.553659 0.588667 0.0254743 0.0866667 4.35351e-05
0 0.612466 0.597333 0.0325203 0.0773333 4.36512e-05
0 0.437127 0 0.0688347 0 4.37752e-05
0 0.983469 0.002 0.0330623 0.004 4.37879e-05
0 0.365854 0.117333 0.0693767 0.165333 4.40043e-05
0 0.0433604 0.79 0.0867209 0.42 4.4123e-05
0 0.609485 0.07 0.0341463 0.105333 4.42733e-05
0 0.541192 0.828 0.0547425 0.122667 4.44239e-05
0 0.0151762 0.478667 0.0303523 0.130667 4.49175e-05
0 0.782385 0.408 0.0460705 0.173333 4.50728e-05
0 0.411382 0.903333 0.0509485 0.137333 4.52233e-05
0 0.988347 0.938667 0.0233062 0.122667 4.5564e-05
0 0.0845528 0.004 0.0910569 0.008 4.56196e-05
0 0.719241 0.982667 0.0260163 0.0346667 4.57635e-05
0 0.108943 0.241333 0.207046 0.466667 4.58599e-05
0 0.458537 0.842 0.0574526 0.132 4.63057e-05
0 0.638753 0.777333 0.0829268 0.157333 4.63194e-05
0 0.802168 0.537333 0.0650406 0.144 4.64816e-05
0 0.431707 0.964 0.0612466 0.072 4.65004e-05
0 0.305962 0.945333 0.0775068 0.109333 4.66318e-05
0 0.336314 0 0.0710027 0 4.66348e-05
0 0.782114 0.758 0.0574526 0.06 4.67469e-05
0 0.189973 0.988 0.0514905 0.024 4.72336e-05
0 0.211924 0.0106667 0.0834688 0.0213333 4.73111e-05
0 0.429539 0.950667 0.0276423 0.08 4.73502e-05
0 0.613279 0.952667 0.0753388 0.0946667 4.73937e-05
0 0.620867 0.754667 0.0514905 0.056 4.73998e-05
0 0.889431 1 0.0509485 0 4.75074e-05
0 0.455827 0.993333 0.0455285 0.0133333 4.76177e-05
0 0.0108401 0.298 0.0195122 0.225333 4.77365e-05
0 0.947154 0.993333 0.0504065 0.0133333 4.79245e-05
0 0.158266 0.636 0.108401 0.144 4.79464e-05
0 0.26477 0 0.0525745 0 4.80895e-05
0 0.0512195 1 0.0547425 0 4.82038e-05
0 0.00813008 0.392 0.0162602 0.141333 4.84313e-05
0 0.00731707 0.997333 0.0146341 0.00533333 4.92215e-05
0 0.563415 0.274 0.147967 0.548 4.95912e-05
0 0.107046 0.534667 0.153388 0.285333 4.96298e-05
0 0.950406 0.631333 0.099187 0.601333 4.97667e-05
0 0.677507 0.456667 0.0303523 0.108 5.01738e-05
0 0.801355 1 0.0688347 0 5.02296e-05
0 0.486721 0.838 0.0563686 0.134667 5.06349e-05
0 0.459621 0.99 0.0693767 0.02 5.06377e-05
0 0.355827 0.726 0.0623306 0.0733333 5.06631e-05
0 0.0883469 1 0.0552846 0 5.08376e-05
0 0.702168 0.00866667 0.0558266 0.0173333 5.09578e-05
0 0.0498645 0.885333 0.099729 0.189333 5.11865e-05
0 0.991328 0.106667 0.0173442 0.154667 5.14799e-05
0 0.239024 0 0.0531165 0 5.18931e-05
0 0.727371 0.919333 0.0617886 0.116 5.2026e-05
0 0.971816 0.508667 0.0552846 0.116 5.21304e-05
0 0.769648 0.558 0.0433604 0.084 5.22072e-05
0 0.804065 0.226667 0.0363144 0.0773333 5.22958e-05
0 0.913279 0.840667 0.102981 0.204 5.26942e-05
0 0.183469 0.0806667 0.0764228 0.161333 5.29019e-05
0 0.572629 0.808667 0.0276423 0.129333 5.29399e-05
0 0.612195 0.77 0.0785908 0.246667 5.29538e-05
0 0.939024 1 0.0937669 0 5.36735e-05
0 0.933604 0.729333 0.0493225 0.541333 5.37635e-05
0 0.0341463 0.956 0.0682927 0.088 5.41324e-05
0 0.488076 0.036 0.0850949 0.072 5.4446e-05
0 0.205149 0.644667 0.099187 0.222667 5.45027e-05
0 0.75664 0.128667 0.0672087 0.153333 5.45974e-05
0 0.651491 1 0.0726287 0 5.47111e-05
0 0.989431 0.404 0.0211382 0.114667 5.47215e-05
0 0.511653 0.0126667 0.0650406 0.0253333 5.48347e-05
0 0.573442 0.533333 0.0227642 0.0826667 5.4854e-05
0 0.742276 0.123333 0.0319783 0.0893333 5.4946e-05
0 0.913279 0.056 0.104065 0.112 5.51529e-05
0 0.0214092 0.886667 0.0298103 0.213333 5.51918e-05
0 0.83523 0.372 0.0498645 0.210667 5.53612e-05
0 0.826016 0.0753333 0.0401084 0.150667 5.53897e-05
0 0.137398 0.996 0.124119 0.008 5.55036e-05
0 0.0504065 0.283333 0.098645 0.377333 5.55715e-05
0 0.816531 0.218667 0.0298103 0.0986667 5.56136e-05
0 0.636585 0.990667 0.0872629 0.0186667 5.567e-05
0 0.587263 1 0.0634146 0 5.57558e-05
0 0.865583 1 0.0509485 0 5.5775e-05
0 0.503523 1 0.0422764 0 5.60681e-05
0 0.950949 0.986667 0.0666667 0.0266667 5.632e-05
0 0.0189702 0.417333 0.0271003 0.288 5.65999e-05
0 0.62439 0.988667 0.0542005 0.0226667 5.68175e-05
0 0.0322493 0.118667 0.0644986 0.237333 5.68832e-05
0 0.133333 0.767333 0.102981 0.241333 5.69805e-05
0 0.959079 0.74 0.0612466 0.482667 5.70054e-05
0 0.843089 0.992 0.110027 0.016 5.70799e-05
0 0.990786 0.204 0.0184282 0.149333 5.7181e-05
0 0.428726 0.99 0.0444444 0.02 5.76308e-05
0 0.429539 0.905333 0.0406504 0.133333 5.77579e-05
0 0.984282 0.026 0.0260163 0.052 5.85143e-05
0 0.742547 0.145333 0.0314363 0.0213333 5.92432e-05
0 0.884011 0.807333 0.0390244 0.324 5.93663e-05
0 0.160163 0.006 0.0883469 0.012 5.96578e-05
0 0.665583 1 0.0422764 0 5.994e-05
0 0.742547 0.153333 0.0130081 0.024 6.00134e-05
0 0.473984 0.281333 0.0363144 0.208 6.02611e-05
0 0.815989 0.213333 0.0113821 0.0453333 6.03964e-05
0 0.0552846 0.468 0.110569 0.314667 6.04645e-05
0 0.571274 0.545333 0.0422764 0.096 6.04677e-05
0 0.655827 0.554 0.688347 0.892 6.05092e-05
0 0.968293 0.159333 0.0634146 0.228 6.06112e-05
0 0.0588076 0.04 0.099187 0.08 6.08945e-05
0 0.831707 0.343333 0.099187 0.182667 6.0961e-05
0 0.624119 0.126667 0.115447 0.253333 6.11609e-05
0 0.604065 1 0.0341463 0 6.11967e-05
0 0.302168 0.980667 0.0514905 0.0386667 6.13061e-05
0 0.886992 0.03 0.0807588 0.06 6.13253e-05
0 0.326558 0.982667 0.0482385 0.0346667 6.13482e-05
0 0.810569 0.368 0.0439024 0.186667 6.16201e-05
0 0.642005 1 0.0406504 0 6.20041e-05
0 0.957453 0.028 0.0775068 0.056 6.20206e-05
0 0.704065 1 0.0357724 0 6.20618e-05
0 0.753659 1 0.0384824 0 6.22982e-05
0 0.409485 0.964 0.0590786 0.072 6.26088e-05
0 0.758808 0.974667 0.0314363 0.0426667 6.26143e-05
0 0.730081 1 0.0357724 0 6.26977e-05
0 0.361247 0.825333 0.145799 0.349333 6.27169e-05
0 0.812737 0.0126667 0.0677507 0.0253333 6.27348e-05
0 0.365854 0.985333 0.0498645 0.0293333 6.28603e-05
0 0.641192 0.0146667 0.0823848 0.0293333 6.29295e-05
0 0.508672 0.902667 0.0861789 0.194667 6.29734e-05
0 0.261247 0.006 0.0628726 0.012 6.2981e-05
0 0.986721 0.052 0.0265583 0.104 6.34434e-05
0 0.264228 0.982667 0.0493225 0.0346667 6.37694e-05
0 0.19458 0.917333 0.0433604 0.096 6.39557e-05
0 0.48374 0.993333 0.0894309 0.0133333 6.42774e-05
0 0.0669377 0.124 0.0948509 0.248 6.45875e-05
0 0.791328 0.551333 0.0346883 0.230667 6.47958e-05
0 0.679133 1 0.0411924 0 6.49835e-05
0 0.591057 1 0.0341463 0 6.52748e-05
0 0.486721 0.928 0.0585366 0.117333 6.56415e-05
0 0.569377 0.974667 0.0710027 0.0506667 6.57907e-05
0 0.235772 0.942667 0.0780488 0.114667 6.60303e-05
0 0.734146 0.980667 0.0655827 0.0386667 6.60595e-05
0 0.617344 1 0.0368564 0 6.61535e-05
0 0.150407 0 0.0558266 0 6.63201e-05
0 0.602168 0.560667 0.0271003 0.0786667 6.69081e-05
0 0.511653 0.268667 0.128997 0.537333 6.72051e-05
0 0.792954 0.574 0.0368564 0.102667 6.72481e-05
0 0.263686 0.98 0.0720867 0.04 6.73062e-05
0 0.214634 0.986667 0.0509485 0.0266667 6.80169e-05
0 0.477778 1 0.0449864 0 6.81183e-05
0 0.159892 0.535333 0.204878 0.518667 6.90701e-05
0 0.633062 0.98 0.0487805 0.04 6.93381e-05
0 0.838753 0.0433333 0.0254743 0.0733333 7.02819e-05
0 0.313821 0.979333 0.0704607 0.0413333 7.0334e-05
0 0.402439 0.139333 0.112195 0.278667 7.03717e-05
0 0.944715 0.892 0.0878049 0.157333 7.06681e-05
0 0.141192 1 0.0536585 0 7.09755e-05
0 0.507317 0.498667 0.0520325 0.112 7.09976e-05
0 0.615447 0.00733333 0.095935 0.0146667 7.16135e-05
0 0.186721 0.941333 0.0720867 0.117333 7.21219e-05
0 0.688076 0.988667 0.0775068 0.0226667 7.29679e-05
0 0.26748 0.81 0.142547 0.38 7.33112e-05
0 0.982927 0.952667 0.0319783 0.06 7.33637e-05
0 0.106233 0.740667 0.204878 0.518667 7.34119e-05
0 0.565041 0.740667 0.0243902 0.126667 7.40278e-05
0 0.286721 0 0.0802168 0 7.40453e-05
0 0.905962 0.652 0.106775 0.312 7.41069e-05
0 0.487805 0.002 0.0834688 0.004 7.41724e-05
0 0.710569 0.0566667 0.0682927 0.105333 7.46903e-05
0 0.0940379 0.99 0.0775068 0.02 7.47693e-05
0 0.956369 0.772 0.0872629 0.2 7.52074e-05
0 0.55149 0.772667 0.0319783 0.102667 7.54657e-05
0 0.380488 0.926 0.099729 0.148 7.55111e-05
0 0.190786 0 0.0552846 0 7.57841e-05
0 0.95664 0.476 0.0737127 0.176 7.60407e-05
0 0.237398 0.0873333 0.0769648 0.174667 7.61474e-05
0 0.607317 0.857333 0.0363144 0.0613333 7.6188e-05
0 0.483469 0.958667 0.0737127 0.0826667 7.74573e-05
0 0.0154472 0.106667 0.0308943 0.184 7.76168e-05
0 0.0498645 1 0.0563686 0 7.8098e-05
0 0.550949 1 0.0764228 0 7.85992e-05
0 0.718699 0.0693333 0.0444444 0.138667 7.91571e-05
0 0.696748 0.678 0.0287263 0.0813333 7.91652e-05
0 0.790786 1 0.0444444 0 7.91987e-05
0 0.0360434 0.253333 0.0720867 0.506667 7.95901e-05
0 0.528997 1 0.0444444 0 8.03989e-05
0 0.579946 0.528667 0.0162602 0.0226667 8.13459e-05
0 0.751761 0.792667 0.0531165 0.121333 8.17445e-05
0 0.465312 0.900667 0.0807588 0.158667 8.27692e-05
0 0.144715 0.942 0.0845528 0.092 8.30974e-05
0 0.957995 0.981333 0.0417344 0.0266667 8.32344e-05
0 0.56748 0.994 0.0422764 0.012 8.32702e-05
0 0.35664 0.724 0.0487805 0.04 8.32932e-05
0 0.871003 0.119333 0.0314363 0.0706667 8.48152e-05
0 0.981843 0.455333 0.0363144 0.222667 8.49461e-05
0 0.145257 0.696 0.108401 0.2 8.54823e-05
0 0.971545 0.358 0.0569106 0.142667 8.62778e-05
0 0.577236 1 0.0390244 0 8.68769e-05
0 0.239566 0.984 0.0509485 0.032 8.72969e-05
0 0.903794 0.776 0.0677507 0.368 8.75612e-05
0 0.510569 0.779333 0.0271003 0.0493333 8.85053e-05
0 0.929268 0.761333 0.101355 0.272 8.87605e-05
0 0.266125 0.823333 0.098645 0.206667 8.87696e-05
0 0.453659 1 0.0466125 0 8.8915e-05
0 0.962873 0.591333 0.0742547 0.150667 8.93263e-05
0 0.465312 0.5 0.812466 1 8.94212e-05
0 0.74607 0.146667 0.0168022 0.032 8.96178e-05
0 0.756098 0.951333 0.0823848 0.0973333 8.96794e-05
0 0.213008 0.986 0.0780488 0.028 9.04795e-05
0 0.631165 0.977333 0.0243902 0.04 9.06159e-05
0 0.877507 0 0.0542005 0 9.15602e-05
0 0.36206 0.890667 0.098645 0.178667 9.20574e-05
0 0.442818 0.345333 0.0314363 0.109333 9.23107e-05
0 0.619241 0.593333 0.0276423 0.032 9.28595e-05
0 0.0926829 0.876667 0.144173 0.246667 9.34176e-05
0 0.510027 0.914 0.0693767 0.108 9.37415e-05
0 0.0146341 0.998 0.0281843 0.004 9.42723e-05
0 0.365312 0.712 0.0390244 0.0346667 9.55437e-05
0 0.939024 0 0.0558266 0 9.76183e-05
0 0.00785908 0.45 0.0157182 0.14 9.77424e-05
0 0.213008 0.0906667 0.0834688 0.165333 9.77688e-05
0 0.00921409 0.906 0.0184282 0.188 9.85728e-05
0 0.42439 0.859333 0.0281843 0.0946667 9.97666e-05
0 0.00813008 0.509333 0.0162602 0.141333 9.98449e-05
0 0.703794 0.685333 0.0135501 0.0266667 0.000100593
0 0.705149 0.0366667 0.0737127 0.0733333 0.000101398
0 0.42981 0.972 0.0336043 0.0426667 0.000101716
0 0.403523 0.989333 0.0482385 0.0213333 0.000101726
0 0.207588 0.882 0.0921409 0.236 0.000101799
0 0.765041 0.00266667 0.0720867 0.00533333 0.00010331
0 0.0151762 0.773333 0.0292683 0.314667 0.000103692
0 0.970461 0.977333 0.0460705 0.0266667 0.000105681
0 0.0227642 0.662 0.0455285 0.436 0.000106106
0 0.543089 0.0646667 0.0466125 0.118667 0.000107774
0 0.553659 1 0.0460705 0 0.000108422
0 0.62168 0.595333 0.0271003 0.0626667 0.000109688
0 0.150949 1 0.0883469 0 0.00010996
0 0.619512 0.978 0.0390244 0.0306667 0.00011004
0 0.00596206 0.912 0.00758808 0.122667 0.000110456
0 0.97019 0.968 0.0585366 0.064 0.000111024
0 0.233333 0.00333333 0.0807588 0.00666667 0.000111868
0 0.890244 0.998667 0.125203 0.00266667 0.000112329
0 0.11355 0.000666667 0.115447 0.00133333 0.000113955
0 0.214092 0 0.0552846 0 0.000114085
0 0.479133 0.229333 0.0672087 0.226667 0.000114672
0 0.68374 0.5 0.63252 1 0.000116903
0 0.98645 0.488 0.0271003 0.117333 0.000116985
0 0.382385 0.954667 0.0710027 0.0906667 0.000117883
0 0.765041 0.802 0.0493225 0.076 0.000118342
0 0.328997 0.620667 0.0346883 0.036 0.000118555
0 0.916802 0.018 0.105691 0.036 0.000120247
0 0.165041 1 0.0525745 0 0.000120556
0 0.944986 0.834 0.099187 0.166667 0.000120612
0 0.274255 0.995333 0.0585366 0.00933333 0.000120838
0 0.784553 0.406 0.430894 0.812 0.000122001
0 0.605149 0.987333 0.0644986 0.0253333 0.000122072
0 0.0097561 0.421333 0.0151762 0.261333 0.000122611
0 0.982927 0.972 0.0330623 0.0346667 0.000124031
0 0.835772 0.0286667 0.0433604 0.0573333 0.000124265
0 0.0143631 0.346667 0.0287263 0.266667 0.000127103
0 0.161518 0.608 0.323035 0.784 0.000127292
0 0.955556 1 0.0531165 0 0.000129432
0 0.263686 0.994 0.0504065 0.012 0.00012946
0 0.249865 0.0626667 0.0357724 0.125333 0.000129506
0 0.702981 0.692667 0.0216802 0.0173333 0.00013092
0 0.433604 0.997333 0.0769648 0.00533333 0.000131236
0 0.726558 0.0213333 0.0720867 0.0426667 0.000133472
0 0.563415 0.994667 0.0872629 0.0106667 0.000134311
0 0.0352304 0 0.0574526 0 0.000135686
0 0.0119241 0.548 0.0195122 0.277333 0.000137072
0 0.326287 0.994667 0.0487805 0.0106667 0.000137148
0 0.0119241 0.647333 0.0238482 0.292 0.000137947
0 0.989431 0.966 0.0157182 0.068 0.000139759
0 0.00921409 1 0.0184282 0 0.000140186
0 0.988347 0.0566667 0.0146341 0.113333 0.000140597
0 0.216802 0.0546667 0.096477 0.109333 0.00014075
0 0.301626 0.994 0.0504065 0.012 0.000142359
0 0.213821 0.996 0.0525745 0.008 0.00014243
0 0.0281843 0.028 0.0563686 0.056 0.000144683
0 0.444986 0.350667 0.0173442 0.0213333 0.000145893
0 0.96748 0.0166667 0.0650406 0.0333333 0.000146915
0 0.250407 0.996667 0.0574526 0.00666667 0.000147342
0 0.0279133 0.218667 0.0558266 0.36 0.000150826
0 0.990515 1 0.0189702 0 0.000151079
0 0.700542 0.688 0.00813008 0.0133333 0.000158482
0 0.137669 0.414667 0.275339 0.829333 0.000160235
0 0.238753 0.995333 0.0514905 0.00933333 0.000164694
0 0.239837 0.084 0.0493225 0.157333 0.00016609
0 0.986721 0.448 0.0265583 0.104 0.000166497
0 0.0178862 0.544 0.0357724 0.357333 0.000167444
0 0.747425 0.151333 0.0444444 0.0413333 0.000169538
0 0.272087 0.904667 0.0617886 0.142667 0.00017157
0 0.201355 0.637333 0.0677507 0.138667 0.000171642
0 0.246612 0.056 0.0195122 0.109333 0.000172007
0 0.0254743 0.42 0.0509485 0.384 0.000174856
0 0.406504 0.998 0.0693767 0.004 0.000179074
0 0.311653 0.909333 0.0682927 0.138667 0.000180832
0 0.959079 0.992 0.0666667 0.016 0.000180984
0 0.981572 0.99 0.0368564 0.02 0.000183867
0 0.307317 0.829333 0.142005 0.341333 0.000184007
0 0.893496 0.000666667 0.116531 0.00133333 0.000184387
0 0.877236 0.112 0.0168022 0.032 0.000184552
0 0.0311653 0.833333 0.0623306 0.333333 0.000184819
0 0.788889 0.817333 0.110027 0.293333 0.000186396
0 0.354472 1 0.0639566 0 0.000187586
0 0.750407 0.153333 0.0341463 0.0213333 0.000189368
0 0.687534 0.0233333 0.0883469 0.0466667 0.000191083
0 0.6271 0.587333 0.0205962 0.036 0.000191823
0 0.162331 0.74 0.324661 0.52 0.000192746
0 0.264228 0.363333 0.528455 0.726667 0.000198507
0 0.379946 0.998667 0.0672087 0.00266667 0.000200173
0 0.577236 0.026 0.0737127 0.052 0.000203865
0 0.924661 0.746667 0.130081 0.506667 0.00020549
0 0.189973 0.000666667 0.103523 0.00133333 0.000212388
0 0.244986 0.912667 0.0444444 0.124 0.000213106
0 0.962602 0 0.0574526 0 0.000213253
0 0.592683 0.0673333 0.0449864 0.134667 0.000215216
0 0.305691 0.865333 0.118157 0.2 0.000216011
0 0.788618 0.558 0.0173442 0.0386667 0.00021897
0 0.716802 0.936667 0.0373984 0.126667 0.000220893
0 0.584553 0.52 0.0146341 0.0293333 0.000225164
0 0.248509 0.890667 0.0764228 0.154667 0.000225768
0 0.684824 0.0693333 0.0840108 0.136 0.000231522
0 0.0186992 0.218667 0.0319783 0.245333 0.000233135
0 0.723848 0.953333 0.0287263 0.0533333 0.000233289
0 0.0186992 0.046 0.0373984 0.092 0.000244095
0 0.442818 0.348667 0.00867209 0.0173333 0.000247735
0 0.974255 0.411333 0.0514905 0.137333 0.000251169
0 0.668022 0.0113333 0.114363 0.0226667 0.000254562
0 0.615718 0.365333 0.713279 0.730667 0.00025657
0 0.228455 0.999333 0.0612466 0.00133333 0.000257374
0 0.0211382 1 0.0422764 0 0.000258216
0 0.099458 1 0.0948509 0 0.00025841
0 0.0124661 0.469333 0.0249322 0.256 0.000259132
0 0.825474 0.578 0.349052 0.844 0.000266773
0 0.40542 0.520667 0.108401 0.308 0.000267385
0 0.0579946 0.997333 0.114905 0.00533333 0.000268329
0 0.290786 0.5 0.581572 1 0.000278635
0 0.0271003 1 0.0542005 0 0.000297047
0 0.121951 0.914667 0.118157 0.133333 0.000300691
0 0.319241 0.744667 0.453117 0.510667 0.000302802
0 0.723035 0.0273333 0.0368564 0.0413333 0.000310094
0 0.574526 0.0553333 0.0607046 0.110667 0.000317052
0 0.421951 0.488667 0.0449864 0.121333 0.000319625
0 0.987263 0.988 0.0178862 0.024 0.000323732
0 0.0260163 0.992667 0.0520325 0.0146667 0.000324883
0 0.987263 1 0.0233062 0 0.000341803
0 0.874797 0.117333 0.0292683 0.0373333 0.000348495
0 0.595393 0.969333 0.0265583 0.0613333 0.000348587
0 0.186179 1 0.0753388 0 0.000354145
0 0.978049 0.45 0.0428184 0.0546667 0.000363241
0 0.0563686 0.00333333 0.109485 0.00666667 0.000372048
0 0.589431 0.985333 0.0482385 0.0293333 0.000399671
0 0.564228 0.046 0.0455285 0.076 0.000416769
0 0.60813 0.988 0.0346883 0.0213333 0.000424539
0 0.941192 0.002 0.117615 0.004 0.000431551
0 0.976965 0.481333 0.0460705 0.072 0.000443955
0 0.699729 0.682667 0.0151762 0.0213333 0.000453008
0 0.665041 0.0486667 0.095393 0.0973333 0.000462966
0 0.698916 0.688667 0.0254743 0.0306667 0.000497244
0 0.704065 0.0666667 0.0466125 0.133333 0.000507202
0 0.969919 0.984667 0.0601626 0.0306667 0.000513008
0 0.273713 0.909333 0.107317 0.181333 0.000526792
0 0.311924 0.746667 0.16748 0.506667 0.000533568
0 0.548238 0.028 0.0514905 0.056 0.000557849
0 0.32168 0.912667 0.108943 0.174667 0.000596528
0 0.967209 0.992667 0.0525745 0.0146667 0.000630365
0 0.582656 0.522667 0.0314363 0.04 0.00064799
0 0.79187 0.560667 0.0303523 0.052 0.000651524
0 0.442818 0.342667 0.0184282 0.04 0.000655473
0 0.977236 0.996 0.0455285 0.008 0.000708245
0 0.0373984 1 0.0672087 0 0.000714233
0 0.707317 0.951333 0.0422764 0.0733333 0.000827121
0 0.248238 0.0913333 0.0249322 0.118667 0.000895347
0 0.392141 0.528 0.0699187 0.173333 0.000920288
0 0.0211382 0.00133333 0.0422764 0.00266667 0.000988813
0 0.56477 0.774 0.0162602 0.0466667 0.000993503
0 0.576423 0.646667 0.608672 0.706667 0.001015
0 0.619241 0.0733333 0.0439024 0.146667 0.0010695
0 0.814092 0.224 0.0216802 0.0346667 0.00109646
0 0.976965 1 0.0449864 0 0.00109699
0 0.330894 0.300667 0.661789 0.601333 0.00116301
0 0.572087 0.0246667 0.0341463 0.0466667 0.00132204
0 0.0262873 0.00733333 0.0525745 0.0146667 0.00139008
0 0.651491 0.0726667 0.0607046 0.137333 0.00142759
0 0.82981 0.05 0.0292683 0.076 0.00159367
0 0.557995 0.0553333 0.0384824 0.110667 0.00499752
0 0.596748 0.98 0.0281843 0.0293333 0.00759112
0 0.775068 0.616667 0.363144 0.766667 0.0104674
0 0.37832 0.489333 0.344715 0.885333 0.0111158
0 0.622222 0.646667 0.334959 0.706667 0.0114935
0 0.715989 0.944 0.0260163 0.0533333 0.0148477
0 0.480759 0.592667 0.314363 0.814667 0.0169695
0 0.634146 0.0766667 0.0314363 0.137333 0.0172713
0 0.704336 0.024 0.0536585 0.048 0.0210627
0 0.375068 0.211333 0.22439 0.422667 0.026354
0 0.708943 0.0206667 0.0422764 0.0306667 0.205464
0 0.560976 0.0273333 0.0336043 0.0546667 0.369116
0 0.400542 0.476 0.0737127 0.154667 0.875162
0 0.382656 0.128667 0.0802168 0.244 0.889194
0 0.502439 0.614667 0.0563686 0.224 0.921442
0 0.780488 0.789333 0.0802168 0.122667 0.925025
0 0.61084 0.804667 0.0552846 0.153333 0.937461
