0 0.808943 0.668667 0.0514905 0.121333 2.02308e-05
0 0.992141 0.622 0.0157182 0.284 2.02568e-05
0 0.326016 0.143333 0.0384824 0.0813333 2.03599e-05
0 0.163415 0.853333 0.0915989 0.149333 2.04933e-05
0 0.295935 1 0.0661247 0 2.0499e-05
0 0.411924 0.354667 0.0921409 0.157333 2.05315e-05
0 0.525203 0.758667 0.0249322 0.0933333 2.05665e-05
0 0.817073 0.758 0.0699187 0.132 2.062e-05
0 0.743631 0.0286667 0.109485 0.0573333 2.07173e-05
0 0.226287 0.604 0.0341463 0.12 2.07181e-05
0 0.488076 0.189333 0.0818428 0.178667 2.08358e-05
0 0.467751 0.932667 0.0693767 0.134667 2.08509e-05
0 0.289431 0.456 0.0715447 0.16 2.08619e-05
0 0.0569106 0.952667 0.0455285 0.0866667 2.08817e-05
0 0.192954 0.028 0.0607046 0.056 2.08928e-05
0 0.0569106 0.0853333 0.0628726 0.12 2.09149e-05
0 0.808943 0.282667 0.0775068 0.186667 2.09328e-05
0 0.53523 0.462 0.0406504 0.116 2.09589e-05
0 0.465312 0.993333 0.0504065 0.0133333 2.09995e-05
0 0.449322 0.183333 0.0661247 0.164 2.10274e-05
0 0.570461 0.998 0.0471545 0.004 2.104e-05
0 0.958808 0.474667 0.0498645 0.106667 2.10605e-05
0 0.460976 0.380667 0.129539 0.521333 2.11248e-05
0 0.391057 0.712667 0.0677507 0.145333 2.11361e-05
0 0.813821 0.275333 0.171816 0.550667 2.1145e-05
0 0.0406504 0.372667 0.0813008 0.494667 2.11768e-05
0 0.0918699 0.03 0.101355 0.06 2.13059e-05
0 0.912195 0.576 0.133333 0.256 2.13324e-05
0 0.579675 0.362667 0.0341463 0.0453333 2.13676e-05
0 0.807588 0.887333 0.0498645 0.129333 2.14075e-05
0 0.947425 0.97 0.100813 0.06 2.1479e-05
0 0.134688 0.828 0.191328 0.344 2.15451e-05
0 0.418157 0.394 0.116531 0.38 2.15596e-05
0 0.718699 0 0.0498645 0 2.16423e-05
0 0.552033 0.732667 0.0373984 0.102667 2.16604e-05
0 0.261247 0.725333 0.0476965 0.154667 2.16765e-05
0 0.277778 0.166667 0.0579946 0.125333 2.17276e-05
0 0.442276 0.837333 0.0758808 0.125333 2.18422e-05
0 0.0834688 0.694 0.0834688 0.228 2.19174e-05
0 0.0181572 0.929333 0.0363144 0.141333 2.19685e-05
0 0.204878 0.994 0.0455285 0.012 2.1971e-05
0 0.584553 0.776667 0.0764228 0.190667 2.19781e-05
0 0.539295 0.163333 0.0802168 0.164 2.19832e-05
0 0.91355 0.881333 0.129539 0.192 2.19947e-05
0 0.357182 0.709333 0.0672087 0.146667 2.20193e-05
0 0.388347 0.516 0.0785908 0.165333 2.20735e-05
0 0.262873 0.386 0.0704607 0.161333 2.2116e-05
0 0.605691 0.318667 0.0449864 0.0906667 2.21162e-05
0 0.866667 0.945333 0.0932249 0.109333 2.21545e-05
0 0.0476965 0.973333 0.0563686 0.0533333 2.22032e-05
0 0.757453 0.888667 0.0471545 0.132 2.22149e-05
0 0.990244 0.267333 0.0173442 0.134667 2.22958e-05
0 0.840921 0.996 0.0471545 0.008 2.23306e-05
0 0.311653 0.866 0.0357724 0.0866667 2.2383e-05
0 0.303252 0.229333 0.0536585 0.157333 2.2408e-05
0 0.595664 0.134667 0.0238482 0.048 2.24274e-05
0 0.258266 0.474 0.0710027 0.148 2.24461e-05
0 0.755556 0.242 0.0433604 0.0893333 2.24643e-05
0 0.203794 0.963333 0.0411924 0.044 2.24738e-05
0 0.322222 0.0513333 0.0439024 0.0653333 2.25096e-05
0 0.244986 0.288667 0.0390244 0.0866667 2.2536e-05
0 0.427371 0.712667 0.0579946 0.249333 2.25784e-05
0 0.319241 0.378667 0.0498645 0.154667 2.2719e-05
0 0.130352 0.00133333 0.0493225 0.00266667 2.2723e-05
0 0.24336 0.654667 0.0574526 0.133333 2.27276e-05
0 0.309214 0.606 0.0807588 0.129333 2.27311e-05
0 0.98374 0.880667 0.0205962 0.137333 2.28035e-05
0 0.315176 0.455333 0.0449864 0.153333 2.28725e-05
0 0.146341 0.563333 0.0899729 0.172 2.28835e-05
0 0.708672 0.0826667 0.0373984 0.0746667 2.28875e-05
0 0.299729 0.703333 0.0715447 0.262667 2.28987e-05
0 0.338753 0.376 0.0314363 0.0933333 2.29052e-05
0 0.0330623 0.274667 0.0574526 0.232 2.29139e-05
0 0.115176 0.0673333 0.0688347 0.134667 2.29301e-05
0 0.0571816 0.709333 0.0243902 0.08 2.29937e-05
0 0.892141 0.958667 0.135501 0.0826667 2.30251e-05
0 0.366938 0.170667 0.166938 0.341333 2.30492e-05
0 0.21897 0.0446667 0.0422764 0.0573333 2.30508e-05
0 0.473984 0.780667 0.0482385 0.252 2.30947e-05
0 0.585637 0.0893333 0.0287263 0.0853333 2.31156e-05
0 0.836856 0.436 0.0466125 0.109333 2.31526e-05
0 0.281301 0.538 0.0823848 0.137333 2.31734e-05
0 0.252846 0.772 0.0460705 0.173333 2.32116e-05
0 0.405691 0.846667 0.155556 0.306667 2.32556e-05
0 0.596748 0.424 0.0433604 0.0906667 2.32756e-05
0 0.461247 0.79 0.0314363 0.0226667 2.32997e-05
0 0.304878 0.024 0.0471545 0.048 2.33502e-05
0 0.597561 0.297333 0.0417344 0.0773333 2.33747e-05
0 0.209214 0.212667 0.0390244 0.0706667 2.34289e-05
0 0.612195 0.03 0.0785908 0.06 2.35005e-05
0 0.436043 0.281333 0.0547425 0.170667 2.35015e-05
0 0.0113821 0.268 0.0227642 0.170667 2.35262e-05
0 0.75393 0.167333 0.0455285 0.102667 2.35334e-05
0 0.0292683 0.956667 0.0422764 0.0866667 2.3684e-05
0 0.720867 0.918667 0.0444444 0.109333 2.3685e-05
0 0.609214 0.696 0.0346883 0.096 2.36903e-05
0 0.143089 0.992 0.0433604 0.016 2.37394e-05
0 0.240921 0.995333 0.0460705 0.00933333 2.37682e-05
0 0.256369 0.27 0.0444444 0.105333 2.379e-05
0 0.427913 0.439333 0.0211382 0.0653333 2.37995e-05
0 0.411924 0.219333 0.101897 0.150667 2.38181e-05
0 0.938482 0.812 0.123035 0.376 2.3831e-05
0 0.797019 0.398667 0.0482385 0.104 2.38898e-05
0 0.479133 0.806 0.185366 0.388 2.38999e-05
0 0.914363 1 0.0520325 0 2.39899e-05
0 0.831707 0.082 0.0417344 0.102667 2.41177e-05
0 0.157995 0.987333 0.0384824 0.0253333 2.41227e-05
0 0.266125 0.992667 0.0476965 0.0146667 2.41459e-05
0 0.642547 0.0393333 0.0319783 0.0786667 2.42848e-05
0 0.643902 0.942 0.0411924 0.0786667 2.43136e-05
0 0.723035 0.110667 0.0433604 0.0826667 2.43309e-05
0 0.430623 0.998667 0.0493225 0.00266667 2.44581e-05
0 0.23523 0.387333 0.0682927 0.166667 2.44884e-05
0 0.765041 0.140667 0.0493225 0.108 2.45512e-05
0 0.632791 0.697333 0.0395664 0.104 2.46223e-05
0 0.733062 0.178667 0.0439024 0.112 2.46935e-05
0 0.256911 0.529333 0.121409 0.488 2.47015e-05
0 0.466667 0.932667 0.0476965 0.0546667 2.47654e-05
0 0.255556 0.796667 0.129539 0.406667 2.48858e-05
0 0.670461 0.697333 0.0357724 0.104 2.5031e-05
0 0.973171 0.0533333 0.0406504 0.0693333 2.50627e-05
0 0.757724 0.933333 0.0390244 0.096 2.51261e-05
0 0.169377 0.187333 0.134959 0.374667 2.51483e-05
0 0.371003 1 0.0558266 0 2.5168e-05
0 0.94878 0.024 0.0850949 0.048 2.52027e-05
0 0.59729 0.605333 0.0379404 0.0906667 2.52414e-05
0 0.291599 0.65 0.0401084 0.068 2.52557e-05
0 0.78916 0.212667 0.0899729 0.172 2.54878e-05
0 0.229268 0.751333 0.0455285 0.132 2.56008e-05
0 0.181572 0.99 0.0433604 0.02 2.56517e-05
0 0.640108 0 0.0509485 0 2.56996e-05
0 0.19187 0.0266667 0.104065 0.0533333 2.59118e-05
0 0.660434 0.917333 0.0417344 0.106667 2.59538e-05
0 0.991057 0.749333 0.0135501 0.306667 2.60708e-05
0 0.796748 0.026 0.126829 0.052 2.61853e-05
0 0.365312 0.630667 0.0747968 0.165333 2.61873e-05
0 0.659079 0.299333 0.0379404 0.0733333 2.62232e-05
0 0.355014 0.129333 0.0899729 0.168 2.62244e-05
0 0.406233 0.997333 0.0449864 0.00533333 2.62545e-05
0 0.393767 0.444667 0.0872629 0.132 2.63851e-05
0 0.857724 0.433333 0.0482385 0.117333 2.64228e-05
0 0.522764 0.304 0.0449864 0.133333 2.64382e-05
0 0.329539 0.651333 0.0346883 0.0333333 2.65206e-05
0 0.660434 0.263333 0.0363144 0.0733333 2.65677e-05
0 0.314905 0.958667 0.0791328 0.0826667 2.66204e-05
0 0.0555556 0.389333 0.0796748 0.146667 2.66357e-05
0 0.183198 0.733333 0.098645 0.208 2.67203e-05
0 0.414905 0.239333 0.128455 0.398667 2.67321e-05
0 0.497019 0.335333 0.0834688 0.137333 2.6754e-05
0 0.222764 0.240667 0.133333 0.481333 2.69285e-05
0 0.894038 0 0.0536585 0 2.69488e-05
0 0.291599 0.382667 0.0704607 0.154667 2.70196e-05
0 0.940379 0.418 0.0216802 0.0946667 2.70971e-05
0 0.952575 0.255333 0.0948509 0.510667 2.721e-05
0 0.56477 0.181333 0.0433604 0.309333 2.72708e-05
0 0.687263 0.992667 0.0758808 0.0146667 2.7273e-05
0 0.433333 0.359333 0.0710027 0.270667 2.74432e-05
0 0.667209 0.0893333 0.0401084 0.0826667 2.74669e-05
0 0.706233 0.936667 0.0422764 0.0813333 2.7474e-05
0 0.28916 0.322667 0.0601626 0.168 2.75394e-05
0 0.71626 0.993333 0.0449864 0.0133333 2.76354e-05
0 0.193767 0.046 0.0460705 0.0626667 2.76576e-05
0 0.154743 0.0166667 0.0449864 0.0333333 2.77691e-05
0 0.6271 0.272 0.0401084 0.0693333 2.77869e-05
0 0.389973 0.398667 0.0905149 0.112 2.79048e-05
0 0.335501 0.0693333 0.0780488 0.138667 2.80297e-05
0 0.606233 0.00333333 0.0449864 0.00666667 2.81491e-05
0 0.179946 0 0.0531165 0 2.82076e-05
0 0.75393 0.994 0.0455285 0.012 2.82599e-05
0 0.165583 0.0606667 0.0818428 0.121333 2.83138e-05
0 0.722222 0.764667 0.0449864 0.105333 2.83709e-05
0 0.867751 0.0146667 0.0476965 0.0293333 2.84184e-05
0 0.614363 0.996667 0.0504065 0.00666667 2.84241e-05
0 0.545257 0.995333 0.0444444 0.00933333 2.84882e-05
0 0.552575 0.692667 0.0341463 0.0706667 2.85264e-05
0 0.645528 0.33 0.0411924 0.092 2.85342e-05
0 0.809485 0.204 0.103523 0.306667 2.85657e-05
0 0.465854 0.276 0.0796748 0.168 2.85706e-05
0 0.35122 0.931333 0.0661247 0.134667 2.86075e-05
0 0.28103 0.142667 0.139295 0.285333 2.8691e-05
0 0.518428 0.757333 0.0579946 0.309333 2.86922e-05
0 0.266667 0.981333 0.0910569 0.0373333 2.8769e-05
0 0.424661 0.602 0.0308943 0.0386667 2.88949e-05
0 0.15122 0.999333 0.0715447 0.00133333 2.8901e-05
0 0.264228 1 0.0742547 0 2.89509e-05
0 0.79729 0.144667 0.0422764 0.118667 2.90384e-05
0 0.693225 0.515333 0.0476965 0.105333 2.90566e-05
0 0.246883 0.0406667 0.0352304 0.0573333 2.91383e-05
0 0.969919 0.018 0.0460705 0.036 2.92409e-05
0 0.816531 0.994 0.0460705 0.012 2.92862e-05
0 0.490515 0.992 0.0487805 0.016 2.93096e-05
0 0.610298 0.758 0.0628726 0.313333 2.93197e-05
0 0.406775 0.289333 0.107859 0.176 2.94e-05
0 0.62439 0.996667 0.0910569 0.00666667 2.94777e-05
0 0.236314 0.536 0.0379404 0.0666667 2.95917e-05
0 0.78374 0.0833333 0.0401084 0.076 2.96636e-05
0 0.0151762 0.115333 0.0227642 0.110667 2.96724e-05
0 0.43523 0.416667 0.0444444 0.0946667 2.97772e-05
0 0.819783 0.704667 0.0536585 0.129333 2.98108e-05
0 0.38103 0.989333 0.0401084 0.0213333 2.9948e-05
0 0.0168022 0.722667 0.0336043 0.269333 2.99619e-05
0 0.743089 0.39 0.0574526 0.1 3.00258e-05
0 0.807317 0.933333 0.0439024 0.0933333 3.01653e-05
0 0.0818428 0.964667 0.096477 0.0706667 3.02016e-05
0 0.658808 0.660667 0.0428184 0.105333 3.02308e-05
0 0.190515 0.106 0.0807588 0.212 3.03961e-05
0 0.298645 0.706 0.0542005 0.132 3.0478e-05
0 0.619512 0.163333 0.0411924 0.0466667 3.05926e-05
0 0.792141 0.993333 0.0449864 0.0133333 3.0647e-05
0 0.654743 0.0333333 0.0390244 0.0666667 3.06755e-05
0 0.386992 0.102667 0.0932249 0.205333 3.06802e-05
0 0.0726287 0.991333 0.0758808 0.0173333 3.0782e-05
0 0.644444 0.450667 0.0466125 0.130667 3.08045e-05
0 0.697832 0.911333 0.0558266 0.132 3.08858e-05
0 0.950406 0.516 0.0818428 0.269333 3.09009e-05
0 0.907046 0.979333 0.0775068 0.0413333 3.10871e-05
0 0.868835 0 0.0542005 0 3.11216e-05
0 0.0138211 0.831333 0.0276423 0.190667 3.11386e-05
0 0.0674797 0.747333 0.126287 0.430667 3.14139e-05
0 0.562602 0.270667 0.124661 0.482667 3.14812e-05
0 0.986992 0.960667 0.0151762 0.0546667 3.14819e-05
0 0.867209 0.744 0.142005 0.232 3.16087e-05
0 0.58374 0.609333 0.0346883 0.0773333 3.1698e-05
0 0.365583 0.028 0.116531 0.056 3.1734e-05
0 0.240108 0.902667 0.100813 0.133333 3.17945e-05
0 0.154472 0 0.0531165 0 3.19246e-05
0 0.18103 0.733333 0.131165 0.426667 3.19604e-05
0 0.762602 0.18 0.125745 0.36 3.19926e-05
0 0.0658537 0.970667 0.0417344 0.0453333 3.20268e-05
0 0.758808 0.73 0.0498645 0.102667 3.20341e-05
0 0.23523 0.316 0.0661247 0.152 3.20985e-05
0 0.0279133 0.852667 0.0460705 0.190667 3.21428e-05
0 0.645799 0.24 0.0363144 0.088 3.21657e-05
0 0.607859 0.135333 0.0330623 0.0333333 3.21669e-05
0 0.0544715 0.891333 0.0818428 0.177333 3.2189e-05
0 0.34607 0.44 0.0558266 0.168 3.21976e-05
0 0.559621 0.371333 0.0395664 0.0413333 3.22975e-05
0 0.634146 0.658 0.0411924 0.1 3.23614e-05
0 0.61084 0.761333 0.0466125 0.173333 3.24177e-05
0 0.718428 0.811333 0.171816 0.377333 3.25527e-05
0 0.129539 0.048 0.0314363 0.072 3.25972e-05
0 0.784011 0.290667 0.0720867 0.16 3.26166e-05
0 0.833062 0.603333 0.0498645 0.116 3.26949e-05
0 0.0626016 0.955333 0.0872629 0.0893333 3.28693e-05
0 0.0097561 0.774667 0.0195122 0.181333 3.29258e-05
0 0.535501 0.0513333 0.0672087 0.102667 3.29672e-05
0 0.18103 0.962 0.0487805 0.0546667 3.31938e-05
0 0.743631 0 0.0520325 0 3.32045e-05
0 0.460976 0.180667 0.0525745 0.068 3.33558e-05
0 0.524661 0.593333 0.0411924 0.130667 3.33784e-05
0 0.719241 0.0246667 0.0401084 0.0493333 3.35146e-05
0 0.230352 0.666 0.0856369 0.241333 3.36085e-05
0 0.149594 0.966 0.0379404 0.0333333 3.36498e-05
0 0.23523 0.496 0.0563686 0.117333 3.37894e-05
0 0.193225 0.227333 0.0861789 0.132 3.37995e-05
0 0.197561 0.304 0.0395664 0.0853333 3.38177e-05
0 0.231436 0 0.0498645 0 3.38262e-05
0 0.417886 0.61 0.0227642 0.0253333 3.40983e-05
0 0.307859 0.668 0.0693767 0.112 3.4258e-05
0 0.784011 0.936 0.0428184 0.0933333 3.42624e-05
0 0.707317 0.549333 0.0466125 0.0933333 3.42654e-05
0 0.593225 0.999333 0.0504065 0.00133333 3.43073e-05
0 0.204878 0.901333 0.108401 0.168 3.44189e-05
0 0.688889 0.773333 0.0769648 0.16 3.47635e-05
0 0.768564 0.000666667 0.0531165 0.00133333 3.47721e-05
0 0.103523 0.607333 0.0552846 0.0946667 3.48417e-05
0 0.098645 0.189333 0.0823848 0.141333 3.49391e-05
0 0.745799 0.916667 0.0444444 0.110667 3.50805e-05
0 0.0184282 0.356667 0.0368564 0.265333 3.51383e-05
0 0.682114 0.97 0.0439024 0.036 3.5183e-05
0 0.615176 0.837333 0.123577 0.325333 3.52262e-05
0 0.317073 0.886667 0.0130081 0.0266667 3.52431e-05
0 0.338482 0.646 0.0352304 0.0253333 3.54089e-05
0 0.0661247 0.75 0.0834688 0.204 3.54282e-05
0 0.733333 0.218667 0.0390244 0.109333 3.55746e-05
0 0.130352 0.892667 0.105691 0.166667 3.55762e-05
0 0.977778 0.570667 0.0444444 0.130667 3.56656e-05
0 0.0653117 0 0.0525745 0 3.5677e-05
0 0.160705 0.364 0.113279 0.376 3.57091e-05
0 0.417886 0.034 0.0921409 0.068 3.58632e-05
0 0.853659 0.429333 0.095393 0.146667 3.59335e-05
0 0.970461 0.374667 0.0482385 0.0986667 3.59594e-05
0 0.176965 1 0.0655827 0 3.59835e-05
0 0.620325 0.722667 0.112195 0.426667 3.60028e-05
0 0.0376694 0.968667 0.0753388 0.0626667 3.60191e-05
0 0.492141 0 0.0531165 0 3.60401e-05
0 0.452846 0.066 0.100271 0.132 3.60684e-05
0 0.517073 0.228 0.0802168 0.157333 3.60928e-05
0 0.559621 0.239333 0.0352304 0.1 3.62058e-05
0 0.563144 0.09 0.0520325 0.18 3.62596e-05
0 0.844715 0.703333 0.0829268 0.158667 3.63116e-05
0 0.679946 0.150667 0.0363144 0.0826667 3.63187e-05
0 0.605962 0.664 0.0422764 0.0773333 3.63231e-05
0 0.343902 0.990667 0.0384824 0.0186667 3.63872e-05
0 0.213279 0.0626667 0.0775068 0.125333 3.64515e-05
0 0.50542 0.995333 0.0482385 0.00933333 3.66367e-05
0 0.176423 0.840667 0.142547 0.318667 3.68309e-05
0 0.0357724 0.186 0.0715447 0.372 3.68437e-05
0 0.56206 0.381333 0.0607046 0.0826667 3.68787e-05
0 0.631436 0.241333 0.0379404 0.0906667 3.69775e-05
0 0.319241 0.00533333 0.0520325 0.0106667 3.7055e-05
0 0.657995 0.392 0.0433604 0.114667 3.70845e-05
0 0.674255 0.298 0.0346883 0.076 3.71799e-05
0 0.253117 0.819333 0.0802168 0.190667 3.72346e-05
0 0.366938 0.824667 0.0607046 0.185333 3.72683e-05
0 0.643631 0.3 0.0395664 0.0773333 3.73947e-05
0 0.0287263 0.981333 0.0444444 0.0373333 3.74041e-05
0 0.0130081 0.896667 0.0260163 0.150667 3.74599e-05
0 0.61897 0.392667 0.125745 0.518667 3.75476e-05
0 0.977507 0.986 0.0449864 0.028 3.75482e-05
0 0.0124661 0.647333 0.0249322 0.172 3.75902e-05
0 0.473171 0.779333 0.0542005 0.118667 3.76939e-05
0 0.557995 0.534 0.0482385 0.137333 3.76988e-05
0 0.679404 0.994 0.0482385 0.012 3.77852e-05
0 0.321409 0.876667 0.0108401 0.052 3.78227e-05
0 0.572629 0.874667 0.0905149 0.141333 3.78981e-05
0 0.770732 0.36 0.0433604 0.0986667 3.79552e-05
0 0.0607046 0.0686667 0.0791328 0.137333 3.79647e-05
0 0.892954 0.0553333 0.0883469 0.110667 3.81253e-05
0 0.0233062 0.587333 0.0422764 0.134667 3.82445e-05
0 0.55935 0.467333 0.0336043 0.113333 3.82597e-05
0 0.594851 0.513333 0.0460705 0.138667 3.83095e-05
0 0.894038 0.014 0.0471545 0.028 3.83433e-05
0 0.0273713 0.777333 0.0547425 0.274667 3.83557e-05
0 0.820867 0.632 0.0504065 0.112 3.84235e-05
0 0.589702 0.056 0.0466125 0.112 3.85451e-05
0 0.783198 0.888 0.0487805 0.136 3.86215e-05
0 0.312737 0.992 0.0813008 0.016 3.86371e-05
0 0.458808 0.624 0.0710027 0.162667 3.88411e-05
0 0.759892 0.669333 0.0639566 0.138667 3.89716e-05
0 0.0924119 0.997333 0.0482385 0.00533333 3.91797e-05
0 0.0119241 0.345333 0.0238482 0.157333 3.9196e-05
0 0.0189702 0.848667 0.0379404 0.302667 3.92642e-05
0 0.28916 0.915333 0.0926829 0.124 3.92866e-05
0 0.592683 0.113333 0.0547425 0.226667 3.93499e-05
0 0.00379404 0.762667 0.00758808 0.133333 3.95764e-05
0 0.353117 0.0246667 0.0460705 0.0493333 3.97795e-05
0 0.290786 1 0.0460705 0 3.98971e-05
0 0.810027 0.462667 0.0471545 0.101333 4.0318e-05
0 0.639295 0.95 0.0872629 0.1 4.03653e-05
0 0.224119 0.006 0.0785908 0.012 4.05466e-05
0 0.221409 0.263333 0.0384824 0.084 4.06235e-05
0 0.514092 0.338 0.0417344 0.105333 4.07294e-05
0 0.712195 0.668667 0.0401084 0.102667 4.08657e-05
0 0.468022 0 0.0536585 0 4.09116e-05
0 0.186721 0.978 0.0720867 0.044 4.10535e-05
0 0.88916 1 0.0525745 0 4.10654e-05
0 0.749593 0.006 0.0802168 0.012 4.11174e-05
0 0.774797 0.826 0.154472 0.348 4.11178e-05
0 0.580217 0.54 0.0504065 0.128 4.14345e-05
0 0.0384824 0 0.0552846 0 4.14939e-05
0 0.45393 0.136 0.0525745 0.128 4.155e-05
0 0.244444 0.002 0.0476965 0.004 4.16766e-05
0 0.683469 0.665333 0.0401084 0.106667 4.16836e-05
0 0.970732 0.954667 0.0585366 0.0906667 4.1769e-05
0 0.641463 0.844 0.0731707 0.170667 4.18171e-05
0 0.820325 0.916 0.0493225 0.117333 4.1898e-05
0 0.984282 0.19 0.0292683 0.193333 4.19169e-05
0 0.313008 0.0346667 0.101355 0.0693333 4.19672e-05
0 0.192683 0.0186667 0.0460705 0.0373333 4.21821e-05
0 0.662873 0.00533333 0.0542005 0.0106667 4.22417e-05
0 0.439295 0.006 0.0753388 0.012 4.25055e-05
0 0.0235772 0.714 0.0341463 0.142667 4.25238e-05
0 0.528997 0.915333 0.0433604 0.0733333 4.27007e-05
0 0.808672 0.36 0.0899729 0.144 4.27988e-05
0 0.710027 0.512667 0.0422764 0.102667 4.28707e-05
0 0.571545 0.886 0.0373984 0.0866667 4.30202e-05
0 0.62981 0.126 0.109485 0.252 4.31642e-05
0 0.20542 0 0.0531165 0 4.32848e-05
0 0.75935 0.337333 0.0466125 0.0933333 4.35946e-05
0 0.388889 1 0.0644986 0 4.36087e-05
0 0.844715 0.0526667 0.0504065 0.068 4.36562e-05
0 0.990515 0.842 0.0168022 0.286667 4.37047e-05
0 0.546612 0.366667 0.0493225 0.0533333 4.38326e-05
0 0.553388 0 0.0531165 0 4.39424e-05
0 0.696206 0.604667 0.0460705 0.0973333 4.40292e-05
0 0.588889 0.988 0.0840108 0.024 4.42044e-05
0 0.350136 1 0.0639566 0 4.42068e-05
0 0.834417 0.428 0.103523 0.248 4.4229e-05
0 0.0176152 0.539333 0.0352304 0.238667 4.43003e-05
0 0.238753 0.0993333 0.0612466 0.164 4.44543e-05
0 0.698103 0.478 0.0433604 0.121333 4.45081e-05
0 0.639837 0.996 0.0504065 0.008 4.46056e-05
0 0.768564 0.114 0.0368564 0.092 4.46403e-05
0 0.343631 0.00333333 0.0520325 0.00666667 4.4643e-05
0 0.378862 0.000666667 0.0542005 0.00133333 4.46927e-05
0 0.288618 0.989333 0.102439 0.0213333 4.47571e-05
0 0.515718 0 0.0536585 0 4.54702e-05
0 0.0306233 0.422 0.0352304 0.0786667 4.5568e-05
0 0.442005 0 0.0536585 0 4.61174e-05
0 0.969919 0.287333 0.0601626 0.177333 4.61227e-05
0 0.177778 0.404667 0.0628726 0.153333 4.62285e-05
0 0.577236 0.926667 0.0943089 0.112 4.63203e-05
0 0.605149 0.457333 0.0525745 0.128 4.63336e-05
0 0.11626 0.994667 0.0482385 0.0106667 4.64234e-05
0 0.145257 0.941333 0.096477 0.117333 4.64519e-05
0 0.201626 1 0.0693767 0 4.65176e-05
0 0.66748 0 0.0514905 0 4.65809e-05
0 0.988347 0.012 0.0233062 0.024 4.66339e-05
0 0.0124661 0.008 0.0249322 0.016 4.66594e-05
0 0.368293 0.453333 0.0688347 0.162667 4.69234e-05
0 0.847154 0.638 0.0802168 0.134667 4.74377e-05
0 0.769377 0.0833333 0.0373984 0.068 4.74598e-05
0 0.713821 0.765333 0.0585366 0.178667 4.74989e-05
0 0.271816 0.01 0.0493225 0.02 4.77388e-05
0 0.622493 0.394 0.0417344 0.118667 4.77964e-05
0 0.524932 0.656 0.0514905 0.248 4.79531e-05
0 0.38374 0.978667 0.0747968 0.0426667 4.80054e-05
0 0.592683 0.0933333 0.0417344 0.152 4.80248e-05
0 0.00460705 0.669333 0.00921409 0.130667 4.81086e-05
0 0.322222 0.876667 0.0243902 0.06 4.81787e-05
0 0.595935 0.0953333 0.0222222 0.0946667 4.82208e-05
0 0.0233062 0.662667 0.0466125 0.224 4.84194e-05
0 0.185095 0.321333 0.0569106 0.138667 4.85992e-05
0 0.00813008 0.970667 0.0130081 0.0586667 4.86935e-05
0 0.653388 0.0533333 0.0688347 0.106667 4.89223e-05
0 0.670732 0.486 0.0406504 0.121333 4.90081e-05
0 0.0216802 0.147333 0.0368564 0.153333 4.90554e-05
0 0.673713 0.363333 0.0390244 0.084 4.92011e-05
0 0.326016 0.327333 0.0677507 0.156 4.98463e-05
0 0.0265583 0.344 0.0487805 0.144 4.99339e-05
0 0.903252 0 0.0525745 0 5.0031e-05
0 0.384824 0.913333 0.0390244 0.117333 5.01927e-05
0 0.169919 0.470667 0.0482385 0.096 5.02013e-05
0 0.446883 0.800667 0.0460705 0.0893333 5.03041e-05
0 0.321951 0.0266667 0.0455285 0.0533333 5.03858e-05
0 0.842818 0.018 0.0498645 0.036 5.04166e-05
0 0.935772 0.064 0.0905149 0.128 5.04413e-05
0 0.450135 0.384 0.0753388 0.146667 5.05166e-05
0 0.381572 0.240667 0.106233 0.177333 5.05221e-05
0 0.660163 0.215333 0.0336043 0.105333 5.10331e-05
0 0.265312 0.952 0.107859 0.096 5.10619e-05
0 0.563415 0.0453333 0.0829268 0.0906667 5.10728e-05
0 0.440379 0.992 0.112195 0.016 5.12331e-05
0 0.00867209 0.305333 0.0151762 0.192 5.17525e-05
0 0.655014 0.154667 0.095935 0.309333 5.19285e-05
0 0.80813 0.117333 0.0433604 0.112 5.23793e-05
0 0.989973 0.208 0.0102981 0.133333 5.24141e-05
0 0.206504 0.314 0.0563686 0.132 5.24875e-05
0 0.860705 0.88 0.111653 0.218667 5.26537e-05
0 0.558537 0.778667 0.118699 0.384 5.27638e-05
0 0.746341 0.641333 0.0476965 0.109333 5.31544e-05
0 0.0151762 0.158 0.0303523 0.292 5.32278e-05
0 0.537669 0.597333 0.0574526 0.24 5.33649e-05
0 0.0178862 0.953333 0.0292683 0.072 5.34852e-05
0 0.00460705 0.266667 0.00921409 0.138667 5.36818e-05
0 0.448509 0.521333 0.0677507 0.141333 5.37206e-05
0 0.0891599 0 0.0536585 0 5.37582e-05
0 0.723035 0.0826667 0.0346883 0.0746667 5.40603e-05
0 0.655285 0.128667 0.0271003 0.0786667 5.41183e-05
0 0.285366 0.002 0.0850949 0.004 5.41567e-05
0 0.673713 0.836 0.117073 0.328 5.42165e-05
0 0.1271 0 0.0547425 0 5.42429e-05
0 0.318157 0.994 0.0455285 0.012 5.4503e-05
0 0.838482 0.938667 0.0878049 0.122667 5.45428e-05
0 0.790515 0.068 0.0829268 0.136 5.45571e-05
0 0.0523035 0.992667 0.0493225 0.0146667 5.47054e-05
0 0.833875 0.888 0.0785908 0.162667 5.48695e-05
0 0.147425 0.596 0.0520325 0.12 5.49485e-05
0 0.279404 0.150667 0.0373984 0.0826667 5.50072e-05
0 0.450406 1 0.0769648 0 5.50302e-05
0 0.526287 0.871333 0.0943089 0.129333 5.50712e-05
0 0.638211 0.764667 0.0677507 0.164 5.52414e-05
0 0.787534 0.00666667 0.0758808 0.0133333 5.53066e-05
0 0.524661 0.922 0.0856369 0.121333 5.55616e-05
0 0.215989 0.160667 0.0688347 0.156 5.56826e-05
0 0.51355 0.00266667 0.0861789 0.00533333 5.58305e-05
0 0.589973 0.703333 0.0677507 0.145333 5.58527e-05
0 0.781843 0.349333 0.097019 0.24 5.6145e-05
0 0.793767 0.0193333 0.0471545 0.0386667 5.62917e-05
0 0.788889 0.988 0.0731707 0.024 5.64585e-05
0 0.539295 0.00666667 0.0682927 0.0133333 5.66665e-05
0 0.265312 1 0.0482385 0 5.71478e-05
0 0.0298103 0.906 0.0596206 0.137333 5.73387e-05
0 0.987534 0.078 0.0227642 0.145333 5.74896e-05
0 0.217886 0.0173333 0.0444444 0.0346667 5.7961e-05
0 0.846883 0.566 0.0514905 0.108 5.79921e-05
0 0.22439 0.551333 0.0433604 0.228 5.81957e-05
0 0.73523 0.938667 0.0666667 0.122667 5.82324e-05
0 0.388076 0.0393333 0.0845528 0.0786667 5.85963e-05
0 0.222222 0.233333 0.0379404 0.0693333 5.87574e-05
0 0.00677507 0.728 0.0135501 0.178667 5.8881e-05
0 0.710569 0.273333 0.114905 0.434667 5.89835e-05
0 0.899187 0.0233333 0.0910569 0.0466667 5.93113e-05
0 0.238753 0.173333 0.0514905 0.157333 5.93433e-05
0 0.0124661 0.0886667 0.0249322 0.145333 5.94519e-05
0 0.836585 0.0893333 0.0915989 0.154667 5.96272e-05
0 0.687805 1 0.0747968 0 5.97834e-05
0 0.572358 0.504 0.117073 0.469333 5.98933e-05
0 0.762602 0.935333 0.0661247 0.129333 6.0225e-05
0 0.84336 0.00133333 0.0563686 0.00266667 6.03637e-05
0 0.865041 1 0.0520325 0 6.04428e-05
0 0.162331 0.982 0.0785908 0.036 6.0511e-05
0 0.159079 0.374 0.0720867 0.18 6.09184e-05
0 0.213821 0.0986667 0.0753388 0.149333 6.1025e-05
0 0.119241 0.251333 0.0823848 0.337333 6.15777e-05
0 0.28645 0.257333 0.0731707 0.253333 6.21113e-05
0 0.469377 0.948 0.128997 0.104 6.21871e-05
0 0.988618 0.88 0.0097561 0.149333 6.21874e-05
0 0.134688 0.986667 0.0753388 0.0266667 6.29221e-05
0 0.83523 0.028 0.0823848 0.056 6.32493e-05
0 0.462331 0.01 0.0856369 0.02 6.32719e-05
0 0.154472 1 0.0422764 0 6.32988e-05
0 0.972629 0.214 0.0547425 0.238667 6.33113e-05
0 0.414905 0 0.0547425 0 6.33373e-05
0 0.757724 0.422 0.0466125 0.0973333 6.37144e-05
0 0.247696 0.545333 0.0704607 0.122667 6.40565e-05
0 0.324119 0.114 0.0834688 0.102667 6.41135e-05
0 0.819783 0.431333 0.140379 0.409333 6.43258e-05
0 0.610027 0.577333 0.0439024 0.0933333 6.44329e-05
0 0.413008 1 0.0672087 0 6.45946e-05
0 0.522493 0.465333 0.0498645 0.184 6.46533e-05
0 0.140379 1 0.0444444 0 6.47072e-05
0 0.00677507 0.857333 0.0135501 0.192 6.47408e-05
0 0.00596206 0.358 0.0119241 0.150667 6.48408e-05
0 0.610027 0.635333 0.0363144 0.0946667 6.49184e-05
0 0.527913 0.702667 0.0249322 0.08 6.51209e-05
0 0.687263 0.697333 0.0693767 0.154667 6.5289e-05
0 0.955827 0 0.0547425 0 6.56495e-05
0 0.0509485 1 0.0509485 0 6.59527e-05
0 0.298374 0.104667 0.0439024 0.0866667 6.63079e-05
0 0.857724 0.651333 0.138211 0.244 6.65388e-05
0 0.86748 0.75 0.186992 0.484 6.65932e-05
0 0.0330623 0.0266667 0.0661247 0.0533333 6.66257e-05
0 0.114363 0.01 0.0747968 0.02 6.69215e-05
0 0.617073 0.488667 0.0547425 0.132 6.69359e-05
0 0.31626 0.889333 0.0211382 0.0426667 6.695e-05
0 0.583198 0.157333 0.0574526 0.141333 6.70118e-05
0 0.752033 0.223333 0.0753388 0.148 6.71117e-05
0 0.00460705 0.578 0.00921409 0.129333 6.71944e-05
0 0.522222 0.368667 0.0547425 0.110667 6.72318e-05
0 0.945257 0.0266667 0.109485 0.0533333 6.76303e-05
0 0.479946 0.903333 0.120867 0.142667 6.77799e-05
0 0.465583 1 0.0531165 0 6.80163e-05
0 0.738753 0.768667 0.0823848 0.158667 6.80185e-05
0 0.566125 0.181333 0.0308943 0.109333 6.8336e-05
0 0.639024 0.9 0.0607046 0.16 6.84791e-05
0 0.98645 0.542667 0.0271003 0.144 6.8587e-05
0 0.641734 0.395333 0.0498645 0.126667 6.90177e-05
0 0.715176 1 0.0460705 0 6.90466e-05
0 0.488889 0.988 0.109485 0.024 6.91681e-05
0 0.399458 0.942 0.0878049 0.116 6.93205e-05
0 0.355285 0.921333 0.0330623 0.109333 6.95665e-05
0 0.681301 0.182 0.0336043 0.0866667 6.97237e-05
0 0.877778 0 0.0536585 0 6.97879e-05
0 0.0466125 0.247333 0.0932249 0.369333 6.99712e-05
0 0.0178862 0.0713333 0.0357724 0.142667 6.99992e-05
0 0.879133 0.528 0.127913 0.237333 7.01223e-05
0 0.716802 0.00733333 0.0731707 0.0146667 7.04392e-05
0 0.733875 0.727333 0.0455285 0.0973333 7.0819e-05
0 0.661789 0.994667 0.097561 0.0106667 7.10983e-05
0 0.233333 0.0173333 0.0428184 0.0346667 7.11507e-05
0 0.0222222 0.523333 0.0444444 0.150667 7.11559e-05
0 0.324661 1 0.0747968 0 7.12757e-05
0 0.84065 1 0.0498645 0 7.14156e-05
0 0.986721 0.916667 0.0178862 0.118667 7.19684e-05
0 0.537398 0.985333 0.0775068 0.0293333 7.22093e-05
0 0.542818 0.24 0.0547425 0.176 7.2281e-05
0 0.992954 0.169333 0.0140921 0.237333 7.23152e-05
0 0.817344 0.00133333 0.0542005 0.00266667 7.28142e-05
0 0.240379 1 0.0482385 0 7.28394e-05
0 0.664499 1 0.0509485 0 7.29258e-05
0 0.721409 0.0566667 0.0368564 0.0706667 7.3016e-05
0 0.115447 0.024 0.0661247 0.048 7.31941e-05
0 0.71897 0.106 0.0688347 0.212 7.34763e-05
0 0.292141 0 0.0542005 0 7.36161e-05
0 0.26206 0.0366667 0.0840108 0.0733333 7.36656e-05
0 0.687534 0.330667 0.0395664 0.08 7.38597e-05
0 0.63523 0.002 0.0726287 0.004 7.46568e-05
0 0.00704607 0.636667 0.0140921 0.193333 7.47911e-05
0 0.793496 0.63 0.0639566 0.113333 7.48155e-05
0 0.142276 0.0126667 0.0753388 0.0253333 7.50964e-05
0 0.752575 1 0.0460705 0 7.51981e-05
0 0.785637 0.460667 0.0493225 0.0973333 7.57577e-05
0 0.739024 0.0733333 0.0710027 0.146667 7.5843e-05
0 0.768835 0.0226667 0.0460705 0.0453333 7.58697e-05
0 0.204065 1 0.0449864 0 7.59175e-05
0 0.815447 1 0.0471545 0 7.62659e-05
0 0.0636856 0.006 0.0731707 0.012 7.63718e-05
0 0.588889 0.00133333 0.0623306 0.00266667 7.64365e-05
0 0.239295 0.994 0.099187 0.012 7.65188e-05
0 0.00596206 0.422667 0.0119241 0.146667 7.66684e-05
0 0.337398 0.986 0.0807588 0.028 7.68099e-05
0 0.668022 0.426 0.0482385 0.121333 7.77811e-05
0 0.708672 0.941333 0.0699187 0.117333 7.78326e-05
0 0.791057 1 0.0449864 0 7.82572e-05
0 0.0238482 0.458 0.0476965 0.14 7.83275e-05
0 0.612195 0.698 0.0493225 0.158667 7.84108e-05
0 0.257453 0.006 0.0487805 0.012 7.87541e-05
0 0.809756 0.102 0.0813008 0.204 7.87911e-05
0 0.95935 0.439333 0.0433604 0.0866667 7.88408e-05
0 0.723577 0.704 0.0422764 0.0986667 7.89222e-05
0 0.715447 0.163333 0.0737127 0.166667 7.91702e-05
0 0.984282 0.022 0.0249322 0.044 7.96189e-05
0 0.74065 0.845333 0.0840108 0.197333 7.97288e-05
0 0.253659 0 0.0542005 0 7.98895e-05
0 0.563144 1 0.0704607 0 7.99037e-05
0 0.190244 0.276667 0.0596206 0.134667 8.0089e-05
0 0.986992 0 0.0260163 0 8.03686e-05
0 0.00487805 0.144 0.0097561 0.12 8.05774e-05
0 0.152304 0.256667 0.097561 0.182667 8.0637e-05
0 0.987263 0.449333 0.0254743 0.114667 8.09812e-05
0 0.315989 1 0.0476965 0 8.09999e-05
0 0.984553 0.707333 0.0308943 0.404 8.11208e-05
0 0.675068 0.264 0.0363144 0.0906667 8.1337e-05
0 0.965854 1 0.0498645 0 8.18669e-05
0 0.192141 0.938 0.0493225 0.068 8.18899e-05
0 0.295935 0.184 0.0531165 0.125333 8.19565e-05
0 0.377778 0.321333 0.0758808 0.168 8.21077e-05
0 0.0113821 0.948 0.0184282 0.104 8.21928e-05
0 0.355285 0.89 0.101355 0.22 8.24164e-05
0 0.855285 0.518 0.134417 0.452 8.24926e-05
0 0.428726 1 0.0509485 0 8.25386e-05
0 0.767751 0.605333 0.0634146 0.117333 8.29456e-05
0 0.38103 1 0.0411924 0 8.33294e-05
0 0.0170732 0.024 0.0341463 0.048 8.34075e-05
0 0.986992 0.203333 0.0260163 0.3 8.35901e-05
0 0.386179 0.00733333 0.0905149 0.0146667 8.37162e-05
0 0.852575 0 0.0542005 0 8.41951e-05
0 0.818428 0.022 0.0455285 0.044 8.42506e-05
0 0.72439 0.551333 0.0417344 0.0893333 8.42798e-05
0 0.300542 0.068 0.0677507 0.136 8.43756e-05
0 0.953117 1 0.0547425 0 8.44998e-05
0 0.00623306 0.544667 0.0124661 0.164 8.46133e-05
0 0.151762 0 0.0552846 0 8.48619e-05
0 0.0615176 0.0313333 0.0720867 0.0626667 8.51418e-05
0 0.00596206 0.0626667 0.0119241 0.101333 8.54313e-05
0 0.00731707 0.0333333 0.0146341 0.0666667 8.57244e-05
0 0.952304 0.406 0.0617886 0.196 8.61972e-05
0 0.876694 1 0.0818428 0 8.66662e-05
0 0.180217 1 0.0417344 0 8.67313e-05
0 0.58916 0.643333 0.0531165 0.129333 8.68037e-05
0 0.23252 0.264 0.0531165 0.133333 8.69755e-05
0 0.539295 0.599333 0.0422764 0.145333 8.70244e-05
0 0.561789 0.584 0.0644986 0.149333 8.70571e-05
0 0.690244 0 0.0861789 0 8.85229e-05
0 0.753659 0.298667 0.0829268 0.133333 8.85367e-05
0 0.743631 0.0226667 0.0476965 0.0453333 8.91473e-05
0 0.711653 0.995333 0.0867209 0.00933333 8.97667e-05
0 0.797561 0.451333 0.404878 0.902667 9.03551e-05
0 0.114634 1 0.0493225 0 9.03594e-05
0 0.787534 0.933333 0.0661247 0.133333 9.04485e-05
0 0.588889 0.580667 0.0536585 0.153333 9.07478e-05
0 0.667209 0.744 0.0715447 0.194667 9.09418e-05
0 0.942005 0 0.0542005 0 9.09827e-05
0 0.0243902 0.403333 0.0466125 0.134667 9.17627e-05
0 0.211111 0.406667 0.422222 0.813333 9.19343e-05
0 0.690515 1 0.0476965 0 9.19721e-05
0 0.715447 0 0.0542005 0 9.20799e-05
0 0.669919 0.63 0.0390244 0.116 9.27502e-05
0 0.212737 0.941333 0.0937669 0.117333 9.29373e-05
0 0.578049 0 0.0525745 0 9.29963e-05
0 0.247696 0.612667 0.0780488 0.158667 9.34497e-05
0 0.0902439 1 0.0504065 0 9.36147e-05
0 0.491057 1 0.0520325 0 9.36412e-05
0 0.315718 0 0.0547425 0 9.37364e-05
0 0.813821 0.826667 0.143631 0.346667 9.38534e-05
0 0.685095 0.0933333 0.0747968 0.133333 9.40368e-05
0 0.128455 0.0246667 0.0336043 0.0493333 9.44136e-05
0 0.341463 1 0.0422764 0 9.46322e-05
0 0.563686 0 0.0823848 0 9.49406e-05
0 0.00623306 0.483333 0.0124661 0.153333 9.49576e-05
0 0.00921409 0.0153333 0.0184282 0.0306667 9.50402e-05
0 0.624932 0.129333 0.0563686 0.0666667 9.51048e-05
0 0.527371 0.662667 0.0379404 0.133333 9.53277e-05
0 0.717344 0.697333 0.0720867 0.261333 9.53285e-05
0 0.0227642 0.0873333 0.0401084 0.14 9.53713e-05
0 0.718699 0.833333 0.118157 0.333333 9.55834e-05
0 0.691328 0 0.0536585 0 9.65189e-05
0 0.170732 0.636667 0.341463 0.726667 9.73231e-05
0 0.97561 0.0773333 0.0487805 0.152 9.76016e-05
0 0.664228 0.526667 0.115447 0.458667 9.8208e-05
0 0.176965 0 0.0547425 0 9.83034e-05
0 0.227371 0 0.0547425 0 9.95066e-05
0 0.25935 0.267333 0.0731707 0.148 9.951e-05
0 0.988347 0.00933333 0.0135501 0.0186667 9.97406e-05
0 0.682385 0.944 0.0433604 0.096 9.99317e-05
0 0.795664 0.058 0.0455285 0.0733333 0.000100192
0 0.990515 0.958667 0.00813008 0.0826667 0.000100375
0 0.637127 0.7 0.0666667 0.165333 0.000100826
0 0.722222 0.642667 0.0417344 0.104 0.00010114
0 0.404607 1 0.0460705 0 0.000101211
0 0.117886 0.57 0.0579946 0.116 0.000101448
0 0.420596 0.424 0.0661247 0.186667 0.00010152
0 0.218428 0.223333 0.0498645 0.121333 0.00010246
0 0.541192 0.754 0.0373984 0.108 0.000103737
0 0.769919 0.0106667 0.0807588 0.0213333 0.000103739
0 0.151491 0.953333 0.0612466 0.0933333 0.000103824
0 0.00731707 0.919333 0.0146341 0.145333 0.000104029
0 0.687805 0.05 0.0867209 0.1 0.000104147
0 0.46206 0.796 0.0102981 0.0293333 0.00010451
0 0.166667 0.0166667 0.0840108 0.0333333 0.000104868
0 0.321138 0.154 0.0742547 0.108 0.000105019
0 0.956911 0.464667 0.0861789 0.422667 0.000105254
0 0.652846 0.628 0.0471545 0.101333 0.000105899
0 0.760163 0.995333 0.0840108 0.00933333 0.000106196
0 0.623035 0.088 0.0644986 0.176 0.000108218
0 0.00731707 0.232667 0.0146341 0.177333 0.000108268
0 0.847696 0.468 0.0509485 0.106667 0.000108846
0 0.986721 0.0526667 0.0189702 0.076 0.000109141
0 0.639024 1 0.0531165 0 0.000109143
0 0.987805 0.878667 0.0243902 0.242667 0.00010937
0 0.74065 0 0.0547425 0 0.000109545
0 0.63794 1 0.0813008 0 0.000110625
0 0.423306 0.604 0.0173442 0.0266667 0.000110762
0 0.0146341 1 0.0281843 0 0.000111592
0 0.663415 0.15 0.0531165 0.145333 0.000112017
0 0.607859 0.884667 0.0872629 0.148 0.000112235
0 0.68374 0.388667 0.0439024 0.1 0.000112786
0 0.437669 0.583333 0.0352304 0.0653333 0.000113088
0 0.00677507 0.172 0.0135501 0.144 0.000113141
0 0.790515 0.0953333 0.0785908 0.137333 0.000113816
0 0.687805 0.295333 0.0368564 0.0786667 0.000113829
0 0.0872629 0.0226667 0.0737127 0.0453333 0.00011474
0 0.737398 0.145333 0.0569106 0.277333 0.000117198
0 0.568293 1 0.0482385 0 0.000117319
0 0.0311653 0.968667 0.0623306 0.0626667 0.000117898
0 0.874255 0.00666667 0.0737127 0.0133333 0.000118217
0 0.388889 0 0.0558266 0 0.00011849
0 0.611653 0 0.0710027 0 0.000118845
0 0.980759 0.0173333 0.0384824 0.0346667 0.000119288
0 0.21084 0.272 0.0542005 0.122667 0.000119438
0 0.57832 0.328 0.0585366 0.130667 0.000119735
0 0.52981 1 0.0460705 0 0.000120861
0 0.121951 0.646 0.128997 0.316 0.000121366
0 0.785637 0.517333 0.0504065 0.0906667 0.000121939
0 0.622764 0.135333 0.0628726 0.132 0.000122136
0 0.912737 0.00733333 0.0758808 0.0146667 0.000123089
0 0.535772 0.707333 0.0439024 0.252 0.00012341
0 0.628997 0.298 0.0395664 0.0653333 0.000123521
0 0.191057 0.01 0.0764228 0.02 0.000123994
0 0.756098 0.352667 0.0813008 0.134667 0.000126741
0 0.684011 0.171333 0.0455285 0.177333 0.000126956
0 0.679133 0.39 0.0704607 0.188 0.000127404
0 0.717073 0.0913333 0.0520325 0.142667 0.000127762
0 0.63523 0.224667 0.0585366 0.145333 0.000128034
0 0.753388 0.1 0.0596206 0.2 0.00012812
0 0.0888889 0 0.0888889 0 0.000128484
0 0.840379 0 0.0558266 0 0.000129926
0 0.341192 0 0.0547425 0 0.000130152
0 0.815989 0.574667 0.0558266 0.114667 0.000130993
0 0.726016 0.298 0.0482385 0.092 0.000131753
0 0.985366 0.046 0.0292683 0.092 0.000131849
0 0.238211 0.0106667 0.0710027 0.0213333 0.000132994
0 0.892141 0.997333 0.142005 0.00533333 0.000134402
0 0.765041 0 0.0547425 0 0.000134409
0 0.975881 0.57 0.0395664 0.257333 0.000134542
0 0.566667 0.216667 0.0200542 0.036 0.000135427
0 0.00650406 0.948 0.0119241 0.096 0.000135699
0 0.600542 1 0.0780488 0 0.000135975
0 0.663144 0.352667 0.0634146 0.137333 0.00013682
0 0.819783 0.0553333 0.0460705 0.076 0.000137134
0 0.464499 0.5 0.891057 1 0.000138728
0 0.730352 0.362667 0.0460705 0.112 0.000140068
0 0.757182 0.420667 0.0704607 0.148 0.000140072
0 0.505149 1 0.0520325 0 0.000141944
0 0.532249 0.782 0.0563686 0.188 0.000141964
0 0.987805 0.108667 0.0243902 0.217333 0.000142321
0 0.669377 0.271333 0.0596206 0.129333 0.000144678
0 0.789702 0 0.0552846 0 0.000145017
0 0.202439 0 0.0558266 0 0.000145132
0 0.278049 0.0613333 0.0607046 0.122667 0.000145302
0 0.550949 0.811333 0.0601626 0.177333 0.000145931
0 0.754743 0.113333 0.0363144 0.0906667 0.000146505
0 0.839295 0.996 0.102439 0.008 0.0001472
0 0.70813 0.254 0.0373984 0.110667 0.000147456
0 0.284011 0.0166667 0.0411924 0.0333333 0.000147543
0 0.448238 0.117333 0.098645 0.234667 0.000147619
0 0.755014 0.576 0.0596206 0.104 0.000149724
0 0.0130081 0.05 0.0260163 0.1 0.000149775
0 0.810569 0.878 0.0948509 0.233333 0.000150198
0 0.717344 0.044 0.0807588 0.088 0.000150686
0 0.977778 0.482 0.0346883 0.142667 0.00015084
0 0.00758808 0.992 0.0151762 0.016 0.00015093
0 0.266125 0.205333 0.0802168 0.154667 0.000151025
0 0.233333 0.608 0.0395664 0.250667 0.000151756
0 0.976694 0.782667 0.0455285 0.322667 0.000151977
0 0.753659 0.487333 0.0558266 0.108 0.000152192
0 0.740108 0 0.101355 0 0.000152587
0 0.615718 0.411333 0.0650406 0.169333 0.000153649
0 0.768293 0.747333 0.126287 0.364 0.000155453
0 0.574797 0.234667 0.0373984 0.157333 0.000155834
0 0.785366 0.431333 0.0813008 0.129333 0.0001576
0 0.214092 0.026 0.0769648 0.052 0.000158111
0 0.697561 0.421333 0.0444444 0.170667 0.00015896
0 0.626287 0.534667 0.105691 0.384 0.000159018
0 0.512466 1 0.0796748 0 0.000159712
0 0.411382 0.000666667 0.098645 0.00133333 0.000160465
0 0.0831978 0.249333 0.0569106 0.157333 0.000161412
0 0.615176 0.336667 0.0455285 0.153333 0.000162084
0 0.817344 0.444 0.0856369 0.146667 0.000163055
0 0.990244 0.119333 0.0151762 0.172 0.000163693
0 0.620596 0.129333 0.0433604 0.032 0.000164148
0 0.719241 0.876667 0.0769648 0.18 0.000164859
0 0.632249 0.123333 0.0308943 0.052 0.000165471
0 0.34065 0.0153333 0.0742547 0.0306667 0.000165833
0 0.571003 0.200667 0.0189702 0.068 0.000166173
0 0.0547425 0.975333 0.0390244 0.0333333 0.000167215
0 0.862602 0.006 0.0850949 0.012 0.000167409
0 0.989431 0.994 0.0211382 0.012 0.00016928
0 0.982385 0.996667 0.0265583 0.00666667 0.00017012
0 0.666667 0.901333 0.0672087 0.152 0.000171182
0 0.364499 0 0.0558266 0 0.000171354
0 0.692683 0.346 0.0585366 0.214667 0.000171633
0 0.578862 0.282 0.0357724 0.124 0.000171764
0 0.811653 0.518 0.0471545 0.092 0.00017206
0 0.00731707 0.112667 0.0146341 0.134667 0.000172305
0 0.981301 0 0.0373984 0 0.000174281
0 0.240108 0.210667 0.0325203 0.0933333 0.000174785
0 0.610569 0.292 0.0233062 0.0533333 0.00017516
0 0.0588076 0.996 0.0937669 0.008 0.000176522
0 0.756911 0.0586667 0.0428184 0.0693333 0.000177045
0 0.523306 0.328 0.0764228 0.208 0.000178089
0 0.814363 0.738 0.102439 0.201333 0.00017885
0 0.788347 0.036 0.0677507 0.072 0.000179213
0 0.109756 0.996667 0.0948509 0.00666667 0.000179469
0 0.743631 0.142 0.0433604 0.102667 0.000181149
0 0.726016 0.519333 0.117615 0.441333 0.00018147
0 0.354743 0.034 0.0894309 0.068 0.000181641
0 0.547967 0.707333 0.0585366 0.142667 0.000181782
0 0.245528 0.0253333 0.0747968 0.0506667 0.000182092
0 0.717615 0.383333 0.0520325 0.102667 0.000183258
0 0.568293 0.228 0.0222222 0.08 0.000185599
0 0.659621 0.442 0.680759 0.884 0.000185942
0 0.613821 0.241333 0.0590786 0.125333 0.000185993
0 0.97561 0.888667 0.0487805 0.206667 0.000186923
0 0.814363 0 0.0547425 0 0.000187098
0 0.578862 0.492 0.0476965 0.128 0.000187276
0 0.169648 0.470667 0.0216802 0.0346667 0.000188045
0 0.631436 0.624667 0.0509485 0.0973333 0.00019075
0 0.989973 0.0326667 0.00813008 0.0653333 0.000192065
0 0.548509 0.657333 0.0596206 0.117333 0.000192186
0 0.6271 0.0846667 0.0271003 0.110667 0.000194318
0 0.773442 0.868667 0.0802168 0.182667 0.000195211
0 0.277778 0.106 0.0785908 0.118667 0.000201697
0 0.811653 0.00333333 0.0807588 0.00666667 0.000203613
0 0.0265583 0.0326667 0.0509485 0.0653333 0.000203947
0 0.0205962 0.987333 0.0411924 0.0253333 0.000204006
0 0.736314 0.704 0.0742547 0.136 0.000205508
0 0.00948509 1 0.0189702 0 0.000206158
0 0.631707 0.353333 0.0504065 0.157333 0.000207256
0 0.5271 0.716667 0.0341463 0.142667 0.000208487
0 0.813821 0.608 0.143631 0.416 0.000209054
0 0.807859 0.606 0.0504065 0.113333 0.000209695
0 0.532249 0.376 0.0509485 0.0586667 0.000211868
0 0.741463 0.248 0.0379404 0.0933333 0.000211947
0 0.567209 0.346667 0.0243902 0.101333 0.000212
0 0.426829 0.614667 0.0341463 0.032 0.000212944
0 0.682656 0.632667 0.0579946 0.156 0.000219912
0 0.990786 0.922 0.0173442 0.156 0.00022125
0 0.544444 0.475333 0.0482385 0.188 0.000225753
0 0.177778 0.924667 0.0780488 0.1 0.00022604
0 0.813821 0.0286667 0.0948509 0.0573333 0.000229061
0 0.642818 0.12 0.0184282 0.0666667 0.000229473
0 0.891328 0.014 0.100271 0.028 0.000229558
0 0.987534 0.982 0.0108401 0.036 0.000229685
0 0.16477 0 0.099729 0 0.000231564
0 0.56477 0.366667 0.0195122 0.0346667 0.000232667
0 0.845799 0.0346667 0.0861789 0.0693333 0.000232755
0 0.709214 0.246 0.0601626 0.201333 0.000233431
0 0.48916 0.123333 0.100271 0.246667 0.000237438
0 0.242276 0.5 0.484553 1 0.000239277
0 0.726287 0.292667 0.0661247 0.185333 0.000241409
0 0.913279 1 0.096477 0 0.000241994
0 0.0184282 0.00733333 0.0368564 0.0146667 0.000244104
0 0.389431 0.887333 0.0948509 0.225333 0.000248654
0 0.64878 0.11 0.0531165 0.158667 0.000249361
0 0.658808 0.470667 0.0504065 0.192 0.000253542
0 0.31355 0.01 0.0937669 0.02 0.000255932
0 0.684011 0.888667 0.0758808 0.217333 0.000256123
0 0.361518 0.640667 0.723035 0.718667 0.000260085
0 0.735772 0.519333 0.0460705 0.108 0.000261087
0 0.759892 0.639333 0.096477 0.222667 0.000264606
0 0.739024 0.0993333 0.0417344 0.14 0.000265633
0 0.364228 0.00266667 0.105149 0.00533333 0.000267642
0 0.614905 0.631333 0.0525745 0.153333 0.000268416
0 0.656369 0.592667 0.0368564 0.118667 0.000269121
0 0.744986 0.657333 0.510027 0.685333 0.000270687
0 0.941734 0.997333 0.111111 0.00533333 0.00027078
0 0.212466 0 0.0878049 0 0.000275367
0 0.768564 0.741333 0.0888889 0.192 0.000280339
0 0.626016 0.282667 0.0563686 0.109333 0.000280844
0 0.759621 0.04 0.0753388 0.08 0.000282635
0 0.912195 0.00133333 0.098645 0.00266667 0.000284265
0 0.460705 0.806 0.0260163 0.0253333 0.000286146
0 0.0214092 0 0.0428184 0 0.00028775
0 0.992954 0.066 0.0140921 0.132 0.000288096
0 0.987805 1 0.0189702 0 0.000290345
0 0.791328 0 0.124661 0 0.000294328
0 0.542005 0.678667 0.0336043 0.0906667 0.000295346
0 0.959621 0.685333 0.0807588 0.56 0.000299988
0 0.772358 0.534667 0.140921 0.429333 0.000301834
0 0.835772 0.541333 0.0509485 0.114667 0.000305232
0 0.758266 0.520667 0.0487805 0.1 0.000308013
0 0.717073 0.526667 0.0704607 0.144 0.00031143
0 0.51084 0.328 0.495935 0.656 0.000313107
0 0.739295 0.0493333 0.0661247 0.0906667 0.00031463
0 0.534959 0.728667 0.0281843 0.1 0.00031869
0 0.967751 0 0.0644986 0 0.000318692
0 0.836856 0.008 0.0845528 0.016 0.000324784
0 0.730623 0.267333 0.0411924 0.084 0.000332274
0 0.940921 0.0153333 0.096477 0.0306667 0.000334078
0 0.583469 0.473333 0.0634146 0.229333 0.000336281
0 0.812737 0.642667 0.099187 0.157333 0.000340637
0 0.0284553 1 0.0514905 0 0.000340892
0 0.0279133 0.996 0.0514905 0.008 0.00034647
0 0.671545 0.224 0.0411924 0.144 0.000347655
0 0.971003 0.631333 0.0579946 0.292 0.0003488
0 0.743631 0.0906667 0.0336043 0.064 0.000352545
0 0.634688 0.474667 0.0574526 0.205333 0.00035371
0 0.757995 0.484667 0.095935 0.196 0.000355186
0 0.617886 0.537333 0.0682927 0.152 0.000356884
0 0.0298103 0.00333333 0.0596206 0.00666667 0.000366183
0 0.988618 0.938 0.0097561 0.108 0.000372716
0 0.963957 0 0.0547425 0 0.000373751
0 0.821138 0.52 0.357724 0.96 0.000376911
0 0.73252 0.576 0.0439024 0.0853333 0.000378377
0 0.731165 0.418667 0.0672087 0.173333 0.000379156
0 0.686721 0.458 0.0542005 0.182667 0.000383119
0 0.695122 0.358667 0.0417344 0.0986667 0.000385917
0 0.259621 0.0233333 0.0433604 0.0466667 0.000388555
0 0.566125 0.48 0.0439024 0.186667 0.000390602
0 0.233333 0.576 0.0308943 0.117333 0.000392121
0 0.990244 0.0813333 0.0097561 0.125333 0.00040854
0 0.839837 0 0.145799 0 0.000420572
0 0.83252 0.58 0.0921409 0.157333 0.000427532
0 0.960434 0.00666667 0.0704607 0.0133333 0.000429409
0 0.565312 0.356667 0.0325203 0.036 0.000433777
0 0.44607 0.561333 0.0195122 0.048 0.000446175
0 0.966125 0.996667 0.0623306 0.00666667 0.000448042
0 0.263415 0.012 0.0758808 0.024 0.000448874
0 0.951219 0.415333 0.0314363 0.0973333 0.000465418
0 0.852304 0.533333 0.0937669 0.146667 0.000482142
0 0.715176 0.592 0.0579946 0.144 0.000503083
0 0.67561 0.539333 0.0558266 0.137333 0.000507841
0 0.977236 0.452 0.0455285 0.064 0.000523642
0 0.708672 0.343333 0.0536585 0.153333 0.000527235
0 0.733062 0.647333 0.0623306 0.161333 0.000530258
0 0.657724 0.573333 0.0525745 0.194667 0.000540256
0 0.615989 0.281333 0.0233062 0.0533333 0.000544073
0 0.891328 0 0.146883 0 0.000544117
0 0.301084 0.0426667 0.0666667 0.0746667 0.000572789
0 0.42168 0.430667 0.0444444 0.0826667 0.000572965
0 0.978049 1 0.0406504 0 0.000573591
0 0.713279 0.464 0.0596206 0.178667 0.000629255
0 0.784824 0.495333 0.0813008 0.121333 0.000634464
0 0.97019 0.508667 0.0596206 0.193333 0.000667019
0 0.718157 0.275333 0.0368564 0.0893333 0.000680305
0 0.311382 0.132667 0.0493225 0.0733333 0.000708264
0 0.744986 0.548 0.0460705 0.096 0.000719348
0 0.686179 0.24 0.0411924 0.146667 0.000731695
0 0.542547 0.298 0.0726287 0.169333 0.000753859
0 0.284824 0.0206667 0.0623306 0.0413333 0.000774527
0 0.649051 0.0906667 0.0308943 0.104 0.000776688
0 0.969106 0.41 0.0617886 0.145333 0.000790001
0 0.705691 0.5 0.588618 1 0.00079288
0 0.694309 0.279333 0.0411924 0.129333 0.000817829
0 0.536585 0.344 0.0693767 0.109333 0.000835948
0 0.833333 0.502667 0.0666667 0.133333 0.00084279
0 0.62168 0.582667 0.0520325 0.16 0.000863566
0 0.446612 0.561333 0.0346883 0.0666667 0.000869575
0 0.676965 0.588 0.0628726 0.122667 0.000875113
0 0.165583 0.948 0.0504065 0.064 0.000974492
0 0.70813 0.292667 0.0460705 0.126667 0.000977931
0 0.304065 0.149333 0.0802168 0.232 0.000989765
0 0.736043 0.58 0.0607046 0.144 0.00102852
0 0.648238 0.55 0.0379404 0.116 0.0010388
0 0.94065 0 0.116531 0 0.00105693
0 0.334417 0.0393333 0.0357724 0.06 0.00111651
0 0.733875 0.481333 0.0704607 0.149333 0.00117088
0 0.563686 0.285333 0.0357724 0.184 0.00119539
0 0.317073 0.425333 0.544173 0.850667 0.00144842
0 0.759079 0.541333 0.0840108 0.125333 0.00145857
0 0.665854 0.568 0.0395664 0.0773333 0.00147812
0 0.813008 0.541333 0.0823848 0.128 0.00176714
0 0.356369 0.308 0.0785908 0.242667 0.00186104
0 0.788618 0.588667 0.0867209 0.142667 0.00190707
0 0.279946 0.032 0.0471545 0.064 0.00239395
0 0.352846 0.376 0.0346883 0.101333 0.00412738
0 0.286179 0.0413333 0.0281843 0.0533333 0.00423494
0 0.63794 0.08 0.0455285 0.16 0.00454961
0 0.639295 0.580667 0.0525745 0.137333 0.00499915
0 0.33523 0.262667 0.0623306 0.186667 0.00509348
0 0.655827 0.555333 0.0336043 0.0706667 0.00613672
0 0.370732 0.657333 0.417344 0.685333 0.00660262
0 0.569648 0.680667 0.342547 0.638667 0.00848356
0 0.548781 0.908 0.099187 0.173333 0.0133061
0 0.131436 0.615333 0.262873 0.769333 0.0145393
0 0.475339 0.190667 0.251491 0.381333 0.0157224
0 0.226016 0.664667 0.291599 0.670667 0.0163032
0 0.101084 0.262 0.202168 0.524 0.022803
0 0.638211 0.086 0.0233062 0.116 0.0283848
0 0.352033 0.332667 0.0460705 0.164 0.0422692
0 0.293767 0.140667 0.0466125 0.092 0.176916
0 0.097561 0.252667 0.095393 0.217333 0.785883
0 0.464228 0.110667 0.0688347 0.205333 0.819602
0 0.549322 0.895333 0.0720867 0.108 0.827416
0 0.240921 0.728667 0.0601626 0.222667 0.871434
0 0.120596 0.592667 0.0937669 0.148 0.900156
0 0.368293 0.905333 0.0525745 0.144 0.902219
