0 0.684553 0.0826667 0.0422764 0.0906667 1.72352e-05
0 0.244715 0.79 0.0493225 0.305333 1.72369e-05
0 0.473713 0.264667 0.0314363 0.0546667 1.72783e-05
0 0.393767 0.975333 0.0493225 0.0386667 1.72925e-05
0 0.214092 1 0.0715447 0 1.73161e-05
0 0.764228 0.966667 0.0856369 0.0666667 1.73169e-05
0 0.521409 0.858 0.0357724 0.1 1.74062e-05
0 0.545528 0.958667 0.0384824 0.0453333 1.74403e-05
0 0.723577 0.918667 0.0390244 0.114667 1.74779e-05
0 0.0490515 0.583333 0.097019 0.18 1.7485e-05
0 0.935501 0.809333 0.128997 0.381333 1.75033e-05
0 0.517073 0.954 0.0769648 0.092 1.75049e-05
0 0.420325 0.808667 0.22168 0.382667 1.7593e-05
0 0.682656 0.949333 0.0319783 0.0853333 1.76109e-05
0 0.898103 0.887333 0.106233 0.150667 1.76703e-05
0 0.894309 0.950667 0.104065 0.0986667 1.78015e-05
0 0.681843 0.0346667 0.0422764 0.056 1.78193e-05
0 0.732249 0.0793333 0.0542005 0.0973333 1.78251e-05
0 0.721951 0.604667 0.0466125 0.126667 1.78792e-05
0 0.782656 0.711333 0.0520325 0.0973333 1.78861e-05
0 0.807588 0.204667 0.120325 0.377333 1.79801e-05
0 0.685366 0.457333 0.0449864 0.106667 1.8015e-05
0 0.696206 0.981333 0.0330623 0.0346667 1.80217e-05
0 0.286179 0.470667 0.0867209 0.189333 1.80924e-05
0 0.514634 0.648 0.0699187 0.162667 1.82249e-05
0 0.494851 0.0206667 0.0411924 0.0413333 1.82922e-05
0 0.659079 0.215333 0.0292683 0.092 1.84249e-05
0 0.930623 0.016 0.0487805 0.032 1.852e-05
0 0.832249 0.986667 0.0601626 0.0266667 1.85603e-05
0 0.471816 0.662 0.0482385 0.230667 1.86283e-05
0 0.438753 0.837333 0.0807588 0.141333 1.86296e-05
0 0.831707 0.170667 0.220596 0.341333 1.86856e-05
0 0.85935 0.212 0.149051 0.357333 1.87572e-05
0 0.51626 0.002 0.0514905 0.004 1.87903e-05
0 0.267751 0.394 0.166938 0.673333 1.87967e-05
0 0.516531 0.968667 0.0303523 0.0626667 1.88624e-05
0 0.772629 0.604667 0.0471545 0.116 1.88966e-05
0 0.276694 0.733333 0.0200542 0.0933333 1.893e-05
0 0.721409 0.108667 0.0368564 0.0893333 1.90811e-05
0 0.607317 0.00466667 0.0449864 0.00933333 1.90855e-05
0 0.572087 0.455333 0.0417344 0.084 1.91248e-05
0 0.206775 0.338 0.112195 0.238667 1.91427e-05
0 0.866938 0.398667 0.185908 0.578667 1.91783e-05
0 0.0303523 0.976667 0.0487805 0.0466667 1.91892e-05
0 0.510569 0.516 0.0357724 0.0693333 1.92359e-05
0 0.269106 0.897333 0.0417344 0.096 1.92403e-05
0 0.495393 0.92 0.0617886 0.16 1.92581e-05
0 0.943902 0.882 0.105691 0.206667 1.93186e-05
0 0.179946 0.164 0.189702 0.328 1.94016e-05
0 0.612466 0.828667 0.17019 0.342667 1.94037e-05
0 0.625203 0.145333 0.131707 0.290667 1.94279e-05
0 0.296477 0.859333 0.0216802 0.113333 1.94994e-05
0 0.646883 0.973333 0.0417344 0.048 1.97091e-05
0 0.673171 0.306667 0.0325203 0.088 1.9861e-05
0 0.287805 0.843333 0.0737127 0.148 1.98989e-05
0 0.200813 0.502 0.0308943 0.06 1.99099e-05
0 0.730894 0.640667 0.0569106 0.132 1.99633e-05
0 0.643089 0.281333 0.0298103 0.101333 1.99663e-05
0 0.4729 0.831333 0.0222222 0.0413333 2.00229e-05
0 0.12168 0.119333 0.0796748 0.228 2.00996e-05
0 0.466938 0.408 0.0840108 0.112 2.01776e-05
0 0.356911 0.346667 0.0243902 0.0613333 2.01909e-05
0 0.504065 0.0873333 0.0260163 0.084 2.02718e-05
0 0.489702 0.588667 0.0710027 0.169333 2.03024e-05
0 0.699187 0.01 0.0802168 0.02 2.03395e-05
0 0.0184282 0.921333 0.0368564 0.157333 2.0354e-05
0 0.284824 0.892667 0.0287263 0.108 2.04426e-05
0 0.644173 0.216 0.0200542 0.0773333 2.04484e-05
0 0.466396 0.0226667 0.0384824 0.0453333 2.05362e-05
0 0.285366 0.342 0.0623306 0.158667 2.05475e-05
0 0.584282 0.366 0.0379404 0.0733333 2.06535e-05
0 0.00840108 0.142 0.0157182 0.14 2.06642e-05
0 0.0731707 0.958667 0.101897 0.0826667 2.06688e-05
0 0.129539 0.00866667 0.0552846 0.0173333 2.06761e-05
0 0.659892 0.394 0.0373984 0.0786667 2.07416e-05
0 0.656098 0.13 0.0243902 0.0653333 2.08664e-05
0 0.442818 0.996 0.0476965 0.008 2.09562e-05
0 0.670732 0.981333 0.0363144 0.0346667 2.09887e-05
0 0.553659 0.302667 0.0840108 0.192 2.10241e-05
0 0.190786 0.800667 0.102981 0.14 2.10429e-05
0 0.222764 0.876667 0.0509485 0.076 2.1048e-05
0 0.116802 0.0453333 0.0547425 0.0906667 2.10834e-05
0 0.733875 0.942 0.0390244 0.092 2.11e-05
0 0.789973 0.21 0.099187 0.225333 2.11784e-05
0 0.424661 0.268 0.0905149 0.197333 2.12018e-05
0 0.847968 0.433333 0.0514905 0.125333 2.12054e-05
0 0.594851 0.930667 0.0406504 0.109333 2.12311e-05
0 0.215989 0.778 0.145799 0.444 2.12455e-05
0 0.0837398 0.152667 0.132791 0.305333 2.13375e-05
0 0.533333 0.056 0.0379404 0.0773333 2.13522e-05
0 0.349593 0.354667 0.0466125 0.101333 2.14257e-05
0 0.362873 0.169333 0.131707 0.338667 2.14277e-05
0 0.747154 0.989333 0.0579946 0.0213333 2.14477e-05
0 0.796206 0.399333 0.0498645 0.102667 2.14759e-05
0 0.284824 0.586 0.0883469 0.182667 2.14876e-05
0 0.557182 0.294667 0.127913 0.498667 2.16218e-05
0 0.88916 0.996 0.0460705 0.008 2.16724e-05
0 0.0184282 0.82 0.0368564 0.157333 2.17372e-05
0 0.43794 0.728 0.0661247 0.133333 2.17435e-05
0 0.514363 0.0266667 0.109485 0.0533333 2.18221e-05
0 0.81897 0.935333 0.0433604 0.1 2.18777e-05
0 0.21626 0.0293333 0.108401 0.0586667 2.19647e-05
0 0.260163 0.742667 0.144173 0.514667 2.20212e-05
0 0.949865 0.517333 0.0482385 0.106667 2.20633e-05
0 0.11084 0.382667 0.198916 0.637333 2.20854e-05
0 0.728455 0.158667 0.163686 0.317333 2.21007e-05
0 0.0479675 0.644667 0.0840108 0.177333 2.21788e-05
0 0.660434 0.334667 0.0352304 0.0693333 2.22508e-05
0 0.924932 0.256667 0.149051 0.513333 2.22666e-05
0 0.432791 0.454667 0.0655827 0.0853333 2.23101e-05
0 0.423306 0.270667 0.142005 0.536 2.23104e-05
0 0.295122 0.988 0.0363144 0.024 2.23242e-05
0 0.387534 0.596667 0.0487805 0.156 2.2351e-05
0 0.598916 0.502 0.0639566 0.118667 2.24814e-05
0 0.611111 0.273333 0.0352304 0.0773333 2.25123e-05
0 0.646883 0.36 0.0352304 0.064 2.25484e-05
0 0.71626 0.145333 0.0807588 0.184 2.25802e-05
0 0.641192 0 0.0509485 0 2.26072e-05
0 0.760705 0.202667 0.098103 0.36 2.26942e-05
0 0.795122 0.456667 0.0509485 0.105333 2.28061e-05
0 0.67019 0.246667 0.0352304 0.112 2.28624e-05
0 0.857453 0.413333 0.118157 0.274667 2.2997e-05
0 0.303523 0.97 0.0249322 0.06 2.30083e-05
0 0.736314 0.112667 0.0406504 0.0973333 2.3022e-05
0 0.585366 0.513333 0.0433604 0.08 2.30514e-05
0 0.509756 0.756 0.114363 0.426667 2.31205e-05
0 0.476423 0.854 0.0704607 0.153333 2.31265e-05
0 0.326558 0.255333 0.0915989 0.230667 2.32579e-05
0 0.402981 0.473333 0.118699 0.437333 2.34945e-05
0 0.598374 0.636667 0.0422764 0.108 2.35428e-05
0 0.865041 0.996667 0.0466125 0.00666667 2.363e-05
0 0.0214092 0.339333 0.0352304 0.230667 2.36858e-05
0 0.809214 0.368 0.104065 0.130667 2.37458e-05
0 0.15664 0.99 0.0466125 0.02 2.3761e-05
0 0.343902 0.984 0.0363144 0.032 2.3895e-05
0 0.508672 0.150667 0.0655827 0.144 2.3897e-05
0 0.560163 0.772 0.0623306 0.130667 2.40368e-05
0 0.276694 0.739333 0.0395664 0.137333 2.41635e-05
0 0.822222 0.616667 0.0531165 0.113333 2.41747e-05
0 0.854472 0.522 0.0753388 0.156 2.42251e-05
0 0.266938 0.0286667 0.107859 0.0573333 2.42326e-05
0 0.978049 0.361333 0.0439024 0.277333 2.42328e-05
0 0.52168 0.790667 0.0395664 0.056 2.42549e-05
0 0.295664 0.820667 0.0330623 0.0626667 2.42715e-05
0 0.943631 0.998 0.0498645 0.004 2.43067e-05
0 0.483198 0.832 0.0254743 0.0453333 2.43109e-05
0 0.98645 0.96 0.0140921 0.056 2.43408e-05
0 0.598916 0.548 0.0444444 0.0746667 2.44434e-05
0 0.584282 0.395333 0.0401084 0.0653333 2.44752e-05
0 0.533333 0.246667 0.0422764 0.117333 2.45173e-05
0 0.220325 0.790667 0.0601626 0.306667 2.46334e-05
0 0.654743 0.034 0.0368564 0.0626667 2.47484e-05
0 0.710298 0.982 0.0276423 0.036 2.47516e-05
0 0.98916 0.628667 0.0216802 0.142667 2.4894e-05
0 0.623035 0.110667 0.0222222 0.0453333 2.49257e-05
0 0.527913 0.614667 0.126829 0.472 2.49317e-05
0 0.657995 0.983333 0.0368564 0.0333333 2.49326e-05
0 0.895935 0.634667 0.095393 0.125333 2.49426e-05
0 0.415718 0.900667 0.0845528 0.158667 2.50403e-05
0 0.662873 0.161333 0.109485 0.322667 2.50668e-05
0 0.0563686 0.194667 0.0791328 0.301333 2.50748e-05
0 0.585095 0.234 0.0233062 0.0573333 2.50955e-05
0 0.943631 0.96 0.098645 0.08 2.51627e-05
0 0.333333 0.792 0.0791328 0.149333 2.52118e-05
0 0.863686 0.703333 0.15664 0.297333 2.53024e-05
0 0.59729 0.34 0.0314363 0.072 2.53292e-05
0 0.632249 0.215333 0.0276423 0.0733333 2.53907e-05
0 0.98916 0.785333 0.0151762 0.336 2.5403e-05
0 0.624932 0.062 0.0227642 0.124 2.54778e-05
0 0.00840108 0.328 0.0168022 0.144 2.55336e-05
0 0.273442 0.15 0.0352304 0.0573333 2.55491e-05
0 0.661247 0.35 0.0823848 0.244 2.56401e-05
0 0.939024 0.439333 0.0276423 0.0813333 2.56699e-05
0 0.733604 0.214 0.0677507 0.209333 2.56972e-05
0 0.53252 0.568 0.0439024 0.0826667 2.57746e-05
0 0.69729 0.484 0.0460705 0.117333 2.58084e-05
0 0.257182 0.478667 0.0644986 0.101333 2.58611e-05
0 0.317886 0.418 0.0666667 0.129333 2.58876e-05
0 0.353388 0.466 0.0260163 0.084 2.59239e-05
0 0.179133 0.000666667 0.0547425 0.00133333 2.61372e-05
0 0.532791 0.960667 0.0292683 0.0493333 2.61481e-05
0 0.318157 0.468667 0.0693767 0.108 2.63164e-05
0 0.0298103 0.036 0.0476965 0.072 2.65398e-05
0 0.946883 0.972667 0.100813 0.0546667 2.65914e-05
0 0.463144 0.456 0.0731707 0.0746667 2.66024e-05
0 0.00840108 0.966667 0.0113821 0.0666667 2.66781e-05
0 0.29458 0.800667 0.0330623 0.0386667 2.67662e-05
0 0.466667 0.499333 0.0726287 0.118667 2.67969e-05
0 0.732249 0.000666667 0.0520325 0.00133333 2.68069e-05
0 0.74336 0.032 0.114363 0.064 2.68624e-05
0 0.809756 0.674 0.0878049 0.142667 2.69393e-05
0 0.722493 0.950667 0.0314363 0.0826667 2.70047e-05
0 0.385637 0.0646667 0.0840108 0.129333 2.70307e-05
0 0.111382 0.962667 0.116531 0.0746667 2.71044e-05
0 0.29729 0.792667 0.0655827 0.105333 2.71145e-05
0 0.298916 0.902 0.0265583 0.116 2.71858e-05
0 0.361247 0.588 0.0807588 0.2 2.72035e-05
0 0.723306 0.830667 0.158808 0.338667 2.7251e-05
0 0.643089 0.0393333 0.0265583 0.076 2.72757e-05
0 0.0433604 0.967333 0.0867209 0.0653333 2.72924e-05
0 0.490786 0.896667 0.0688347 0.14 2.73141e-05
0 0.167751 0.225333 0.190244 0.450667 2.743e-05
0 0.480759 0.1 0.0574526 0.2 2.74926e-05
0 0.600271 0.546667 0.0666667 0.117333 2.75775e-05
0 0.985637 0.266667 0.0287263 0.296 2.76022e-05
0 0.666125 0.573333 0.0411924 0.106667 2.76033e-05
0 0.663144 0.267333 0.124119 0.505333 2.77407e-05
0 0.60542 0.134 0.0303523 0.0306667 2.78409e-05
0 0.959892 0.478 0.0444444 0.182667 2.81205e-05
0 0.562873 0.842667 0.0699187 0.154667 2.81304e-05
0 0.745257 0.914667 0.0455285 0.133333 2.81906e-05
0 0.484282 0.98 0.0352304 0.032 2.82052e-05
0 0.115989 0.0353333 0.106233 0.0706667 2.82898e-05
0 0.910298 0.0413333 0.0796748 0.0613333 2.82941e-05
0 0.561247 0.138 0.0666667 0.257333 2.82949e-05
0 0.466125 0.0253333 0.108401 0.0506667 2.83833e-05
0 0.644173 0.432667 0.0449864 0.108 2.86066e-05
0 0.0401084 0.008 0.0552846 0.016 2.86562e-05
0 0.00785908 0.691333 0.0157182 0.150667 2.86644e-05
0 0.141463 0.993333 0.0487805 0.0133333 2.86681e-05
0 0.988618 0.571333 0.0227642 0.134667 2.86805e-05
0 0.46206 0.965333 0.0861789 0.0693333 2.86942e-05
0 0.909485 0.582667 0.123577 0.232 2.86988e-05
0 0.357453 0.989333 0.0417344 0.0213333 2.87223e-05
0 0.865854 0.942667 0.105691 0.114667 2.87308e-05
0 0.513008 0.242667 0.0785908 0.130667 2.88128e-05
0 0.439837 0.656 0.0699187 0.114667 2.88236e-05
0 0.0560976 0.976 0.098103 0.048 2.88583e-05
0 0.624932 0.108 0.0444444 0.056 2.89676e-05
0 0.168022 0.03 0.109485 0.06 2.8992e-05
0 0.910298 0.475333 0.104607 0.284 2.9013e-05
0 0.485637 0.738667 0.0487805 0.258667 2.90822e-05
0 0.684553 0.146667 0.0574526 0.176 2.90865e-05
0 0.187805 0.968 0.0818428 0.064 2.91198e-05
0 0.447696 0.228 0.0780488 0.122667 2.91978e-05
0 0.916802 0 0.0536585 0 2.93506e-05
0 0.439024 0.0866667 0.0672087 0.173333 2.94206e-05
0 0.461247 0.904 0.0737127 0.138667 2.94785e-05
0 0.813279 0.993333 0.0775068 0.0133333 2.95964e-05
0 0.753659 0.786667 0.0840108 0.125333 2.96005e-05
0 0.255014 0.000666667 0.0547425 0.00133333 2.96518e-05
0 0.419512 0.638667 0.158266 0.624 2.96631e-05
0 0.0300813 0.118667 0.0482385 0.154667 2.97442e-05
0 0.559621 0.522 0.0417344 0.0653333 3.00039e-05
0 0.658537 0.138 0.0401084 0.161333 3.0042e-05
0 0.721409 0.979333 0.0336043 0.0333333 3.0176e-05
0 0.0116531 0.939333 0.0233062 0.121333 3.01793e-05
0 0.258808 0.848 0.099187 0.274667 3.03302e-05
0 0.0195122 0.165333 0.0390244 0.141333 3.03557e-05
0 0.210298 0.00666667 0.0823848 0.0133333 3.0367e-05
0 0.597019 0.237333 0.0287263 0.0613333 3.03835e-05
0 0.113821 0.918 0.108401 0.121333 3.04141e-05
0 0.28645 0.41 0.0666667 0.134667 3.04296e-05
0 0.611924 0.31 0.0325203 0.076 3.05125e-05
0 0.979133 0.0313333 0.0417344 0.0626667 3.05316e-05
0 0.41626 0.996 0.0487805 0.008 3.05426e-05
0 0.535501 0.36 0.0444444 0.146667 3.07214e-05
0 0.365854 0.0253333 0.102981 0.0506667 3.07702e-05
0 0.459621 0.469333 0.0411924 0.048 3.08623e-05
0 0.420867 0.0533333 0.0460705 0.0693333 3.08638e-05
0 0.670732 0.0593333 0.0384824 0.084 3.08694e-05
0 0.501626 0.970667 0.0298103 0.0373333 3.09167e-05
0 0.709756 0.220667 0.0612466 0.201333 3.09203e-05
0 0.26477 0.949333 0.116531 0.101333 3.12023e-05
0 0.688618 0.773333 0.0807588 0.122667 3.12242e-05
0 0.81626 0.262 0.188618 0.524 3.13148e-05
0 0.774526 0.992 0.0747968 0.016 3.13182e-05
0 0.84065 0.996667 0.0476965 0.00666667 3.16458e-05
0 0.539566 0.140667 0.0634146 0.145333 3.17419e-05
0 0.437398 0.779333 0.0802168 0.118667 3.17527e-05
0 0.314905 0.026 0.106233 0.052 3.1763e-05
0 0.57561 0.964 0.0823848 0.072 3.19433e-05
0 0.594038 0.172667 0.0249322 0.0626667 3.19519e-05
0 0.668564 0.925333 0.0319783 0.112 3.20687e-05
0 0.585366 0.887333 0.0346883 0.1 3.2079e-05
0 0.589702 0.212667 0.0650406 0.252 3.21458e-05
0 0.0360434 0.643333 0.0720867 0.593333 3.21644e-05
0 0.322493 0.258667 0.142005 0.517333 3.22007e-05
0 0.564228 0.701333 0.0563686 0.149333 3.23975e-05
0 0.219241 0.203333 0.121951 0.204 3.25218e-05
0 0.741192 0.144 0.0883469 0.288 3.25435e-05
0 0.810298 0.585333 0.0520325 0.114667 3.25977e-05
0 0.838211 0.924667 0.0840108 0.150667 3.26234e-05
0 0.326829 0.88 0.0780488 0.112 3.27318e-05
0 0.0886179 0.997333 0.0525745 0.00533333 3.27604e-05
0 0.113821 0.996 0.0520325 0.008 3.28027e-05
0 0.391057 0.874667 0.0384824 0.072 3.28387e-05
0 0.585095 0.212 0.0189702 0.0613333 3.29531e-05
0 0.0395664 0.774667 0.0726287 0.282667 3.30862e-05
0 0.714634 0.954667 0.0677507 0.0906667 3.3096e-05
0 0.523577 0.824667 0.0368564 0.0706667 3.3204e-05
0 0.869377 0.618667 0.211382 0.546667 3.33046e-05
0 0.669919 0.490667 0.0401084 0.109333 3.35934e-05
0 0.711111 0.348 0.0444444 0.0826667 3.36097e-05
0 0.954201 0.390667 0.0915989 0.448 3.36359e-05
0 0.00758808 0.785333 0.0151762 0.152 3.36457e-05
0 0.407588 0.646667 0.0639566 0.154667 3.3826e-05
0 0.0205962 0.666 0.0411924 0.142667 3.38438e-05
0 0.664228 0.006 0.0612466 0.012 3.39645e-05
0 0.609485 0.242 0.0363144 0.068 3.41993e-05
0 0.536314 0.935333 0.0840108 0.129333 3.42489e-05
0 0.668022 0 0.0514905 0 3.44396e-05
0 0.0571816 0.474 0.114363 0.217333 3.44586e-05
0 0.392683 0.996667 0.0514905 0.00666667 3.46176e-05
0 0.643902 0.762667 0.0433604 0.0933333 3.46906e-05
0 0.279404 0.993333 0.0471545 0.0133333 3.4883e-05
0 0.420867 0.951333 0.104607 0.0973333 3.49257e-05
0 0.584824 0.612667 0.0390244 0.102667 3.51902e-05
0 0.670461 0.945333 0.0823848 0.109333 3.52521e-05
0 0.412195 0.782 0.0710027 0.14 3.52801e-05
0 0.165583 1 0.0449864 0 3.54892e-05
0 0.53794 0.714 0.0731707 0.148 3.56243e-05
0 0.737398 0.00866667 0.0796748 0.0173333 3.56714e-05
0 0.326558 0.996667 0.0688347 0.00666667 3.5818e-05
0 0.496477 0.0566667 0.0325203 0.0733333 3.59555e-05
0 0.124119 0.994667 0.0888889 0.0106667 3.62229e-05
0 0.533333 0.800667 0.0401084 0.068 3.62551e-05
0 0.259892 0.409333 0.0710027 0.149333 3.62551e-05
0 0.562602 0.219333 0.0661247 0.129333 3.6306e-05
0 0.374797 0.988 0.0742547 0.024 3.63471e-05
0 0.288889 0.480667 0.0737127 0.1 3.64353e-05
0 0.871274 0.662 0.105691 0.145333 3.64684e-05
0 0.742005 0.607333 0.0607046 0.137333 3.64821e-05
0 0.906775 0.548 0.0531165 0.112 3.65435e-05
0 0.540379 0.634667 0.0552846 0.165333 3.67205e-05
0 0.277507 0.734 0.0650406 0.273333 3.68038e-05
0 0.637398 0.120667 0.0346883 0.118667 3.69051e-05
0 0.982114 0.596 0.0357724 0.226667 3.69652e-05
0 0.41897 0.0746667 0.0758808 0.125333 3.7056e-05
0 0.969648 0.287333 0.0607046 0.164 3.70791e-05
0 0.821138 0.746667 0.145257 0.208 3.71804e-05
0 0.914634 1 0.0514905 0 3.71923e-05
0 0.575339 0.832 0.124119 0.336 3.72272e-05
0 0.23252 0.994667 0.0422764 0.0106667 3.72375e-05
0 0.974526 0.21 0.0498645 0.188 3.72749e-05
0 0.504878 0.386 0.0536585 0.124 3.72875e-05
0 0.471274 0.814667 0.0363144 0.088 3.73214e-05
0 0.585366 0.424667 0.0411924 0.0653333 3.74262e-05
0 0.588076 0.854 0.0758808 0.142667 3.7519e-05
0 0.680759 0.545333 0.0487805 0.0986667 3.77507e-05
0 0.790244 0.891333 0.100813 0.166667 3.78439e-05
0 0.835501 0.548 0.0655827 0.136 3.81298e-05
0 0.77019 0.544 0.0476965 0.133333 3.83249e-05
0 0.0116531 0.202 0.0211382 0.209333 3.83348e-05
0 0.144444 1 0.0688347 0 3.8422e-05
0 0.498374 0.006 0.0753388 0.012 3.8704e-05
0 0.491599 0.506667 0.0704607 0.12 3.87398e-05
0 0.363415 0.062 0.0373984 0.092 3.8819e-05
0 0.947696 0.448 0.0471545 0.181333 3.88867e-05
0 0.479946 0.002 0.0525745 0.004 3.89573e-05
0 0.51897 0.52 0.0666667 0.216 3.90138e-05
0 0.0227642 0.231333 0.0368564 0.233333 3.90401e-05
0 0.330081 0.00266667 0.0552846 0.00533333 3.94318e-05
0 0.27019 0.140667 0.0178862 0.0306667 3.95121e-05
0 0.793225 0.996 0.0449864 0.008 3.95407e-05
0 0.385366 0.68 0.0379404 0.378667 3.96248e-05
0 0.61897 0.221333 0.0314363 0.072 3.96472e-05
0 0.610298 0.336 0.0346883 0.0746667 3.98224e-05
0 0.792141 0.028 0.117615 0.056 3.98455e-05
0 0.590786 0.287333 0.0661247 0.124 3.99942e-05
0 0.879404 0.016 0.0514905 0.032 4.00316e-05
0 0.511653 0.0653333 0.0791328 0.130667 4.00494e-05
0 0.970732 0.0306667 0.0585366 0.0613333 4.01471e-05
0 0.714634 0.266 0.128455 0.468 4.01525e-05
0 0.672358 0.341333 0.0319783 0.0826667 4.02623e-05
0 0.76748 0.995333 0.0466125 0.00933333 4.02894e-05
0 0.00894309 0.09 0.0146341 0.129333 4.05095e-05
0 0.725203 0.994667 0.0704607 0.0106667 4.07741e-05
0 0.410027 0.456 0.0298103 0.064 4.08044e-05
0 0.370732 0.994 0.0466125 0.012 4.08349e-05
0 0.492412 0.444 0.0807588 0.157333 4.08581e-05
0 0.81355 0.876 0.110569 0.248 4.09404e-05
0 0.299187 1 0.0726287 0 4.09513e-05
0 0.137127 0.0366667 0.114905 0.0733333 4.10943e-05
0 0.205149 1 0.0384824 0 4.11648e-05
0 0.942547 0.639333 0.114905 0.217333 4.13195e-05
0 0.614092 0.764 0.0563686 0.162667 4.13418e-05
0 0.293225 0.00133333 0.0542005 0.00266667 4.13571e-05
0 0.316802 0.074 0.0785908 0.148 4.15488e-05
0 0.400542 0.878 0.0227642 0.028 4.17032e-05
0 0.782114 0.514 0.0476965 0.132 4.17251e-05
0 0.182114 0.496667 0.0845528 0.1 4.17781e-05
0 0.414363 0.026 0.110027 0.052 4.1787e-05
0 0.273442 0.006 0.0753388 0.012 4.18314e-05
0 0.888076 0.588667 0.121951 0.132 4.19263e-05
0 0.679675 0.998 0.0466125 0.004 4.19605e-05
0 0.684553 0.958667 0.0715447 0.0826667 4.20042e-05
0 0.624119 0.128 0.0525745 0.064 4.20482e-05
0 0.569919 0.630667 0.0439024 0.0933333 4.22638e-05
0 0.533333 0.786667 0.0682927 0.112 4.24979e-05
0 0.334417 0.587333 0.0878049 0.238667 4.25123e-05
0 0.867751 0.046 0.0542005 0.052 4.29046e-05
0 0.633333 0.983333 0.0406504 0.0253333 4.2929e-05
0 0.55664 0.0706667 0.0780488 0.141333 4.29709e-05
0 0.992683 0.624 0.0146341 0.285333 4.30234e-05
0 0.356369 0.0366667 0.0417344 0.0626667 4.30545e-05
0 0.968835 0.142 0.0623306 0.249333 4.31569e-05
0 0.710298 0.450667 0.0471545 0.112 4.34492e-05
0 0.513279 0.904 0.0444444 0.136 4.35193e-05
0 0.480217 0.0953333 0.0368564 0.124 4.36964e-05
0 0.468293 0.996 0.0476965 0.008 4.37252e-05
0 0.314905 0.684667 0.0628726 0.438667 4.41372e-05
0 0.61084 0.508667 0.0422764 0.0813333 4.41596e-05
0 0.782656 0.358 0.100813 0.244 4.42733e-05
0 0.0317073 0.066 0.0439024 0.108 4.45082e-05
0 0.770732 0.94 0.0834688 0.12 4.4632e-05
0 0.0330623 0.256667 0.0661247 0.513333 4.47938e-05
0 0.785366 0.028 0.0737127 0.056 4.48229e-05
0 0.68374 0.225333 0.0536585 0.184 4.49348e-05
0 0.59458 0.212 0.0238482 0.0613333 4.51241e-05
0 0.646341 0.946667 0.0352304 0.088 4.51819e-05
0 0.195393 0.502 0.0482385 0.0306667 4.54047e-05
0 0.481301 0.182667 0.0542005 0.114667 4.54302e-05
0 0.0197832 0.858667 0.0222222 0.242667 4.55161e-05
0 0.543902 0.544667 0.0395664 0.0733333 4.56076e-05
0 0.667751 0.712 0.0357724 0.0986667 4.56606e-05
0 0.81626 0.995333 0.0466125 0.00933333 4.59237e-05
0 0.708401 0.0313333 0.0411924 0.0493333 4.61075e-05
0 0.717073 0.736667 0.0704607 0.137333 4.63051e-05
0 0.742547 0.995333 0.0466125 0.00933333 4.64965e-05
0 0.684553 0.29 0.0607046 0.150667 4.65923e-05
0 0.24336 0.782667 0.0390244 0.0906667 4.67588e-05
0 0.0636856 1 0.0514905 0 4.6832e-05
0 0.454743 0.00333333 0.0531165 0.00666667 4.68676e-05
0 0.0168022 0.104 0.0336043 0.197333 4.69039e-05
0 0.783198 0.576667 0.0552846 0.142667 4.69592e-05
0 0.461789 0.0793333 0.0379404 0.116 4.7654e-05
0 0.41355 0.713333 0.0888889 0.138667 4.77123e-05
0 0.508672 0.0893333 0.0482385 0.133333 4.78442e-05
0 0.512737 0.970667 0.0173442 0.0213333 4.78526e-05
0 0.621409 0.837333 0.115447 0.325333 4.7912e-05
0 0.11355 1 0.0536585 0 4.79629e-05
0 0.0872629 1 0.0552846 0 4.81847e-05
0 0.585908 0.478 0.0444444 0.092 4.82588e-05
0 0.861518 0.878667 0.124119 0.221333 4.8398e-05
0 0.0176152 0.916667 0.0319783 0.124 4.84702e-05
0 0.792954 0.00333333 0.0552846 0.00666667 4.85474e-05
0 0.313279 0.765333 0.0932249 0.218667 4.86492e-05
0 0.0149051 0.408667 0.0298103 0.182667 4.88666e-05
0 0.192141 0.878 0.0569106 0.0946667 4.89934e-05
0 0.448238 0.451333 0.0357724 0.0386667 4.94912e-05
0 0.161518 0.00666667 0.0769648 0.0133333 4.95018e-05
0 0.706504 0.548667 0.0547425 0.137333 5.01109e-05
0 0.610569 0.953333 0.0796748 0.0933333 5.01665e-05
0 0.338753 0.686 0.0520325 0.492 5.04222e-05
0 0.633875 0.528667 0.0449864 0.0733333 5.05497e-05
0 0.866938 0.000666667 0.0547425 0.00133333 5.05802e-05
0 0.355556 0.000666667 0.0531165 0.00133333 5.0589e-05
0 0.360434 0.784667 0.0769648 0.161333 5.0693e-05
0 0.718428 0.996667 0.0439024 0.00666667 5.10325e-05
0 0.709214 0.0746667 0.0330623 0.096 5.1146e-05
0 0.274797 0.132667 0.0281843 0.0333333 5.12983e-05
0 0.259079 0.341333 0.0921409 0.194667 5.15848e-05
0 0.563686 0.141333 0.0596206 0.125333 5.16047e-05
0 0.892141 0 0.0552846 0 5.16905e-05
0 0.811653 0.938 0.0785908 0.124 5.173e-05
0 0.45664 0.0653333 0.0655827 0.130667 5.21326e-05
0 0.714905 0.283333 0.0791328 0.177333 5.23523e-05
0 0.00785908 0.394667 0.0157182 0.144 5.25351e-05
0 0.81897 0.753333 0.212466 0.450667 5.26941e-05
0 0.660163 0.226 0.0422764 0.164 5.27549e-05
0 0.0111111 0.0166667 0.0222222 0.0333333 5.28167e-05
0 0.351491 0.999333 0.0688347 0.00133333 5.28652e-05
0 0.643631 0.120667 0.0168022 0.0573333 5.28875e-05
0 0.78916 0.654667 0.118157 0.232 5.299e-05
0 0.418157 0.00533333 0.0536585 0.0106667 5.31684e-05
0 0.584824 0.136 0.0249322 0.056 5.32729e-05
0 0.658808 0.285333 0.0655827 0.136 5.35491e-05
0 0.973713 0.944 0.0525745 0.112 5.35869e-05
0 0.0669377 0.524 0.133875 0.648 5.36949e-05
0 0.635501 0.710667 0.0439024 0.101333 5.39052e-05
0 0.983198 0.0246667 0.0314363 0.0493333 5.39215e-05
0 0.68374 0.215333 0.0785908 0.289333 5.40621e-05
0 0.735772 0.945333 0.0699187 0.109333 5.40709e-05
0 0.57561 0.504 0.120325 0.389333 5.41016e-05
0 0.672087 0.369333 0.0336043 0.064 5.41401e-05
0 0.331436 0.042 0.0439024 0.0626667 5.43416e-05
0 0.951491 0.364 0.0644986 0.144 5.52698e-05
0 0.755827 0.00266667 0.0547425 0.00533333 5.52772e-05
0 0.262331 0.0913333 0.101897 0.156 5.54665e-05
0 0.527371 0 0.0542005 0 5.55993e-05
0 0.379946 0.002 0.0542005 0.004 5.56528e-05
0 0.875339 0.0553333 0.114905 0.110667 5.57056e-05
0 0.189973 0.0973333 0.139295 0.194667 5.58209e-05
0 0.98645 0.842 0.0271003 0.316 5.59401e-05
0 0.16206 0.98 0.0867209 0.04 5.61528e-05
0 0.536043 0.440667 0.0639566 0.14 5.63723e-05
0 0.533062 0.839333 0.0644986 0.137333 5.65091e-05
0 0.353659 0.339333 0.0113821 0.02 5.69004e-05
0 0.0639566 0.0326667 0.102981 0.0653333 5.6938e-05
0 0.808943 0.421333 0.097019 0.130667 5.70417e-05
0 0.472358 0.789333 0.0482385 0.226667 5.72003e-05
0 0.558537 0.547333 0.0439024 0.0733333 5.72495e-05
0 0.365312 0.720667 0.162602 0.558667 5.72794e-05
0 0.388618 0.961333 0.0899729 0.0773333 5.7639e-05
0 0.991057 0.257333 0.0178862 0.144 5.79121e-05
0 0.618428 0.418 0.113821 0.393333 5.80842e-05
0 0.53523 0.903333 0.0720867 0.142667 5.80905e-05
0 0.435772 0.0113333 0.0780488 0.0226667 5.81568e-05
0 0.515989 0.872667 0.0693767 0.153333 5.83257e-05
0 0.386721 0.778667 0.0764228 0.197333 5.85936e-05
0 0.971816 0.402667 0.0433604 0.128 5.87192e-05
0 0.856369 0.004 0.0715447 0.008 5.91026e-05
0 0.785366 0.722 0.123577 0.129333 5.91345e-05
0 0.590244 0.0886667 0.0542005 0.177333 5.91941e-05
0 0.318428 1 0.0395664 0 5.91957e-05
0 0.515718 0.964 0.0102981 0.0506667 5.93938e-05
0 0.222493 0.902667 0.0894309 0.176 5.94429e-05
0 0.0252033 0.887333 0.0504065 0.166667 6.00339e-05
0 0.406504 0.480667 0.0346883 0.0653333 6.01933e-05
0 0.590786 0.218 0.0411924 0.116 6.11736e-05
0 0.36206 0.687333 0.0422764 0.470667 6.1365e-05
0 0.593496 0.131333 0.0216802 0.0466667 6.16128e-05
0 0.55393 0 0.0531165 0 6.16482e-05
0 0.139566 1 0.0514905 0 6.21395e-05
0 0.943089 0.504667 0.113821 0.401333 6.21727e-05
0 0.985908 0.054 0.0260163 0.076 6.23183e-05
0 0.112466 1 0.0850949 0 6.24809e-05
0 0.346612 0.865333 0.111111 0.269333 6.25334e-05
0 0.775881 0.136 0.146883 0.272 6.25955e-05
0 0.59187 0.700667 0.0726287 0.153333 6.26101e-05
0 0.88916 1 0.0514905 0 6.2613e-05
0 0.588889 0.142667 0.0384824 0.112 6.27658e-05
0 0.347967 0.944667 0.0769648 0.110667 6.27673e-05
0 0.682656 0.876 0.0688347 0.248 6.28799e-05
0 0.311382 0.00733333 0.0785908 0.0146667 6.30151e-05
0 0.685637 0.392 0.0476965 0.064 6.31083e-05
0 0.454201 1 0.0509485 0 6.32754e-05
0 0.586992 0.997333 0.0747968 0.00533333 6.33572e-05
0 0.578049 0.743333 0.0764228 0.18 6.36147e-05
0 0.472358 0.655333 0.0200542 0.0466667 6.36332e-05
0 0.914905 0 0.0542005 0 6.42526e-05
0 0.652575 0.646 0.0411924 0.126667 6.43816e-05
0 0.0289973 0.157333 0.0579946 0.314667 6.45231e-05
0 0.657724 0.745333 0.105691 0.365333 6.46984e-05
0 0.290244 0.0373333 0.0883469 0.0746667 6.48788e-05
0 0.0303523 0.958 0.0607046 0.084 6.50097e-05
0 0.579133 1 0.0449864 0 6.51517e-05
0 0.611924 0.000666667 0.0617886 0.00133333 6.54151e-05
0 0.63523 0 0.0726287 0 6.54525e-05
0 0.631436 0.284667 0.0292683 0.105333 6.55647e-05
0 0.0116531 0.292 0.0222222 0.229333 6.58911e-05
0 0.504065 1 0.0401084 0 6.60516e-05
0 0.618428 0.973333 0.0487805 0.0373333 6.61283e-05
0 0.563415 0 0.0634146 0 6.61475e-05
0 0.535772 0.0866667 0.0569106 0.130667 6.62604e-05
0 0.357453 0.0893333 0.0731707 0.149333 6.64068e-05
0 0.270732 0.134 0.0243902 0.06 6.6557e-05
0 0.990515 0.508667 0.0189702 0.193333 6.68183e-05
0 0.0257453 0.348 0.0514905 0.442667 6.70271e-05
0 0.466125 0.455333 0.0422764 0.0493333 6.7484e-05
0 0.869919 0.988667 0.0899729 0.0226667 6.75e-05
0 0.893767 0.0293333 0.125745 0.0586667 6.75586e-05
0 0.968022 0.066 0.0531165 0.118667 6.76191e-05
0 0.332249 0.086 0.0422764 0.124 6.78589e-05
0 0.0604336 0.248667 0.120867 0.497333 6.80559e-05
0 0.219783 0.144 0.157724 0.288 6.8114e-05
0 0.611653 0.577333 0.0493225 0.096 6.83979e-05
0 0.989702 0.178 0.0119241 0.134667 6.91108e-05
0 0.660163 0.356667 0.0758808 0.102667 6.91137e-05
0 0.870461 0.04 0.0921409 0.0693333 6.92015e-05
0 0.184011 0.0553333 0.0731707 0.076 6.92525e-05
0 0.4 0.881333 0.0325203 0.0506667 6.93685e-05
0 0.493225 0.306 0.0813008 0.206667 6.9596e-05
0 0.330352 0.969333 0.0623306 0.0613333 7.01693e-05
0 0.612737 1 0.0644986 0 7.01849e-05
0 0.932249 0.0593333 0.095393 0.118667 7.02797e-05
0 0.437398 0.0653333 0.0520325 0.0986667 7.03919e-05
0 0.838211 0.056 0.0937669 0.109333 7.073e-05
0 0.692683 0 0.0531165 0 7.11457e-05
0 0.0476965 0.767333 0.095393 0.436 7.16113e-05
0 0.759892 0.373333 0.0899729 0.130667 7.17063e-05
0 0.657724 0.760667 0.0428184 0.113333 7.19992e-05
0 0.96748 0.479333 0.0542005 0.0946667 7.2278e-05
0 0.542818 0.574667 0.0731707 0.234667 7.24575e-05
0 0.987534 0.00466667 0.0249322 0.00933333 7.28464e-05
0 0.630894 0.124 0.0314363 0.04 7.30928e-05
0 0.695935 0.0573333 0.0411924 0.08 7.38903e-05
0 0.501897 0.982 0.0249322 0.0253333 7.39516e-05
0 0.677778 0.714 0.0699187 0.129333 7.39578e-05
0 0.942547 0.0286667 0.109485 0.0573333 7.43456e-05
0 0.454201 0.0253333 0.0433604 0.0506667 7.51973e-05
0 0.0626016 1 0.0558266 0 7.53142e-05
0 0.602439 0.968 0.0352304 0.0533333 7.59079e-05
0 0.760434 0.42 0.136585 0.397333 7.59845e-05
0 0.489973 0.308 0.105149 0.378667 7.60635e-05
0 0.426287 1 0.0796748 0 7.68343e-05
0 0.633333 0.226 0.0601626 0.228 7.69385e-05
0 0.569648 0.945333 0.0780488 0.109333 7.70565e-05
0 0.759621 0.0286667 0.0666667 0.0573333 7.71823e-05
0 0.764228 0.62 0.147425 0.456 7.73032e-05
0 0.98645 0.08 0.0271003 0.16 7.73716e-05
0 0.344173 1 0.0422764 0 7.73766e-05
0 0.468022 0.224 0.0590786 0.202667 7.75372e-05
0 0.818428 0.004 0.0704607 0.008 7.7565e-05
0 0.61897 0.130667 0.0401084 0.0266667 7.77152e-05
0 0.0224932 0.605333 0.0330623 0.232 7.79293e-05
0 0.841463 0 0.0558266 0 7.79569e-05
0 0.865041 1 0.0509485 0 7.80553e-05
0 0.0105691 0.664667 0.0178862 0.252 7.87222e-05
0 0.731707 0.372667 0.0476965 0.092 7.87653e-05
0 0.617886 0.992 0.0466125 0.016 7.93742e-05
0 0.801626 1 0.0747968 0 7.99859e-05
0 0.57832 0 0.0531165 0 8.00146e-05
0 0.989431 0.958 0.00813008 0.084 8.01662e-05
0 0.69187 0 0.0926829 0 8.04447e-05
0 0.104607 0.0133333 0.0542005 0.0266667 8.04691e-05
0 0.658808 0.958 0.0677507 0.084 8.05211e-05
0 0.992141 0.17 0.0157182 0.206667 8.12995e-05
0 0.592954 0.0546667 0.0433604 0.109333 8.13876e-05
0 0.718699 0.00933333 0.0758808 0.0186667 8.15349e-05
0 0.0414634 0.999333 0.0536585 0.00133333 8.1607e-05
0 0.760163 0.658 0.0915989 0.14 8.18063e-05
0 0.635501 0.962 0.0666667 0.076 8.18103e-05
0 0.388347 0.0233333 0.0850949 0.0466667 8.25907e-05
0 0.71897 0.518 0.0569106 0.148 8.29887e-05
0 0.75664 0.764667 0.134417 0.372 8.30578e-05
0 0.419783 0.024 0.0471545 0.0426667 8.32699e-05
0 0.643631 0.579333 0.0439024 0.108 8.34021e-05
0 0.709756 0.636 0.0601626 0.181333 8.39633e-05
0 0.988076 0.88 0.0108401 0.146667 8.40988e-05
0 0.281843 0.656 0.096477 0.208 8.44436e-05
0 0.866125 0 0.0552846 0 8.45555e-05
0 0.606775 0.375333 0.0352304 0.092 8.47378e-05
0 0.955827 0 0.0558266 0 8.47818e-05
0 0.477507 0.68 0.0173442 0.0586667 8.48135e-05
0 0.617073 0.983333 0.0406504 0.0226667 8.53128e-05
0 0.783198 0.125333 0.0813008 0.232 8.53675e-05
0 0.820054 0.52 0.171274 0.469333 8.55741e-05
0 0.729268 0.372667 0.0894309 0.188 8.56263e-05
0 0.685095 0.647333 0.0704607 0.166667 8.61739e-05
0 0.615989 0 0.0525745 0 8.61803e-05
0 0.496748 0.968 0.0417344 0.064 8.63292e-05
0 0.439024 0.994667 0.113821 0.0106667 8.74773e-05
0 0.173442 0.681333 0.096477 0.232 8.76667e-05
0 0.18374 0.622667 0.36748 0.754667 8.80455e-05
0 0.757182 0.511333 0.0509485 0.137333 8.87389e-05
0 0.840379 1 0.0493225 0 8.87638e-05
0 0.255827 0.996 0.0520325 0.008 8.89301e-05
0 0.661789 0.996667 0.0737127 0.00666667 8.89391e-05
0 0.639566 0.883333 0.0639566 0.233333 8.94401e-05
0 0.604065 1 0.0428184 0 8.96661e-05
0 0.0902439 0 0.0547425 0 8.96777e-05
0 0.949865 0.498 0.0818428 0.204 8.97841e-05
0 0.906504 0.992 0.0764228 0.016 9.00296e-05
0 0.966396 1 0.0487805 0 9.02171e-05
0 0.713008 1 0.0742547 0 9.0708e-05
0 0.241734 0.992667 0.106233 0.0146667 9.1359e-05
0 0.617344 0.638667 0.0596206 0.136 9.13877e-05
0 0.0102981 0.417333 0.0162602 0.226667 9.15403e-05
0 0.507859 0.986667 0.0281843 0.0266667 9.20359e-05
0 0.501355 0.762667 0.0628726 0.138667 9.20927e-05
0 0.222764 0.798667 0.0726287 0.0986667 9.21027e-05
0 0.0178862 0.226 0.0357724 0.382667 9.2415e-05
0 0.487805 0.028 0.0661247 0.056 9.25191e-05
0 0.513008 0.00933333 0.0775068 0.0186667 9.27202e-05
0 0.0181572 0.0493333 0.0363144 0.0986667 9.28263e-05
0 0.986179 0.151333 0.0276423 0.302667 9.33326e-05
0 0.753659 1 0.0460705 0 9.35382e-05
0 0.329268 0.0826667 0.0764228 0.152 9.37486e-05
0 0.599458 0.400667 0.0357724 0.084 9.37725e-05
0 0.754743 0.874667 0.0926829 0.250667 9.40635e-05
0 0.809756 0.0206667 0.0498645 0.0413333 9.42099e-05
0 0.591057 0.361333 0.0471545 0.130667 9.48169e-05
0 0.591599 0.519333 0.0850949 0.225333 9.49603e-05
0 0.51355 0.03 0.0764228 0.06 9.54535e-05
0 0.809214 0.0546667 0.0509485 0.064 9.55213e-05
0 0.715718 0.09 0.0742547 0.18 9.57617e-05
0 0.320054 0.0386667 0.0764228 0.0773333 9.58001e-05
0 0.416531 1 0.0514905 0 9.58622e-05
0 0.340108 0.422 0.680217 0.844 9.61758e-05
0 0.657724 0.0893333 0.0623306 0.149333 9.62921e-05
0 0.820325 0.00666667 0.0536585 0.0133333 9.6331e-05
0 0.46206 1 0.0796748 0 9.64817e-05
0 0.574797 0.890667 0.0731707 0.152 9.69841e-05
0 0.86206 0.532667 0.116531 0.241333 9.71706e-05
0 0.656098 0.922667 0.0308943 0.117333 9.72974e-05
0 0.979404 0.014 0.0411924 0.028 9.76575e-05
0 0.274255 0.895333 0.0910569 0.156 9.77447e-05
0 0.620325 0.290667 0.0514905 0.232 9.78712e-05
0 0.61626 0.139333 0.0585366 0.118667 9.80796e-05
0 0.79187 1 0.0466125 0 9.8391e-05
0 0.513008 0.973333 0.00813008 0.0266667 9.89503e-05
0 0.669377 0.524667 0.0346883 0.0866667 9.91435e-05
0 0.354743 0.342667 0.0211382 0.0293333 9.94534e-05
0 0.420054 0.0266667 0.0834688 0.0533333 9.98817e-05
0 0.984824 0.0433333 0.0303523 0.0866667 0.000100031
0 0.71626 1 0.0449864 0 0.000100314
0 0.478049 0.218 0.0390244 0.102667 0.000100436
0 0.773984 0.00666667 0.0802168 0.0133333 0.000100876
0 0.488889 0.743333 0.0346883 0.102667 0.000101151
0 0.375881 1 0.0710027 0 0.000101908
0 0.635772 0.991333 0.0672087 0.0173333 0.000102087
0 0.563686 0.0926667 0.0607046 0.118667 0.000102672
0 0.501355 0 0.0552846 0 0.000102857
0 0.0119241 0.918667 0.0140921 0.162667 0.000103095
0 0.140921 0.012 0.0856369 0.024 0.000103179
0 0.538753 0.0406667 0.0791328 0.0813333 0.000104112
0 0.663686 0.504667 0.112195 0.406667 0.000104284
0 0.24065 0.00666667 0.0769648 0.0133333 0.000104493
0 0.0509485 0 0.0563686 0 0.000104825
0 0.162331 0.416667 0.324661 0.833333 0.000105004
0 0.565312 0.463333 0.0596206 0.137333 0.000105023
0 0.0200542 0.999333 0.0401084 0.00133333 0.000105072
0 0.815447 1 0.0482385 0 0.000106362
0 0.633875 0.235333 0.0406504 0.148 0.000106565
0 0.942005 0 0.0552846 0 0.000107101
0 0.188076 0.0466667 0.109485 0.0933333 0.000107215
0 0.514634 0.989333 0.0731707 0.0213333 0.000107583
0 0.587805 0 0.0720867 0 0.000107786
0 0.230894 1 0.0466125 0 0.000107834
0 0.953117 1 0.0547425 0 0.000108179
0 0.586179 0.110667 0.0189702 0.0666667 0.000108225
0 0.98374 0.702667 0.0325203 0.402667 0.00010867
0 0.39187 1 0.0509485 0 0.000108785
0 0.530623 1 0.0455285 0 0.000108796
0 0.71626 0 0.0547425 0 0.000109832
0 0.559621 0.980667 0.0482385 0.0226667 0.000110343
0 0.099458 0.0186667 0.0926829 0.0373333 0.000110929
0 0.622493 0.633333 0.112195 0.386667 0.000111095
0 0.959079 0.415333 0.0352304 0.150667 0.000111206
0 0.678049 1 0.0476965 0 0.000111242
0 0.959892 0.0506667 0.0520325 0.0613333 0.000111775
0 0.390515 0.993333 0.098103 0.0133333 0.000112852
0 0.0162602 0.778667 0.0271003 0.293333 0.000112953
0 0.0867209 0.996667 0.130081 0.00666667 0.000112959
0 0.479946 1 0.0482385 0 0.000113209
0 0.988889 0.449333 0.0222222 0.130667 0.000113209
0 0.889973 0 0.0552846 0 0.000113603
0 0.975068 0.779333 0.0498645 0.326667 0.000113764
0 0.492683 0.994 0.0422764 0.012 0.000113942
0 0.991599 0.234667 0.0124661 0.125333 0.000114361
0 0.319241 0.656 0.107317 0.229333 0.000116484
0 0.905962 0.016 0.0504065 0.032 0.000116879
0 0.188889 0.012 0.0742547 0.024 0.000116936
0 0.722764 0.814667 0.0471545 0.096 0.000117123
0 0.0170732 0.524 0.0341463 0.186667 0.000117423
0 0.369919 0.651333 0.103523 0.22 0.000117743
0 0.629268 1 0.0455285 0 0.000118114
0 0.537127 0 0.0899729 0 0.000118759
0 0.639566 0.9 0.0487805 0.146667 0.000119419
0 0.239837 0.052 0.106775 0.104 0.000119897
0 0.371274 0.418 0.0476965 0.0706667 0.00011993
0 0.640921 0.313333 0.0254743 0.0773333 0.000119995
0 0.115718 0 0.0558266 0 0.000122275
0 0.594038 0.11 0.0162602 0.0626667 0.000122638
0 0.743902 0.0253333 0.0460705 0.0453333 0.000123149
0 0.621409 0.879333 0.0666667 0.166667 0.000124045
0 0.0135501 0.591333 0.0271003 0.246667 0.000124821
0 0.48645 0.992667 0.0785908 0.0146667 0.000125088
0 0.368293 1 0.0471545 0 0.00012519
0 0.55935 0.537333 0.0628726 0.125333 0.000125369
0 0.592683 0.09 0.0298103 0.110667 0.000126045
0 0.833875 0.645333 0.0926829 0.138667 0.000126304
0 0.68645 0.998667 0.0937669 0.00266667 0.000126563
0 0.613821 0.359333 0.0547425 0.228 0.000126762
0 0.454201 0.0606667 0.0379404 0.068 0.000127291
0 0.534688 0.536 0.0634146 0.101333 0.000127427
0 0.0249322 0.603333 0.0498645 0.329333 0.000127864
0 0.542818 0.574667 0.0547425 0.130667 0.000127898
0 0.0211382 0.792667 0.0422764 0.398667 0.000127898
0 0.0197832 0.986667 0.0395664 0.0266667 0.000129987
0 0.884824 0.535333 0.108943 0.150667 0.000130286
0 0.980488 0.463333 0.0390244 0.241333 0.000131146
0 0.694851 0.405333 0.096477 0.221333 0.000131623
0 0.317073 0.658 0.155014 0.569333 0.000132413
0 0.00704607 0.914 0.0108401 0.14 0.000132815
0 0.152846 0.589333 0.0596206 0.170667 0.000132891
0 0.746341 0.0546667 0.0476965 0.08 0.000133358
0 0.555014 1 0.0498645 0 0.000133801
0 0.760976 0.996 0.0856369 0.008 0.000133931
0 0.957724 0.0233333 0.0531165 0.044 0.000134387
0 0.817886 0.52 0.105149 0.181333 0.000135116
0 0.301626 0.908667 0.0644986 0.14 0.000138122
0 0.498103 0.779333 0.0433604 0.0813333 0.000139461
0 0.80271 0 0.0563686 0 0.000140161
0 0.991328 0.977333 0.0173442 0.0453333 0.000140171
0 0.0135501 1 0.0249322 0 0.000140762
0 0.637398 0.993333 0.0878049 0.0133333 0.000140876
0 0.688347 0.584667 0.0726287 0.169333 0.000140881
0 0.733604 0.876667 0.0612466 0.182667 0.000141297
0 0.210569 0.896667 0.0558266 0.0893333 0.000141719
0 0.464499 0.008 0.0780488 0.016 0.000142022
0 0.414634 0 0.0563686 0 0.000143655
0 0.439837 0 0.0558266 0 0.000143904
0 0.612195 0.23 0.0590786 0.129333 0.0001441
0 0.838211 0.998 0.101355 0.004 0.000144231
0 0.664499 0.870667 0.0661247 0.168 0.000145054
0 0.273171 0.994 0.0943089 0.012 0.000146408
0 0.620596 0.08 0.0628726 0.16 0.000146587
0 0.00758808 0.992 0.0151762 0.016 0.00014687
0 0.0327913 0.0293333 0.0655827 0.0586667 0.000147015
0 0.277507 1 0.0509485 0 0.00014769
0 0.585637 0.612 0.0775068 0.168 0.000150334
0 0.979675 0.451333 0.0406504 0.0866667 0.000150902
0 0.0113821 0.514 0.0173442 0.222667 0.000151717
0 0.214363 0 0.0558266 0 0.000151922
0 0.653659 1 0.0476965 0 0.000153268
0 0.865854 0.0186667 0.0547425 0.0373333 0.000154008
0 0.179946 0.0333333 0.0476965 0.056 0.000154521
0 0.614634 0.609333 0.636314 0.781333 0.000155194
0 0.660434 0.422667 0.0915989 0.128 0.000155667
0 0.989973 0.113333 0.0124661 0.128 0.000155696
0 0.327913 0.906667 0.0542005 0.0773333 0.000157968
0 0.597019 0.422667 0.0536585 0.226667 0.000158554
0 0.594851 0.942667 0.0449864 0.114667 0.000160019
0 0.291328 0.00733333 0.0775068 0.0146667 0.000160239
0 0.243089 0.5 0.486179 1 0.000163272
0 0.476694 0 0.0558266 0 0.000164467
0 0.988076 0.0113333 0.0173442 0.0226667 0.000167088
0 0.712737 0.07 0.0552846 0.129333 0.000169149
0 0.340108 0.00666667 0.0764228 0.0133333 0.000169182
0 0.390244 0.462667 0.0726287 0.117333 0.000169728
0 0.688889 0.525333 0.0769648 0.154667 0.000170053
0 0.176423 0 0.0558266 0 0.000170225
0 0.627913 0.726 0.0655827 0.188 0.000170583
0 0.991057 1 0.0178862 0 0.000171278
0 0.113008 0.00533333 0.103523 0.0106667 0.000172268
0 0.239295 0 0.0558266 0 0.000172995
0 0.473442 0.665333 0.0298103 0.0826667 0.000175742
0 0.650678 0.088 0.0298103 0.0986667 0.000175842
0 0.340379 0.0506667 0.0682927 0.101333 0.00017953
0 0.793496 0.09 0.0498645 0.113333 0.000179892
0 0.457182 0.034 0.0623306 0.068 0.000179986
0 0.0235772 0.485333 0.0471545 0.32 0.000180023
0 0.561518 0.59 0.0672087 0.129333 0.000180862
0 0.662873 1 0.0747968 0 0.000181604
0 0.814905 0.601333 0.101355 0.133333 0.000182242
0 0.235501 0.763333 0.0395664 0.0653333 0.000183217
0 0.533604 0.527333 0.0395664 0.068 0.000184517
0 0.624119 0.0533333 0.0471545 0.106667 0.000184892
0 0.139295 0 0.0563686 0 0.000189298
0 0.549864 1 0.0753388 0 0.000190889
0 0.220325 0.0886667 0.110027 0.150667 0.000192901
0 0.574255 0.506 0.0710027 0.148 0.000193858
0 0.980488 0 0.0390244 0 0.000195956
0 0.770461 0.450667 0.0471545 0.096 0.000195982
0 0.414092 0.01 0.0813008 0.02 0.000197307
0 0.239295 0.362667 0.478591 0.725333 0.000198123
0 0.531707 0.990667 0.0444444 0.0186667 0.000198179
0 0.00921409 0.855333 0.0184282 0.249333 0.000198255
0 0.895664 0.00266667 0.0764228 0.00533333 0.000198389
0 0.38916 0 0.0563686 0 0.000198589
0 0.892954 1 0.129539 0 0.000201583
0 0.77832 0.425333 0.0726287 0.128 0.000202172
0 0.730352 0.032 0.0428184 0.0533333 0.000202461
0 0.623306 0.508667 0.0498645 0.0573333 0.000203342
0 0.213279 0 0.100271 0 0.000203616
0 0.628184 0.333333 0.0379404 0.101333 0.000203692
0 0.691599 0.05 0.0834688 0.1 0.000205107
0 0.691057 0.37 0.0650406 0.0893333 0.000205429
0 0.982656 0.998 0.0260163 0.004 0.000205572
0 0.725745 0.502667 0.123577 0.416 0.000205632
0 0.356098 0.0886667 0.0357724 0.124 0.000209731
0 0.339837 0 0.0563686 0 0.000210964
0 0.0598916 0.000666667 0.110027 0.00133333 0.000211767
0 0.651219 0.712 0.0590786 0.213333 0.000212281
0 0.301897 0 0.0563686 0 0.000217834
0 0.556911 0.991333 0.0504065 0.0173333 0.000220306
0 0.752846 0 0.0563686 0 0.000220882
0 0.636314 0.589333 0.0639566 0.248 0.000227026
0 0.842818 0.00933333 0.0542005 0.0186667 0.000227981
0 0.0612466 1 0.0813008 0 0.000230549
0 0.488076 0 0.099187 0 0.000232268
0 0.00948509 1 0.0189702 0 0.000235527
0 0.740379 0 0.105149 0 0.00023924
0 0.733333 0.815333 0.0834688 0.246667 0.000239256
0 0.264499 0 0.0563686 0 0.000243302
0 0.0292683 1 0.0520325 0 0.000243451
0 0.687263 0.466 0.0737127 0.164 0.000246345
0 0.783469 0.532 0.0861789 0.168 0.000247271
0 0.964499 0.413333 0.0644986 0.202667 0.000247572
0 0.255014 1 0.0536585 0 0.000249257
0 0.759621 0.468667 0.0807588 0.225333 0.000249936
0 0.165041 0 0.105691 0 0.000256456
0 0.761518 0.112 0.0476965 0.122667 0.000257425
0 0.658266 0.635333 0.0644986 0.182667 0.000258588
0 0.264228 0 0.098103 0 0.000258965
0 0.99187 0.062 0.0162602 0.124 0.000260059
0 0.987263 0.984667 0.0124661 0.0306667 0.000263367
0 0.512195 0.966 0.0238482 0.0386667 0.000263734
0 0.655285 0.583333 0.0444444 0.172 0.000264287
0 0.91084 0.022 0.0915989 0.044 0.000268307
0 0.657182 0.538 0.0363144 0.0786667 0.000270263
0 0.977236 0.890667 0.0455285 0.186667 0.000274004
0 0.714634 0.463333 0.0710027 0.177333 0.000276338
0 0.61626 0.455333 0.0401084 0.0573333 0.000276374
0 0.620596 0.296667 0.0368564 0.108 0.000282431
0 0.364228 0 0.0563686 0 0.000285467
0 0.485366 0.789333 0.0341463 0.08 0.000287912
0 0.83794 0.042 0.100813 0.084 0.000288513
0 0.990244 0.919333 0.0184282 0.161333 0.000288659
0 0.692141 0.36 0.615718 0.72 0.000289872
0 0.757724 0.576667 0.0737127 0.174667 0.000292029
0 0.960434 0.680667 0.0791328 0.548 0.000299631
0 0.359892 0.00333333 0.0823848 0.00666667 0.000301925
0 0.201084 0.877333 0.140921 0.245333 0.000304706
0 0.637127 0.657333 0.0514905 0.181333 0.000309551
0 0.777507 0 0.0569106 0 0.000310784
0 0.0417344 0.995333 0.0834688 0.00933333 0.000315662
0 0.547967 0.974667 0.0650406 0.04 0.000318299
0 0.923306 0.00533333 0.105691 0.0106667 0.000321006
0 0.570461 0.989333 0.0514905 0.0213333 0.00032301
0 0.533875 0.978 0.0390244 0.0253333 0.000327307
0 0.515718 0.978 0.0157182 0.0306667 0.000327448
0 0.438482 0.000666667 0.097561 0.00133333 0.000331933
0 0.694309 0.405333 0.0747968 0.117333 0.000337518
0 0.614634 0.363333 0.0390244 0.137333 0.000337886
0 0.738482 0.757333 0.0818428 0.0933333 0.000343334
0 0.869377 0.0213333 0.096477 0.0426667 0.000349093
0 0.942276 0.0206667 0.098103 0.0413333 0.00034952
0 0.606504 0.987333 0.0455285 0.0253333 0.000350314
0 0.624119 0.486 0.0439024 0.0706667 0.000352761
0 0.31355 0 0.097019 0 0.000354694
0 0.263415 1 0.0878049 0 0.000356188
0 0.962331 0.008 0.0677507 0.016 0.000367491
0 0.779404 0.476667 0.0823848 0.134667 0.000370427
0 0.990515 0.0566667 0.0102981 0.0973333 0.000372808
0 0.105962 0.0286667 0.0504065 0.052 0.000375858
0 0.614363 0.462667 0.0666667 0.194667 0.000378409
0 0.72439 0.594 0.0731707 0.196 0.000379502
0 0.817615 0.517333 0.36477 0.965333 0.000388057
0 0.972629 0.534667 0.0547425 0.216 0.000388165
0 0.720596 0.0533333 0.0395664 0.072 0.00038979
0 0.470461 0.247333 0.0357724 0.102667 0.000395539
0 0.177236 0.922 0.0596206 0.102667 0.000396776
0 0.987263 1 0.0211382 0 0.000397462
0 0.73794 0.0466667 0.0840108 0.0933333 0.000400501
0 0.602981 0.99 0.0731707 0.02 0.000402849
0 0.476423 0.818667 0.0173442 0.0346667 0.000404368
0 0.650678 0.716 0.0428184 0.130667 0.000409351
0 0.757995 0.429333 0.0460705 0.088 0.000410723
0 0.543089 0.988 0.0856369 0.024 0.000410814
0 0.94065 1 0.104607 0 0.000429134
0 0.987534 0.934667 0.0119241 0.114667 0.000432079
0 0.320867 0.978 0.0401084 0.044 0.000432202
0 0.788889 0 0.113279 0 0.00043335
0 0.388618 0 0.096477 0 0.0004345
0 0.963957 0 0.0558266 0 0.000443278
0 0.304878 0.944 0.0308943 0.109333 0.000462221
0 0.97019 0.633333 0.0596206 0.290667 0.000470243
0 0.745257 0.082 0.0650406 0.142667 0.000482718
0 0.64851 0.0613333 0.0395664 0.122667 0.00052964
0 0.615447 0.594 0.0796748 0.145333 0.000539184
0 0.707317 0.5 0.585366 1 0.000546179
0 0.814905 0.00866667 0.110027 0.0173333 0.000572989
0 0.33523 0.944 0.0439024 0.0986667 0.000583842
0 0.627642 0.427333 0.0596206 0.14 0.000607339
0 0.197019 0.529333 0.394038 0.845333 0.000627017
0 0.979946 0.998 0.0401084 0.004 0.000669142
0 0.863957 0.0126667 0.125745 0.0253333 0.000669305
0 0.805962 0.0806667 0.0921409 0.137333 0.000702327
0 0.740108 0.532667 0.0796748 0.193333 0.000743306
0 0.765583 0.058 0.0796748 0.113333 0.000775511
0 0.717073 0.401333 0.0693767 0.088 0.000781891
0 0.595935 0.457333 0.0417344 0.109333 0.000787703
0 0.892141 0.002 0.133333 0.004 0.000789218
0 0.480217 0.804667 0.0195122 0.076 0.000819394
0 0.742818 0.463333 0.0775068 0.137333 0.000873258
0 0.7271 0.788667 0.0731707 0.1 0.000881612
0 0.622493 0.524 0.0699187 0.112 0.000885721
0 0.97832 1 0.0411924 0 0.000902625
0 0.647696 0.483333 0.0563686 0.132 0.000920191
0 0.543089 0.392 0.0769648 0.16 0.000927431
0 0.609214 0.429333 0.0390244 0.114667 0.000937684
0 0.627371 0.0833333 0.0373984 0.124 0.000949047
0 0.630623 0.316667 0.0200542 0.0733333 0.000963619
0 0.0271003 0.00133333 0.0542005 0.00266667 0.000982045
0 0.495935 0.776 0.0238482 0.0533333 0.000990605
0 0.939566 0 0.110027 0 0.00102092
0 0.718428 0.374 0.0406504 0.0653333 0.00102685
0 0.240108 0.775333 0.0195122 0.0413333 0.00108595
0 0.615176 0.466 0.0563686 0.0946667 0.0011725
0 0.638211 0.0813333 0.0384824 0.162667 0.00130861
0 0.734688 0.426667 0.0699187 0.104 0.00134462
0 0.649864 0.519333 0.0390244 0.0626667 0.00155109
0 0.950136 0.418667 0.0303523 0.104 0.00162259
0 0.369919 0.5 0.571816 1 0.00174478
0 0.36206 0.464 0.0791328 0.224 0.00179981
0 0.779404 0.112 0.0455285 0.12 0.00184144
0 0.57019 0.983333 0.0834688 0.0333333 0.00195069
0 0.601355 0.453333 0.0276423 0.0506667 0.00209745
0 0.606775 0.436667 0.0243902 0.0706667 0.00270462
0 0.838211 0.0213333 0.098103 0.0426667 0.00275405
0 0.824119 0.0266667 0.0623306 0.0533333 0.0029875
0 0.320867 0.632 0.502981 0.736 0.00340868
0 0.586721 0.976667 0.0417344 0.0466667 0.00472953
0 0.323306 0.923333 0.0742547 0.153333 0.00530349
0 0.638753 0.082 0.0200542 0.110667 0.00865262
0 0.641734 0.500667 0.0314363 0.068 0.00895826
0 0.177236 0.714667 0.354472 0.570667 0.013557
0 0.519783 0.373333 0.290515 0.746667 0.013955
0 0.843631 0.03 0.0634146 0.0573333 0.024036
0 0.166125 0.606 0.203252 0.470667 0.0251494
0 0.589702 0.981333 0.0411924 0.024 0.153547
0 0.364499 0.450667 0.0439024 0.104 0.496609
0 0.319512 0.936667 0.0460705 0.113333 0.680003
0 0.161789 0.592 0.105691 0.234667 0.816752
0 0.515989 0.363333 0.0672087 0.196 0.828858
0 0.189702 0.902667 0.102981 0.133333 0.912296
