0 0.415447 0.404 0.0894309 0.146667 1.00042e-05
0 0.923306 0.0173333 0.0363144 0.0346667 1.00149e-05
0 0.881843 0.024 0.0401084 0.048 1.00409e-05
0 0.368022 0.198667 0.15393 0.397333 1.00417e-05
0 0.685637 0.72 0.0704607 0.112 1.00648e-05
0 0.725474 0.792 0.0883469 0.157333 1.00743e-05
0 0.849864 0.873333 0.0520325 0.104 1.00761e-05
0 0.342276 0.0553333 0.0493225 0.0733333 1.00805e-05
0 0.293496 0 0.0525745 0 1.00811e-05
0 0.545528 0.346667 0.0894309 0.146667 1.01052e-05
0 0.692954 0.024 0.0395664 0.048 1.01273e-05
0 0.314363 0.058 0.0476965 0.084 1.01305e-05
0 0.526016 0.145333 0.0449864 0.157333 1.01729e-05
0 0.429539 0.502667 0.0872629 0.218667 1.01746e-05
0 0.507588 0.512 0.144715 0.573333 1.02111e-05
0 0.288347 0.28 0.0823848 0.173333 1.02225e-05
0 0.45393 0.403333 0.0352304 0.116 1.02562e-05
0 0.726829 0.616 0.0390244 0.0933333 1.02581e-05
0 0.633875 0.214 0.0926829 0.225333 1.02638e-05
0 0.239837 0.935333 0.0439024 0.0973333 1.02704e-05
0 0.402168 0.214667 0.0661247 0.168 1.02843e-05
0 0.586992 0.0286667 0.0802168 0.0573333 1.03246e-05
0 0.362873 0.478 0.0504065 0.142667 1.0356e-05
0 0.505691 0 0.0498645 0 1.04768e-05
0 0.239837 0.0146667 0.0731707 0.0293333 1.05197e-05
0 0.613008 0.609333 0.0336043 0.0746667 1.05429e-05
0 0.220596 0.918 0.0520325 0.092 1.05452e-05
0 0.271274 0.0153333 0.0579946 0.0306667 1.05799e-05
0 0.31084 0 0.095935 0 1.05823e-05
0 0.666667 0.0333333 0.0910569 0.0666667 1.06625e-05
0 0.68103 0.615333 0.0287263 0.0733333 1.06776e-05
0 0.703252 0.88 0.0460705 0.0346667 1.07034e-05
0 0.185908 0.0286667 0.0888889 0.0573333 1.0722e-05
0 0.414092 0.72 0.0899729 0.112 1.0751e-05
0 0.0607046 0.969333 0.109485 0.0613333 1.07694e-05
0 0.88916 0.533333 0.0644986 0.157333 1.07787e-05
0 0.217073 0.346 0.0655827 0.14 1.07924e-05
0 0.933062 0.0453333 0.0471545 0.064 1.07941e-05
0 0.549322 0.972 0.0449864 0.0373333 1.07958e-05
0 0.114363 0.984 0.134417 0.032 1.08034e-05
0 0.914905 0.467333 0.0617886 0.142667 1.08159e-05
0 0.644444 0.991333 0.0411924 0.0173333 1.08298e-05
0 0.231707 0.328667 0.0731707 0.26 1.08405e-05
0 0.242276 0.468 0.0834688 0.154667 1.08652e-05
0 0.614092 0.996 0.0758808 0.008 1.10025e-05
0 0.732249 0.442667 0.0238482 0.0533333 1.10043e-05
0 0.693496 0.499333 0.0233062 0.06 1.10464e-05
0 0.613821 0.574667 0.0287263 0.064 1.10571e-05
0 0.241734 0.054 0.0368564 0.108 1.10612e-05
0 0.620325 0.334 0.0449864 0.108 1.11211e-05
0 0.293496 0.994 0.0471545 0.012 1.1129e-05
0 0.757995 0.649333 0.0168022 0.088 1.1138e-05
0 0.598103 0.715333 0.0417344 0.113333 1.11461e-05
0 0.940379 0.165333 0.119241 0.330667 1.11525e-05
0 0.768293 0.0733333 0.0840108 0.146667 1.12021e-05
0 0.511653 0.00866667 0.0845528 0.0173333 1.12909e-05
0 0.798103 0.423333 0.0200542 0.0626667 1.13279e-05
0 0.10813 0.414 0.169648 0.230667 1.1356e-05
0 0.134417 1 0.0737127 0 1.13734e-05
0 0.00840108 0.966667 0.00921409 0.0666667 1.13914e-05
0 0.33523 0.206 0.0883469 0.286667 1.14101e-05
0 0.437398 0.367333 0.0747968 0.121333 1.14399e-05
0 0.218699 0.99 0.0460705 0.02 1.14593e-05
0 0.588347 0.98 0.0655827 0.04 1.14693e-05
0 0.708401 0.559333 0.0411924 0.068 1.14908e-05
0 0.531978 0.796 0.149051 0.408 1.15822e-05
0 0.984824 0.200667 0.0292683 0.121333 1.15954e-05
0 0.272087 0.984 0.0672087 0.032 1.15956e-05
0 0.3271 0.837333 0.119783 0.226667 1.16241e-05
0 0.110569 0.106667 0.120325 0.213333 1.16426e-05
0 0.612195 0.647333 0.0569106 0.316 1.16472e-05
0 0.720596 0.438 0.0254743 0.0493333 1.16588e-05
0 0.343631 0.044 0.104065 0.088 1.16625e-05
0 0.990515 0.3 0.0168022 0.0933333 1.17028e-05
0 0.261518 0.934667 0.114363 0.117333 1.17097e-05
0 0.0571816 0.176667 0.114363 0.353333 1.18062e-05
0 0.257453 0.705333 0.119241 0.248 1.18219e-05
0 0.0116531 0.666 0.0233062 0.132 1.18537e-05
0 0.289973 0.921333 0.096477 0.157333 1.18576e-05
0 0.461789 0.279333 0.0834688 0.198667 1.19003e-05
0 0.86206 0.34 0.0894309 0.189333 1.19072e-05
0 0.0907859 0.915333 0.173984 0.1 1.19791e-05
0 0.604336 0.484667 0.0357724 0.161333 1.19852e-05
0 0.195935 0.923333 0.0493225 0.092 1.19965e-05
0 0.49458 0.964 0.00813008 0.056 1.20039e-05
0 0.0829268 0.588667 0.163686 0.34 1.20055e-05
0 0.315989 0.938667 0.106233 0.122667 1.20139e-05
0 0.0336043 0.537333 0.0672087 0.376 1.20751e-05
0 0.459621 0.08 0.0693767 0.152 1.20764e-05
0 0.560434 0.976667 0.0249322 0.0253333 1.20771e-05
0 0.476152 0.816 0.0146341 0.088 1.21301e-05
0 0.176965 0.923333 0.104607 0.108 1.22422e-05
0 0.660163 0.286667 0.0574526 0.146667 1.22558e-05
0 0.201626 1 0.0682927 0 1.2268e-05
0 0.759621 0.566 0.0298103 0.044 1.23014e-05
0 0.790786 0.218 0.0769648 0.142667 1.23034e-05
0 0.629268 0.970667 0.0346883 0.04 1.2312e-05
0 0.477236 0.426 0.0644986 0.129333 1.23172e-05
0 0.75393 0.992 0.0487805 0.016 1.23704e-05
0 0.260705 0 0.0899729 0 1.24292e-05
0 0.417344 0.99 0.0346883 0.02 1.24365e-05
0 0.187263 0.540667 0.124119 0.228 1.24658e-05
0 0.308943 0.275333 0.102981 0.265333 1.25231e-05
0 0.728184 1 0.0742547 0 1.25474e-05
0 0.362602 0.332667 0.0693767 0.153333 1.25591e-05
0 0.971003 0.367333 0.0352304 0.105333 1.26145e-05
0 0.984553 0.136667 0.0265583 0.134667 1.26462e-05
0 0.807046 0.421333 0.0238482 0.064 1.26518e-05
0 0.811382 0.354 0.0531165 0.153333 1.26572e-05
0 0.24336 0.968667 0.0444444 0.0493333 1.26624e-05
0 0.211924 0.974667 0.0758808 0.0506667 1.2798e-05
0 0.985095 0.962667 0.0298103 0.0746667 1.28177e-05
0 0.0130081 0.044 0.0205962 0.088 1.28334e-05
0 0.586721 0.529333 0.0287263 0.0186667 1.2846e-05
0 0.795393 0.482667 0.0168022 0.08 1.28717e-05
0 0.811653 0.0713333 0.101355 0.142667 1.29116e-05
0 0.818428 0.844667 0.0563686 0.0866667 1.29258e-05
0 0.584553 0.76 0.125203 0.48 1.29489e-05
0 0.10271 1 0.0482385 0 1.29757e-05
0 0.875881 0.862 0.0910569 0.148 1.29888e-05
0 0.717886 0.0866667 0.0883469 0.16 1.29934e-05
0 0.490515 0.03 0.106233 0.06 1.30422e-05
0 0.600542 0.541333 0.0520325 0.314667 1.30445e-05
0 0.872629 0.388 0.0205962 0.0826667 1.30982e-05
0 0.882385 0.0566667 0.0422764 0.1 1.31382e-05
0 0.41897 0.960667 0.0205962 0.06 1.31502e-05
0 0.800542 0.609333 0.0325203 0.0746667 1.31666e-05
0 0.634417 0.146667 0.0569106 0.141333 1.31732e-05
0 0.31897 0.645333 0.0861789 0.162667 1.32054e-05
0 0.687805 0.0826667 0.0639566 0.152 1.32712e-05
0 0.313008 0.018 0.0785908 0.036 1.32892e-05
0 0.123577 0.960667 0.0910569 0.0573333 1.32931e-05
0 0.637669 0.378 0.0710027 0.150667 1.32966e-05
0 0.891328 0.996 0.0460705 0.008 1.33048e-05
0 0.86748 0.997333 0.0449864 0.00533333 1.33292e-05
0 0.612195 0.946667 0.0623306 0.106667 1.33356e-05
0 0.818699 0.514 0.134959 0.548 1.33552e-05
0 0.288347 0.578 0.0758808 0.166667 1.33631e-05
0 0.0563686 0.0246667 0.0476965 0.0493333 1.33653e-05
0 0.659621 0.776667 0.0888889 0.169333 1.34324e-05
0 0.271816 0.789333 0.289973 0.421333 1.3445e-05
0 0.755014 0.779333 0.0791328 0.236 1.34869e-05
0 0.555827 0.671333 0.0233062 0.044 1.34961e-05
0 0.419241 0.07 0.0287263 0.0973333 1.34986e-05
0 0.571545 0.285333 0.153388 0.56 1.35132e-05
0 0.381843 0.922667 0.0796748 0.154667 1.35264e-05
0 0.589431 0.149333 0.0644986 0.152 1.35314e-05
0 0.44336 0.996 0.0476965 0.008 1.35536e-05
0 0.863144 0.402 0.0731707 0.126667 1.35736e-05
0 0.797561 0.454 0.0211382 0.0786667 1.35899e-05
0 0.711653 0.268667 0.0585366 0.0893333 1.35934e-05
0 0.924932 0.0213333 0.0536585 0.0426667 1.36135e-05
0 0.809214 0.0546667 0.0791328 0.0853333 1.363e-05
0 0.762331 0.618667 0.137127 0.608 1.3669e-05
0 0.669106 0.143333 0.0720867 0.164 1.3691e-05
0 0.627371 0.806667 0.0428184 0.064 1.37296e-05
0 0.692683 0.890667 0.0455285 0.04 1.37886e-05
0 0.362873 0.731333 0.097019 0.214667 1.37974e-05
0 0.00677507 0.850667 0.0135501 0.144 1.38047e-05
0 0.724119 0.619333 0.0195122 0.076 1.38645e-05
0 0.534417 0.668 0.0238482 0.064 1.38928e-05
0 0.89458 0.984 0.0731707 0.032 1.39363e-05
0 0.15935 0.874 0.16477 0.252 1.39659e-05
0 0.166667 0.02 0.0493225 0.04 1.39822e-05
0 0.220325 0.0773333 0.097019 0.152 1.39923e-05
0 0.886992 0.462 0.0861789 0.14 1.40339e-05
0 0.728184 0.419333 0.0157182 0.06 1.4048e-05
0 0.669919 0.686667 0.00325203 0.0213333 1.40746e-05
0 0.782927 0.517333 0.0211382 0.0613333 1.41272e-05
0 0.94607 0.64 0.0439024 0.101333 1.41626e-05
0 0.0105691 0.826 0.0211382 0.292 1.41724e-05
0 0.360434 0.982 0.0563686 0.036 1.41826e-05
0 0.613008 0.156 0.0542005 0.138667 1.41954e-05
0 0.62168 0.03 0.0747968 0.06 1.42e-05
0 0.895935 0.0846667 0.0401084 0.116 1.42833e-05
0 0.255285 0.988667 0.0422764 0.0226667 1.42997e-05
0 0.686992 0.0686667 0.0785908 0.137333 1.43307e-05
0 0.195122 0.969333 0.0455285 0.0613333 1.43382e-05
0 0.61355 0.206667 0.135501 0.413333 1.43438e-05
0 0.733062 0.206667 0.0373984 0.0506667 1.43611e-05
0 0.235501 0.230667 0.0525745 0.162667 1.4381e-05
0 0.960976 0.47 0.0574526 0.145333 1.44173e-05
0 0.615989 0.714 0.0265583 0.084 1.44509e-05
0 0.0666667 0 0.0542005 0 1.44741e-05
0 0.423577 0.512667 0.130623 0.476 1.44791e-05
0 0.335501 0.966667 0.0401084 0.04 1.45176e-05
0 0.831978 0.336667 0.0867209 0.214667 1.46339e-05
0 0.713008 0.945333 0.100271 0.109333 1.46682e-05
0 0.369377 0.0473333 0.0493225 0.0626667 1.46812e-05
0 0.659079 0.274 0.0791328 0.257333 1.46943e-05
0 0.831978 0.634667 0.0336043 0.0906667 1.47344e-05
0 0.292141 0.716 0.095393 0.154667 1.47415e-05
0 0.339566 0.722667 0.0872629 0.136 1.47435e-05
0 0.304065 0.042 0.0867209 0.0786667 1.47458e-05
0 0.275339 0.858667 0.106233 0.133333 1.47716e-05
0 0.83252 0.206 0.0433604 0.084 1.47811e-05
0 0.0146341 0.674667 0.0195122 0.269333 1.47885e-05
0 0.67019 0.00133333 0.0493225 0.00266667 1.48119e-05
0 0.34065 0.948667 0.0742547 0.0946667 1.4856e-05
0 0.571545 0.114 0.0796748 0.18 1.48813e-05
0 0.590244 0.800667 0.0672087 0.177333 1.48932e-05
0 0.233875 0.288 0.0579946 0.138667 1.49885e-05
0 0.369648 0.965333 0.0292683 0.0506667 1.51181e-05
0 0.74336 0.0313333 0.108943 0.0626667 1.5121e-05
0 0.663415 0.346 0.0487805 0.14 1.52981e-05
0 0.458808 0.413333 0.0796748 0.181333 1.53246e-05
0 0.713821 0.168 0.0769648 0.144 1.54089e-05
0 0.437398 0.428 0.0281843 0.0986667 1.54259e-05
0 0.759079 0.342667 0.0590786 0.157333 1.54383e-05
0 0.538482 0.989333 0.0623306 0.0213333 1.54641e-05
0 0.838482 0.99 0.0899729 0.02 1.54731e-05
0 0.974526 0.916667 0.0368564 0.102667 1.54858e-05
0 0.553117 0.736667 0.0233062 0.0733333 1.54859e-05
0 0.782656 0.294667 0.0368564 0.0906667 1.5513e-05
0 0.888347 0.951333 0.123577 0.0973333 1.55365e-05
0 0.686179 0.343333 0.0531165 0.153333 1.55506e-05
0 0.379946 0.323333 0.0476965 0.34 1.56659e-05
0 0.481572 0.88 0.0298103 0.0986667 1.56853e-05
0 0.914092 0.525333 0.0785908 0.152 1.56904e-05
0 0.0295393 0.314 0.0373984 0.305333 1.56996e-05
0 0.673171 0.612 0.165854 0.626667 1.57182e-05
0 0.744715 0.186667 0.0314363 0.08 1.57467e-05
0 0.781301 0.997333 0.0460705 0.00533333 1.57567e-05
0 0.402168 0.210667 0.0932249 0.288 1.57687e-05
0 0.722493 0.398667 0.0346883 0.08 1.5815e-05
0 0.944986 0.283333 0.0883469 0.198667 1.5838e-05
0 0.537127 0.887333 0.0726287 0.172 1.58442e-05
0 0.865312 0.621333 0.145799 0.629333 1.58588e-05
0 0.848238 0.798667 0.104065 0.202667 1.5901e-05
0 0.642818 0.0586667 0.0140921 0.117333 1.59123e-05
0 0.312466 0.759333 0.0254743 0.084 1.59209e-05
0 0.758537 0.138 0.0883469 0.241333 1.59899e-05
0 0.637398 0.479333 0.0693767 0.137333 1.60359e-05
0 0.859621 0.687333 0.0650406 0.305333 1.6108e-05
0 0.553659 0.694 0.0254743 0.0466667 1.61283e-05
0 0.809756 0.276667 0.0747968 0.148 1.62098e-05
0 0.404878 0.275333 0.134417 0.550667 1.62694e-05
0 0.702981 0.265333 0.0271003 0.0506667 1.62813e-05
0 0.547967 0.764667 0.0195122 0.0973333 1.62989e-05
0 0.205691 0.00133333 0.0525745 0.00266667 1.63302e-05
0 0.353388 0.890667 0.095393 0.216 1.64188e-05
0 0.776152 0.613333 0.0249322 0.0586667 1.64749e-05
0 0.48645 0.893333 0.0449864 0.213333 1.65405e-05
0 0.694038 0.000666667 0.0504065 0.00133333 1.65489e-05
0 0.14065 0.0706667 0.098103 0.141333 1.65566e-05
0 0.881843 0.386667 0.0281843 0.0826667 1.65973e-05
0 0.467209 0.778 0.155014 0.444 1.65991e-05
0 0.972087 0.635333 0.0460705 0.110667 1.66355e-05
0 0.983198 0.831333 0.0325203 0.252 1.67026e-05
0 0.691599 0.772 0.0888889 0.133333 1.68456e-05
0 0.590515 0.116 0.0514905 0.232 1.68675e-05
0 0.71355 0.861333 0.118699 0.122667 1.6882e-05
0 0.942818 0.961333 0.098103 0.0773333 1.6885e-05
0 0.963957 0.974667 0.0720867 0.0506667 1.69035e-05
0 0.613821 0.216667 0.0764228 0.148 1.7005e-05
0 0.563415 0.044 0.0634146 0.088 1.7037e-05
0 0.362602 0.074 0.0899729 0.148 1.70397e-05
0 0.784282 0.333333 0.0563686 0.154667 1.70397e-05
0 0.734417 0.220667 0.0628726 0.102667 1.70426e-05
0 0.0138211 0.866 0.0124661 0.225333 1.70566e-05
0 0.570732 0.539333 0.0650406 0.158667 1.71385e-05
0 0.39458 0.972 0.0401084 0.056 1.71525e-05
0 0.591328 0.748 0.0346883 0.0453333 1.71758e-05
0 0.405691 0.946 0.0677507 0.108 1.71825e-05
0 0.609214 0.297333 0.118157 0.192 1.71937e-05
0 0.0810298 0.046 0.0536585 0.0706667 1.73065e-05
0 0.0238482 0.860667 0.0238482 0.241333 1.73445e-05
0 0.436585 0.918667 0.0850949 0.162667 1.73981e-05
0 0.907317 0.581333 0.0336043 0.0666667 1.74192e-05
0 0.761789 0.381333 0.141463 0.56 1.74376e-05
0 0.488889 1 0.0769648 0 1.74555e-05
0 0.344173 0.004 0.0531165 0.008 1.7457e-05
0 0.75664 0.255333 0.0867209 0.172 1.74605e-05
0 0.220867 0.592 0.0753388 0.181333 1.75121e-05
0 0.744444 0 0.0514905 0 1.75146e-05
0 0.160976 0.0946667 0.099729 0.189333 1.7553e-05
0 0.407859 0.336 0.0829268 0.144 1.75798e-05
0 0.269648 0.623333 0.107859 0.225333 1.76447e-05
0 0.846341 0.601333 0.0504065 0.266667 1.77178e-05
0 0.256098 0 0.0536585 0 1.77356e-05
0 0.0138211 0.934667 0.0276423 0.130667 1.77378e-05
0 0.238753 0.981333 0.0937669 0.0373333 1.77689e-05
0 0.905691 0 0.0531165 0 1.78549e-05
0 0.505149 0.494 0.0672087 0.230667 1.7855e-05
0 0.394851 0.989333 0.0417344 0.0213333 1.78876e-05
0 0.860163 0.470667 0.0639566 0.138667 1.79468e-05
0 0.475881 0.190667 0.142005 0.381333 1.79812e-05
0 0.821138 0.996667 0.0444444 0.00666667 1.80309e-05
0 0.234146 0.218667 0.0845528 0.258667 1.80552e-05
0 0.990515 0.396667 0.0189702 0.118667 1.80827e-05
0 0.0745257 1 0.0525745 0 1.80885e-05
0 0.260163 0.538667 0.0813008 0.168 1.81391e-05
0 0.718157 0 0.0509485 0 1.81435e-05
0 0.946341 0.873333 0.0921409 0.189333 1.81834e-05
0 0.410027 0.962 0.0493225 0.0466667 1.81996e-05
0 0.440379 0.0293333 0.108943 0.0586667 1.82162e-05
0 0.186721 0.889333 0.0829268 0.221333 1.83428e-05
0 0.987534 0.96 0.0151762 0.0586667 1.84975e-05
0 0.937127 0.815333 0.125745 0.369333 1.85083e-05
0 0.546883 0.976667 0.0184282 0.02 1.8563e-05
0 0.74607 0.022 0.0428184 0.044 1.86501e-05
0 0.663415 0.689333 0.0097561 0.0186667 1.86772e-05
0 0.584282 0.66 0.0574526 0.12 1.86857e-05
0 0.638482 0.0753333 0.00650406 0.110667 1.87122e-05
0 0.0834688 0.34 0.166938 0.394667 1.87222e-05
0 0.0528455 0.904667 0.105691 0.148 1.8764e-05
0 0.384282 0.145333 0.0791328 0.28 1.88498e-05
0 0.601626 0.544 0.0357724 0.128 1.8854e-05
0 0.236856 0.621333 0.0607046 0.133333 1.88617e-05
0 0.815176 0.886667 0.0834688 0.226667 1.88975e-05
0 0.236585 0.552667 0.0634146 0.169333 1.90904e-05
0 0.532249 0.484667 0.0672087 0.142667 1.91189e-05
0 0.197019 0.946 0.0764228 0.0866667 1.91249e-05
0 0.581843 0.312 0.0449864 0.0693333 1.91462e-05
0 0.534146 0.042 0.0807588 0.084 1.91783e-05
0 0.219512 0.260667 0.15935 0.521333 1.92058e-05
0 0.370732 0.987333 0.0314363 0.0253333 1.94239e-05
0 0.665312 0.404667 0.0612466 0.281333 1.94448e-05
0 0.583469 0.314667 0.0915989 0.101333 1.95233e-05
0 0.480488 0 0.0525745 0 1.95378e-05
0 0.844715 0.998 0.0471545 0.004 1.95787e-05
0 0.130894 0.534667 0.158808 0.304 1.95921e-05
0 0.626287 0.728 0.0579946 0.28 1.96095e-05
0 0.811382 0.614667 0.0271003 0.0853333 1.96357e-05
0 0.0607046 0.0306667 0.0780488 0.0613333 1.97075e-05
0 0.0414634 0.884 0.0612466 0.208 1.97202e-05
0 0.83794 0.695333 0.0769648 0.166667 1.98836e-05
0 0.632249 0.0886667 0.0547425 0.177333 1.98877e-05
0 0.333875 0.932667 0.0357724 0.092 1.99336e-05
0 0.711382 0.254 0.0785908 0.169333 1.99422e-05
0 0.574526 0.593333 0.0628726 0.146667 1.99769e-05
0 0.107588 0.904 0.0840108 0.104 1.99772e-05
0 0.098916 1 0.0926829 0 1.99774e-05
0 0.818157 0 0.0536585 0 1.99987e-05
0 0.601084 0.968 0.0346883 0.0453333 1.99995e-05
0 0.857995 0.272667 0.126829 0.246667 2.00213e-05
0 0.483198 0.822667 0.00921409 0.0906667 2.00274e-05
0 0.609214 0.0826667 0.0411924 0.130667 2.0034e-05
0 0.65664 0.613333 0.0373984 0.0373333 2.00841e-05
0 0.631436 0.608 0.0726287 0.245333 2.01549e-05
0 0.458808 0.0646667 0.0818428 0.129333 2.0273e-05
0 0.268293 0.992 0.0455285 0.016 2.02925e-05
0 0.748239 0.460667 0.0612466 0.246667 2.03274e-05
0 0.678049 1 0.0411924 0 2.03732e-05
0 0.582656 0.987333 0.0314363 0.0253333 2.0448e-05
0 0.6729 0.214667 0.0612466 0.229333 2.0448e-05
0 0.533333 0.582667 0.0596206 0.338667 2.05336e-05
0 0.990515 0.634 0.0189702 0.121333 2.06075e-05
0 0.843902 0.0293333 0.118157 0.0586667 2.06612e-05
0 0.605691 1 0.0363144 0 2.06701e-05
0 0.485095 0.812667 0.0292683 0.110667 2.06844e-05
0 0.541463 0.837333 0.0346883 0.0666667 2.06867e-05
0 0.857724 0.841333 0.18374 0.317333 2.07738e-05
0 0.75122 0.0586667 0.0726287 0.0906667 2.08358e-05
0 0.634417 0.54 0.0666667 0.136 2.08667e-05
0 0.433062 0.950667 0.0715447 0.0986667 2.08948e-05
0 0.233875 0.324 0.0298103 0.072 2.09439e-05
0 0.943089 0.996667 0.0498645 0.00666667 2.11241e-05
0 0.538753 1 0.0758808 0 2.11404e-05
0 0.935772 0.0873333 0.0905149 0.174667 2.11488e-05
0 0.268293 0.119333 0.0693767 0.118667 2.11543e-05
0 0.411111 0.0666667 0.0558266 0.114667 2.11757e-05
0 0.795935 1 0.0677507 0 2.11885e-05
0 0.637127 0.300667 0.0818428 0.150667 2.11982e-05
0 0.518428 0.844667 0.0720867 0.132 2.12026e-05
0 0.635772 0.0626667 0.0108401 0.125333 2.13225e-05
0 0.217886 0.0413333 0.107317 0.0826667 2.13528e-05
0 0.727913 0.719333 0.0411924 0.084 2.14783e-05
0 0.769919 0.000666667 0.0504065 0.00133333 2.15319e-05
0 0.979404 0.572 0.0411924 0.106667 2.15916e-05
0 0.597832 0.0606667 0.00650406 0.121333 2.15984e-05
0 0.831978 0.406 0.0726287 0.129333 2.1627e-05
0 0.342276 0.0246667 0.0514905 0.0413333 2.17985e-05
0 0.927913 1 0.0520325 0 2.20017e-05
0 0.739024 0.109333 0.0861789 0.218667 2.20439e-05
0 0.639295 1 0.0742547 0 2.21879e-05
0 0.734146 0.324 0.0601626 0.152 2.21909e-05
0 0.0915989 0.00333333 0.0552846 0.00666667 2.21987e-05
0 0.791599 0.0313333 0.107859 0.0626667 2.22e-05
0 0.783469 0.104 0.0915989 0.165333 2.22254e-05
0 0.665312 0.685333 0.0211382 0.0186667 2.22323e-05
0 0.153388 0.289333 0.220054 0.578667 2.22503e-05
0 0.0514905 0.327333 0.0867209 0.3 2.22516e-05
0 0.159892 0.0586667 0.0878049 0.088 2.23452e-05
0 0.565041 0.54 0.0233062 0.04 2.23755e-05
0 0.0861789 0.0806667 0.113821 0.158667 2.24293e-05
0 0.490515 0.212 0.0834688 0.274667 2.24927e-05
0 0.229539 0 0.0536585 0 2.25467e-05
0 0.689702 0.585333 0.0948509 0.210667 2.25679e-05
0 0.412737 0.99 0.0948509 0.02 2.26757e-05
0 0.317615 0 0.0531165 0 2.269e-05
0 0.0720867 0.994 0.102981 0.012 2.27013e-05
0 0.129268 1 0.0493225 0 2.27902e-05
0 0.984553 0.268 0.0308943 0.309333 2.28529e-05
0 0.59458 0.0553333 0.0314363 0.110667 2.29525e-05
0 0.234959 0.540667 0.106775 0.246667 2.30979e-05
0 0.988618 0.692 0.0184282 0.136 2.32279e-05
0 0.379133 0.954 0.0623306 0.092 2.32349e-05
0 0.88916 0.226667 0.097019 0.248 2.325e-05
0 0.0227642 0.881333 0.0455285 0.237333 2.34632e-05
0 0.00785908 0.166 0.0157182 0.150667 2.34886e-05
0 0.793225 0.00133333 0.0525745 0.00266667 2.3516e-05
0 0.806504 0.454667 0.0216802 0.0826667 2.36265e-05
0 0.454201 0.02 0.0455285 0.04 2.3828e-05
0 0.99187 0.56 0.0162602 0.218667 2.38491e-05
0 0.116531 0.00333333 0.0563686 0.00666667 2.39254e-05
0 0.264499 0.24 0.0878049 0.197333 2.39524e-05
0 0.763144 0.392667 0.0769648 0.174667 2.41905e-05
0 0.400542 0.284 0.0737127 0.133333 2.42162e-05
0 0.344444 0.448 0.0948509 0.408 2.42186e-05
0 0.947967 0.709333 0.0943089 0.237333 2.42833e-05
0 0.387263 0.0813333 0.0590786 0.130667 2.4344e-05
0 0.842547 0 0.0536585 0 2.43754e-05
0 0.809756 0.687333 0.0563686 0.137333 2.44515e-05
0 0.704336 0.226 0.0601626 0.0973333 2.45083e-05
0 0.823306 0.184667 0.155014 0.369333 2.46215e-05
0 0.325745 0.411333 0.0823848 0.14 2.46747e-05
0 0.987805 0.784667 0.0146341 0.137333 2.46874e-05
0 0.802981 0.886667 0.0547425 0.101333 2.47335e-05
0 0.488618 0.105333 0.112195 0.210667 2.49177e-05
0 0.0208672 0.63 0.0417344 0.142667 2.51067e-05
0 0.300542 0.437333 0.0850949 0.176 2.51217e-05
0 0.480759 0.844 0.0119241 0.088 2.51401e-05
0 0.0493225 0.642667 0.098645 0.314667 2.51974e-05
0 0.879675 0.663333 0.0314363 0.092 2.51993e-05
0 0.948238 0.515333 0.0720867 0.18 2.52339e-05
0 0.669648 0.408 0.0493225 0.149333 2.54908e-05
0 0.801084 0.459333 0.0596206 0.204 2.55132e-05
0 0.939295 0.602 0.0693767 0.156 2.55376e-05
0 0.455556 0 0.0536585 0 2.55696e-05
0 0.266938 0.234 0.129539 0.422667 2.56365e-05
0 0.472087 0.892 0.0357724 0.144 2.56753e-05
0 0.836314 0.854667 0.0520325 0.112 2.5775e-05
0 0.733062 0.582 0.0341463 0.0386667 2.57924e-05
0 0.517886 0.992667 0.0428184 0.0146667 2.58813e-05
0 0.649864 0.0846667 0.0390244 0.126667 2.59136e-05
0 0.526558 0.534667 0.0254743 0.0453333 2.59746e-05
0 0.609214 0.518667 0.125745 0.504 2.59864e-05
0 0.979404 0.357333 0.0411924 0.282667 2.59927e-05
0 0.47019 0.85 0.0655827 0.3 2.5998e-05
0 0.355014 0.988 0.0357724 0.024 2.61475e-05
0 0.633333 0.0753333 0.00813008 0.118667 2.6162e-05
0 0.690515 0.214 0.0260163 0.0893333 2.62411e-05
0 0.49458 0.514 0.0449864 0.0626667 2.62587e-05
0 0.684553 0.422667 0.0574526 0.24 2.63142e-05
0 0.610569 0.0446667 0.0439024 0.0893333 2.63282e-05
0 0.669106 0.52 0.0666667 0.277333 2.63328e-05
0 0.610569 0 0.0872629 0 2.65457e-05
0 0.632249 0.976667 0.0764228 0.0466667 2.66068e-05
0 0.362602 1 0.0672087 0 2.66793e-05
0 0.881301 0 0.0531165 0 2.66957e-05
0 0.917073 0.028 0.119241 0.056 2.68109e-05
0 0.786721 0.697333 0.0655827 0.152 2.68439e-05
0 0.806775 0.426667 0.0406504 0.109333 2.69234e-05
0 0.133333 0.46 0.106233 0.213333 2.69308e-05
0 0.721409 0.594667 0.0357724 0.0506667 2.71606e-05
0 0.579133 1 0.0406504 0 2.72547e-05
0 0.430352 0.0626667 0.0715447 0.125333 2.7333e-05
0 0.16748 0.028 0.115989 0.056 2.74112e-05
0 0.387263 0.981333 0.0753388 0.0373333 2.74303e-05
0 0.635772 0.052 0.0390244 0.104 2.74787e-05
0 0.616531 0.920667 0.0471545 0.126667 2.7514e-05
0 0.0113821 0.57 0.0227642 0.14 2.75288e-05
0 0.610298 0.102 0.0552846 0.204 2.75468e-05
0 0.663144 0.938 0.106775 0.124 2.75768e-05
0 0.465041 0.948667 0.0585366 0.102667 2.76196e-05
0 0.630623 0.987333 0.0384824 0.0253333 2.76282e-05
0 0.548781 0.930667 0.0189702 0.0906667 2.76587e-05
0 0.142547 0.0206667 0.0498645 0.0413333 2.76842e-05
0 0.528455 0 0.0520325 0 2.78128e-05
0 0.539837 0.00333333 0.0693767 0.00666667 2.78258e-05
0 0.798916 0.659333 0.0173442 0.0733333 2.7909e-05
0 0.765854 0.848 0.118157 0.12 2.80078e-05
0 0.710298 0.364 0.128455 0.501333 2.80564e-05
0 0.14878 0.028 0.0905149 0.056 2.81994e-05
0 0.568835 0.33 0.0449864 0.0866667 2.82964e-05
0 0.881572 0.645333 0.0818428 0.170667 2.83016e-05
0 0.61355 0.748 0.0336043 0.064 2.83325e-05
0 0.479133 0.594667 0.0433604 0.0506667 2.84046e-05
0 0.467751 0.62 0.0585366 0.117333 2.86167e-05
0 0.695664 0.904667 0.0926829 0.0706667 2.86458e-05
0 0.0523035 0.468 0.104607 0.306667 2.88034e-05
0 0.850136 0.544 0.0764228 0.128 2.88051e-05
0 0.653117 1 0.0390244 0 2.88259e-05
0 0.484282 0.274667 0.131707 0.282667 2.8889e-05
0 0.342276 0.99 0.0428184 0.02 2.89545e-05
0 0.804065 0.022 0.0460705 0.044 2.89582e-05
0 0.482114 0.469333 0.0861789 0.154667 2.90078e-05
0 0.391599 0.03 0.106775 0.06 2.92141e-05
0 0.453388 0.718 0.0449864 0.134667 2.92515e-05
0 0.687534 0.194667 0.0471545 0.096 2.93251e-05
0 0.263686 1 0.0753388 0 2.94782e-05
0 0.594309 0.968 0.0612466 0.064 2.95506e-05
0 0.674255 0.606667 0.0336043 0.0346667 2.95726e-05
0 0.571816 0.552 0.0325203 0.064 2.96843e-05
0 0.785908 0.278667 0.0661247 0.12 2.9828e-05
0 0.712466 0.746667 0.0308943 0.0373333 2.98483e-05
0 0.401626 1 0.0672087 0 2.99656e-05
0 0.927913 0 0.0542005 0 2.99948e-05
0 0.152846 1 0.0476965 0 3.00059e-05
0 0.737127 0.006 0.0888889 0.012 3.01014e-05
0 0.179404 0.000666667 0.0552846 0.00133333 3.01961e-05
0 0.716802 0.579333 0.0406504 0.0386667 3.03099e-05
0 0.991599 0.691333 0.0157182 0.265333 3.05118e-05
0 0.834146 0.466 0.0704607 0.132 3.05388e-05
0 0.112466 0.500667 0.224932 0.678667 3.08207e-05
0 0.469377 0.738 0.0411924 0.132 3.09199e-05
0 0.717344 1 0.0471545 0 3.09343e-05
0 0.763686 0.984 0.115989 0.032 3.10042e-05
0 0.740108 0.741333 0.0287263 0.04 3.1174e-05
0 0.393767 0 0.0536585 0 3.12401e-05
0 0.298374 0.074 0.0525745 0.108 3.16865e-05
0 0.912737 0.606667 0.0878049 0.128 3.16919e-05
0 0.266125 0.124667 0.0813008 0.249333 3.17144e-05
0 0.0189702 0.476 0.0379404 0.141333 3.18182e-05
0 0.0262873 0.976667 0.0525745 0.0466667 3.18554e-05
0 0.718157 0.536 0.128997 0.442667 3.19442e-05
0 0.45393 0.446667 0.0493225 0.165333 3.20964e-05
0 0.808672 0.0293333 0.0780488 0.0586667 3.23444e-05
0 0.989973 0.258667 0.0200542 0.141333 3.23951e-05
0 0.357724 0.964667 0.0368564 0.044 3.2413e-05
0 0.368293 0.00133333 0.0536585 0.00266667 3.25975e-05
0 0.608401 0.604667 0.0525745 0.105333 3.27267e-05
0 0.765041 0.460667 0.0363144 0.0546667 3.28115e-05
0 0.971274 0.289333 0.0574526 0.186667 3.28127e-05
0 0.921951 0.666667 0.0368564 0.114667 3.28255e-05
0 0.320325 0.876667 0.0346883 0.132 3.29524e-05
0 0.55393 0.716667 0.0487805 0.108 3.31449e-05
0 0.718157 0.584 0.0747968 0.0506667 3.32535e-05
0 0.487805 0.528 0.0834688 0.141333 3.33072e-05
0 0.0208672 0.159333 0.0417344 0.150667 3.33522e-05
0 0.625474 0.641333 0.0455285 0.048 3.3355e-05
0 0.192683 1 0.0428184 0 3.34112e-05
0 0.720325 0.420667 0.0205962 0.06 3.35301e-05
0 0.424661 0.006 0.0807588 0.012 3.35482e-05
0 0.41897 0 0.0531165 0 3.38408e-05
0 0.531165 0.994 0.0390244 0.012 3.38743e-05
0 0.361789 0.0313333 0.0840108 0.0626667 3.38878e-05
0 0.542547 1 0.0390244 0 3.39296e-05
0 0.234146 0.942 0.0910569 0.0813333 3.394e-05
0 0.537669 0.696 0.0184282 0.0453333 3.4001e-05
0 0.634688 0.0853333 0.0303523 0.125333 3.40594e-05
0 0.785908 0.421333 0.0585366 0.122667 3.40847e-05
0 0.365041 0.216667 0.0753388 0.268 3.41959e-05
0 0.955014 0.00333333 0.0531165 0.00666667 3.44913e-05
0 0.755827 0.714667 0.0590786 0.125333 3.45433e-05
0 0.0934959 0.03 0.131707 0.06 3.46135e-05
0 0.477236 0.849333 0.0384824 0.106667 3.47191e-05
0 0.98916 0.773333 0.0216802 0.277333 3.4932e-05
0 0.466396 0.0546667 0.0449864 0.0853333 3.49328e-05
0 0.984011 0.0733333 0.0319783 0.146667 3.49583e-05
0 0.153388 0.002 0.0563686 0.004 3.50801e-05
0 0.474255 0.855333 0.0162602 0.0946667 3.52073e-05
0 0.0395664 1 0.0552846 0 3.52112e-05
0 0.861518 0.665333 0.0287263 0.0826667 3.52933e-05
0 0.869377 1 0.0715447 0 3.54856e-05
0 0.487534 0.962 0.0102981 0.044 3.55103e-05
0 0.503794 1 0.0428184 0 3.58606e-05
0 0.0205962 0.414667 0.0271003 0.298667 3.58794e-05
0 0.613008 0.36 0.0834688 0.173333 3.59001e-05
0 0.777507 0.529333 0.0579946 0.122667 3.59238e-05
0 0.0178862 0.911333 0.0357724 0.118667 3.59749e-05
0 0.625745 0.731333 0.0655827 0.129333 3.60429e-05
0 0.586721 0 0.0634146 0 3.62505e-05
0 0.0097561 0.902 0.0195122 0.196 3.63652e-05
0 0.611111 0.953333 0.0525745 0.0666667 3.65406e-05
0 0.528997 1 0.0401084 0 3.67954e-05
0 0.214634 0.910667 0.096477 0.117333 3.70181e-05
0 0.688889 0.0286667 0.0791328 0.0573333 3.7052e-05
0 0.537669 0.72 0.0195122 0.064 3.7606e-05
0 0.461789 0.992667 0.0910569 0.0146667 3.76142e-05
0 0.253117 0.594 0.0672087 0.156 3.77467e-05
0 0.564228 0.982667 0.0693767 0.0346667 3.78108e-05
0 0.57019 0.904667 0.0260163 0.102667 3.78143e-05
0 0.779404 0.787333 0.125745 0.414667 3.7874e-05
0 0.91084 0.08 0.0850949 0.141333 3.80298e-05
0 0.750407 0.275333 0.0558266 0.1 3.80377e-05
0 0.0108401 0.288 0.0216802 0.146667 3.82222e-05
0 0.466396 1 0.0428184 0 3.82429e-05
0 0.221951 0.519333 0.21626 0.652 3.84176e-05
0 0.343902 0.002 0.0742547 0.004 3.84622e-05
0 0.655556 0.0393333 0.0547425 0.0786667 3.84999e-05
0 0.812737 0.825333 0.126287 0.109333 3.85817e-05
0 0.00921409 0.0633333 0.0130081 0.113333 3.86678e-05
0 0.317073 0.994 0.0466125 0.012 3.87182e-05
0 0.109485 0.0546667 0.0845528 0.0666667 3.90769e-05
0 0.971545 0.950667 0.0569106 0.0986667 3.91613e-05
0 0.287534 0.871333 0.121951 0.257333 3.92372e-05
0 0.0195122 0.540667 0.0390244 0.137333 3.92395e-05
0 0.273171 0.028 0.0943089 0.056 3.93018e-05
0 0.554472 0.655333 0.0466125 0.126667 3.94042e-05
0 0.335772 0.988 0.0840108 0.024 3.95183e-05
0 0.56477 1 0.0747968 0 3.97481e-05
0 0.51355 0.988667 0.0850949 0.0226667 4.00272e-05
0 0.363686 0.758 0.0617886 0.0226667 4.00521e-05
0 0.382114 0.748667 0.0834688 0.0733333 4.00548e-05
0 0.328455 0.54 0.0932249 0.216 4.02931e-05
0 0.355285 0.018 0.0504065 0.036 4.04039e-05
0 0.426829 1 0.0764228 0 4.05371e-05
0 0.0493225 1 0.0552846 0 4.06178e-05
0 0.727913 0.417333 0.0574526 0.106667 4.07838e-05
0 0.631436 1 0.0390244 0 4.08626e-05
0 0.0121951 0.448667 0.0243902 0.134667 4.10512e-05
0 0.872358 0.258667 0.160976 0.517333 4.10839e-05
0 0.384282 0.746667 0.0411924 0.0426667 4.12162e-05
0 0.508943 0.257333 0.144173 0.514667 4.12721e-05
0 0.505149 0.944 0.0596206 0.112 4.13137e-05
0 0.534688 0.584667 0.0384824 0.142667 4.13466e-05
0 0.605149 0 0.0525745 0 4.14125e-05
0 0.811382 0.988667 0.0878049 0.0226667 4.18336e-05
0 0.687263 0.430667 0.0476965 0.117333 4.19001e-05
0 0.616531 0.65 0.0569106 0.0946667 4.20017e-05
0 0.354201 1 0.0373984 0 4.25479e-05
0 0.924932 0.252667 0.128455 0.505333 4.26024e-05
0 0.0555556 0.110667 0.100271 0.221333 4.26602e-05
0 0.0203252 0.223333 0.0406504 0.150667 4.27417e-05
0 0.82439 0.00533333 0.0813008 0.0106667 4.29279e-05
0 0.959079 0.0433333 0.0504065 0.0573333 4.2958e-05
0 0.817073 0.545333 0.0558266 0.109333 4.33158e-05
0 0.809214 0.654 0.0227642 0.0733333 4.35046e-05
0 0.301084 1 0.0829268 0 4.37089e-05
0 0.802981 0.466 0.0395664 0.116 4.37184e-05
0 0.783198 0.0346667 0.0661247 0.0693333 4.38546e-05
0 0.800542 0.634 0.0195122 0.0733333 4.38619e-05
0 0.0111111 0.384667 0.0222222 0.14 4.45409e-05
0 0.692954 0.914667 0.140379 0.117333 4.46096e-05
0 0.675881 0.221333 0.0433604 0.101333 4.46144e-05
0 0.368564 1 0.0346883 0 4.48078e-05
0 0.361518 0.769333 0.0368564 0.0213333 4.49754e-05
0 0.373171 0.768667 0.213008 0.462667 4.55677e-05
0 0.38916 0.280667 0.0260163 0.0333333 4.5774e-05
0 0.0352304 0.956 0.0704607 0.088 4.59105e-05
0 0.838753 1 0.0785908 0 4.59875e-05
0 0.746612 0.0266667 0.0926829 0.0533333 4.61011e-05
0 0.584824 0.506667 0.0498645 0.12 4.62305e-05
0 0.945528 0.036 0.0428184 0.0586667 4.66471e-05
0 0.708401 0.416 0.0444444 0.109333 4.67418e-05
0 0.55935 0.930667 0.0162602 0.104 4.6914e-05
0 0.54065 0.666 0.0265583 0.0946667 4.72906e-05
0 0.242276 1 0.0455285 0 4.73294e-05
0 0.620054 0.984667 0.0346883 0.0253333 4.74366e-05
0 0.544986 0.993333 0.0330623 0.0133333 4.75835e-05
0 0.666938 0.002 0.0666667 0.004 4.76253e-05
0 0.554201 0 0.0525745 0 4.80549e-05
0 0.0108401 0.016 0.0216802 0.032 4.81133e-05
0 0.161247 0.635333 0.255285 0.54 4.83668e-05
0 0.563415 0.497333 0.0590786 0.12 4.83969e-05
0 0.440379 0.448 0.0493225 0.298667 4.84251e-05
0 0.838753 0.908 0.0894309 0.114667 4.84254e-05
0 0.689702 0.472667 0.0178862 0.0626667 4.85977e-05
0 0.441192 1 0.0466125 0 4.86879e-05
0 0.569648 0.564 0.0390244 0.410667 4.91177e-05
0 0.0224932 0.637333 0.0330623 0.298667 4.94687e-05
0 0.86206 0.652667 0.0655827 0.105333 4.96054e-05
0 0.362602 0.770667 0.0650406 0.04 4.96776e-05
0 0.38374 0.238667 0.0596206 0.162667 5.03061e-05
0 0.107317 0.21 0.190786 0.396 5.04592e-05
0 0.712466 0.615333 0.0569106 0.116 5.05632e-05
0 0.965583 0.998667 0.0482385 0.00266667 5.08014e-05
0 0.0119241 0.199333 0.0205962 0.257333 5.0992e-05
0 0.44336 0.054 0.0444444 0.0733333 5.10912e-05
0 0.836585 0.102 0.113279 0.204 5.11513e-05
0 0.392954 1 0.0401084 0 5.14826e-05
0 0.711653 0.371333 0.0715447 0.177333 5.15193e-05
0 0.523306 0.530667 0.0471545 0.0773333 5.15456e-05
0 0.951762 0.502 0.096477 0.398667 5.17538e-05
0 0.136043 0.924667 0.113821 0.0946667 5.17728e-05
0 0.671003 0.519333 0.0552846 0.126667 5.19783e-05
0 0.982927 0.699333 0.0341463 0.350667 5.21651e-05
0 0.298645 0.440667 0.130081 0.358667 5.25355e-05
0 0.988889 0.173333 0.0113821 0.138667 5.29546e-05
0 0.357995 0.942667 0.0384824 0.0773333 5.33706e-05
0 0.751491 0.461333 0.0373984 0.0586667 5.35048e-05
0 0.875881 0.086 0.0715447 0.158667 5.40935e-05
0 0.968293 0.776 0.0634146 0.282667 5.44941e-05
0 0.00785908 0.911333 0.00921409 0.134667 5.50522e-05
0 0.114634 0.912667 0.117615 0.174667 5.50703e-05
0 0.783469 0.0486667 0.0514905 0.06 5.51895e-05
0 0.40813 0.880667 0.106233 0.204 5.61462e-05
0 0.0447154 0.531333 0.0894309 0.686667 5.61615e-05
0 0.988076 0.548 0.0216802 0.125333 5.66486e-05
0 0.161518 0.038 0.0813008 0.076 5.68274e-05
0 0.293496 0.989333 0.104607 0.0213333 5.68494e-05
0 0.0886179 0 0.0558266 0 5.6856e-05
0 0.374526 0.008 0.0943089 0.016 5.68893e-05
0 0.511924 0.898667 0.0720867 0.149333 5.72966e-05
0 0.0138211 0.384667 0.0189702 0.268 5.75776e-05
0 0.697019 0.462 0.0531165 0.108 5.76565e-05
0 0.579133 0 0.0525745 0 5.77833e-05
0 0.0119241 0.512 0.0238482 0.141333 5.80182e-05
0 0.960976 0.03 0.0780488 0.06 5.80771e-05
0 0.562602 0 0.0704607 0 5.80912e-05
0 0.891328 1 0.0504065 0 5.82523e-05
0 0.502168 0 0.0536585 0 5.85101e-05
0 0.601626 0.93 0.0444444 0.121333 5.88468e-05
0 0.394038 0.0166667 0.0476965 0.0333333 5.88502e-05
0 0.952846 0 0.0552846 0 5.92221e-05
0 0.217615 1 0.0471545 0 5.93531e-05
0 0.0357724 0.256 0.0715447 0.512 5.97659e-05
0 0.833604 0.634 0.0693767 0.124 6.00962e-05
0 0.546883 0.928667 0.0433604 0.142667 6.03575e-05
0 0.779946 1 0.0498645 0 6.07026e-05
0 0.605149 0.534667 0.0688347 0.154667 6.0844e-05
0 0.761247 0.558667 0.0417344 0.104 6.08644e-05
0 0.563957 0.989333 0.0579946 0.0213333 6.19427e-05
0 0.341734 0 0.0547425 0 6.19671e-05
0 0.465583 0.548667 0.113821 0.438667 6.21404e-05
0 0.779946 0.628667 0.0314363 0.1 6.21422e-05
0 0.267751 1 0.0466125 0 6.30258e-05
0 0.095664 0.008 0.0764228 0.016 6.32175e-05
0 0.0504065 0 0.0552846 0 6.32198e-05
0 0.781572 0.475333 0.0476965 0.1 6.37908e-05
0 0.765854 0 0.0542005 0 6.38018e-05
0 0.509756 0 0.097019 0 6.38672e-05
0 0.866667 0.046 0.0888889 0.092 6.42111e-05
0 0.00758808 0.992667 0.0151762 0.0146667 6.44476e-05
0 0.86477 0.994 0.108943 0.012 6.45169e-05
0 0.982927 0.042 0.0341463 0.084 6.49024e-05
0 0.417615 1 0.0439024 0 6.50076e-05
0 0.718157 0.00933333 0.0845528 0.0186667 6.50109e-05
0 0.565854 1 0.0422764 0 6.57067e-05
0 0.866938 1 0.0493225 0 6.5728e-05
0 0.809485 0.128 0.110027 0.226667 6.58797e-05
0 0.506504 0.502667 0.0547425 0.088 6.60034e-05
0 0.411111 0.94 0.0243902 0.101333 6.61366e-05
0 0.591599 0.898667 0.0406504 0.178667 6.61515e-05
0 0.491057 0.646667 0.109485 0.394667 6.62156e-05
0 0.93794 0.647333 0.0883469 0.148 6.63945e-05
0 0.975881 0.146 0.0482385 0.217333 6.67776e-05
0 0.977507 0.004 0.0449864 0.008 6.83354e-05
0 0.916802 0.0293333 0.098103 0.0586667 6.88389e-05
0 0.987534 0.848667 0.0130081 0.150667 6.88867e-05
0 0.678591 0.483333 0.0390244 0.233333 6.91956e-05
0 0.463957 0.561333 0.0682927 0.245333 6.95826e-05
0 0.399458 0.618 0.798916 0.764 7.02187e-05
0 0.984824 0.052 0.0292683 0.0693333 7.03882e-05
0 0.791057 0 0.0547425 0 7.05368e-05
0 0.726558 0.812667 0.223848 0.374667 7.05378e-05
0 0.820325 0.596667 0.0634146 0.241333 7.08455e-05
0 0.759621 0.048 0.0428184 0.0693333 7.09356e-05
0 0.757995 0.433333 0.0569106 0.112 7.12876e-05
0 0.755014 1 0.0542005 0 7.13762e-05
0 0.90271 0 0.0547425 0 7.17829e-05
0 0.0146341 0.519333 0.0195122 0.278667 7.17877e-05
0 0.545799 0.718667 0.0260163 0.0746667 7.19337e-05
0 0.0181572 0.336 0.0363144 0.288 7.20668e-05
0 0.984824 0.156667 0.0303523 0.313333 7.21334e-05
0 0.628455 0 0.0536585 0 7.23376e-05
0 0.817886 1 0.0455285 0 7.24107e-05
0 0.567209 0.922667 0.0439024 0.154667 7.26291e-05
0 0.773984 0.002 0.0910569 0.004 7.28522e-05
0 0.0815718 0.0186667 0.0514905 0.0373333 7.31176e-05
0 0.466667 0.0106667 0.0845528 0.0213333 7.34142e-05
0 0.991057 0.236 0.0124661 0.128 7.36975e-05
0 0.521951 0.147333 0.0747968 0.214667 7.40496e-05
0 0.989973 0.108667 0.0200542 0.172 7.50369e-05
0 0.952575 1 0.0536585 0 7.53141e-05
0 0.871003 0.649333 0.0292683 0.0826667 7.53389e-05
0 0.459892 0.0313333 0.0883469 0.0626667 7.63943e-05
0 0.951219 0.416 0.0401084 0.117333 7.65919e-05
0 0.74607 0.618667 0.0211382 0.0853333 7.74742e-05
0 0.305691 1 0.0498645 0 7.8074e-05
0 0.489702 0.932667 0.0298103 0.110667 7.81134e-05
0 0.0311653 0.340667 0.0623306 0.494667 7.85556e-05
0 0.445257 0.428667 0.0265583 0.126667 7.86227e-05
0 0.738482 0.568 0.0720867 0.0933333 7.87606e-05
0 0.563957 0.847333 0.0439024 0.113333 7.91207e-05
0 0.607046 0.983333 0.0357724 0.028 7.9911e-05
0 0.982114 0.026 0.0336043 0.044 8.05902e-05
0 0.901626 1 0.0905149 0 8.06017e-05
0 0.610027 0.97 0.0644986 0.06 8.10721e-05
0 0.0195122 0.102667 0.0336043 0.2 8.16481e-05
0 0.740108 0 0.0547425 0 8.17394e-05
0 0.764499 1 0.0937669 0 8.22789e-05
0 0.0138211 0.291333 0.0233062 0.254667 8.27198e-05
0 0.666938 0 0.0536585 0 8.29727e-05
0 0.0317073 0.827333 0.0634146 0.302667 8.34152e-05
0 0.00948509 0.112 0.0189702 0.208 8.34216e-05
0 0.0143631 1 0.0243902 0 8.35059e-05
0 0.660705 0.61 0.0845528 0.0786667 8.35619e-05
0 0.956369 0.711333 0.0872629 0.550667 8.36888e-05
0 0.636856 0 0.0802168 0 8.42681e-05
0 0.75122 0.468 0.0542005 0.0906667 8.43248e-05
0 0.388618 0.0226667 0.0899729 0.0453333 8.44772e-05
0 0.326016 0.896 0.0666667 0.16 8.49707e-05
0 0.986179 0 0.0276423 0 8.49802e-05
0 0.595393 0.986 0.0373984 0.028 8.51615e-05
0 0.0536585 0.210667 0.107317 0.368 8.63647e-05
0 0.842818 1 0.0487805 0 8.66795e-05
0 0.988347 0.00933333 0.0178862 0.0186667 8.71951e-05
0 0.188347 0.0173333 0.0807588 0.0346667 8.77536e-05
0 0.373442 0.024 0.0834688 0.048 8.7925e-05
0 0.340921 0.00933333 0.107317 0.0186667 8.79979e-05
0 0.20271 0 0.0552846 0 8.82984e-05
0 0.690515 0 0.0542005 0 8.84011e-05
0 0.0208672 1 0.0417344 0 8.8538e-05
0 0.979675 0 0.0406504 0 8.88905e-05
0 0.209756 0.00133333 0.0932249 0.00266667 8.98296e-05
0 0.269919 0.0506667 0.0585366 0.101333 9.05217e-05
0 0.161518 0.00733333 0.0932249 0.0146667 9.06124e-05
0 0.792141 0.014 0.0796748 0.028 9.10104e-05
0 0.365041 0 0.0558266 0 9.18251e-05
0 0.99187 0.2 0.0162602 0.208 9.19722e-05
0 0.715447 0 0.0542005 0 9.21643e-05
0 0.868293 0.012 0.0867209 0.024 9.28234e-05
0 0.489973 0.738 0.0672087 0.182667 9.31025e-05
0 0.98916 0.114 0.0130081 0.126667 9.31942e-05
0 0.873713 0.0886667 0.0346883 0.129333 9.33215e-05
0 0.98103 0.457333 0.0379404 0.232 9.41753e-05
0 0.126558 0 0.0569106 0 9.50052e-05
0 0.988889 0.448 0.0222222 0.122667 9.55192e-05
0 0.978591 0.515333 0.0428184 0.102667 9.61895e-05
0 0.585095 0.540667 0.0243902 0.0333333 9.61966e-05
0 0.104607 0.0226667 0.0509485 0.0346667 9.71334e-05
0 0.61626 0.81 0.0466125 0.044 9.82723e-05
0 0.743631 0.278667 0.0281843 0.088 9.88704e-05
0 0.0219512 0.78 0.0373984 0.349333 9.89561e-05
0 0.407588 0.0206667 0.0433604 0.0413333 9.9519e-05
0 0.981301 0.572667 0.0373984 0.294667 9.96732e-05
0 0.414905 0 0.0558266 0 9.9995e-05
0 0.0417344 0.732 0.0834688 0.536 0.000100727
0 0.99187 0.954667 0.00758808 0.0906667 0.000101723
0 0.0300813 0.0653333 0.0504065 0.106667 0.000101788
0 0.635772 0.625333 0.0520325 0.064 0.000101942
0 0.556911 0.798667 0.0417344 0.24 0.000102682
0 0.64851 0.864 0.137127 0.272 0.000102883
0 0.736585 0.61 0.0173442 0.068 0.000103062
0 0.950406 0.416667 0.0233062 0.092 0.000103179
0 0.779404 0.792667 0.0943089 0.142667 0.000103278
0 0.689702 0 0.0926829 0 0.000103904
0 0.545528 0.696 0.0211382 0.056 0.00010433
0 0.722764 0.738667 0.0352304 0.208 0.000105658
0 0.0192412 0.054 0.0384824 0.108 0.000105668
0 0.557724 0.993333 0.0401084 0.0133333 0.000105696
0 0.452304 0 0.0547425 0 0.00010613
0 0.217344 0.876667 0.146341 0.246667 0.000106423
0 0.514092 0.467333 0.58916 0.934667 0.000107386
0 0.611924 0.763333 0.0216802 0.06 0.000107821
0 0.389973 0 0.0558266 0 0.000108143
0 0.961518 0.356 0.0704607 0.221333 0.000108249
0 0.815447 0 0.0547425 0 0.000108353
0 0.962602 1 0.0693767 0 0.000109202
0 0.979675 0.446667 0.0406504 0.0613333 0.000109317
0 0.717073 0.738667 0.0195122 0.0346667 0.000109393
0 0.476965 0 0.0552846 0 0.000109753
0 0.0208672 0.484667 0.0417344 0.353333 0.000109836
0 0.616531 0.829333 0.104607 0.309333 0.000110025
0 0.968564 0.642 0.0628726 0.201333 0.000110176
0 0.769106 0.646 0.461789 0.708 0.000110669
0 0.485908 0 0.0905149 0 0.000110757
0 0.415989 0.0126667 0.0796748 0.0253333 0.000111496
0 0.809756 0.638667 0.0390244 0.114667 0.0001134
0 0.971003 0.0706667 0.0579946 0.12 0.000114017
0 0.754743 0.389333 0.490515 0.778667 0.000114356
0 0.844173 0.591333 0.0579946 0.0706667 0.000115286
0 0.142276 0.0193333 0.097019 0.0386667 0.000117205
0 0.739566 0 0.107859 0 0.000118087
0 0.225203 0.832 0.288889 0.336 0.000118461
0 0.877507 0 0.0552846 0 0.000119576
0 0.41626 0.0286667 0.0672087 0.0573333 0.000120998
0 0.728726 0.905333 0.153388 0.168 0.000122378
0 0.982927 0.994 0.0243902 0.012 0.000123025
0 0.990515 0.853333 0.0146341 0.272 0.000124893
0 0.336585 1 0.0758808 0 0.00012591
0 0.991057 0.0566667 0.0178862 0.113333 0.000127204
0 0.0292683 0.0333333 0.0509485 0.0666667 0.000131062
0 0.758808 0.476 0.0422764 0.04 0.000131809
0 0.099458 0.0133333 0.108943 0.0266667 0.000133295
0 0.0149051 0.592 0.0298103 0.357333 0.000133901
0 0.410298 0.0493333 0.0390244 0.0666667 0.000134028
0 0.176423 0 0.0569106 0 0.000134064
0 0.238211 0.882667 0.111111 0.149333 0.000134724
0 0.99187 1 0.0162602 0 0.000136559
0 0.685637 0.602667 0.0379404 0.0373333 0.000136699
0 0.328997 1 0.0487805 0 0.000136905
0 0.986721 0.915333 0.0189702 0.110667 0.000137145
0 0.987534 0.886 0.0249322 0.228 0.000137986
0 0.991599 0.976 0.0168022 0.048 0.00013909
0 0.150949 0 0.0569106 0 0.000140875
0 0.978049 0.473333 0.0439024 0.072 0.000141394
0 0.839566 0 0.0552846 0 0.000142986
0 0.488618 0.936 0.00921409 0.096 0.000143551
0 0.0319783 0.131333 0.0585366 0.238667 0.000144208
0 0.326016 0.456 0.0569106 0.157333 0.000144317
0 0.163957 0.466 0.327913 0.932 0.00014491
0 0.923306 0.00133333 0.105691 0.00266667 0.00014539
0 0.705962 0.585333 0.0395664 0.0373333 0.000147311
0 0.692412 0.598 0.0753388 0.0653333 0.000147456
0 0.00948509 1 0.0189702 0 0.000148209
0 0.705149 0.566667 0.0791328 0.104 0.00015056
0 0.333604 0.052 0.123035 0.104 0.000151475
0 0.0650406 0.0273333 0.106233 0.0546667 0.000152343
0 0.0260163 0.657333 0.0520325 0.434667 0.000154529
0 0.78916 0.914 0.124661 0.156 0.000154806
0 0.941463 0.998 0.104065 0.004 0.000156648
0 0.974255 0.889333 0.0514905 0.186667 0.000158922
0 0.612466 0.774667 0.0368564 0.0373333 0.00015971
0 0.109485 0.942 0.097561 0.0786667 0.000162479
0 0.376965 0.286 0.0319783 0.0813333 0.000162721
0 0.0601626 1 0.0888889 0 0.000168001
0 0.944173 0.0106667 0.0411924 0.0213333 0.000168592
0 0.749593 0.593333 0.0715447 0.184 0.000169005
0 0.436585 0 0.104607 0 0.00016989
0 0.769377 0.03 0.0569106 0.06 0.00017055
0 0.153388 0.545333 0.306775 0.909333 0.000171632
0 0.727371 0.747333 0.0433604 0.0493333 0.000175113
0 0.972358 0.512 0.0552846 0.2 0.000181063
0 0.548238 0.8 0.0243902 0.141333 0.000182728
0 0.642547 0.898667 0.107859 0.168 0.000183041
0 0.372087 0.765333 0.0428184 0.0213333 0.00018617
0 0.098916 0.0266667 0.0937669 0.0533333 0.000186406
0 0.835772 0.574 0.0433604 0.06 0.000187339
0 0.771545 0.5 0.456911 1 0.000188009
0 0.433604 0.0333333 0.0585366 0.0613333 0.000190787
0 0.347967 0.5 0.695935 1 0.000194656
0 0.253388 0.0686667 0.0514905 0.110667 0.000195147
0 0.946883 0.016 0.0650406 0.032 0.000196287
0 0.815447 0 0.115447 0 0.000199898
0 0.37832 0.292 0.0130081 0.0213333 0.000203533
0 0.0344173 0.0313333 0.0688347 0.0626667 0.000203533
0 0.976423 0 0.0471545 0 0.000204568
0 0.990244 0.0573333 0.0119241 0.088 0.000206979
0 0.757453 0.466667 0.0254743 0.0346667 0.000224736
0 0.61626 0.84 0.0563686 0.133333 0.000225026
0 0.428726 0.0506667 0.0379404 0.0693333 0.000226881
0 0.971816 0.408667 0.0563686 0.137333 0.000232119
0 0.694038 0.594 0.0590786 0.0333333 0.000235043
0 0.0208672 0.227333 0.0406504 0.396 0.000236444
0 0.0271003 0.00733333 0.0542005 0.0146667 0.000242129
0 0.279133 0.708667 0.558266 0.582667 0.000242362
0 0.633062 0.632 0.0368564 0.0346667 0.000242369
0 0.782927 0.0286667 0.0406504 0.0466667 0.000242856
0 0.886179 0 0.099729 0 0.000247064
0 0.561789 0.801333 0.0319783 0.136 0.000248884
0 0.987805 0.982 0.0102981 0.036 0.000250703
0 0.848781 0.00266667 0.0921409 0.00533333 0.000251025
0 0.0281843 1 0.0531165 0 0.000252219
0 0.0306233 0.998 0.0612466 0.004 0.000258238
0 0.11355 0.002 0.131707 0.004 0.000261821
0 0.389431 0.002 0.108943 0.004 0.000281281
0 0.460163 0.643333 0.0943089 0.196 0.000283488
0 0.0609756 0.000666667 0.121951 0.00133333 0.000311608
0 0.623577 0.61 0.679133 0.78 0.000313861
0 0.162873 0.000666667 0.120867 0.00133333 0.00031459
0 0.987805 1 0.0189702 0 0.000324241
0 0.956098 0.022 0.0672087 0.044 0.00032923
0 0.980488 0.999333 0.0390244 0.00133333 0.000332425
0 0.591328 0.754 0.0195122 0.044 0.000344373
0 0.5729 0.536 0.0260163 0.0266667 0.000346808
0 0.824932 0.604667 0.0498645 0.1 0.000347465
0 0.542276 0.861333 0.0211382 0.0506667 0.000356417
0 0.41897 0.0273333 0.0379404 0.0493333 0.000361007
0 0.96206 0.004 0.0758808 0.008 0.000366717
0 0.99187 0.920667 0.0151762 0.158667 0.000371267
0 0.757995 0.593333 0.0417344 0.0613333 0.000372161
0 0.515989 0.528 0.0303523 0.0426667 0.000379036
0 0.745528 0.608667 0.0428184 0.0733333 0.000386613
0 0.679133 0.487333 0.0292683 0.0786667 0.000394104
0 0.759621 0.616 0.0384824 0.168 0.000405574
0 0.679404 0.486 0.0157182 0.028 0.000439548
0 0.595122 0.761333 0.0227642 0.261333 0.000451161
0 0.978862 1 0.0390244 0 0.000460898
0 0.0325203 0.008 0.0650406 0.016 0.000469552
0 0.555827 0.885333 0.0298103 0.178667 0.000476317
0 0.989973 0.934667 0.00921409 0.112 0.000483637
0 0.382385 0.756 0.0644986 0.032 0.0005166
0 0.382385 0.289333 0.0124661 0.024 0.000522298
0 0.383469 0.768667 0.0634146 0.0333333 0.000600223
0 0.941192 0.0213333 0.0352304 0.024 0.000625418
0 0.683469 0.481333 0.0130081 0.0426667 0.000651885
0 0.576423 0.540667 0.0189702 0.06 0.000665215
0 0.0271003 0 0.0542005 0 0.000696566
0 0.382385 0.289333 0.0211382 0.0453333 0.000802282
0 0.556911 0.902 0.0189702 0.110667 0.00106262
0 0.841463 0.584667 0.0298103 0.028 0.00110338
0 0.72981 0.741333 0.0168022 0.032 0.00113109
0 0.724661 0.736 0.0238482 0.0613333 0.00114201
0 0.30813 0.285333 0.61626 0.570667 0.00144634
0 0.685095 0.486 0.0249322 0.0413333 0.00152094
0 0.548238 0.858667 0.0265583 0.168 0.00152927
0 0.284824 0.496 0.531707 0.664 0.00279386
0 0.555285 0.866667 0.0265583 0.0826667 0.00373162
0 0.765041 0.616 0.0178862 0.0586667 0.00407687
0 0.550949 0.845333 0.0243902 0.088 0.00587489
0 0.435501 0.585333 0.479675 0.829333 0.00792873
0 0.275881 0.245333 0.373984 0.490667 0.00804971
0 0.761789 0.616667 0.0330623 0.0706667 0.00953043
0 0.600271 0.775333 0.0319783 0.06 0.0118852
0 0.822493 0.723333 0.314905 0.553333 0.0131889
0 0.4729 0.633333 0.272629 0.72 0.0146592
0 0.621409 0.740667 0.296477 0.518667 0.0163742
0 0.723577 0.742 0.0195122 0.036 0.01916
0 0.322764 0.482667 0.215176 0.501333 0.02936
0 0.549322 0.865333 0.0189702 0.056 0.294594
0 0.597561 0.758667 0.0189702 0.0426667 0.301646
0 0.276694 0.074 0.0915989 0.132 0.583564
0 0.463686 0.692667 0.0644986 0.212 0.757597
0 0.824661 0.868 0.101355 0.136 0.789485
0 0.611111 0.89 0.0710027 0.196 0.860485
0 0.328997 0.462 0.112737 0.217333 0.918172
