0 0.213434 0.952 0.126761 0.096 9.65388e-06
0 0.558505 0.368667 0.020585 0.052 9.67149e-06
0 0.505959 0.95 0.0390032 0.092 9.67729e-06
0 0.663597 0.508 0.134345 0.562667 9.74997e-06
0 0.189328 0.415333 0.173889 0.593333 9.77023e-06
0 0.261376 0.943333 0.0362947 0.0946667 9.85033e-06
0 0.517064 0.217333 0.039545 0.141333 9.85347e-06
0 0.771398 0.560667 0.0368364 0.076 9.86856e-06
0 0.664951 0.960667 0.0850488 0.0786667 9.87324e-06
0 0.942308 0.907333 0.0514626 0.116 9.87507e-06
0 0.677681 0.464667 0.0303359 0.0626667 9.88651e-06
0 0.111322 0.105333 0.148971 0.173333 9.89437e-06
0 0.127844 0.194 0.255688 0.388 9.90473e-06
0 0.868635 0.912 0.103467 0.176 9.908e-06
0 0.355634 0.524667 0.120802 0.276 9.95035e-06
0 0.511376 0.969333 0.0455038 0.0426667 9.95884e-06
0 0.627844 0.42 0.0487541 0.125333 9.96152e-06
0 0.549567 0.214 0.0092091 0.0413333 9.98054e-06
0 0.187161 0.909333 0.103467 0.122667 9.98245e-06
0 0.541712 0.213333 0.0216685 0.114667 9.99952e-06
0 0.694204 0.11 0.0330444 0.0813333 1.00002e-05
0 0.744583 0.655333 0.0406284 0.0466667 1.00385e-05
0 0.879198 0.175333 0.0552546 0.145333 1.00512e-05
0 0.45585 0.968667 0.0384615 0.0573333 1.00654e-05
0 0.169556 0.0533333 0.0498375 0.0693333 1.00677e-05
0 0.16468 0.098 0.132178 0.177333 1.01009e-05
0 0.626219 0.822 0.0216685 0.068 1.01489e-05
0 0.693933 0.210667 0.0335861 0.0933333 1.01547e-05
0 0.35428 0.484667 0.0368364 0.0573333 1.017e-05
0 0.270856 0.0793333 0.0400867 0.0893333 1.01739e-05
0 0.788191 0.082 0.0433369 0.092 1.0178e-05
0 0.885157 0.0426667 0.0910076 0.0853333 1.02382e-05
0 0.479415 0.0186667 0.0400867 0.0373333 1.02463e-05
0 0.777627 0.862667 0.106717 0.274667 1.02852e-05
0 0.660888 0.207333 0.0379198 0.0973333 1.03008e-05
0 0.704225 0.331333 0.0249187 0.0893333 1.03023e-05
0 0.542524 0.409333 0.0427952 0.144 1.03132e-05
0 0.785482 0.706667 0.0574215 0.178667 1.03391e-05
0 0.64572 0.778667 0.0314193 0.0453333 1.03721e-05
0 0.891116 0.973333 0.0888407 0.0533333 1.04027e-05
0 0.137053 0.0566667 0.092091 0.084 1.04049e-05
0 0.662243 0.465333 0.0330444 0.0586667 1.04237e-05
0 0.317985 0.219333 0.15493 0.438667 1.04319e-05
0 0.400596 0.336 0.0655471 0.28 1.04408e-05
0 0.640574 0.044 0.0839653 0.088 1.04625e-05
0 0.463705 0.640667 0.144095 0.609333 1.04763e-05
0 0.418202 0.864 0.0379198 0.048 1.05363e-05
0 0.383532 0.336667 0.0227519 0.0813333 1.05424e-05
0 0.519502 0.75 0.291441 0.5 1.05498e-05
0 0.365114 0.116667 0.0541712 0.0813333 1.05611e-05
0 0.516793 0.0273333 0.0314193 0.0546667 1.0562e-05
0 0.417118 0.0186667 0.0400867 0.0373333 1.05856e-05
0 0.619447 0 0.0503792 0 1.06027e-05
0 0.164139 0.422 0.12026 0.270667 1.06072e-05
0 0.841008 0.946667 0.0861322 0.106667 1.06128e-05
0 0.468581 0.979333 0.0335861 0.0306667 1.06342e-05
0 0.137595 1 0.0520043 0 1.06676e-05
0 0.539274 0.102 0.0742145 0.204 1.08315e-05
0 0.532232 0.954 0.0254605 0.0706667 1.08627e-05
0 0.913055 0.984667 0.1013 0.0306667 1.08658e-05
0 0.382449 0.204667 0.0801734 0.297333 1.0867e-05
0 0.85753 0.99 0.0433369 0.02 1.09198e-05
0 0.0189599 0.450667 0.0379198 0.12 1.092e-05
0 0.565276 0.509333 0.0503792 0.0453333 1.09608e-05
0 0.625406 0.0446667 0.0352113 0.076 1.0969e-05
0 0.549567 0.223333 0.0222102 0.116 1.09789e-05
0 0.508667 0.935333 0.0790899 0.129333 1.09847e-05
0 0.543879 0.954 0.028169 0.0653333 1.09878e-05
0 0.506501 0.344667 0.0411701 0.121333 1.10001e-05
0 0.732665 0.0833333 0.0417118 0.084 1.1116e-05
0 0.5948 0.09 0.0552546 0.0813333 1.11247e-05
0 0.0186891 0.634667 0.0189599 0.296 1.11853e-05
0 0.371614 0.484 0.063922 0.146667 1.11882e-05
0 0.580715 0.217333 0.0769231 0.277333 1.11926e-05
0 0.531148 0.173333 0.186891 0.346667 1.12146e-05
0 0.663868 0.881333 0.0211268 0.0933333 1.12215e-05
0 0.920368 0.546 0.0834236 0.204 1.12353e-05
0 0.25948 0.610667 0.0888407 0.293333 1.13035e-05
0 0.663868 0.112667 0.0742145 0.225333 1.13152e-05
0 0.583153 0.972 0.0991333 0.056 1.13359e-05
0 0.982665 0.958667 0.0346696 0.0826667 1.13381e-05
0 0.268689 0.266 0.16468 0.532 1.13451e-05
0 0.124865 0.0486667 0.153304 0.0973333 1.1346e-05
0 0.38597 0.966 0.095883 0.068 1.13742e-05
0 0.838841 0.312 0.0763814 0.221333 1.13774e-05
0 0.381365 0.282667 0.0628386 0.146667 1.14586e-05
0 0.469393 0.221333 0.06013 0.162667 1.14819e-05
0 0.446641 0.956667 0.024377 0.0866667 1.15108e-05
0 0.723185 0.0466667 0.0682557 0.08 1.15218e-05
0 0.785211 0.791333 0.113218 0.158667 1.15552e-05
0 0.800921 0.195333 0.0341278 0.092 1.16325e-05
0 0.373239 0.913333 0.0877573 0.16 1.16461e-05
0 0.0964247 0.790667 0.112676 0.24 1.16754e-05
0 0.756771 0.654667 0.0249187 0.064 1.17158e-05
0 0.421452 0.952667 0.028169 0.0946667 1.17257e-05
0 0.323944 0.088 0.0541712 0.176 1.17383e-05
0 0.738353 0.41 0.0487541 0.153333 1.17633e-05
0 0.363218 0.124667 0.0254605 0.052 1.1803e-05
0 0.709913 0.636 0.132719 0.584 1.18356e-05
0 0.539003 0.268667 0.0660888 0.302667 1.18541e-05
0 0.247291 0.6 0.167389 0.392 1.19023e-05
0 0.568797 0.723333 0.0346696 0.326667 1.19099e-05
0 0.519502 0.048 0.0270856 0.0773333 1.19554e-05
0 0.836674 0.969333 0.0850488 0.056 1.19647e-05
0 0.222644 0.43 0.0541712 0.236 1.19714e-05
0 0.760022 0.716667 0.0812568 0.158667 1.19825e-05
0 0.708559 0.402667 0.0736728 0.285333 1.2005e-05
0 0.446641 0.98 0.0287107 0.0373333 1.20158e-05
0 0.630282 0.336 0.0785482 0.296 1.20224e-05
0 0.579902 0.765333 0.0709642 0.125333 1.20772e-05
0 0.510563 0.277333 0.0417118 0.138667 1.20819e-05
0 0.866197 0.401333 0.135428 0.165333 1.2087e-05
0 0.210726 0.210667 0.035753 0.117333 1.20902e-05
0 0.539545 0.088 0.0520043 0.157333 1.20931e-05
0 0.616197 0.894667 0.0709642 0.149333 1.21106e-05
0 0.494041 0.74 0.0444204 0.362667 1.21483e-05
0 0.0186891 0.948667 0.0330444 0.0813333 1.21857e-05
0 0.605905 0.417333 0.0709642 0.173333 1.22159e-05
0 0.357801 0.958667 0.0731311 0.0826667 1.22294e-05
0 0.58234 0.228 0.0465872 0.154667 1.22916e-05
0 0.517606 0.254 0.0709642 0.174667 1.23498e-05
0 0.81961 0.370667 0.169014 0.568 1.23563e-05
0 0.76571 0.0753333 0.088299 0.150667 1.24013e-05
0 0.424431 0.209333 0.0503792 0.064 1.2414e-05
0 0.259209 0.984667 0.0579632 0.0306667 1.24279e-05
0 0.628115 0.442 0.0254605 0.028 1.24309e-05
0 0.159534 0.295333 0.263814 0.590667 1.24344e-05
0 0.372156 0.114 0.0552546 0.217333 1.26082e-05
0 0.693662 0.489333 0.0287107 0.072 1.26088e-05
0 0.195287 0.052 0.0471289 0.072 1.2616e-05
0 0.62351 0.827333 0.0541712 0.326667 1.27237e-05
0 0.911972 0.172 0.176056 0.344 1.2736e-05
0 0.504875 0.00266667 0.0509209 0.00533333 1.2795e-05
0 0.75 0.614 0.0287107 0.0653333 1.27956e-05
0 0.424702 0.209333 0.056338 0.152 1.28077e-05
0 0.39247 0 0.0503792 0 1.28713e-05
0 0.790358 0.984 0.0823402 0.032 1.28731e-05
0 0.541983 0.97 0.105634 0.06 1.29704e-05
0 0.534128 0.828667 0.0725894 0.161333 1.2973e-05
0 0.639491 0.967333 0.0850488 0.0653333 1.29846e-05
0 0.343987 0.00466667 0.0498375 0.00933333 1.2997e-05
0 0.0211268 0.121333 0.0238353 0.208 1.29975e-05
0 0.846154 0.973333 0.0433369 0.0346667 1.30086e-05
0 0.627031 0.44 0.00812568 0.016 1.30094e-05
0 0.510293 0.920667 0.0574215 0.134667 1.3155e-05
0 0.634074 0.787333 0.138137 0.425333 1.31672e-05
0 0.726436 0.221333 0.156013 0.442667 1.32361e-05
0 0.538462 0.343333 0.0379198 0.124 1.32568e-05
0 0.463976 0.644 0.0698808 0.181333 1.32596e-05
0 0.540087 0.272 0.0335861 0.141333 1.32977e-05
0 0.185807 0.512667 0.0693391 0.214667 1.3303e-05
0 0.450975 0.825333 0.0817985 0.125333 1.33036e-05
0 0.53169 0.980667 0.0330444 0.0386667 1.33066e-05
0 0.346696 0.0253333 0.0270856 0.0506667 1.33543e-05
0 0.35455 0.618 0.173889 0.694667 1.34168e-05
0 0.11403 0.92 0.147887 0.16 1.34591e-05
0 0.78467 0.697333 0.0817985 0.325333 1.34788e-05
0 0.110238 0.887333 0.116468 0.193333 1.34839e-05
0 0.679577 0.412667 0.0709642 0.254667 1.35005e-05
0 0.535753 0.916667 0.0585049 0.137333 1.35066e-05
0 0.463164 0.246667 0.028169 0.0746667 1.35254e-05
0 0.6013 0.504667 0.0628386 0.092 1.3555e-05
0 0.31961 0.112667 0.0910076 0.158667 1.35746e-05
0 0.437974 0.254 0.0254605 0.0813333 1.35955e-05
0 0.736457 0.338667 0.0514626 0.162667 1.36179e-05
0 0.735915 0.464 0.0752979 0.269333 1.37248e-05
0 0.666306 0.279333 0.145179 0.558667 1.37941e-05
0 0.0587757 0.775333 0.117551 0.262667 1.3822e-05
0 0.105092 0.0206667 0.0476706 0.0413333 1.38387e-05
0 0.370802 0.65 0.0417118 0.118667 1.38473e-05
0 0.35428 0.519333 0.028169 0.028 1.38583e-05
0 0.459101 0.762 0.0709642 0.150667 1.38637e-05
0 0.0316901 0.122667 0.0536295 0.146667 1.38786e-05
0 0.540628 0.176667 0.0314193 0.116 1.39915e-05
0 0.670098 0.144 0.035753 0.0746667 1.40016e-05
0 0.455038 0 0.0498375 0 1.40811e-05
0 0.785753 0.134667 0.06013 0.168 1.40986e-05
0 0.356446 0.500667 0.0660888 0.076 1.41091e-05
0 0.895991 0.94 0.0520043 0.08 1.41201e-05
0 0.504875 0.0226667 0.0346696 0.0453333 1.41341e-05
0 0.714518 0.810667 0.0595883 0.106667 1.4155e-05
0 0.41468 0.739333 0.0752979 0.116 1.41568e-05
0 0.494312 0.951333 0.0287107 0.06 1.41896e-05
0 0.709642 0.214 0.0704225 0.174667 1.42019e-05
0 0.884886 1 0.0666305 0 1.43368e-05
0 0.758126 1 0.0590466 0 1.43518e-05
0 0.42416 0.006 0.0780065 0.012 1.43621e-05
0 0.917389 0.240667 0.0579632 0.118667 1.43909e-05
0 0.629198 0.430667 0.024377 0.0186667 1.44401e-05
0 0.211809 0.298 0.0325027 0.148 1.44725e-05
0 0.309588 0.0313333 0.0254605 0.052 1.44859e-05
0 0.604009 0.273333 0.0270856 0.0533333 1.45769e-05
0 0.846966 0.500667 0.0612134 0.166667 1.46594e-05
0 0.573944 0.427333 0.134886 0.452 1.46777e-05
0 0.514897 0.0293333 0.105634 0.0586667 1.4681e-05
0 0.571506 0.392 0.0270856 0.056 1.46831e-05
0 0.817443 0.894667 0.163597 0.208 1.47672e-05
0 0.66143 0.052 0.0433369 0.0506667 1.47678e-05
0 0.676598 0.639333 0.0292524 0.06 1.47789e-05
0 0.518689 0.956667 0.0178765 0.06 1.48116e-05
0 0.67091 0.953333 0.0547129 0.0933333 1.4814e-05
0 0.568527 0.778 0.168472 0.444 1.48307e-05
0 0.570693 0.368 0.0287107 0.0533333 1.486e-05
0 0.656826 0.002 0.0514626 0.004 1.48768e-05
0 0.71208 0.518667 0.0752979 0.173333 1.48991e-05
0 0.214518 0.217333 0.0758397 0.373333 1.49088e-05
0 0.380011 0.539333 0.0449621 0.121333 1.49124e-05
0 0.0744854 1 0.0547129 0 1.49442e-05
0 0.417389 0.0286667 0.106717 0.0573333 1.49798e-05
0 0.539816 0 0.0514626 0 1.49833e-05
0 0.299296 0.0186667 0.024377 0.0373333 1.50046e-05
0 0.328548 0.024 0.0211268 0.048 1.50887e-05
0 0.41766 0 0.0498375 0 1.50946e-05
0 0.417389 0.06 0.0362947 0.0586667 1.51132e-05
0 0.0343987 0.502 0.0438787 0.284 1.51716e-05
0 0.548212 0.562667 0.0487541 0.136 1.51774e-05
0 0.634074 0.528 0.039545 0.146667 1.52592e-05
0 0.961538 0.0446667 0.071506 0.0786667 1.52612e-05
0 0.135428 0.132 0.135428 0.264 1.54117e-05
0 0.986999 0.848 0.0216685 0.157333 1.54287e-05
0 0.694204 0.331333 0.0222102 0.0893333 1.54832e-05
0 0.456121 0.954 0.0238353 0.0733333 1.55044e-05
0 0.70883 0.412 0.0427952 0.130667 1.55279e-05
0 0.71506 0.146 0.0628386 0.190667 1.55731e-05
0 0.0189599 0.512 0.0379198 0.122667 1.55816e-05
0 0.868364 0.125333 0.0660888 0.173333 1.56074e-05
0 0.428765 0.903333 0.0774648 0.118667 1.56175e-05
0 0.833153 0.404 0.11701 0.248 1.56473e-05
0 0.537378 0.608667 0.126761 0.476 1.56829e-05
0 0.041441 0.966 0.0828819 0.068 1.56986e-05
0 0.846966 0.315333 0.0644637 0.113333 1.58721e-05
0 0.936891 0.468 0.0991333 0.272 1.5878e-05
0 0.460455 0.935333 0.0855905 0.129333 1.59114e-05
0 0.638678 0.201333 0.0780065 0.250667 1.59532e-05
0 0.505146 0.668 0.0633803 0.128 1.59764e-05
0 0.870531 0.984667 0.0379198 0.0306667 1.59843e-05
0 0.613218 0.262 0.134345 0.524 1.60408e-05
0 0.741333 0.594 0.0655471 0.284 1.60795e-05
0 0.980769 0.774667 0.0384615 0.224 1.61358e-05
0 0.633532 0.664667 0.0232936 0.0866667 1.61887e-05
0 0.705038 0.661333 0.0254605 0.072 1.61894e-05
0 0.0105634 0.968 0.0211268 0.064 1.62079e-05
0 0.244854 0.415333 0.124594 0.564 1.62712e-05
0 0.282232 0.433333 0.092091 0.202667 1.63361e-05
0 0.580986 0.343333 0.0644637 0.236 1.64667e-05
0 0.328548 0.206 0.031961 0.0546667 1.65074e-05
0 0.456121 0.979333 0.0292524 0.0306667 1.6529e-05
0 0.507313 0.953333 0.024377 0.056 1.65301e-05
0 0.807421 0.400667 0.0427952 0.113333 1.65318e-05
0 0.157096 0.982667 0.0747562 0.0346667 1.6557e-05
0 0.154659 0.0166667 0.0492958 0.0333333 1.66353e-05
0 0.375406 0.983333 0.0704225 0.0333333 1.66715e-05
0 0.398429 0.342 0.0341278 0.108 1.67058e-05
0 0.668472 0.177333 0.0411701 0.0853333 1.67704e-05
0 0.556067 0.282 0.0373781 0.145333 1.6776e-05
0 0.633803 0.344 0.071506 0.146667 1.67803e-05
0 0.41441 0.532667 0.125677 0.537333 1.67962e-05
0 0.190683 0.0693333 0.0866739 0.138667 1.68181e-05
0 0.731853 1 0.0585049 0 1.69279e-05
0 0.222914 0.793333 0.320152 0.413333 1.69798e-05
0 0.0899242 0 0.0541712 0 1.69834e-05
0 0.662784 0.008 0.0742145 0.016 1.70708e-05
0 0.385428 0.078 0.0937161 0.156 1.71131e-05
0 0.603196 0.306 0.0254605 0.0573333 1.71448e-05
0 0.0100217 0.962 0.0092091 0.076 1.72346e-05
0 0.915764 0 0.052546 0 1.73058e-05
0 0.73104 0.724 0.0893824 0.136 1.73424e-05
0 0.669285 0.432 0.0362947 0.0613333 1.74417e-05
0 0.634886 0.275333 0.0693391 0.142667 1.74971e-05
0 0.687703 0.328 0.0612134 0.269333 1.75373e-05
0 0.570152 0.883333 0.0893824 0.169333 1.75934e-05
0 0.371343 0.995333 0.0449621 0.00933333 1.76235e-05
0 0.774919 0.0486667 0.0850488 0.084 1.76432e-05
0 0.777086 0.518 0.148971 0.54 1.76697e-05
0 0.375677 0.656667 0.0254605 0.0386667 1.77137e-05
0 0.75623 0.984 0.0855905 0.032 1.77836e-05
0 0.245125 0.705333 0.0796316 0.298667 1.78466e-05
0 0.763001 0.335333 0.0937161 0.262667 1.79681e-05
0 0.494583 0.974667 0.0346696 0.032 1.79875e-05
0 0.463976 0.528667 0.0731311 0.206667 1.80061e-05
0 0.739166 0.528667 0.0471289 0.129333 1.80073e-05
0 0.912243 0.864667 0.109426 0.14 1.80113e-05
0 0.684995 0.660667 0.031961 0.0786667 1.80216e-05
0 0.624594 0.0573333 0.0216685 0.0506667 1.80351e-05
0 0.326652 0.998667 0.0617551 0.00266667 1.81296e-05
0 0.0999458 1 0.0557963 0 1.81604e-05
0 0.973185 0.0766667 0.0373781 0.076 1.82589e-05
0 0.620802 0.661333 0.0455038 0.346667 1.82785e-05
0 0.551192 0.196667 0.0297941 0.0386667 1.83408e-05
0 0.483749 0.910667 0.0747562 0.117333 1.86413e-05
0 0.76598 0.472667 0.0834236 0.156 1.86625e-05
0 0.600758 0.340667 0.0411701 0.113333 1.87673e-05
0 0.404659 0.558667 0.0140845 0.096 1.87947e-05
0 0.820964 0.598667 0.171723 0.576 1.88342e-05
0 0.944475 0.996 0.0492958 0.008 1.88426e-05
0 0.413597 0.964 0.0720477 0.072 1.88683e-05
0 0.771127 0.0433333 0.0460455 0.0626667 1.89008e-05
0 0.831528 0.111333 0.0476706 0.137333 1.89751e-05
0 0.247833 0.342667 0.0850488 0.208 1.9019e-05
0 0.421993 0.368667 0.0736728 0.201333 1.90513e-05
0 0.0585049 0.026 0.0823402 0.052 1.90558e-05
0 0.762188 0.54 0.0520043 0.130667 1.91571e-05
0 0.639491 0.210667 0.0503792 0.141333 1.91657e-05
0 0.607801 0.224 0.0411701 0.138667 1.91941e-05
0 0.736186 0.474 0.0476706 0.132 1.92046e-05
0 0.257313 0.993333 0.0346696 0.0133333 1.92968e-05
0 0.667118 0.338667 0.0687974 0.146667 1.95531e-05
0 0.63299 0.6 0.0417118 0.130667 1.95622e-05
0 0.330715 0.186667 0.0287107 0.0266667 1.95881e-05
0 0.526815 0.762 0.0752979 0.254667 1.96259e-05
0 0.461809 0.367333 0.130553 0.566667 1.96357e-05
0 0.739978 0.202667 0.0769231 0.253333 1.9699e-05
0 0.843716 0.0286667 0.120802 0.0573333 1.971e-05
0 0.464247 0.788 0.172264 0.424 1.98498e-05
0 0.0195016 0.51 0.0195016 0.289333 1.98621e-05
0 0.862676 0.982667 0.0991333 0.0346667 1.9936e-05
0 0.518418 0.884667 0.084507 0.174667 2.00557e-05
0 0.558776 0.158 0.0590466 0.150667 2.00754e-05
0 0.337486 0.0326667 0.0931744 0.0653333 2.01776e-05
0 0.352384 0.832667 0.150054 0.334667 2.01823e-05
0 0.356446 0.0313333 0.0249187 0.0626667 2.03238e-05
0 0.632178 0.690667 0.0422535 0.088 2.0339e-05
0 0.0390032 1 0.0552546 0 2.03446e-05
0 0.0652763 0 0.0547129 0 2.03771e-05
0 0.982394 0.578 0.0200433 0.265333 2.04411e-05
0 0.196641 0.700667 0.0931744 0.26 2.06501e-05
0 0.79117 0.034 0.105634 0.068 2.06897e-05
0 0.685536 0.729333 0.0579632 0.285333 2.07359e-05
0 0.592362 0.332667 0.0341278 0.0733333 2.07434e-05
0 0.580715 0.431333 0.0520043 0.116 2.07478e-05
0 0.288462 0.922667 0.109967 0.154667 2.08571e-05
0 0.311755 0.972 0.0427952 0.04 2.09272e-05
0 0.0604009 0.330667 0.114301 0.253333 2.09968e-05
0 0.114843 0.000666667 0.056338 0.00133333 2.10363e-05
0 0.0278982 0.337333 0.052546 0.24 2.11914e-05
0 0.915222 0.00866667 0.0492958 0.0173333 2.1238e-05
0 0.821506 0.271333 0.0698808 0.201333 2.12558e-05
0 0.679307 0.51 0.0249187 0.0653333 2.13577e-05
0 0.0853196 0.958 0.166306 0.084 2.13641e-05
0 0.774377 0.985333 0.0720477 0.0293333 2.13767e-05
0 0.541983 0.668 0.0774648 0.128 2.14131e-05
0 0.566631 0.730667 0.0758397 0.152 2.14131e-05
0 0.56338 0.256667 0.127844 0.513333 2.14162e-05
0 0.667931 0.265333 0.071506 0.149333 2.14256e-05
0 0.162243 0.998667 0.052546 0.00266667 2.15113e-05
0 0.411972 0.643333 0.067714 0.18 2.16472e-05
0 0.47454 0.004 0.0747562 0.008 2.17739e-05
0 0.611863 0.254 0.0731311 0.18 2.18591e-05
0 0.582611 0.637333 0.0763814 0.173333 2.18965e-05
0 0.162243 0.604 0.205309 0.4 2.20746e-05
0 0.0888407 0.082 0.108342 0.164 2.21375e-05
0 0.708288 0.0826667 0.0362947 0.072 2.21528e-05
0 0.267335 0.947333 0.0731311 0.105333 2.2158e-05
0 0.161701 0.830667 0.116468 0.205333 2.21845e-05
0 0.413597 0.54 0.0709642 0.181333 2.23375e-05
0 0.963434 0.788667 0.0731311 0.294667 2.23455e-05
0 0.166847 0.928 0.130011 0.144 2.24003e-05
0 0.800379 0.99 0.0904659 0.02 2.24145e-05
0 0.592633 0.120667 0.0725894 0.161333 2.26503e-05
0 0.702329 0.276 0.0666305 0.216 2.27622e-05
0 0.372427 0.659333 0.00812568 0.0386667 2.30072e-05
0 0.586403 0.298 0.0427952 0.121333 2.30145e-05
0 0.417931 0.256 0.0666305 0.149333 2.31709e-05
0 0.0468581 0.192667 0.0937161 0.385333 2.32214e-05
0 0.071506 0.800667 0.143012 0.398667 2.32864e-05
0 0.280878 0.0873333 0.0839653 0.137333 2.33475e-05
0 0.945287 0.959333 0.104009 0.0813333 2.33575e-05
0 0.704767 0.778667 0.0520043 0.032 2.34063e-05
0 0.663326 0.0733333 0.052546 0.128 2.34071e-05
0 0.70558 0.526667 0.0449621 0.128 2.3458e-05
0 0.216143 0.022 0.118093 0.044 2.34946e-05
0 0.388678 0.996 0.0796316 0.008 2.36122e-05
0 0.790087 0.342 0.088299 0.18 2.36159e-05
0 0.636782 0.836667 0.0222102 0.0653333 2.36427e-05
0 0.768418 0 0.0514626 0 2.36806e-05
0 0.867822 0.0566667 0.0498375 0.076 2.37323e-05
0 0.785211 0.636 0.0644637 0.157333 2.37956e-05
0 0.281419 0.00333333 0.0503792 0.00666667 2.38347e-05
0 0.663055 0.162 0.071506 0.137333 2.38487e-05
0 0.708559 0.476 0.0444204 0.117333 2.38801e-05
0 0.441766 0.788667 0.0352113 0.332 2.38891e-05
0 0.680119 0.214 0.0720477 0.209333 2.39179e-05
0 0.702058 0.338 0.0390032 0.132 2.39543e-05
0 0.0609426 1 0.0774648 0 2.40396e-05
0 0.302817 0 0.0530878 0 2.41505e-05
0 0.164951 0.958 0.185807 0.084 2.4509e-05
0 0.518147 0.979333 0.0254605 0.0386667 2.45755e-05
0 0.406826 0.547333 0.0292524 0.108 2.47604e-05
0 0.0560672 0.882667 0.112134 0.234667 2.48161e-05
0 0.767335 0.625333 0.0254605 0.056 2.4878e-05
0 0.462622 0.064 0.0769231 0.128 2.49459e-05
0 0.742687 0.0293333 0.109426 0.0586667 2.50264e-05
0 0.711538 0.100667 0.0850488 0.201333 2.50636e-05
0 0.986457 0.172 0.0270856 0.141333 2.51155e-05
0 0.236728 0.719333 0.12026 0.473333 2.5193e-05
0 0.279794 0.0533333 0.0373781 0.064 2.52295e-05
0 0.601842 0.290667 0.0368364 0.112 2.53958e-05
0 0.0834236 0.0526667 0.0465872 0.0706667 2.54453e-05
0 0.681203 0.108667 0.0297941 0.0813333 2.55698e-05
0 0.139762 0.002 0.056338 0.004 2.55711e-05
0 0.125948 1 0.0557963 0 2.56178e-05
0 0.513001 0.0433333 0.0595883 0.0866667 2.5839e-05
0 0.54442 0.036 0.092091 0.072 2.59668e-05
0 0.520585 0.989333 0.0595883 0.0213333 2.60079e-05
0 0.0847779 0.698667 0.112134 0.245333 2.60549e-05
0 0.129469 0.0173333 0.0520043 0.0346667 2.61134e-05
0 0.616468 0.710667 0.0530878 0.12 2.62514e-05
0 0.188787 0.997333 0.0514626 0.00533333 2.62699e-05
0 0.663055 0.485333 0.020585 0.048 2.63714e-05
0 0.700163 0.917333 0.052546 0.138667 2.63843e-05
0 0.679848 0.00133333 0.0509209 0.00266667 2.66394e-05
0 0.942579 0.0866667 0.107259 0.154667 2.68192e-05
0 0.262459 0.0253333 0.0969664 0.0506667 2.68233e-05
0 0.622156 0.784 0.0557963 0.112 2.68963e-05
0 0.792524 0.524 0.11701 0.248 2.69138e-05
0 0.7026 0.287333 0.0444204 0.145333 2.69843e-05
0 0.311213 0.934667 0.088299 0.104 2.69994e-05
0 0.836132 0.98 0.0828819 0.04 2.7027e-05
0 0.848862 0.138667 0.092091 0.24 2.70738e-05
0 0.770856 0.992667 0.0433369 0.0146667 2.73334e-05
0 0.661701 0.427333 0.0590466 0.108 2.74908e-05
0 0.889762 0 0.0536295 0 2.74985e-05
0 0.671993 0.477333 0.0482123 0.242667 2.7608e-05
0 0.444204 0.129333 0.0747562 0.128 2.77698e-05
0 0.781419 0.000666667 0.0514626 0.00133333 2.79187e-05
0 0.295233 0.709333 0.108342 0.309333 2.79447e-05
0 0.255959 0.00266667 0.0482123 0.00533333 2.79747e-05
0 0.237811 0.0753333 0.0736728 0.150667 2.79918e-05
0 0.551192 0.497333 0.0709642 0.109333 2.80177e-05
0 0.822589 0.198667 0.0612134 0.226667 2.81121e-05
0 0.782774 0.994 0.0444204 0.012 2.81666e-05
0 0.425785 0.794 0.0530878 0.0973333 2.83137e-05
0 0.381636 0.997333 0.0449621 0.00533333 2.83632e-05
0 0.308505 0.988 0.0438787 0.024 2.86695e-05
0 0.425785 0.17 0.0953413 0.145333 2.86887e-05
0 0.691224 0.0286667 0.108342 0.0573333 2.88499e-05
0 0.595612 0.589333 0.115385 0.450667 2.886e-05
0 0.0148971 0.994667 0.024377 0.0106667 2.88657e-05
0 0.862405 1 0.0823402 0 2.89043e-05
0 0.463434 0.898667 0.0850488 0.165333 2.89805e-05
0 0.773835 0.258667 0.165222 0.517333 2.90243e-05
0 0.56961 0.0206667 0.0980498 0.0413333 2.90809e-05
0 0.908992 0.139333 0.139762 0.278667 2.91634e-05
0 0.718039 0 0.052546 0 2.9189e-05
0 0.358884 0.052 0.052546 0.104 2.92172e-05
0 0.219122 0.246 0.039545 0.142667 2.92473e-05
0 0.829632 0.00133333 0.0503792 0.00266667 2.94697e-05
0 0.683369 0.828 0.0471289 0.112 2.95648e-05
0 0.319881 0.0153333 0.0503792 0.0306667 2.96106e-05
0 0.570693 0.992 0.067714 0.016 2.96402e-05
0 0.745125 0.0426667 0.0471289 0.0586667 2.967e-05
0 0.982123 0.694 0.035753 0.212 2.96895e-05
0 0.222914 0.149333 0.039545 0.136 2.98e-05
0 0.950975 0.243333 0.0980498 0.318667 2.98011e-05
0 0.704496 0.633333 0.067714 0.136 2.98444e-05
0 0.578007 0.0686667 0.0498375 0.0893333 3.00404e-05
0 0.0311484 0.0646667 0.0514626 0.1 3.01111e-05
0 0.0124594 0.891333 0.0249187 0.214667 3.03098e-05
0 0.737541 0.649333 0.067714 0.112 3.03343e-05
0 0.377031 1 0.071506 0 3.03438e-05
0 0.627031 0.835333 0.0557963 0.113333 3.04977e-05
0 0.661159 0.506667 0.0287107 0.112 3.06174e-05
0 0.988353 0.272667 0.0157096 0.134667 3.0632e-05
0 0.693391 0.0813333 0.0325027 0.0666667 3.07591e-05
0 0.787649 0.00666667 0.0790899 0.0133333 3.07733e-05
0 0.0111051 0.267333 0.0222102 0.230667 3.07925e-05
0 0.859967 0.0913333 0.0460455 0.092 3.08611e-05
0 0.504875 0.972667 0.0660888 0.0546667 3.09815e-05
0 0.555796 0.528 0.0487541 0.117333 3.09822e-05
0 0.672806 0.648667 0.0595883 0.297333 3.10096e-05
0 0.660618 0.0213333 0.0460455 0.0426667 3.10901e-05
0 0.816901 0.816667 0.232936 0.366667 3.13775e-05
0 0.248917 0.00733333 0.0731311 0.0146667 3.1468e-05
0 0.0912784 0.0246667 0.0417118 0.0493333 3.17076e-05
0 0.0265439 0.770667 0.0476706 0.282667 3.18133e-05
0 0.363759 0.498667 0.0297941 0.0293333 3.18191e-05
0 0.790628 0.412 0.0796316 0.154667 3.18366e-05
0 0.373781 0 0.0866739 0 3.19077e-05
0 0.565276 0.262667 0.0687974 0.184 3.19914e-05
0 0.546045 0.99 0.0660888 0.02 3.19959e-05
0 0.698267 0.006 0.0769231 0.012 3.20284e-05
0 0.70585 0.048 0.0433369 0.0586667 3.20832e-05
0 0.970748 0.912 0.0476706 0.133333 3.21539e-05
0 0.279252 0.0213333 0.039545 0.0426667 3.22504e-05
0 0.581528 0.35 0.0406284 0.113333 3.24436e-05
0 0.758938 0.627333 0.0509209 0.108 3.24459e-05
0 0.16468 0.897333 0.185265 0.157333 3.24906e-05
0 0.913868 0 0.0520043 0 3.2553e-05
0 0.311213 0.981333 0.0698808 0.0373333 3.27012e-05
0 0.566089 0.358 0.0368364 0.113333 3.27372e-05
0 0.669556 0.608 0.0617551 0.106667 3.29201e-05
0 0.470748 0.990667 0.0628386 0.0186667 3.30649e-05
0 0.194745 0.983333 0.0731311 0.0333333 3.3094e-05
0 0.513814 0 0.0536295 0 3.31619e-05
0 0.039545 0.522 0.0790899 0.601333 3.31756e-05
0 0.911159 0.577333 0.146262 0.224 3.33278e-05
0 0.432286 0.990667 0.0650054 0.0186667 3.3337e-05
0 0.916306 0.914667 0.0547129 0.104 3.34007e-05
0 0.570152 0.463333 0.0579632 0.158667 3.34449e-05
0 0.725352 0.811333 0.12351 0.126667 3.34719e-05
0 0.529794 0.974 0.0747562 0.052 3.35646e-05
0 0.990249 0.783333 0.0184182 0.228 3.36852e-05
0 0.811484 0.624 0.102925 0.250667 3.36938e-05
0 0.304984 1 0.0433369 0 3.36963e-05
0 0.800379 0.114667 0.0438787 0.128 3.37011e-05
0 0.244041 0.0886667 0.0330444 0.0946667 3.37028e-05
0 0.677681 0.518667 0.0368364 0.12 3.3954e-05
0 0.363218 0.67 0.0189599 0.0546667 3.3997e-05
0 0.922806 0.998 0.0763814 0.004 3.42145e-05
0 0.221831 0.056 0.0373781 0.0773333 3.44163e-05
0 0.766793 0.578 0.0330444 0.0386667 3.46229e-05
0 0.00622969 0.987333 0.0113759 0.0253333 3.465e-05
0 0.921181 0.507333 0.146804 0.468 3.4716e-05
0 0.84182 0.990667 0.0487541 0.0186667 3.47627e-05
0 0.887324 0.734667 0.118093 0.162667 3.48267e-05
0 0.460455 0.35 0.0671723 0.193333 3.48337e-05
0 0.864572 0.950667 0.0628386 0.096 3.48794e-05
0 0.210997 0.608667 0.0709642 0.26 3.49483e-05
0 0.232665 0.113333 0.0352113 0.117333 3.49486e-05
0 0.138678 0.994 0.175515 0.012 3.49621e-05
0 0.843445 0 0.0520043 0 3.50109e-05
0 0.252438 0.084 0.056338 0.122667 3.50539e-05
0 0.681473 0.074 0.0444204 0.108 3.50979e-05
0 0.24377 0.993333 0.0390032 0.0133333 3.52547e-05
0 0.219122 0.12 0.0687974 0.24 3.52716e-05
0 0.0268147 0.894667 0.0536295 0.189333 3.53523e-05
0 0.535482 0.00866667 0.0666305 0.0173333 3.53783e-05
0 0.322319 0.0373333 0.0530878 0.0746667 3.55918e-05
0 0.167389 0.000666667 0.056338 0.00133333 3.56104e-05
0 0.312568 0.968667 0.0790899 0.0573333 3.57557e-05
0 0.508126 0.977333 0.028169 0.0293333 3.60589e-05
0 0.928765 0.756667 0.14247 0.476 3.61248e-05
0 0.370802 0.664667 0.0157096 0.0413333 3.61719e-05
0 0.679848 0.225333 0.0498375 0.130667 3.62284e-05
0 0.0148971 0.09 0.0297941 0.158667 3.64236e-05
0 0.982936 0.277333 0.0341278 0.178667 3.65707e-05
0 0.922535 0.957333 0.106176 0.0853333 3.67534e-05
0 0.865655 0.517333 0.152763 0.496 3.67614e-05
0 0.742687 0 0.0530878 0 3.68669e-05
0 0.384886 0.0386667 0.0763814 0.0773333 3.69627e-05
0 0.907367 1 0.0476706 0 3.70394e-05
0 0.329902 1 0.0325027 0 3.70488e-05
0 0.956934 0.485333 0.0861322 0.434667 3.71223e-05
0 0.682286 0.0633333 0.0785482 0.126667 3.72527e-05
0 0.456663 0.971333 0.0747562 0.0573333 3.7383e-05
0 0.823944 0.00933333 0.0736728 0.0186667 3.77206e-05
0 0.560943 0.686 0.0406284 0.0813333 3.78443e-05
0 0.492145 0.994 0.0471289 0.012 3.79088e-05
0 0.0400867 0.737333 0.0801734 0.525333 3.80639e-05
0 0.846425 0.577333 0.0655471 0.165333 3.81104e-05
0 0.239707 0.988667 0.111051 0.0226667 3.81723e-05
0 0.710455 0.0913333 0.06013 0.132 3.81926e-05
0 0.869447 1 0.0444204 0 3.82374e-05
0 0.791712 0.587333 0.0991333 0.134667 3.85426e-05
0 0.32584 0.196 0.0200433 0.0426667 3.89838e-05
0 0.786024 0.261333 0.109426 0.290667 3.91603e-05
0 0.49377 0.758 0.0352113 0.0706667 3.91993e-05
0 0.944475 0.028 0.111051 0.056 3.92538e-05
0 0.366468 0 0.0536295 0 3.96072e-05
0 0.944204 0 0.0530878 0 3.9626e-05
0 0.31013 0.028 0.0189599 0.0266667 3.98091e-05
0 0.891387 0.0673333 0.0969664 0.134667 4.00507e-05
0 0.222914 0.325333 0.0482123 0.232 4.02758e-05
0 0.369447 1 0.0444204 0 4.07274e-05
0 0.482936 0.968667 0.0731311 0.0626667 4.08915e-05
0 0.73429 0.00866667 0.0709642 0.0173333 4.10493e-05
0 0.811755 0.186667 0.0352113 0.117333 4.12805e-05
0 0.744583 0.603333 0.0449621 0.105333 4.16172e-05
0 0.211538 0.486667 0.0352113 0.224 4.18068e-05
0 0.962622 0.304 0.0520043 0.0986667 4.22227e-05
0 0.0650054 0.0213333 0.127844 0.0426667 4.24427e-05
0 0.989707 0.964667 0.0140845 0.0706667 4.26024e-05
0 0.942849 1 0.052546 0 4.30299e-05
0 0.151679 1 0.056338 0 4.31315e-05
0 0.0628386 0.988667 0.125677 0.0226667 4.32268e-05
0 0.702058 0.627333 0.0260022 0.0306667 4.32314e-05
0 0.0956121 0.539333 0.191224 0.278667 4.35406e-05
0 0.822589 0.0766667 0.0449621 0.105333 4.37677e-05
0 0.447725 0.132667 0.0417118 0.0546667 4.38076e-05
0 0.0132719 0.149333 0.0265439 0.192 4.38099e-05
0 0.294962 0.992 0.0471289 0.016 4.3817e-05
0 0.928765 0.274 0.0568797 0.137333 4.41548e-05
0 0.776815 1 0.0812568 0 4.42022e-05
0 0.817714 0.00333333 0.0503792 0.00666667 4.44352e-05
0 0.599946 0.999333 0.0785482 0.00133333 4.45751e-05
0 0.890303 0.0106667 0.0503792 0.0213333 4.46391e-05
0 0.0381907 0.342 0.0763814 0.428 4.47208e-05
0 0.983749 0.474667 0.0325027 0.125333 4.48457e-05
0 0.554713 0.997333 0.0487541 0.00533333 4.53319e-05
0 0.945016 0.0126667 0.0514626 0.0253333 4.53836e-05
0 0.855363 0.540667 0.114843 0.209333 4.54201e-05
0 0.136782 0.0213333 0.0980498 0.0426667 4.57692e-05
0 0.312297 0.427333 0.242145 0.66 4.62712e-05
0 0.23727 0.994 0.0834236 0.012 4.63312e-05
0 0.408722 0.992667 0.0687974 0.0146667 4.63986e-05
0 0.441224 0.770667 0.0157096 0.0346667 4.65908e-05
0 0.379469 1 0.0460455 0 4.67363e-05
0 0.00595883 0.691333 0.0119177 0.150667 4.68525e-05
0 0.340195 0 0.0541712 0 4.71546e-05
0 0.528982 0.768667 0.0698808 0.121333 4.72051e-05
0 0.0869447 0.341333 0.173889 0.397333 4.7343e-05
0 0.693391 1 0.0400867 0 4.76367e-05
0 0.0203142 0.997333 0.0406284 0.00533333 4.76641e-05
0 0.00568797 0.847333 0.0102925 0.145333 4.77881e-05
0 0.283044 0.457333 0.203142 0.32 4.78592e-05
0 0.665493 0.72 0.052546 0.138667 4.78624e-05
0 0.00893824 0.0393333 0.0146262 0.0786667 4.81454e-05
0 0.230498 0 0.0503792 0 4.82013e-05
0 0.987541 0.918 0.020585 0.148 4.88626e-05
0 0.517877 0.994667 0.0444204 0.0106667 4.89252e-05
0 0.930932 0.182 0.119718 0.212 4.89792e-05
0 0.676056 0.492667 0.0249187 0.0466667 4.9127e-05
0 0.020585 0.124667 0.0411701 0.249333 4.9137e-05
0 0.742145 0.103333 0.0964247 0.148 4.94186e-05
0 0.694204 0.648667 0.0362947 0.254667 4.94776e-05
0 0.413326 0.034 0.0866739 0.068 4.96617e-05
0 0.693662 0.977333 0.0655471 0.0453333 4.96652e-05
0 0.815005 0 0.0536295 0 5.01894e-05
0 0.687161 0.997333 0.0839653 0.00533333 5.05459e-05
0 0.414951 0 0.0530878 0 5.05525e-05
0 0.567985 0.715333 0.0427952 0.092 5.10026e-05
0 0.00839653 1 0.0167931 0 5.10509e-05
0 0.206392 0.0153333 0.0476706 0.0306667 5.10655e-05
0 0.885699 0.478667 0.131094 0.24 5.11401e-05
0 0.252979 0 0.0530878 0 5.12184e-05
0 0.18987 0.99 0.140303 0.02 5.12455e-05
0 0.680119 1 0.0438787 0 5.13681e-05
0 0.220477 0.0993333 0.0476706 0.156 5.14958e-05
0 0.429036 0.996667 0.0487541 0.00666667 5.16332e-05
0 0.488082 0 0.0541712 0 5.16467e-05
0 0.766793 0.600667 0.0330444 0.0733333 5.17734e-05
0 0.814735 0.493333 0.102925 0.133333 5.2173e-05
0 0.279523 0 0.0530878 0 5.22783e-05
0 0.735645 0.948667 0.0693391 0.102667 5.22981e-05
0 0.348862 1 0.063922 0 5.23172e-05
0 0.540899 0.596667 0.0731311 0.153333 5.25056e-05
0 0.983478 0.982 0.0330444 0.036 5.25792e-05
0 0.971831 0.0473333 0.0455038 0.0546667 5.26137e-05
0 0.672264 0.855333 0.0444204 0.132 5.2815e-05
0 0.87026 0.966 0.0352113 0.0573333 5.28232e-05
0 0.022481 0.982 0.0449621 0.036 5.31416e-05
0 0.900867 0.319333 0.099675 0.158667 5.34509e-05
0 0.466414 0.995333 0.0476706 0.00933333 5.37979e-05
0 0.741874 1 0.0449621 0 5.38008e-05
0 0.0872156 0.481333 0.12351 0.269333 5.38022e-05
0 0.215601 0.995333 0.0498375 0.00933333 5.41005e-05
0 0.0067714 0.912667 0.0092091 0.134667 5.42386e-05
0 0.390845 0.00733333 0.0742145 0.0146667 5.45532e-05
0 0.544962 0.734667 0.0693391 0.0986667 5.46529e-05
0 0.754334 0.882667 0.095883 0.2 5.52136e-05
0 0.566089 0.703333 0.0173348 0.0466667 5.56931e-05
0 0.687974 0.727333 0.0628386 0.124 5.57286e-05
0 0.579632 0.998 0.0476706 0.004 5.58357e-05
0 0.725081 0.995333 0.0828819 0.00933333 5.60575e-05
0 0.0314193 0.954667 0.0628386 0.0906667 5.63003e-05
0 0.439599 0 0.0536295 0 5.63522e-05
0 0.341008 1 0.0330444 0 5.70544e-05
0 0.966685 0.147333 0.0666305 0.273333 5.72206e-05
0 0.0306067 0.0273333 0.052546 0.0546667 5.72952e-05
0 0.983478 0.362 0.0330444 0.116 5.73708e-05
0 0.00622969 0.292667 0.0124594 0.153333 5.73926e-05
0 0.0189599 0.231333 0.0379198 0.353333 5.74396e-05
0 0.390033 0 0.0541712 0 5.75522e-05
0 0.0604009 0.208667 0.120802 0.324 5.75731e-05
0 0.18662 0.02 0.0839653 0.04 5.77914e-05
0 0.757584 0.63 0.0232936 0.052 5.79079e-05
0 0.884615 0.120667 0.140845 0.174667 5.84959e-05
0 0.887866 0 0.0530878 0 5.86897e-05
0 0.966956 0.994667 0.0498375 0.0106667 5.86951e-05
0 0.0192308 0.822667 0.0384615 0.354667 5.87116e-05
0 0.780607 1 0.0444204 0 5.88098e-05
0 0.866739 0 0.0552546 0 5.89545e-05
0 0.67091 0.804 0.0341278 0.0906667 5.89587e-05
0 0.0213976 1 0.0427952 0 5.89813e-05
0 0.310943 0.00733333 0.0758397 0.0146667 5.91125e-05
0 0.353467 1 0.0384615 0 5.92601e-05
0 0.842633 0.0206667 0.0427952 0.0413333 6.05396e-05
0 0.0341278 0.544667 0.0682557 0.390667 6.05772e-05
0 0.289003 0.959333 0.0893824 0.0786667 6.07833e-05
0 0.489978 0.018 0.0796316 0.036 6.09041e-05
0 0.868093 0.0153333 0.0514626 0.0306667 6.09644e-05
0 0.717497 1 0.039545 0 6.10124e-05
0 0.440953 0.230667 0.0379198 0.096 6.10128e-05
0 0.770585 0.0213333 0.0666305 0.0426667 6.12516e-05
0 0.754605 0.984 0.0368364 0.032 6.15794e-05
0 0.00650054 0.143333 0.0108342 0.148 6.18437e-05
0 0.941495 0 0.0530878 0 6.19817e-05
0 0.441495 0.01 0.0780065 0.02 6.25197e-05
0 0.0113759 0.764 0.0227519 0.288 6.27039e-05
0 0.668743 0.498 0.0200433 0.0546667 6.29362e-05
0 0.74675 0.640667 0.0287107 0.0466667 6.33381e-05
0 0.285211 0.00866667 0.067714 0.0173333 6.34273e-05
0 0.176869 1 0.0557963 0 6.34501e-05
0 0.981311 0.942667 0.0373781 0.106667 6.35837e-05
0 0.749458 0.00533333 0.0807151 0.0106667 6.35867e-05
0 0.818797 0.994 0.0514626 0.012 6.40963e-05
0 0.777627 0 0.0547129 0 6.44156e-05
0 0.980498 0.879333 0.0390032 0.241333 6.44743e-05
0 0.404117 0.996667 0.0498375 0.00666667 6.44924e-05
0 0.0869447 0.604 0.120802 0.256 6.47811e-05
0 0.00731311 0.064 0.0113759 0.117333 6.5054e-05
0 0.436891 0.0246667 0.0774648 0.0493333 6.53795e-05
0 0.988895 0.234667 0.0124594 0.133333 6.5595e-05
0 0.623781 0.05 0.0872156 0.1 6.60583e-05
0 0.682557 0.0786667 0.028169 0.064 6.6201e-05
0 0.281961 1 0.0471289 0 6.64516e-05
0 0.0994041 1 0.0926327 0 6.64951e-05
0 0.371885 0.118667 0.0308776 0.0613333 6.74407e-05
0 0.00704225 0.631333 0.0140845 0.150667 6.7635e-05
0 0.447454 0.16 0.0433369 0.136 6.7861e-05
0 0.321777 0.63 0.109426 0.273333 6.79911e-05
0 0.610238 0.05 0.0427952 0.0626667 6.81058e-05
0 0.60455 0.998 0.0476706 0.004 6.81163e-05
0 0.49052 1 0.0492958 0 6.82111e-05
0 0.577465 1 0.0509209 0 6.8661e-05
0 0.841008 1 0.0503792 0 6.90952e-05
0 0.355634 0.986 0.0774648 0.028 6.91385e-05
0 0.434182 0.768 0.024377 0.0213333 6.93213e-05
0 0.51598 1 0.0492958 0 6.95567e-05
0 0.960997 0.899333 0.0780065 0.201333 6.95764e-05
0 0.463976 0 0.0547129 0 6.97685e-05
0 0.371885 0.662 0.0200433 0.076 7.00463e-05
0 0.840466 0 0.0536295 0 7.03036e-05
0 0.972102 0.648 0.0557963 0.202667 7.03158e-05
0 0.643554 0.823333 0.0498375 0.22 7.09047e-05
0 0.602384 1 0.0498375 0 7.13067e-05
0 0.603467 0.122 0.11701 0.244 7.1342e-05
0 0.0067714 0.567333 0.0135428 0.150667 7.17458e-05
0 0.631365 0.664 0.0124594 0.0213333 7.24002e-05
0 0.490249 0.988667 0.0866739 0.0226667 7.26602e-05
0 0.648429 0.00133333 0.0899242 0.00266667 7.32238e-05
0 0.752709 0 0.0547129 0 7.34371e-05
0 0.834507 0.525333 0.0590466 0.101333 7.3655e-05
0 0.51273 0 0.0980498 0 7.37279e-05
0 0.587757 0.504667 0.0498375 0.06 7.38429e-05
0 0.0113759 0.903333 0.0119177 0.193333 7.3989e-05
0 0.14572 0.701333 0.121343 0.210667 7.46234e-05
0 0.673077 0.874 0.052546 0.252 7.49594e-05
0 0.134345 0.838667 0.166847 0.317333 7.56455e-05
0 0.75948 0.144 0.0975081 0.264 7.5749e-05
0 0.950163 0.279333 0.0747562 0.102667 7.6042e-05
0 0.258397 0.422 0.0769231 0.3 7.61129e-05
0 0.575569 1 0.0872156 0 7.64691e-05
0 0.0316901 0.996 0.0622969 0.008 7.68058e-05
0 0.66441 0 0.0547129 0 7.74364e-05
0 0.233207 0.0213333 0.0373781 0.0426667 7.74917e-05
0 0.540628 1 0.0520043 0 7.76415e-05
0 0.665493 1 0.0471289 0 7.79352e-05
0 0.0853196 0.0273333 0.103467 0.0546667 7.80382e-05
0 0.986999 0.568667 0.0260022 0.158667 7.85164e-05
0 0.671181 0.479333 0.0270856 0.1 7.87405e-05
0 0.42714 1 0.052546 0 7.91011e-05
0 0.245125 0.0266667 0.039545 0.048 7.93007e-05
0 0.747562 0.949333 0.0444204 0.101333 8.03238e-05
0 0.464518 0.0206667 0.0763814 0.0413333 8.03268e-05
0 0.981582 0.0146667 0.0368364 0.0293333 8.03552e-05
0 0.878657 0.184667 0.0812568 0.233333 8.04483e-05
0 0.138949 1 0.0937161 0 8.12502e-05
0 0.689328 0 0.0547129 0 8.12914e-05
0 0.258938 0.0493333 0.0400867 0.064 8.13658e-05
0 0.274919 0.924 0.0384615 0.0586667 8.13774e-05
0 0.766251 0.014 0.0828819 0.028 8.19145e-05
0 0.118635 0.0153333 0.109426 0.0306667 8.24173e-05
0 0.219122 0.543333 0.0471289 0.262667 8.24497e-05
0 0.61403 0.461333 0.771939 0.922667 8.32061e-05
0 0.988082 0.338 0.020585 0.126667 8.32856e-05
0 0.624323 0.655333 0.0232936 0.0813333 8.33326e-05
0 0.00731311 0.388 0.0146262 0.149333 8.36069e-05
0 0.769502 0.0133333 0.0492958 0.0266667 8.4043e-05
0 0.285211 0.0393333 0.0742145 0.0786667 8.42282e-05
0 0.817443 0.0213333 0.0758397 0.0426667 8.49839e-05
0 0.641116 0 0.0547129 0 8.52646e-05
0 0.726977 0 0.0552546 0 8.53468e-05
0 0.289003 1 0.0861322 0 8.54639e-05
0 0.90493 0.858667 0.182557 0.282667 8.56389e-05
0 0.0181473 0.362 0.0362947 0.348 8.66678e-05
0 0.895991 0.935333 0.104009 0.116 8.76149e-05
0 0.798483 0.048 0.0465872 0.072 8.78096e-05
0 0.666035 0.0133333 0.0763814 0.0266667 8.83215e-05
0 0.0135428 0.004 0.0270856 0.008 8.84144e-05
0 0.00622969 0.897333 0.0124594 0.205333 8.95893e-05
0 0.717497 0.014 0.0850488 0.028 8.97068e-05
0 0.112134 0 0.0552546 0 8.98125e-05
0 0.627573 0.672 0.0167931 0.0293333 8.99205e-05
0 0.0520043 0.09 0.0953413 0.156 9.0199e-05
0 0.611593 1 0.0877573 0 9.16897e-05
0 0.235103 0.0586667 0.0325027 0.0826667 9.35853e-05
0 0.0744854 0 0.0547129 0 9.46224e-05
0 0.46533 1 0.0509209 0 9.48026e-05
0 0.402763 1 0.052546 0 9.54659e-05
0 0.133532 0.747333 0.267064 0.505333 9.56321e-05
0 0.0384615 0.066 0.0769231 0.132 9.62145e-05
0 0.315276 0.0266667 0.0130011 0.04 9.75168e-05
0 0.289816 0.986 0.099675 0.028 9.7636e-05
0 0.990791 0.658 0.0184182 0.241333 9.85438e-05
0 0.985374 0.206667 0.0292524 0.32 9.8842e-05
0 0.863218 0.00533333 0.0861322 0.0106667 9.92525e-05
0 0.216956 0.0193333 0.0796316 0.0386667 9.92871e-05
0 0.820964 0.540667 0.1013 0.132 0.000100468
0 0.637866 0.998667 0.0698808 0.00266667 0.000101164
0 0.837216 0.992 0.0991333 0.016 0.000101544
0 0.863759 0 0.0547129 0 0.000101962
0 0.251354 1 0.0801734 0 0.000101979
0 0.0379198 0.149333 0.0758397 0.298667 0.000103112
0 0.150325 0.00533333 0.0991333 0.0106667 0.000103869
0 0.687161 0.987333 0.067714 0.0253333 0.000104208
0 0.97779 0 0.0444204 0 0.000104505
0 0.414139 0 0.0969664 0 0.000104525
0 0.685807 0.823333 0.101842 0.318667 0.000104547
0 0.987812 0.506667 0.0211268 0.144 0.000104846
0 0.705038 0.0153333 0.0460455 0.0306667 0.000105299
0 0.231853 0.427333 0.463705 0.854667 0.000105465
0 0.209642 0.5 0.419285 1 0.00010559
0 0.682828 0.992 0.0417118 0.016 0.000106224
0 0.640574 1 0.0482123 0 0.000106495
0 0.872969 0.0193333 0.0915493 0.0386667 0.000106595
0 0.816901 1 0.0530878 0 0.000107013
0 0.982936 0.994 0.0341278 0.012 0.00010812
0 0.991874 0.199333 0.0140845 0.198667 0.000108176
0 0.349404 0.978 0.0346696 0.044 0.000108272
0 0.973998 0.578667 0.0487541 0.229333 0.000108723
0 0.150867 0 0.0557963 0 0.000108933
0 0.239978 0.04 0.0660888 0.08 0.00011221
0 0.336674 0.00333333 0.0817985 0.00666667 0.000112506
0 0.235915 0.00933333 0.0785482 0.0186667 0.000112642
0 0.203142 1 0.0541712 0 0.000112815
0 0.0159805 0.0506667 0.031961 0.101333 0.00011315
0 0.190683 0.399333 0.381365 0.798667 0.000113537
0 0.168202 0.0233333 0.102384 0.0466667 0.000113764
0 0.869718 0.00666667 0.0763814 0.0133333 0.000116402
0 0.631636 0.996667 0.0465872 0.00666667 0.000116553
0 0.843445 0.058 0.0390032 0.084 0.000116717
0 0.242958 1 0.0460455 0 0.000116952
0 0.212351 0.996 0.0931744 0.008 0.000118069
0 0.987541 0.0106667 0.0195016 0.0213333 0.000118488
0 0.440953 0.783333 0.035753 0.092 0.000118611
0 0.856176 0.257333 0.0817985 0.208 0.000121649
0 0.315005 0.0206667 0.0222102 0.0413333 0.000122201
0 0.563651 0.708 0.0341278 0.0453333 0.000123389
0 0.437703 0.77 0.0325027 0.0413333 0.000123491
0 0.983749 0.400667 0.0325027 0.286667 0.000123565
0 0.669827 0.478 0.0211268 0.0493333 0.00012442
0 0.134345 0.472 0.226436 0.346667 0.000124513
0 0.227248 0 0.0547129 0 0.000124958
0 0.160076 0.576667 0.113218 0.230667 0.000127523
0 0.992416 0.975333 0.0151679 0.0493333 0.000127786
0 0.00704225 0.691333 0.0119177 0.292 0.000128574
0 0.977519 0.454667 0.0449621 0.221333 0.000129768
0 0.82584 1 0.0904659 0 0.000130239
0 0.187703 0.00266667 0.0861322 0.00533333 0.000131632
0 0.271668 0.509333 0.109967 0.256 0.000132379
0 0.0100217 0.802667 0.0113759 0.28 0.000132465
0 0.496479 0.752 0.0276273 0.0346667 0.000132702
0 0.630823 0.661333 0.0211268 0.0293333 0.000132994
0 0.644095 0.806 0.0400867 0.0733333 0.000135208
0 0.0587757 0.00533333 0.0893824 0.0106667 0.000135798
0 0.712622 0.022 0.0861322 0.044 0.000136716
0 0.268147 0.0266667 0.0411701 0.0453333 0.000137067
0 0.46506 0 0.102384 0 0.000138702
0 0.676598 0.657333 0.0574215 0.104 0.000138843
0 0.942308 0.989333 0.102384 0.0213333 0.000139094
0 0.649783 1 0.0839653 0 0.000139484
0 0.00785482 0.113333 0.0157096 0.194667 0.000139506
0 0.590195 0.575333 0.0644637 0.14 0.000140209
0 0.975623 0.0826667 0.0487541 0.144 0.000141108
0 0.985645 0.417333 0.0287107 0.128 0.000141126
0 0.564735 0.704 0.0102925 0.0293333 0.000144427
0 0.329902 0.95 0.0628386 0.0813333 0.0001449
0 0.786836 0.00266667 0.105634 0.00533333 0.000146188
0 0.0178765 0.666667 0.035753 0.413333 0.000147591
0 0.709372 0.5 0.581257 1 0.000147768
0 0.967768 0 0.0536295 0 0.000149524
0 0.00839653 0.233333 0.0157096 0.234667 0.000150611
0 0.413326 1 0.092091 0 0.000151504
0 0.406555 0.613333 0.813109 0.773333 0.000152346
0 0.796587 0.0293333 0.0828819 0.0586667 0.00015316
0 0.96506 1 0.0514626 0 0.000154042
0 0.176327 1 0.0861322 0 0.000155487
0 0.912243 0.339333 0.0660888 0.0973333 0.000156113
0 0.0189599 0.490667 0.0379198 0.322667 0.000157517
0 0.00785482 0.509333 0.0157096 0.154667 0.000159944
0 0.690683 0.0213333 0.0444204 0.0426667 0.000160217
0 0.949892 0.006 0.0861322 0.012 0.000161004
0 0.659805 0.837333 0.0325027 0.0693333 0.00016144
0 0.260293 0.00266667 0.0872156 0.00533333 0.000161726
0 0.983478 0.578 0.0330444 0.324 0.000163216
0 0.462622 0.997333 0.112676 0.00533333 0.00016353
0 0.834236 0.706 0.331528 0.588 0.000164423
0 0.53792 0.998 0.111593 0.004 0.0001648
0 0.917389 0.0113333 0.106717 0.0226667 0.000165757
0 0.00893824 0.325333 0.0135428 0.256 0.000166421
0 0.949892 1 0.0969664 0 0.000169344
0 0.0111051 0.586667 0.0222102 0.28 0.00016943
0 0.00568797 0.786667 0.0113759 0.288 0.000170274
0 0.502709 0.739333 0.0303359 0.0466667 0.000170299
0 0.176598 0 0.056338 0 0.000171865
0 0.840195 0.00266667 0.12351 0.00533333 0.000172295
0 0.595883 0.0233333 0.0574215 0.0466667 0.000173116
0 0.796045 0.140667 0.0666305 0.281333 0.000174546
0 0.989166 0.174667 0.0108342 0.125333 0.000179501
0 0.981853 0.0193333 0.0362947 0.0386667 0.000181616
0 0.201517 0 0.056338 0 0.000184857
0 0.909805 0.018 0.109967 0.036 0.000187882
0 0.744312 0.0126667 0.0498375 0.0253333 0.000187979
0 0.749458 0.0186667 0.0774648 0.0373333 0.00019587
0 0.688245 0.00133333 0.1013 0.00266667 0.000196943
0 0.0108342 0.647333 0.0151679 0.292 0.000197417
0 0.502979 0.746667 0.0211268 0.0213333 0.000197575
0 0.991333 0.538667 0.0173348 0.28 0.000198233
0 0.738895 0 0.107259 0 0.00019861
0 0.0495666 0 0.0557963 0 0.000200879
0 0.19312 0.69 0.386241 0.62 0.000209713
0 0.325027 0.981333 0.0216685 0.0373333 0.000213589
0 0.829632 0.0373333 0.0872156 0.0746667 0.000214467
0 0.682015 0.0306667 0.0682557 0.0613333 0.000217357
0 0.968039 0.014 0.0520043 0.028 0.000224165
0 0.657096 0.994 0.0465872 0.012 0.00023019
0 0.212622 1 0.0828819 0 0.000233024
0 0.797129 0.018 0.0492958 0.036 0.0002381
0 0.773294 0.392667 0.453413 0.785333 0.000242893
0 0.964518 0.00866667 0.0655471 0.0173333 0.000257578
0 0.966685 0.0206667 0.0655471 0.0413333 0.000258713
0 0.294691 0.576 0.11701 0.290667 0.00026623
0 0.991603 0.442 0.0146262 0.22 0.000267568
0 0.564193 0.711333 0.0254605 0.0253333 0.000267782
0 0.359155 0.500667 0.0260022 0.0573333 0.000275263
0 0.888137 0.0126667 0.112134 0.0253333 0.00028337
0 0.964518 0 0.0547129 0 0.000283525
0 0.423619 0.5 0.847237 1 0.000284469
0 0.812839 0.104667 0.0763814 0.169333 0.000284927
0 0.334236 0.947333 0.0433369 0.105333 0.000286979
0 0.662514 0.995333 0.0780065 0.00933333 0.00029094
0 0.0985916 0.00133333 0.111593 0.00266667 0.000294614
0 0.00866739 0.446667 0.0130011 0.266667 0.000295159
0 0.697725 0.990667 0.0422535 0.0186667 0.000300601
0 0.454225 0.241333 0.0276273 0.096 0.00030691
0 0.679577 0.0466667 0.0373781 0.0533333 0.00030732
0 0.661701 0.824 0.0568797 0.0933333 0.000309256
0 0.211538 0.004 0.0969664 0.008 0.000313294
0 0.988082 0.393333 0.0173348 0.141333 0.000319866
0 0.163597 0 0.149512 0 0.000321982
0 0.986999 0.102 0.0260022 0.204 0.000330856
0 0.989437 1 0.0200433 0 0.000334066
0 0.716143 0.885333 0.0574215 0.157333 0.000338069
0 0.356446 0.505333 0.0151679 0.032 0.000356514
0 0.98104 1 0.0379198 0 0.000365596
0 0.0387324 0.0266667 0.0774648 0.0533333 0.000375018
0 0.67091 0.684667 0.65818 0.630667 0.000392816
0 0.890845 0 0.146804 0 0.000406931
0 0.941495 0 0.115926 0 0.000438597
0 0.911159 0.004 0.107259 0.008 0.000453855
0 0.693662 0.640667 0.039545 0.0733333 0.000481929
0 0.818797 0.0473333 0.0460455 0.076 0.000489219
0 0.0113759 0.522667 0.0162514 0.285333 0.000489962
0 0.988895 0.0593333 0.0222102 0.118667 0.000498581
0 0.990249 0.120667 0.0151679 0.145333 0.000538223
0 0.0604009 0 0.120802 0 0.000550897
0 0.677952 0.026 0.0406284 0.052 0.00057855
0 0.864843 0.479333 0.270314 0.958667 0.000598557
0 0.744312 0.982667 0.0444204 0.0213333 0.000646293
0 0.160347 0.512667 0.295775 0.66 0.000650413
0 0.812297 0.146 0.0460455 0.153333 0.000704797
0 0.71533 0.973333 0.0633803 0.0453333 0.000707596
0 0.342091 0.98 0.0265439 0.0373333 0.000712097
0 0.988895 0.036 0.0124594 0.072 0.000718087
0 0.319881 0.972 0.0427952 0.056 0.000762483
0 0.0346696 0.00933333 0.0682557 0.0186667 0.000785504
0 0.688787 0.634667 0.0222102 0.0373333 0.000991586
0 0.817714 0.0233333 0.0460455 0.0466667 0.00104802
0 0.0278982 0 0.0557963 0 0.0011328
0 0.940953 0.322667 0.0585049 0.08 0.00119524
0 0.526815 0.5 0.821777 1 0.00123763
0 0.296587 0.520667 0.593174 0.958667 0.00133456
0 0.450975 0.188667 0.0752979 0.230667 0.00134872
0 0.742145 0.968667 0.0520043 0.0333333 0.00137266
0 0.292795 0.586667 0.150054 0.669333 0.00139066
0 0.989978 0.082 0.0102925 0.121333 0.00171606
0 0.842633 0.212667 0.128386 0.278667 0.00174006
0 0.700433 0.834667 0.0606717 0.149333 0.00178587
0 0.922535 0.914667 0.113759 0.12 0.00204176
0 0.89572 0.23 0.151138 0.262667 0.0023746
0 0.73104 0.960667 0.0666305 0.076 0.00258199
0 0.720206 0.984 0.0482123 0.0266667 0.00274949
0 0.646804 0.824667 0.0292524 0.0653333 0.00346226
0 0.884886 0.302 0.230228 0.604 0.00419367
0 0.709372 0.988667 0.039545 0.0173333 0.00439891
0 0.69312 0.632 0.0189599 0.024 0.00521589
0 0.57286 0.5 0.423077 1 0.00625303
0 0.575027 0.308 0.453413 0.616 0.00668784
0 0.582069 0.525333 0.088299 0.173333 0.0131247
0 0.593445 0.066 0.0926327 0.132 0.0146375
0 0.720748 0.792 0.232394 0.416 0.018232
0 0.332611 0.972667 0.028169 0.0546667 0.0203217
0 0.925785 0.284 0.112676 0.226667 0.0313239
0 0.728602 0.936667 0.0931744 0.124 0.039832
0 0.931744 0.316667 0.092091 0.121333 0.0737545
0 0.450163 0.213333 0.0422535 0.146667 0.190087
0 0.716414 0.886 0.0947996 0.228 0.711417
0 0.59182 0.0473333 0.0720477 0.092 0.859249
0 0.57584 0.521333 0.063922 0.101333 0.885857
