0 0.486999 0.873333 0.0693391 0.253333 1.00171e-05
0 0.559588 0.0466667 0.0877573 0.0933333 1.00678e-05
0 0.39572 0.0826667 0.0341278 0.0693333 1.01105e-05
0 0.969935 0.574 0.052546 0.126667 1.01338e-05
0 0.138949 0.794 0.14572 0.228 1.01478e-05
0 0.48429 0.949333 0.0227519 0.0826667 1.01666e-05
0 0.16143 0.356667 0.0866739 0.156 1.01726e-05
0 0.809588 0.119333 0.0991333 0.238667 1.02296e-05
0 0.582611 0.340667 0.108884 0.318667 1.02301e-05
0 0.727248 0.181333 0.193391 0.362667 1.02706e-05
0 0.433099 0.344 0.0557963 0.173333 1.02802e-05
0 0.156826 0.112 0.0362947 0.106667 1.03102e-05
0 0.167118 0.5 0.0503792 0.109333 1.03776e-05
0 0.8513 0.942667 0.0514626 0.0506667 1.03928e-05
0 0.383261 0.0746667 0.031961 0.0773333 1.04477e-05
0 0.508397 0.479333 0.0341278 0.0706667 1.04506e-05
0 0.355634 0.709333 0.0644637 0.138667 1.04835e-05
0 0.537107 0.346667 0.095883 0.152 1.05018e-05
0 0.167389 0.981333 0.0617551 0.0373333 1.0537e-05
0 0.485915 0.958 0.0725894 0.084 1.05611e-05
0 0.635428 0.574667 0.0877573 0.154667 1.0623e-05
0 0.412784 0.275333 0.0444204 0.177333 1.0654e-05
0 0.0297941 0.12 0.0476706 0.136 1.07661e-05
0 0.411701 0.146 0.0498375 0.0893333 1.07691e-05
0 0.144095 0.962 0.0433369 0.0333333 1.07835e-05
0 0.174973 0.188 0.217768 0.376 1.08038e-05
0 0.18364 0.298667 0.0314193 0.08 1.0873e-05
0 0.0858613 0.642667 0.150054 0.36 1.08816e-05
0 0.508938 0.449333 0.0352113 0.0773333 1.08965e-05
0 0.0297941 0.98 0.0444204 0.04 1.09687e-05
0 0.991333 0.947333 0.0173348 0.105333 1.09694e-05
0 0.388678 0.712 0.0796316 0.304 1.09927e-05
0 0.494041 0.272 0.0411701 0.109333 1.10118e-05
0 0.396533 0.540667 0.0433369 0.108 1.10124e-05
0 0.915493 0.0853333 0.12026 0.170667 1.10141e-05
0 0.119447 0.0813333 0.111051 0.162667 1.10202e-05
0 0.923619 0.959333 0.111593 0.0813333 1.10254e-05
0 0.280607 0.994667 0.0617551 0.0106667 1.10392e-05
0 0.283044 0.098 0.031961 0.0893333 1.1041e-05
0 0.48104 0.563333 0.0260022 0.1 1.10667e-05
0 0.607801 0.228667 0.0725894 0.3 1.11253e-05
0 0.196371 0.369333 0.0189599 0.0986667 1.11489e-05
0 0.507313 0.983333 0.0384615 0.0306667 1.11703e-05
0 0.38922 0.719333 0.0482123 0.177333 1.11971e-05
0 0.92416 0.895333 0.110509 0.156 1.12169e-05
0 0.894095 0.046 0.0492958 0.0626667 1.1257e-05
0 0.562568 0.199333 0.0861322 0.313333 1.12737e-05
0 0.257584 0.671333 0.039545 0.0893333 1.13456e-05
0 0.986728 0.850667 0.0211268 0.144 1.1352e-05
0 0.988624 0.78 0.0227519 0.282667 1.14475e-05
0 0.489978 0.966 0.0947996 0.068 1.14489e-05
0 0.979957 0.539333 0.0400867 0.14 1.14636e-05
0 0.730228 0.638667 0.119177 0.341333 1.14741e-05
0 0.366739 0.948 0.084507 0.104 1.14779e-05
0 0.948537 0.971333 0.084507 0.0573333 1.14942e-05
0 0.513272 0.644 0.0698808 0.152 1.15427e-05
0 0.422264 0.117333 0.0352113 0.0773333 1.16053e-05
0 0.692037 0.956 0.0742145 0.088 1.16947e-05
0 0.742687 0.993333 0.0520043 0.0133333 1.17295e-05
0 0.785482 0.403333 0.139762 0.284 1.17718e-05
0 0.944204 0.923333 0.0985916 0.153333 1.17975e-05
0 0.38597 0.52 0.0352113 0.0853333 1.18274e-05
0 0.196912 0.33 0.0167931 0.0893333 1.18403e-05
0 0.672264 0.747333 0.16143 0.505333 1.18521e-05
0 0.494041 0.953333 0.028169 0.0773333 1.19571e-05
0 0.846966 0.572667 0.095883 0.198667 1.19736e-05
0 0.723185 0.539333 0.223185 0.857333 1.19866e-05
0 0.407638 0.346 0.0785482 0.150667 1.20144e-05
0 0.713705 0.945333 0.0644637 0.109333 1.2021e-05
0 0.721289 0.976667 0.0417118 0.0413333 1.20427e-05
0 0.815818 0.405333 0.11701 0.157333 1.20432e-05
0 0.230228 0.827333 0.0325027 0.108 1.20707e-05
0 0.714789 0.888667 0.0969664 0.222667 1.20745e-05
0 0.985915 0.728 0.028169 0.130667 1.20885e-05
0 0.23104 0.882 0.0492958 0.158667 1.20906e-05
0 0.205309 0.580667 0.0216685 0.153333 1.20909e-05
0 0.21831 0.848 0.0476706 0.165333 1.21614e-05
0 0.433911 0.082 0.0335861 0.0706667 1.2167e-05
0 0.657909 0.880667 0.0904659 0.238667 1.21718e-05
0 0.523023 0.724667 0.0850488 0.132 1.21816e-05
0 0.6013 0.052 0.0476706 0.0586667 1.22241e-05
0 0.279252 0.988667 0.0482123 0.0226667 1.22363e-05
0 0.909263 0.941333 0.095883 0.0826667 1.22611e-05
0 0.0593174 0.0206667 0.0752979 0.0413333 1.22612e-05
0 0.232394 0.935333 0.028169 0.084 1.22983e-05
0 0.312297 0.704667 0.0763814 0.124 1.23466e-05
0 0.495666 0.427333 0.035753 0.0946667 1.23603e-05
0 0.533857 0.204667 0.0763814 0.134667 1.24349e-05
0 0.862134 0.0913333 0.115385 0.182667 1.24599e-05
0 0.507855 0.510667 0.0341278 0.072 1.26371e-05
0 0.140845 0.0153333 0.0455038 0.0306667 1.2641e-05
0 0.759751 0.327333 0.10455 0.185333 1.26548e-05
0 0.386241 0.212 0.0617551 0.176 1.27576e-05
0 0.173889 0.196 0.141928 0.392 1.27581e-05
0 0.45883 0.718667 0.0855905 0.146667 1.27725e-05
0 0.218039 0.141333 0.0222102 0.104 1.28242e-05
0 0.382178 1 0.0568797 0 1.28435e-05
0 0.97156 0.912 0.0427952 0.104 1.28593e-05
0 0.485374 0.982 0.0249187 0.036 1.29125e-05
0 0.358884 0.654 0.0471289 0.156 1.29241e-05
0 0.374052 0.412667 0.0438787 0.0866667 1.29467e-05
0 0.144366 0.472667 0.0482123 0.0973333 1.29525e-05
0 0.223185 0.434 0.0238353 0.0813333 1.29712e-05
0 0.58234 0.432667 0.0487541 0.1 1.29844e-05
0 0.220477 0.518 0.0227519 0.0786667 1.30168e-05
0 0.305525 0.930667 0.0509209 0.08 1.30332e-05
0 0.877302 0.992667 0.0492958 0.0146667 1.30602e-05
0 0.657909 0.636667 0.0904659 0.281333 1.31405e-05
0 0.339924 0.991333 0.0492958 0.0173333 1.31556e-05
0 0.208017 0.43 0.0184182 0.0946667 1.31853e-05
0 0.888678 0.718 0.192308 0.34 1.31869e-05
0 0.0200433 0.258667 0.0400867 0.136 1.32003e-05
0 0.769231 0.372 0.175515 0.536 1.32329e-05
0 0.923077 0.178667 0.153846 0.357333 1.32683e-05
0 0.837486 0.528 0.15818 0.277333 1.32742e-05
0 0.269772 0.440667 0.0325027 0.0893333 1.32808e-05
0 0.603196 0.884 0.0460455 0.104 1.32963e-05
0 0.336403 0.381333 0.0498375 0.0933333 1.33108e-05
0 0.645179 0.211333 0.0455038 0.129333 1.33909e-05
0 0.564735 0.416667 0.107801 0.150667 1.34293e-05
0 0.46506 0.860667 0.161972 0.278667 1.3439e-05
0 0.206392 0.176 0.0151679 0.0986667 1.3462e-05
0 0.43662 0.957333 0.0790899 0.0853333 1.35033e-05
0 0.357801 0.966667 0.0991333 0.0426667 1.35086e-05
0 0.337486 0.302667 0.0465872 0.144 1.3536e-05
0 0.590466 0.208667 0.0541712 0.124 1.35673e-05
0 0.345883 0.733333 0.0308776 0.0933333 1.35683e-05
0 0.413868 0.196 0.0606717 0.365333 1.36766e-05
0 0.63597 0.898667 0.0964247 0.162667 1.36935e-05
0 0.521939 0.514 0.0341278 0.076 1.37258e-05
0 0.257313 0.0793333 0.0325027 0.0946667 1.37291e-05
0 0.819339 0.0426667 0.0460455 0.0666667 1.3769e-05
0 0.884345 0.544667 0.103467 0.185333 1.38189e-05
0 0.582611 0.57 0.0872156 0.297333 1.38268e-05
0 0.369989 0.913333 0.102925 0.125333 1.38686e-05
0 0.729686 0.339333 0.099675 0.337333 1.38924e-05
0 0.421181 0.08 0.0352113 0.0666667 1.39072e-05
0 0.382449 0.120667 0.0303359 0.084 1.39166e-05
0 0.371343 0.143333 0.0330444 0.0786667 1.392e-05
0 0.855905 0.0473333 0.0487541 0.0653333 1.3926e-05
0 0.53494 0.515333 0.0287107 0.0786667 1.39363e-05
0 0.333694 0.706667 0.0790899 0.258667 1.39414e-05
0 0.732394 0.0226667 0.0411701 0.0453333 1.39499e-05
0 0.159805 0.150667 0.0812568 0.301333 1.39761e-05
0 0.218039 0.271333 0.0178765 0.076 1.39787e-05
0 0.5474 0.996 0.0622969 0.008 1.39871e-05
0 0.28169 0.699333 0.0953413 0.273333 1.39981e-05
0 0.0157096 0.0846667 0.0292524 0.124 1.4046e-05
0 0.332882 0.840667 0.0991333 0.270667 1.41235e-05
0 0.73104 0.946 0.052546 0.1 1.41286e-05
0 0.989166 0.964 0.0162514 0.072 1.41296e-05
0 0.195829 0.430667 0.0222102 0.112 1.41798e-05
0 0.789003 0.979333 0.133803 0.0413333 1.41868e-05
0 0.149512 0.906 0.0812568 0.118667 1.41873e-05
0 0.0121885 0.960667 0.0167931 0.0786667 1.42254e-05
0 0.530336 0.148 0.100758 0.296 1.42461e-05
0 0.0888407 0.151333 0.177681 0.302667 1.43099e-05
0 0.582611 0.148 0.0503792 0.0933333 1.43117e-05
0 0.111051 0.210667 0.118093 0.301333 1.43291e-05
0 0.28467 0.136 0.052546 0.194667 1.43652e-05
0 0.520043 0.120667 0.0476706 0.0866667 1.44061e-05
0 0.307963 0.998667 0.0687974 0.00266667 1.44673e-05
0 0.677681 0.159333 0.128927 0.318667 1.45203e-05
0 0.700433 0.949333 0.0227519 0.0986667 1.45306e-05
0 0.272752 0.380667 0.131636 0.58 1.45363e-05
0 0.0509209 0.203333 0.0910076 0.22 1.45467e-05
0 0.0988624 0.915333 0.0817985 0.129333 1.45604e-05
0 0.447725 0.086 0.0362947 0.076 1.45759e-05
0 0.789816 0.190667 0.0888407 0.064 1.46329e-05
0 0.322048 0.182667 0.185807 0.365333 1.46552e-05
0 0.69935 0.992 0.0790899 0.016 1.46986e-05
0 0.930119 0.803333 0.139762 0.393333 1.47582e-05
0 0.107801 0.407333 0.138678 0.412 1.47831e-05
0 0.756501 0.450667 0.100217 0.133333 1.47988e-05
0 0.207746 0.114 0.0200433 0.0946667 1.48921e-05
0 0.516793 0.21 0.156013 0.42 1.49122e-05
0 0.421723 0.207333 0.14247 0.414667 1.49549e-05
0 0.919285 0.996667 0.0487541 0.00666667 1.49553e-05
0 0.255417 0.806667 0.052546 0.096 1.50079e-05
0 0.682286 0.274667 0.0709642 0.234667 1.5122e-05
0 0.53169 0.084 0.0417118 0.106667 1.51245e-05
0 0.969935 0.667333 0.052546 0.110667 1.51296e-05
0 0.385428 0.204667 0.0817985 0.337333 1.51477e-05
0 0.852925 1 0.0536295 0 1.51507e-05
0 0.434182 0.122667 0.031961 0.08 1.51509e-05
0 0.730769 0.0806667 0.0249187 0.0733333 1.51711e-05
0 0.218852 0.794 0.035753 0.102667 1.52087e-05
0 0.492958 0.536 0.0325027 0.0906667 1.52327e-05
0 0.41468 0.193333 0.0417118 0.162667 1.52426e-05
0 0.621885 0.945333 0.0877573 0.109333 1.52916e-05
0 0.218039 0.241333 0.0200433 0.0826667 1.53577e-05
0 0.405742 0.0486667 0.0585049 0.084 1.54029e-05
0 0.468581 0.559333 0.0314193 0.113333 1.54276e-05
0 0.798483 0.224667 0.124594 0.14 1.54378e-05
0 0.801192 1 0.0888407 0 1.544e-05
0 0.463434 0.328 0.0828819 0.170667 1.54876e-05
0 0.361863 0.146667 0.0769231 0.293333 1.55708e-05
0 0.52221 0.424667 0.0444204 0.102667 1.55767e-05
0 0.911159 0.536 0.149512 0.285333 1.55801e-05
0 0.363489 0.580667 0.0498375 0.169333 1.56425e-05
0 0.528982 0.263333 0.088299 0.273333 1.56592e-05
0 0.56636 0.0126667 0.0471289 0.0253333 1.56895e-05
0 0.408992 0.515333 0.0422535 0.1 1.56949e-05
0 0.409805 0.81 0.0427952 0.148 1.57009e-05
0 0.388678 0.365333 0.0276273 0.056 1.57066e-05
0 0.180661 0.0173333 0.0449621 0.0346667 1.57605e-05
0 0.758126 0.518667 0.103467 0.109333 1.58829e-05
0 0.314193 0.420667 0.028169 0.0706667 1.58949e-05
0 0.380011 0.289333 0.0861322 0.154667 1.58981e-05
0 0.814735 0.94 0.0498375 0.056 1.59128e-05
0 0.547129 0.511333 0.0368364 0.092 1.59194e-05
0 0.25948 0.622 0.0292524 0.0546667 1.60483e-05
0 0.316631 0.216667 0.0796316 0.188 1.60559e-05
0 0.494854 0.984667 0.0308776 0.028 1.60704e-05
0 0.318527 0.951333 0.0964247 0.0973333 1.61881e-05
0 0.706663 0.0246667 0.0449621 0.0493333 1.6425e-05
0 0.207205 0.294667 0.024377 0.072 1.64965e-05
0 0.495395 0.0413333 0.0438787 0.0693333 1.65014e-05
0 0.941495 0.534 0.11701 0.190667 1.65801e-05
0 0.624323 0.995333 0.0687974 0.00933333 1.6595e-05
0 0.307692 0.145333 0.0693391 0.290667 1.6707e-05
0 0.308505 0.586 0.0514626 0.142667 1.67131e-05
0 0.383532 0.989333 0.035753 0.0213333 1.67477e-05
0 0.837216 0.646 0.190141 0.409333 1.67488e-05
0 0.989437 0.902 0.0211268 0.196 1.6836e-05
0 0.560672 0.486 0.0379198 0.0973333 1.68568e-05
0 0.279252 0.708 0.0644637 0.125333 1.68572e-05
0 0.39545 0.945333 0.0574215 0.109333 1.68987e-05
0 0.0167931 0.758 0.0335861 0.153333 1.69434e-05
0 0.611593 0.99 0.0682557 0.02 1.70024e-05
0 0.979957 0.772667 0.0400867 0.372 1.70046e-05
0 0.271127 0.074 0.0308776 0.0893333 1.70405e-05
0 0.570964 0.874667 0.0628386 0.141333 1.7096e-05
0 0.421993 0.186667 0.0184182 0.088 1.70964e-05
0 0.0923619 0.939333 0.0460455 0.0866667 1.71044e-05
0 0.669014 0.995333 0.0465872 0.00933333 1.71158e-05
0 0.662243 0.952667 0.0893824 0.0946667 1.71168e-05
0 0.113218 0 0.0552546 0 1.72616e-05
0 0.736728 0.609333 0.0790899 0.144 1.72735e-05
0 0.436891 0.269333 0.0612134 0.189333 1.73259e-05
0 0.657909 0.000666667 0.0655471 0.00133333 1.74447e-05
0 0.366739 0.380667 0.0574215 0.0706667 1.7603e-05
0 0.572048 0.836667 0.162514 0.326667 1.76636e-05
0 0.512188 0.507333 0.133803 0.558667 1.77979e-05
0 0.95585 0.636 0.067714 0.109333 1.78114e-05
0 0.0189599 0.322 0.0379198 0.137333 1.78964e-05
0 0.21831 0.254 0.119177 0.494667 1.7906e-05
0 0.904659 1 0.0498375 0 1.79505e-05
0 0.198267 0.241333 0.020585 0.0986667 1.79918e-05
0 0.81636 1 0.0509209 0 1.80174e-05
0 0.371885 0.380667 0.0872156 0.116 1.80689e-05
0 0.832611 0.521333 0.262189 0.645333 1.80697e-05
0 0.421452 0.892667 0.0465872 0.137333 1.81008e-05
0 0.0625677 0 0.0547129 0 1.81143e-05
0 0.86078 0.204667 0.163597 0.372 1.81264e-05
0 0.481853 0.566 0.0633803 0.252 1.81595e-05
0 0.207746 0.208 0.0167931 0.0906667 1.81972e-05
0 0.0249187 0.83 0.0498375 0.169333 1.81999e-05
0 0.485645 0.646 0.0698808 0.153333 1.82174e-05
0 0.197725 0.550667 0.0292524 0.101333 1.82209e-05
0 0.456663 0.650667 0.0455038 0.144 1.82695e-05
0 0.362947 0.501333 0.0758397 0.290667 1.83266e-05
0 0.0985916 0.02 0.099675 0.04 1.83389e-05
0 0.161159 0.646 0.131636 0.310667 1.83674e-05
0 0.0872156 0 0.0552546 0 1.85085e-05
0 0.284399 0.213333 0.0509209 0.194667 1.86605e-05
0 0.224269 0.989333 0.0910076 0.0213333 1.86634e-05
0 0.982394 0.396667 0.0287107 0.262667 1.86986e-05
0 0.456663 0.635333 0.0736728 0.265333 1.87686e-05
0 0.29415 0.956667 0.056338 0.0733333 1.88172e-05
0 0.19935 0.646667 0.0325027 0.165333 1.88507e-05
0 0.12026 0.970667 0.11701 0.0586667 1.90275e-05
0 0.693662 0.995333 0.0427952 0.00933333 1.9221e-05
0 0.581528 0.202 0.14572 0.404 1.92626e-05
0 0.142741 0.984 0.0687974 0.032 1.92699e-05
0 0.502979 0.273333 0.0579632 0.168 1.92757e-05
0 0.274377 0.179333 0.129469 0.358667 1.92906e-05
0 0.144908 0.670667 0.0774648 0.133333 1.93147e-05
0 0.113218 0.997333 0.0498375 0.00533333 1.93226e-05
0 0.721289 0.993333 0.0482123 0.0133333 1.93718e-05
0 0.969664 0.722 0.0606717 0.177333 1.93795e-05
0 0.839112 0.349333 0.130011 0.298667 1.94192e-05
0 0.980228 0.938 0.039545 0.0946667 1.94764e-05
0 0.22779 0.99 0.0438787 0.02 1.96322e-05
0 0.981311 0.890667 0.0330444 0.216 1.96475e-05
0 0.626219 0.512 0.0801734 0.146667 1.96665e-05
0 0.212351 0.835333 0.0671723 0.329333 1.96803e-05
0 0.560943 0.694 0.0547129 0.052 1.98186e-05
0 0.75623 0.0213333 0.0444204 0.0426667 1.98518e-05
0 0.596425 0.002 0.0509209 0.004 1.99416e-05
0 0.291983 0.969333 0.0433369 0.0373333 2.0106e-05
0 0.0268147 0.696 0.0384615 0.28 2.02107e-05
0 0.538191 0.574 0.0687974 0.150667 2.04032e-05
0 0.246208 0.835333 0.0492958 0.102667 2.0468e-05
0 0.289274 0.912 0.121343 0.176 2.05316e-05
0 0.882449 0.978 0.0790899 0.044 2.05453e-05
0 0.0297941 0.0653333 0.0455038 0.096 2.05684e-05
0 0.14247 0.937333 0.0910076 0.125333 2.05757e-05
0 0.257584 0.606667 0.0471289 0.149333 2.07132e-05
0 0.163868 0.993333 0.0492958 0.0133333 2.07436e-05
0 0.239166 0.288 0.0752979 0.154667 2.08089e-05
0 0.326381 0.964667 0.052546 0.028 2.08948e-05
0 0.8987 0.0486667 0.0942579 0.084 2.0895e-05
0 0.462893 0.118 0.0373781 0.0866667 2.09177e-05
0 0.00785482 0.967333 0.0135428 0.0653333 2.09573e-05
0 0.655742 0.006 0.0492958 0.012 2.09831e-05
0 0.563109 0.582667 0.0742145 0.162667 2.10647e-05
0 0.891116 0.0173333 0.0487541 0.0346667 2.10918e-05
0 0.8513 1 0.0980498 0 2.10996e-05
0 0.260293 0.208667 0.052546 0.196 2.1171e-05
0 0.861863 0.052 0.0942579 0.088 2.11882e-05
0 0.0533586 0.0853333 0.0915493 0.162667 2.12184e-05
0 0.163055 0.425333 0.0964247 0.248 2.1291e-05
0 0.37026 0.621333 0.137053 0.536 2.13265e-05
0 0.283586 0.592 0.0503792 0.141333 2.14189e-05
0 0.31013 0.511333 0.0752979 0.273333 2.14861e-05
0 0.945016 0.0193333 0.0514626 0.0386667 2.15106e-05
0 0.337757 0.584667 0.0752979 0.156 2.15281e-05
0 0.209913 0.0806667 0.0189599 0.0893333 2.16637e-05
0 0.258126 0.963333 0.0482123 0.068 2.16708e-05
0 0.630282 0 0.0514626 0 2.17193e-05
0 0.157367 0.569333 0.0622969 0.149333 2.18581e-05
0 0.887595 0.700667 0.131636 0.196 2.19649e-05
0 0.955309 0.726667 0.0893824 0.456 2.20561e-05
0 0.170639 0.942667 0.122427 0.114667 2.21012e-05
0 0.257042 0.979333 0.0514626 0.0413333 2.21077e-05
0 0.187974 0.407333 0.071506 0.348 2.22137e-05
0 0.988895 0.468667 0.0222102 0.150667 2.22672e-05
0 0.257584 0.642667 0.0362947 0.0693333 2.22829e-05
0 0.878657 0.406 0.146262 0.310667 2.22931e-05
0 0.119177 0.794 0.238353 0.412 2.2335e-05
0 0.332882 0.716667 0.052546 0.118667 2.23592e-05
0 0.610509 0.000666667 0.0866739 0.00133333 2.23666e-05
0 0.951517 0.25 0.0969664 0.5 2.24419e-05
0 0.245666 0.0806667 0.0287107 0.092 2.24554e-05
0 0.1487 0.024 0.0861322 0.048 2.24606e-05
0 0.584236 0.992 0.0687974 0.016 2.25923e-05
0 0.885428 0.92 0.122969 0.16 2.26013e-05
0 0.649512 0.993333 0.0780065 0.0133333 2.27371e-05
0 0.592362 0.998667 0.0460455 0.00266667 2.27448e-05
0 0.429577 0.991333 0.0422535 0.0173333 2.27984e-05
0 0.76571 1 0.0503792 0 2.28193e-05
0 0.888407 0.853333 0.125677 0.178667 2.28344e-05
0 0.931203 0 0.0541712 0 2.28442e-05
0 0.988624 0.356 0.0140845 0.152 2.29011e-05
0 0.199892 0.704 0.0433369 0.114667 2.31383e-05
0 0.0907367 0.933333 0.107801 0.133333 2.32125e-05
0 0.43662 0.492667 0.0433369 0.105333 2.32256e-05
0 0.184995 0.877333 0.0947996 0.24 2.33313e-05
0 0.0771939 0.528 0.118635 0.2 2.33933e-05
0 0.344529 0.5 0.0790899 0.181333 2.344e-05
0 0.406555 0.646 0.0579632 0.182667 2.37323e-05
0 0.160888 0.0953333 0.0585049 0.169333 2.38431e-05
0 0.854009 0.0186667 0.0492958 0.0373333 2.39171e-05
0 0.610509 0.500667 0.148429 0.588 2.39423e-05
0 0.320152 0.294 0.0953413 0.158667 2.3968e-05
0 0.735645 0.198667 0.144095 0.397333 2.40348e-05
0 0.785753 0.0246667 0.0774648 0.0493333 2.40412e-05
0 0.449621 0.53 0.0520043 0.0813333 2.41475e-05
0 0.208017 0.347333 0.0314193 0.142667 2.42234e-05
0 0.0306067 0.02 0.0492958 0.04 2.42256e-05
0 0.790358 1 0.0509209 0 2.42724e-05
0 0.203684 0.275333 0.0444204 0.268 2.42925e-05
0 0.986186 0.104667 0.0254605 0.113333 2.43017e-05
0 0.507855 0.404 0.0839653 0.229333 2.43574e-05
0 0.485915 0.132 0.0325027 0.08 2.43826e-05
0 0.231853 0.456667 0.0227519 0.0706667 2.46027e-05
0 0.252167 0.997333 0.0731311 0.00533333 2.46769e-05
0 0.668202 0.300667 0.187974 0.601333 2.48494e-05
0 0.155471 0.523333 0.0509209 0.118667 2.48679e-05
0 0.510293 0.891333 0.0780065 0.161333 2.48796e-05
0 0.314193 0.946 0.0520043 0.0466667 2.48845e-05
0 0.260293 0.946 0.0633803 0.108 2.49346e-05
0 0.0162514 0.692 0.0325027 0.154667 2.49398e-05
0 0.385157 0.573333 0.0595883 0.176 2.51263e-05
0 0.491333 0.454667 0.035753 0.08 2.52027e-05
0 0.468039 0.246667 0.139762 0.493333 2.52252e-05
0 0.253521 0.368 0.0249187 0.0453333 2.5351e-05
0 0.630553 0.996 0.0455038 0.008 2.53795e-05
0 0.153575 0 0.0547129 0 2.54185e-05
0 0.960455 0.968 0.0790899 0.064 2.5473e-05
0 0.763272 1 0.0888407 0 2.55422e-05
0 0.605634 0 0.0530878 0 2.56353e-05
0 0.00839653 0.016 0.0167931 0.032 2.57143e-05
0 0.208288 0.241333 0.0146262 0.0933333 2.57897e-05
0 0.440412 0.209333 0.084507 0.181333 2.59406e-05
0 0.24675 0.967333 0.0297941 0.0493333 2.62064e-05
0 0.340466 0.144 0.0698808 0.176 2.63027e-05
0 0.654659 0.05 0.0449621 0.068 2.63548e-05
0 0.481311 0.567333 0.0438787 0.137333 2.64067e-05
0 0.978602 0.648 0.0427952 0.298667 2.65285e-05
0 0.699892 0.978667 0.0238353 0.04 2.65313e-05
0 0.232665 0.767333 0.0590466 0.129333 2.65449e-05
0 0.270856 0.354667 0.0444204 0.0586667 2.6621e-05
0 0.890574 0 0.0552546 0 2.66307e-05
0 0.6013 0.153333 0.106176 0.304 2.66597e-05
0 0.844529 0.026 0.125677 0.052 2.69206e-05
0 0.198537 0.494 0.0200433 0.0946667 2.70859e-05
0 0.00433369 0.138 0.00866739 0.153333 2.71153e-05
0 0.325298 0.430667 0.0709642 0.245333 2.71277e-05
0 0.584778 0.484667 0.0471289 0.113333 2.71389e-05
0 0.912243 0.767333 0.127844 0.222667 2.71787e-05
0 0.731582 0.390667 0.0752979 0.154667 2.72268e-05
0 0.205309 0.980667 0.0660888 0.0386667 2.73698e-05
0 0.461809 0.962667 0.0850488 0.0746667 2.74471e-05
0 0.445287 0.999333 0.0465872 0.00133333 2.7458e-05
0 0.187161 0.35 0.0330444 0.134667 2.74652e-05
0 0.659263 0.154667 0.144095 0.309333 2.74669e-05
0 0.687432 0.988667 0.0769231 0.0226667 2.75406e-05
0 0.378657 0.375333 0.035753 0.0466667 2.75626e-05
0 0.521398 0.951333 0.0872156 0.0973333 2.76528e-05
0 0.988082 0.938667 0.0184182 0.117333 2.76982e-05
0 0.762188 0.0653333 0.0801734 0.130667 2.77471e-05
0 0.282503 0.204 0.0774648 0.344 2.78254e-05
0 0.573131 0.935333 0.0812568 0.129333 2.78733e-05
0 0.277086 1 0.0460455 0 2.78848e-05
0 0.780065 0.0206667 0.0455038 0.0413333 2.79579e-05
0 0.358613 0.0433333 0.0465872 0.06 2.80935e-05
0 0.264355 0.316 0.0725894 0.138667 2.82101e-05
0 0.535753 0.464 0.0693391 0.149333 2.82762e-05
0 0.0671723 0.973333 0.115926 0.0533333 2.84379e-05
0 0.289545 0.516667 0.067714 0.153333 2.8538e-05
0 0.986999 0.571333 0.0238353 0.150667 2.86337e-05
0 0.263814 0.978 0.071506 0.044 2.87338e-05
0 0.365385 0.96 0.129469 0.08 2.8741e-05
0 0.228332 0.782667 0.207476 0.434667 2.88624e-05
0 0.53494 0.510667 0.0579632 0.125333 2.90909e-05
0 0.994854 0.348667 0.0102925 0.3 2.91064e-05
0 0.279523 0.658 0.0801734 0.129333 2.91116e-05
0 0.143283 0.933333 0.0460455 0.0693333 2.91919e-05
0 0.388137 0.514667 0.0850488 0.229333 2.93438e-05
0 0.478873 0.417333 0.0747562 0.232 2.93631e-05
0 0.0557963 0.210667 0.111593 0.378667 2.94129e-05
0 0.506771 0.575333 0.0482123 0.132 2.95607e-05
0 0.303359 1 0.0487541 0 2.95944e-05
0 0.792253 0.0266667 0.117551 0.0533333 2.95957e-05
0 0.563651 0.105333 0.0980498 0.210667 2.96238e-05
0 0.704496 0.002 0.0536295 0.004 2.98369e-05
0 0.187703 0.481333 0.0362947 0.130667 3.0095e-05
0 0.530065 0.998 0.0482123 0.004 3.01139e-05
0 0.369989 0.617333 0.0769231 0.194667 3.02661e-05
0 0.504605 0.212 0.0991333 0.288 3.03073e-05
0 0.222102 0.462 0.020585 0.0733333 3.04921e-05
0 0.0178765 0.635333 0.035753 0.142667 3.05049e-05
0 0.923619 0.341333 0.134345 0.666667 3.0593e-05
0 0.236999 0.932667 0.0926327 0.134667 3.06321e-05
0 0.952329 0.490667 0.0953413 0.546667 3.07332e-05
0 0.0192308 0.0766667 0.0384615 0.153333 3.07626e-05
0 0.0189599 0.418 0.0379198 0.126667 3.08567e-05
0 0.600758 0.0226667 0.0476706 0.0453333 3.08883e-05
0 0.589112 0.0333333 0.0937161 0.0666667 3.11535e-05
0 0.100217 0.272667 0.173348 0.545333 3.11873e-05
0 0.380553 0.455333 0.0807151 0.116 3.12561e-05
0 0.716685 0.0266667 0.111593 0.0533333 3.13419e-05
0 0.516793 0.0646667 0.0975081 0.129333 3.14403e-05
0 0.986457 0.328667 0.0260022 0.238667 3.16172e-05
0 0.865655 0 0.0552546 0 3.1694e-05
0 0.436078 0.562667 0.0660888 0.170667 3.17126e-05
0 0.258126 0.967333 0.0297941 0.0466667 3.18277e-05
0 0.0186891 0.57 0.0373781 0.134667 3.18424e-05
0 0.572048 0.207333 0.0433369 0.113333 3.18525e-05
0 0.207746 0.272 0.0135428 0.0746667 3.18566e-05
0 0.138678 0.996 0.0509209 0.008 3.18975e-05
0 0.194204 0.216667 0.031961 0.150667 3.19349e-05
0 0.977519 0.0286667 0.0449621 0.0573333 3.19611e-05
0 0.0647346 1 0.0514626 0 3.20527e-05
0 0.0793608 0.4 0.133803 0.229333 3.20813e-05
0 0.731582 0.0613333 0.0352113 0.0826667 3.21229e-05
0 0.35428 0.993333 0.0487541 0.0133333 3.21281e-05
0 0.0506501 0.334667 0.0969664 0.229333 3.21934e-05
0 0.00622969 0.228667 0.0124594 0.158667 3.22349e-05
0 0.947183 0.054 0.0503792 0.0733333 3.23035e-05
0 0.887595 0.951333 0.165222 0.0973333 3.24314e-05
0 0.327194 1 0.0530878 0 3.2645e-05
0 0.332069 0.996667 0.071506 0.00666667 3.27804e-05
0 0.18364 0.536 0.0444204 0.157333 3.29804e-05
0 0.188245 0.153333 0.0590466 0.306667 3.30302e-05
0 0.662243 0.0393333 0.095883 0.0786667 3.31035e-05
0 0.565005 0 0.0509209 0 3.31984e-05
0 0.849946 0.981333 0.121343 0.0373333 3.32249e-05
0 0.232665 0.08 0.0232936 0.0933333 3.32562e-05
0 0.257042 0.14 0.0752979 0.28 3.33904e-05
0 0.229686 0.512 0.071506 0.296 3.34735e-05
0 0.226706 1 0.0471289 0 3.34855e-05
0 0.877844 1 0.0536295 0 3.36204e-05
0 0.462351 0.997333 0.0709642 0.00533333 3.3662e-05
0 0.186349 0.419333 0.0379198 0.134667 3.36672e-05
0 0.397887 0.982667 0.0406284 0.0346667 3.37055e-05
0 0.162514 0.42 0.166847 0.624 3.3793e-05
0 0.780065 0.832667 0.222102 0.334667 3.38214e-05
0 0.965872 0.343333 0.0682557 0.353333 3.3953e-05
0 0.260834 0.512 0.0742145 0.165333 3.40186e-05
0 0.574485 0.998667 0.0720477 0.00266667 3.41178e-05
0 0.417931 0.982667 0.0406284 0.0346667 3.42757e-05
0 0.989978 0.412667 0.0146262 0.148 3.43196e-05
0 0.0151679 0.148667 0.0303359 0.201333 3.4431e-05
0 0.313922 0.764 0.129469 0.472 3.4474e-05
0 0.412784 0.068 0.0823402 0.136 3.45569e-05
0 0.0181473 0.919333 0.0362947 0.161333 3.4591e-05
0 0.729686 0 0.0530878 0 3.46965e-05
0 0.436078 0.642667 0.0780065 0.181333 3.46992e-05
0 0.359967 0.293333 0.115385 0.445333 3.48076e-05
0 0.508667 0.412667 0.0606717 0.137333 3.48436e-05
0 0.325298 0.43 0.0232936 0.0813333 3.48843e-05
0 0.00758397 0.038 0.0119177 0.076 3.4986e-05
0 0.961809 0.592667 0.0763814 0.289333 3.51277e-05
0 0.861051 0.0266667 0.0969664 0.0533333 3.52356e-05
0 0.379469 1 0.039545 0 3.52659e-05
0 0.988624 0.291333 0.0173348 0.145333 3.53673e-05
0 0.23429 0.00933333 0.052546 0.0186667 3.54161e-05
0 0.210455 0.409333 0.0547129 0.266667 3.54656e-05
0 0.315547 0.772667 0.0839653 0.206667 3.55593e-05
0 0.737812 0.164 0.109426 0.152 3.59337e-05
0 0.052546 0.57 0.105092 0.236 3.59957e-05
0 0.0549837 0.871333 0.0839653 0.198667 3.60375e-05
0 0.949079 0.026 0.0855905 0.052 3.61403e-05
0 0.088299 1 0.0520043 0 3.6221e-05
0 0.890845 0.0626667 0.102384 0.125333 3.65073e-05
0 0.306338 0.094 0.031961 0.0866667 3.66078e-05
0 0.193391 0.280667 0.0270856 0.124 3.67726e-05
0 0.201788 0.993333 0.0492958 0.0133333 3.6916e-05
0 0.393283 0.143333 0.0769231 0.142667 3.69383e-05
0 0.751625 0.220667 0.0557963 0.052 3.72363e-05
0 0.203684 0.28 0.0249187 0.130667 3.72456e-05
0 0.413055 0.998667 0.0644637 0.00266667 3.72757e-05
0 0.228873 0.707333 0.0287107 0.110667 3.74842e-05
0 0.206392 0 0.0487541 0 3.7495e-05
0 0.428765 0.16 0.0492958 0.152 3.7542e-05
0 0.0092091 0.287333 0.0184182 0.156 3.77887e-05
0 0.96533 0.882 0.0671723 0.236 3.78479e-05
0 0.939599 0.064 0.0828819 0.104 3.80714e-05
0 0.681744 0.0253333 0.0449621 0.0506667 3.81569e-05
0 0.187432 0.094 0.0476706 0.161333 3.83314e-05
0 0.841549 0 0.0547129 0 3.83713e-05
0 0.293066 0.975333 0.0942579 0.0493333 3.84478e-05
0 0.197725 0.272667 0.0184182 0.0813333 3.86026e-05
0 0.658722 0.0886667 0.0877573 0.145333 3.86565e-05
0 0.466143 0.120667 0.067714 0.241333 3.88083e-05
0 0.391387 0.0286667 0.102384 0.0573333 3.88508e-05
0 0.166576 0.0593333 0.0839653 0.118667 3.89781e-05
0 0.779252 0 0.0536295 0 3.91718e-05
0 0.230769 0.606667 0.0747562 0.173333 3.91886e-05
0 0.258938 0.651333 0.11701 0.441333 3.93382e-05
0 0.21208 0.148667 0.031961 0.174667 3.93779e-05
0 0.725894 1 0.0769231 0 3.95746e-05
0 0.411159 0.732 0.0693391 0.165333 3.97197e-05
0 0.0918202 0.882667 0.117551 0.234667 3.97562e-05
0 0.0306067 0.119333 0.0612134 0.238667 3.9763e-05
0 0.567443 0.998 0.0471289 0.004 3.98651e-05
0 0.026273 0.975333 0.052546 0.0493333 4.01665e-05
0 0.754605 0 0.0530878 0 4.01825e-05
0 0.133261 0.580667 0.0455038 0.14 4.02976e-05
0 0.210184 0.147333 0.0509209 0.294667 4.03232e-05
0 0.23429 0.204667 0.0612134 0.188 4.05624e-05
0 0.931203 1 0.0520043 0 4.06812e-05
0 0.435265 0.113333 0.0763814 0.226667 4.06872e-05
0 0.871885 0.962 0.125135 0.0573333 4.07235e-05
0 0.314735 0.648667 0.0780065 0.18 4.09076e-05
0 0.418202 0 0.0509209 0 4.10663e-05
0 0.56636 0.475333 0.0720477 0.153333 4.11157e-05
0 0.944204 0.997333 0.0520043 0.00533333 4.11284e-05
0 0.0292524 0.0286667 0.0585049 0.0573333 4.11455e-05
0 0.341278 0.034 0.102925 0.068 4.12572e-05
0 0.0817985 0.991333 0.0769231 0.0173333 4.15096e-05
0 0.5 0.998667 0.0660888 0.00266667 4.17733e-05
0 0.208288 0.217333 0.0276273 0.149333 4.21084e-05
0 0.680932 0.00266667 0.0530878 0.00533333 4.21655e-05
0 0.647346 0.18 0.0628386 0.213333 4.2248e-05
0 0.437703 0.5 0.112676 0.405333 4.22593e-05
0 0.503521 0.498667 0.0709642 0.141333 4.26549e-05
0 0.570423 0.506 0.0390032 0.105333 4.27406e-05
0 0.796045 0.246667 0.141387 0.464 4.29414e-05
0 0.869177 0.392667 0.0774648 0.228 4.32935e-05
0 0.114843 0.534 0.135428 0.3 4.35567e-05
0 0.74052 0.986 0.104009 0.028 4.37205e-05
0 0.212893 0.0233333 0.0953413 0.0466667 4.3883e-05
0 0.00866739 0.787333 0.0173348 0.158667 4.39949e-05
0 0.969122 0.018 0.0509209 0.036 4.4086e-05
0 0.962893 0.953333 0.0742145 0.0933333 4.4091e-05
0 0.537378 0.868 0.0953413 0.264 4.41726e-05
0 0.453142 0.843333 0.115385 0.313333 4.42721e-05
0 0.421723 0.0533333 0.0373781 0.0746667 4.437e-05
0 0.742416 1 0.0514626 0 4.43923e-05
0 0.266251 0.0306667 0.0969664 0.0613333 4.49009e-05
0 0.309047 0.00933333 0.0633803 0.0186667 4.49143e-05
0 0.982123 0.984667 0.035753 0.0306667 4.52183e-05
0 0.118093 0.056 0.101842 0.112 4.52617e-05
0 0.421452 0.943333 0.0368364 0.084 4.52658e-05
0 0.637595 1 0.071506 0 4.55469e-05
0 0.0116468 0.937333 0.0232936 0.125333 4.55844e-05
0 0.523023 0.0393333 0.0742145 0.0733333 4.57508e-05
0 0.112947 1 0.0536295 0 4.59343e-05
0 0.220748 0.078 0.0200433 0.092 4.60843e-05
0 0.816631 0 0.0536295 0 4.62704e-05
0 0.208559 0.488 0.0162514 0.0826667 4.63374e-05
0 0.128927 0.551333 0.071506 0.214667 4.6766e-05
0 0.0590466 0.966667 0.104009 0.0666667 4.68287e-05
0 0.0335861 0.254 0.0671723 0.508 4.68485e-05
0 0.32286 0.370667 0.105092 0.136 4.69348e-05
0 0.210997 0.419333 0.0341278 0.145333 4.7391e-05
0 0.244312 0.0513333 0.035753 0.076 4.74615e-05
0 0.679307 0.182 0.0855905 0.217333 4.7469e-05
0 0.599675 1 0.0704225 0 4.77232e-05
0 0.367822 0 0.0509209 0 4.78149e-05
0 0.207476 0.620667 0.0303359 0.14 4.78586e-05
0 0.46533 0.032 0.101842 0.064 4.79926e-05
0 0.253792 0.986667 0.0427952 0.0266667 4.80942e-05
0 0.805796 0.0186667 0.0482123 0.0373333 4.82728e-05
0 0.467226 0.998667 0.0471289 0.00266667 4.83344e-05
0 0.272481 0.0453333 0.0422535 0.0666667 4.85734e-05
0 0.510834 0.102 0.0693391 0.158667 4.8599e-05
0 0.163326 1 0.0514626 0 4.88344e-05
0 0.365385 0.0773333 0.0839653 0.130667 4.89678e-05
0 0.71831 1 0.0465872 0 4.93303e-05
0 0.329902 0.92 0.121343 0.16 4.93407e-05
0 0.250542 0.714 0.0687974 0.134667 4.98211e-05
0 0.992687 0.466667 0.0146262 0.32 4.98952e-05
0 0.898429 0.0266667 0.102384 0.0533333 5.0098e-05
0 0.219393 0.07 0.0541712 0.14 5.02301e-05
0 0.00839653 0.601333 0.0167931 0.146667 5.04523e-05
0 0.232394 0.100667 0.0530878 0.201333 5.05014e-05
0 0.134886 0.5 0.0498375 0.106667 5.12998e-05
0 0.479415 0.426 0.056338 0.129333 5.15718e-05
0 0.690683 1 0.0465872 0 5.18349e-05
0 0.41468 0.522 0.0926327 0.14 5.18431e-05
0 0.541441 0.0266667 0.117551 0.0533333 5.20731e-05
0 0.982665 0.523333 0.0346696 0.393333 5.26521e-05
0 0.538462 0.088 0.100758 0.152 5.27341e-05
0 0.251625 1 0.0460455 0 5.28717e-05
0 0.216143 0.524 0.110509 0.461333 5.37738e-05
0 0.666576 1 0.0471289 0 5.41808e-05
0 0.577736 0 0.0536295 0 5.42552e-05
0 0.201246 1 0.052546 0 5.44228e-05
0 0.00975081 0.388 0.0195016 0.138667 5.45868e-05
0 0.00460455 0.084 0.0092091 0.149333 5.47378e-05
0 0.248917 0.384 0.103467 0.378667 5.48282e-05
0 0.17714 0.762 0.121343 0.393333 5.50253e-05
0 0.447183 0.0493333 0.0427952 0.0693333 5.57561e-05
0 0.392741 0 0.0509209 0 5.60532e-05
0 0.759751 0.241333 0.0839653 0.101333 5.61331e-05
0 0.641116 1 0.0460455 0 5.61559e-05
0 0.211538 0.0486667 0.0222102 0.0733333 5.63362e-05
0 0.0387324 0.64 0.0774648 0.533333 5.6831e-05
0 0.653304 0.0266667 0.0455038 0.0453333 5.69292e-05
0 0.293066 0.002 0.0498375 0.004 5.69861e-05
0 0.352925 1 0.0514626 0 5.75367e-05
0 0.112676 0.955333 0.110509 0.0893333 5.76758e-05
0 0.838028 0.748 0.31961 0.504 5.78307e-05
0 0.405742 1 0.0400867 0 5.78725e-05
0 0.616197 1 0.0449621 0 5.78759e-05
0 0.560401 0.800667 0.0536295 0.150667 5.86348e-05
0 0.00785482 0.722667 0.0157096 0.152 5.8659e-05
0 0.203955 0.524667 0.0265439 0.150667 5.89788e-05
0 0.960726 0.218 0.0752979 0.326667 5.89849e-05
0 0.988624 0.228667 0.0184182 0.156 5.89867e-05
0 0.541441 0 0.0536295 0 5.9298e-05
0 0.361322 0.00533333 0.0780065 0.0106667 5.93157e-05
0 0.238624 0.984 0.0774648 0.032 6.014e-05
0 0.443933 0.000666667 0.0514626 0.00133333 6.01425e-05
0 0.421993 0.157333 0.0249187 0.0826667 6.02234e-05
0 0.636782 0.656667 0.726436 0.686667 6.04487e-05
0 0.315276 0 0.0530878 0 6.06589e-05
0 0.0874865 1 0.0547129 0 6.07358e-05
0 0.966685 0.478667 0.0666305 0.36 6.08817e-05
0 0.137866 1 0.0536295 0 6.1361e-05
0 0.448537 0.867333 0.0931744 0.188 6.14104e-05
0 0.420098 0.602667 0.0731311 0.194667 6.15103e-05
0 0.270585 0.398667 0.0373781 0.0586667 6.1742e-05
0 0.316901 0.072 0.0368364 0.0906667 6.23226e-05
0 0.229957 0.754 0.0265439 0.076 6.25303e-05
0 0.838841 0.0326667 0.0839653 0.0653333 6.26767e-05
0 0.168472 0.99 0.099675 0.02 6.27757e-05
0 0.0170639 0.916667 0.0308776 0.132 6.28439e-05
0 0.41143 0.0993333 0.0579632 0.150667 6.30579e-05
0 0.0138137 0.052 0.0276273 0.104 6.30592e-05
0 0.460997 0.207333 0.107259 0.276 6.3324e-05
0 0.398971 0.00533333 0.0752979 0.0106667 6.34456e-05
0 0.505417 0.998667 0.0487541 0.00266667 6.39725e-05
0 0.674973 1 0.0801734 0 6.42546e-05
0 0.180661 0 0.0547129 0 6.4716e-05
0 0.435807 0.102 0.0568797 0.150667 6.49739e-05
0 0.207476 0.471333 0.028169 0.134667 6.49943e-05
0 0.860509 0.830667 0.17714 0.285333 6.52467e-05
0 0.746479 0.933333 0.110509 0.101333 6.55388e-05
0 0.310672 0.000666667 0.0839653 0.00133333 6.55839e-05
0 0.00866739 0.0846667 0.0151679 0.169333 6.56675e-05
0 0.209913 0.730667 0.0297941 0.133333 6.6106e-05
0 0.590195 1 0.0460455 0 6.65363e-05
0 0.966685 0.998 0.0514626 0.004 6.65401e-05
0 0.0628386 0.052 0.0975081 0.104 6.65449e-05
0 0.989978 0.136667 0.0124594 0.145333 6.67755e-05
0 0.489166 0.505333 0.0325027 0.0693333 6.69985e-05
0 0.944745 0.0273333 0.109426 0.0546667 6.71545e-05
0 0.185807 0.755333 0.0780065 0.22 6.72638e-05
0 0.0186891 0.508667 0.0373781 0.142667 6.73423e-05
0 0.232936 0.454667 0.0628386 0.141333 6.81873e-05
0 0.277627 0 0.0536295 0 6.88109e-05
0 0.447454 0.426 0.0444204 0.084 6.90176e-05
0 0.686891 0.0253333 0.0964247 0.0506667 6.91435e-05
0 0.329902 0.002 0.0498375 0.004 6.91759e-05
0 0.210997 0.0213333 0.0265439 0.0426667 6.93144e-05
0 0.268689 0.00133333 0.0498375 0.00266667 6.99408e-05
0 0.915222 0 0.0536295 0 7.0081e-05
0 0.216414 0.0853333 0.0308776 0.154667 7.03032e-05
0 0.261647 0.004 0.0628386 0.008 7.04046e-05
0 0.528169 1 0.0476706 0 7.16481e-05
0 0.0273564 0.210667 0.0492958 0.272 7.16739e-05
0 0.232394 0.082 0.0390032 0.145333 7.17347e-05
0 0.315005 0.978667 0.126219 0.0426667 7.23426e-05
0 0.0213976 0.00466667 0.0427952 0.00933333 7.27481e-05
0 0.766251 0.917333 0.140303 0.165333 7.29795e-05
0 0.623239 0.058 0.0287107 0.084 7.32252e-05
0 0.59182 0.768667 0.111051 0.342667 7.32932e-05
0 0.536566 0.997333 0.0969664 0.00533333 7.35202e-05
0 0.612676 0.0106667 0.0487541 0.0213333 7.45303e-05
0 0.406013 0.016 0.0460455 0.032 7.5082e-05
0 0.414139 0.175333 0.0265439 0.06 7.52214e-05
0 0.953142 1 0.0547129 0 7.52377e-05
0 0.218852 0.006 0.0422535 0.012 7.55554e-05
0 0.382719 0.0446667 0.0417118 0.0653333 7.63001e-05
0 0.492145 0.00133333 0.0514626 0.00266667 7.63228e-05
0 0.24377 0.00266667 0.0476706 0.00533333 7.64449e-05
0 0.0557963 0.764667 0.111593 0.444 7.6519e-05
0 0.823131 0.0253333 0.0774648 0.0506667 7.74905e-05
0 0.264355 0.846 0.110509 0.308 7.74993e-05
0 0.601571 0.468 0.108884 0.202667 7.85592e-05
0 0.0406284 1 0.0541712 0 7.87466e-05
0 0.365385 0 0.0536295 0 7.89068e-05
0 0.231311 0.006 0.0444204 0.012 7.93376e-05
0 0.00839653 0.664667 0.0167931 0.150667 7.93416e-05
0 0.887595 1 0.100217 0 7.94961e-05
0 0.562297 1 0.0758397 0 7.9616e-05
0 0.213434 0.662667 0.0964247 0.354667 7.97889e-05
0 0.339653 0 0.0530878 0 7.98024e-05
0 0.554984 0.704 0.0839653 0.101333 8.01482e-05
0 0.00595883 0.939333 0.0119177 0.121333 8.13508e-05
0 0.452871 0 0.0541712 0 8.18887e-05
0 0.565276 1 0.0471289 0 8.1908e-05
0 0.0314193 0.957333 0.0628386 0.0853333 8.19377e-05
0 0.955038 0 0.056338 0 8.23203e-05
0 0.346425 0.288667 0.0406284 0.302667 8.24286e-05
0 0.984832 0.212 0.0303359 0.370667 8.30172e-05
0 0.593445 0.857333 0.0861322 0.194667 8.33698e-05
0 0.968852 0.0653333 0.0590466 0.12 8.44874e-05
0 0.111322 0 0.0557963 0 8.45843e-05
0 0.00839653 0.166 0.0157096 0.241333 8.51557e-05
0 0.0506501 1 0.0547129 0 8.54118e-05
0 0.434724 0.989333 0.0828819 0.0213333 8.58864e-05
0 0.736728 0.02 0.0769231 0.04 8.60916e-05
0 0.589653 0.170667 0.088299 0.16 8.62191e-05
0 0.88922 0 0.0547129 0 8.66769e-05
0 0.247562 0.402667 0.0574215 0.136 8.67507e-05
0 0.834778 0.908 0.159263 0.184 8.68111e-05
0 0.254605 0.654 0.0693391 0.172 8.73342e-05
0 0.352925 0.322 0.06013 0.166667 8.75086e-05
0 0.477248 0.112667 0.0422535 0.126667 8.83972e-05
0 0.986999 0.108667 0.0260022 0.217333 8.85191e-05
0 0.430661 1 0.0422535 0 8.90406e-05
0 0.361322 1 0.0877573 0 8.91769e-05
0 0.253521 0 0.0530878 0 8.94103e-05
0 0.886241 0.990667 0.121343 0.0186667 8.94408e-05
0 0.00975081 0.450667 0.0195016 0.141333 8.96477e-05
0 0.912514 0.266667 0.174973 0.322667 8.98508e-05
0 0.0270856 0.887333 0.0541712 0.164 8.99206e-05
0 0.390303 0 0.0536295 0 9.00084e-05
0 0.821777 0.5 0.356446 1 9.02338e-05
0 0.336403 0.00666667 0.0704225 0.0133333 9.02992e-05
0 0.0590466 0.398 0.118093 0.524 9.05148e-05
0 0.262459 0.0746667 0.0590466 0.128 9.06717e-05
0 0.427952 0 0.0541712 0 9.07383e-05
0 0.444745 0.433333 0.071506 0.12 9.11415e-05
0 0.489978 0 0.0547129 0 9.19902e-05
0 0.36078 0.990667 0.0985916 0.0186667 9.41789e-05
0 0.241333 0.742 0.0330444 0.0893333 9.4881e-05
0 0.184453 0.648 0.0731311 0.208 9.51048e-05
0 0.925244 0.996667 0.111593 0.00666667 9.54846e-05
0 0.552275 0 0.0547129 0 9.55821e-05
0 0.981582 0.997333 0.0368364 0.00533333 9.59922e-05
0 0.514897 0 0.0547129 0 9.601e-05
0 0.488082 0.480667 0.0325027 0.0626667 9.7124e-05
0 0.393554 0.974 0.0698808 0.052 9.71852e-05
0 0.559047 0.0186667 0.0899242 0.0373333 9.77259e-05
0 0.334507 0.0666667 0.0752979 0.12 9.85504e-05
0 0.468581 0.463333 0.0400867 0.0893333 9.85861e-05
0 0.0731311 0 0.0552546 0 9.90222e-05
0 0.992687 0.226 0.0146262 0.262667 9.96636e-05
0 0.503521 1 0.0482123 0 0.000100287
0 0.0251896 0.405333 0.0503792 0.250667 0.000100607
0 0.983478 0.0213333 0.0330444 0.0426667 0.000100843
0 0.321777 0.967333 0.100758 0.0573333 0.000101466
0 0.517064 0.000666667 0.0536295 0.00133333 0.000101636
0 0.47779 1 0.0487541 0 0.000102067
0 0.286295 0.00666667 0.0720477 0.0133333 0.000102194
0 0.992145 0.978667 0.0157096 0.0426667 0.000103722
0 0.218852 0.448667 0.437703 0.897333 0.000105647
0 0.475623 0.123333 0.0260022 0.0706667 0.000106225
0 0.169827 0.579333 0.339653 0.841333 0.000106865
0 0.137324 0 0.0557963 0 0.000107333
0 0.415493 0.493333 0.754063 0.986667 0.000108172
0 0.137053 0.876667 0.108342 0.228 0.000109377
0 0.0490249 0.464 0.0980498 0.221333 0.000110291
0 0.613759 0.0173333 0.0736728 0.0346667 0.000111319
0 0.985103 0 0.0297941 0 0.00011143
0 0.468852 0.528 0.0438787 0.0666667 0.000112726
0 0.863489 0 0.0552546 0 0.00011284
0 0.768147 0.201333 0.0552546 0.08 0.000113258
0 0.810943 0.00466667 0.0888407 0.00933333 0.000113729
0 0.307421 0.0606667 0.0796316 0.121333 0.000113781
0 0.470206 0.0393333 0.0433369 0.068 0.000114482
0 0.231311 0.048 0.0314193 0.0746667 0.000115385
0 0.463705 0.546 0.0628386 0.158667 0.00011552
0 0.156826 0.519333 0.128386 0.238667 0.000116363
0 0.274377 0.435333 0.067714 0.150667 0.000116857
0 0.498375 0.00333333 0.0888407 0.00666667 0.00011704
0 0.593716 0.0953333 0.0942579 0.14 0.000117652
0 0.547671 0.703333 0.0964247 0.278667 0.000117846
0 0.257042 0.0133333 0.0471289 0.0266667 0.000119137
0 0.214247 0.524 0.0644637 0.194667 0.000120016
0 0.254875 0.79 0.0666305 0.188 0.000123533
0 0.987541 0.0106667 0.0195016 0.0213333 0.000125068
0 0.222914 0.672 0.0417118 0.154667 0.000125073
0 0.51273 1 0.0785482 0 0.000128056
0 0.985915 0.0546667 0.0270856 0.08 0.000129195
0 0.115655 0.79 0.181473 0.393333 0.000129761
0 0.790628 0.016 0.095883 0.032 0.000129902
0 0.941224 0 0.0557963 0 0.00013217
0 0.0100217 0.540667 0.0200433 0.148 0.000133027
0 0.47454 1 0.0780065 0 0.000133485
0 0.608613 0.476667 0.0731311 0.118667 0.000133643
0 0.454767 1 0.0482123 0 0.000133938
0 0.817985 0.0173333 0.0877573 0.0346667 0.000135979
0 0.214247 0 0.0536295 0 0.000136571
0 0.838841 0 0.0557963 0 0.00013785
0 0.668202 0 0.0557963 0 0.000138128
0 0.355092 0.018 0.0503792 0.036 0.000140371
0 0.76598 0.01 0.0855905 0.02 0.000141004
0 0.21831 0.726 0.056338 0.188 0.000142587
0 0.479957 0.464667 0.0325027 0.0733333 0.00014467
0 0.540899 0.0146667 0.052546 0.0293333 0.000145409
0 0.776544 0 0.0557963 0 0.000146557
0 0.244583 0.873333 0.0633803 0.253333 0.000150712
0 0.813922 0 0.0557963 0 0.000150895
0 0.991603 0.044 0.0167931 0.088 0.000151446
0 0.958559 0.998 0.0828819 0.004 0.000152686
0 0.0151679 0.468 0.0303359 0.264 0.00015332
0 0.385699 0.0313333 0.0660888 0.0626667 0.000153717
0 0.248375 0.917333 0.039545 0.133333 0.000154254
0 0.332611 0.042 0.0455038 0.0626667 0.00015426
0 0.297942 0.864 0.148429 0.272 0.000154622
0 0.16441 0 0.0557963 0 0.000155707
0 0.874323 0.006 0.0953413 0.012 0.000158232
0 0.00650054 0.882667 0.0130011 0.154667 0.000158509
0 0.584778 0.762667 0.0893824 0.176 0.000160486
0 0.0130011 0.291333 0.0184182 0.276 0.000161226
0 0.751625 0 0.0557963 0 0.000161293
0 0.909805 0.00266667 0.0774648 0.00533333 0.000161413
0 0.139762 0.424667 0.279523 0.849333 0.000163028
0 0.869989 0.018 0.0953413 0.036 0.000168492
0 0.414951 0.01 0.0769231 0.02 0.000169119
0 0.364843 0.012 0.0785482 0.024 0.000170978
0 0.0116468 0.446667 0.0146262 0.258667 0.000172146
0 0.726706 0 0.0557963 0 0.00017401
0 0.238082 0.00866667 0.067714 0.0173333 0.00017435
0 0.209101 0.998 0.0931744 0.004 0.000175758
0 0.642199 0.0146667 0.0449621 0.0293333 0.000175816
0 0.446912 0.0173333 0.0465872 0.0346667 0.00017647
0 0.113218 0.536 0.213434 0.52 0.000176476
0 0.166847 0.0153333 0.0888407 0.0306667 0.000176788
0 0.715601 0.00666667 0.084507 0.0133333 0.000177154
0 0.116468 0.0146667 0.110509 0.0293333 0.000181141
0 0.413597 0.0286667 0.0817985 0.0573333 0.000183264
0 0.220206 0.734 0.0308776 0.105333 0.000183545
0 0.289003 0.0113333 0.0742145 0.0226667 0.000183641
0 0.0108342 0.712667 0.0151679 0.273333 0.00018406
0 0.56338 0.0126667 0.0855905 0.0253333 0.000184492
0 0.46831 0.004 0.0492958 0.008 0.000185141
0 0.400867 0.882 0.104009 0.236 0.000185231
0 0.138137 1 0.12351 0 0.000188433
0 0.690141 0 0.056338 0 0.000190305
0 0.0195016 0.990667 0.0390032 0.0186667 0.000190721
0 0.536024 0.026 0.0807151 0.052 0.000191678
0 0.600488 0.032 0.1013 0.064 0.000192632
0 0.598862 0.38 0.802275 0.76 0.000194634
0 0.70585 0.506 0.588299 0.988 0.000195703
0 0.41468 0.434 0.0774648 0.134667 0.00019704
0 0.0222102 0.006 0.0444204 0.012 0.000197919
0 0.255146 0.365333 0.0595883 0.104 0.000197959
0 0.648429 0.0373333 0.0758397 0.064 0.000200689
0 0.0333153 0.480667 0.0666305 0.412 0.000200964
0 0.0208559 0.542667 0.0417118 0.32 0.000202382
0 0.438787 0.493333 0.0693391 0.149333 0.000204597
0 0.0211268 1 0.0422535 0 0.000205959
0 0.261647 0.890667 0.0693391 0.162667 0.000206654
0 0.0479415 0 0.0568797 0 0.000208732
0 0.381365 0.0206667 0.0444204 0.0413333 0.000212011
0 0.220748 0.0473333 0.0222102 0.076 0.000212025
0 0.442579 0.028 0.063922 0.056 0.00021765
0 0.474269 0.0106667 0.0698808 0.0213333 0.000221129
0 0.799567 0.944 0.128927 0.0853333 0.000222359
0 0.0108342 0.914 0.0140845 0.172 0.000223482
0 0.516793 0.0173333 0.0866739 0.0346667 0.000225815
0 0.523835 0.008 0.0877573 0.016 0.000226743
0 0.988624 1 0.0216685 0 0.000231395
0 0.210455 0.006 0.0687974 0.012 0.000231786
0 0.661972 0.0113333 0.0910076 0.0226667 0.000232341
0 0.345612 0.29 0.020585 0.0946667 0.000232595
0 0.587757 0.008 0.0931744 0.016 0.000233357
0 0.024377 0.796667 0.0487541 0.401333 0.000235116
0 0.231853 0.0266667 0.0520043 0.0533333 0.000236607
0 0.0108342 1 0.0216685 0 0.000248074
0 0.242958 0.0166667 0.0427952 0.0333333 0.000248565
0 0.496479 0.0173333 0.0687974 0.0346667 0.000251178
0 0.949621 0.00533333 0.092091 0.0106667 0.000251757
0 0.979144 0 0.0417118 0 0.000252709
0 0.035753 0.00666667 0.056338 0.0133333 0.000254444
0 0.16766 0.654667 0.33532 0.690667 0.000257628
0 0.207476 0.664667 0.0541712 0.252 0.000257907
0 0.269231 0.0273333 0.0758397 0.0546667 0.000262363
0 0.0227519 0 0.0455038 0 0.000276622
0 0.0181473 0.660667 0.0362947 0.377333 0.000278646
0 0.0189599 0.295333 0.0379198 0.390667 0.000279613
0 0.459372 0.483333 0.0693391 0.198667 0.000280203
0 0.0113759 0.645333 0.0227519 0.288 0.000283891
0 0.362676 0.028 0.0850488 0.056 0.000288155
0 0.0124594 0.552667 0.0162514 0.268 0.000289049
0 0.841278 0 0.133261 0 0.000289327
0 0.268689 0.372 0.0487541 0.157333 0.000293634
0 0.523564 0.536 0.829361 0.928 0.000295561
0 0.963434 0.0233333 0.0731311 0.0466667 0.000299394
0 0.388949 0.000666667 0.0964247 0.00133333 0.000312527
0 0.789274 0 0.119177 0 0.000312983
0 0.949892 1 0.0947996 0 0.000322074
0 0.439328 0.000666667 0.0985916 0.00133333 0.000322692
0 0.992416 0.082 0.0140845 0.164 0.00033182
0 0.33857 0.004 0.0964247 0.008 0.000332905
0 0.264626 0.00266667 0.0904659 0.00533333 0.000342064
0 0.91143 0.00133333 0.106717 0.00266667 0.00034219
0 0.846696 0.944667 0.135428 0.076 0.000350063
0 0.464247 0.0226667 0.0682557 0.0453333 0.000357355
0 0.123781 0.00133333 0.102384 0.00266667 0.000363609
0 0.0647346 0.01 0.102384 0.02 0.000364693
0 0.979686 1 0.0406284 0 0.00036605
0 0.738895 0 0.109426 0 0.000370043
0 0.374594 0.629333 0.695016 0.741333 0.000370733
0 0.0874865 1 0.127302 0 0.000371601
0 0.328007 0.42 0.0417118 0.104 0.000380805
0 0.346154 0.26 0.0270856 0.0853333 0.000382279
0 0.290899 0.0606667 0.0498375 0.1 0.000385981
0 0.0189599 0.857333 0.0314193 0.269333 0.000403724
0 0.0140845 0.776 0.0238353 0.301333 0.000406951
0 0.463705 0.006 0.0953413 0.012 0.00040934
0 0.189328 0 0.0557963 0 0.000414782
0 0.689599 0 0.0975081 0 0.000417718
0 0.282774 0.0173333 0.0509209 0.0346667 0.000429751
0 0.539545 0.004 0.114843 0.008 0.000454315
0 0.0284399 1 0.052546 0 0.000456556
0 0.989978 0.0553333 0.0124594 0.108 0.000464194
0 0.0858613 0.004 0.103467 0.008 0.000467133
0 0.320693 0.0193333 0.0487541 0.036 0.000476109
0 0.315818 0.5 0.631636 1 0.00052089
0 0.23104 0.022 0.0362947 0.044 0.000522097
0 0.115385 0 0.152763 0 0.000522594
0 0.0408992 0.998 0.0817985 0.004 0.000522767
0 0.196912 0 0.0817985 0 0.000529865
0 0.967226 0.00466667 0.0655471 0.00933333 0.000529955
0 0.2974 0.022 0.0660888 0.044 0.000532837
0 0.475352 0.510667 0.0373781 0.056 0.000556176
0 0.166035 0 0.118635 0 0.000574701
0 0.893012 0 0.14247 0 0.000626618
0 0.00866739 0.856 0.0151679 0.266667 0.000655334
0 0.963164 0 0.056338 0 0.000659238
0 0.33532 0.0213333 0.0606717 0.0426667 0.000682436
0 0.407367 0.97 0.0595883 0.06 0.000689071
0 0.306338 0.052 0.0406284 0.0773333 0.000703925
0 0.522752 0.0193333 0.0769231 0.0386667 0.00073053
0 0.208559 0.672 0.0346696 0.146667 0.000749125
0 0.308505 0.038 0.0655471 0.076 0.000909714
0 0.310401 0.942667 0.111593 0.096 0.00101164
0 0.461809 0.490667 0.0536295 0.112 0.00106541
0 0.477248 0.486667 0.0314193 0.064 0.00112522
0 0.0430661 0 0.0861322 0 0.00120534
0 0.941224 0 0.112134 0 0.00121585
0 0.557963 0.795333 0.0660888 0.294667 0.00140253
0 0.3513 0.271333 0.0146262 0.068 0.00143655
0 0.469664 0.018 0.0476706 0.036 0.00173429
0 0.758126 0.339333 0.483749 0.678667 0.00218421
0 0.764626 0.223333 0.107801 0.204 0.00328825
0 0.356988 0.424 0.100758 0.194667 0.0034344
0 0.368635 0.47 0.421993 0.94 0.00458246
0 0.407909 0.938667 0.0465872 0.122667 0.00537261
0 0.623781 0.0493333 0.0438787 0.0986667 0.0064112
0 0.570152 0.604 0.364572 0.792 0.00652907
0 0.271668 0.375333 0.0362947 0.068 0.00713099
0 0.418472 0.716667 0.340737 0.566667 0.00845241
0 0.770585 0.210667 0.100217 0.0933333 0.147184
0 0.404117 0.94 0.0509209 0.0533333 0.394626
0 0.349404 0.408 0.0704225 0.109333 0.478502
0 0.626219 0.0333333 0.0433369 0.0586667 0.609682
0 0.409534 0.866 0.0606717 0.204 0.676434
0 0.559317 0.746 0.06013 0.137333 0.736533
