0 0.636511 0.327333 0.0931744 0.276 1.71722e-05
0 0.540358 0.0273333 0.0872156 0.0546667 1.72612e-05
0 0.930661 0.996667 0.0465872 0.00666667 1.72722e-05
0 0.591008 0.528 0.0736728 0.149333 1.72754e-05
0 0.83234 0.608 0.0503792 0.112 1.72849e-05
0 0.485915 0.332 0.0931744 0.298667 1.72951e-05
0 0.943662 0.0973333 0.099675 0.178667 1.73095e-05
0 0.257584 0.296667 0.0438787 0.0893333 1.73114e-05
0 0.643554 0.695333 0.0335861 0.129333 1.73229e-05
0 0.419556 0.418667 0.108884 0.216 1.7328e-05
0 0.67389 0.168667 0.0422535 0.0893333 1.73661e-05
0 0.807421 0.542 0.0482123 0.105333 1.73745e-05
0 0.171452 0.11 0.0438787 0.0866667 1.73762e-05
0 0.218852 0.197333 0.138678 0.394667 1.74071e-05
0 0.821777 0.265333 0.0368364 0.088 1.74398e-05
0 0.270856 0.661333 0.056338 0.138667 1.7479e-05
0 0.844258 0.0493333 0.0427952 0.072 1.74848e-05
0 0.288462 0.972667 0.0850488 0.0546667 1.7511e-05
0 0.835049 0.329333 0.0384615 0.0933333 1.75335e-05
0 0.643283 0.0226667 0.0547129 0.0453333 1.75378e-05
0 0.922535 0.608 0.0769231 0.178667 1.75919e-05
0 0.295233 0.00266667 0.0650054 0.00533333 1.76006e-05
0 0.821777 0.297333 0.0390032 0.0826667 1.76164e-05
0 0.0425244 0.852667 0.0536295 0.246667 1.767e-05
0 0.660347 0.749333 0.0617551 0.146667 1.77331e-05
0 0.921181 0.536 0.0449621 0.0853333 1.78105e-05
0 0.809317 0.488 0.0476706 0.106667 1.78238e-05
0 0.582611 0.971333 0.0384615 0.0386667 1.7853e-05
0 0.818797 0.771333 0.124052 0.182667 1.79343e-05
0 0.718852 0.628667 0.127844 0.537333 1.80179e-05
0 0.472373 0.123333 0.0184182 0.0893333 1.80349e-05
0 0.946641 0.018 0.0460455 0.036 1.80745e-05
0 0.246479 0.936667 0.0314193 0.105333 1.80773e-05
0 0.977248 0.964667 0.0368364 0.068 1.81053e-05
0 0.323131 0.0633333 0.0352113 0.084 1.81341e-05
0 0.686891 0.762 0.0736728 0.145333 1.81618e-05
0 0.656284 0.506667 0.0362947 0.0986667 1.81669e-05
0 0.736186 0.260667 0.0834236 0.294667 1.818e-05
0 0.20585 0.172667 0.0411701 0.126667 1.82018e-05
0 0.369989 0.506667 0.0433369 0.096 1.82535e-05
0 0.42091 0.911333 0.0498375 0.118667 1.82881e-05
0 0.957476 0.026 0.0579632 0.052 1.83832e-05
0 0.259751 0.882667 0.0438787 0.168 1.83864e-05
0 0.641928 0.64 0.0368364 0.141333 1.83964e-05
0 0.833694 0.546667 0.0498375 0.109333 1.84595e-05
0 0.355905 0.546 0.0541712 0.118667 1.84908e-05
0 0.600217 0.246 0.0325027 0.0386667 1.85018e-05
0 0.758397 0.791333 0.0314193 0.076 1.87635e-05
0 0.152763 0.636 0.0541712 0.144 1.88974e-05
0 0.25948 0.690667 0.0498375 0.237333 1.89363e-05
0 0.287107 0.325333 0.0455038 0.0773333 1.89952e-05
0 0.509751 0.265333 0.0866739 0.221333 1.90215e-05
0 0.93039 0 0.0514626 0 1.90283e-05
0 0.781419 0.574 0.0568797 0.0973333 1.90869e-05
0 0.317714 0.579333 0.052546 0.052 1.91353e-05
0 0.607259 0.052 0.0433369 0.072 1.92337e-05
0 0.897075 0.513333 0.0465872 0.0986667 1.9269e-05
0 0.710184 0.379333 0.134345 0.564 1.92736e-05
0 0.923619 0.435333 0.0411701 0.092 1.93199e-05
0 0.331798 0.415333 0.0536295 0.145333 1.93421e-05
0 0.233478 0.355333 0.0509209 0.113333 1.937e-05
0 0.632178 0.052 0.0400867 0.0693333 1.94909e-05
0 0.219664 0.11 0.0373781 0.0893333 1.95823e-05
0 0.505146 0 0.0492958 0 1.95839e-05
0 0.819068 0.0486667 0.0422535 0.0733333 1.95889e-05
0 0.749458 0.224 0.0362947 0.104 1.96035e-05
0 0.481582 0.617333 0.0823402 0.178667 1.96103e-05
0 0.245395 0.27 0.0476706 0.105333 1.96876e-05
0 0.972102 0.054 0.0417118 0.0733333 1.97004e-05
0 0.0530878 0.688667 0.0931744 0.26 1.97612e-05
0 0.0178765 0.718 0.035753 0.148 1.98022e-05
0 0.193662 0.108667 0.0417118 0.1 1.9845e-05
0 0.232124 0.238 0.0438787 0.121333 1.99623e-05
0 0.243229 0.729333 0.0498375 0.192 2.00574e-05
0 0.859155 0.486 0.0498375 0.108 2.01074e-05
0 0.490249 0.0273333 0.0866739 0.0546667 2.01179e-05
0 0.219393 0.206667 0.0433369 0.122667 2.02144e-05
0 0.662514 0.994 0.0877573 0.012 2.02524e-05
0 0.905471 0.998 0.0449621 0.004 2.02991e-05
0 0.84182 0.514667 0.0671723 0.128 2.03669e-05
0 0.732394 0.05 0.0411701 0.068 2.04603e-05
0 0.462351 0.994667 0.0872156 0.0106667 2.04914e-05
0 0.0140845 0.962 0.0173348 0.076 2.05324e-05
0 0.0937161 0.969333 0.118093 0.0613333 2.06178e-05
0 0.657367 0.674667 0.0373781 0.072 2.06469e-05
0 0.905742 0.0173333 0.0476706 0.0346667 2.06945e-05
0 0.0969664 0.940667 0.099675 0.092 2.07154e-05
0 0.783315 0.491333 0.0455038 0.102667 2.07436e-05
0 0.0270856 0.569333 0.0520043 0.16 2.07576e-05
0 0.557692 0.02 0.0406284 0.04 2.07814e-05
0 0.266793 0 0.0482123 0 2.08258e-05
0 0.567985 0 0.0492958 0 2.0902e-05
0 0.371073 0.0206667 0.0455038 0.0413333 2.09114e-05
0 0.966414 0.876 0.0455038 0.146667 2.09944e-05
0 0.217768 0.77 0.0953413 0.246667 2.10353e-05
0 0.269502 0.0613333 0.0254605 0.109333 2.10403e-05
0 0.641387 0.026 0.0964247 0.052 2.11677e-05
0 0.770043 0.970667 0.0341278 0.0346667 2.11756e-05
0 0.807963 0.937333 0.0352113 0.0986667 2.11827e-05
0 0.0541712 0.0573333 0.0509209 0.0826667 2.1202e-05
0 0.432828 0.63 0.0931744 0.233333 2.12132e-05
0 0.455038 0 0.0487541 0 2.12359e-05
0 0.31961 0.552667 0.0693391 0.102667 2.13578e-05
0 0.33857 0.151333 0.0823402 0.188 2.14281e-05
0 0.664951 0.273333 0.0915493 0.304 2.14379e-05
0 0.181473 0.139333 0.0574215 0.132 2.14531e-05
0 0.0195016 0.783333 0.0390032 0.153333 2.14735e-05
0 0.836674 0.107333 0.0904659 0.214667 2.14894e-05
0 0.44312 0.101333 0.0455038 0.0853333 2.15043e-05
0 0.258126 0.068 0.0362947 0.0986667 2.15043e-05
0 0.416306 0.536 0.107801 0.128 2.16631e-05
0 0.684453 0.408 0.0590466 0.146667 2.1742e-05
0 0.813651 0.0646667 0.0823402 0.129333 2.1806e-05
0 0.21506 0.974 0.0910076 0.052 2.18743e-05
0 0.38922 0.0386667 0.0839653 0.0773333 2.18992e-05
0 0.432828 0.132667 0.0400867 0.102667 2.20651e-05
0 0.656826 0.916 0.0352113 0.101333 2.21662e-05
0 0.77221 0.382 0.13597 0.537333 2.2416e-05
0 0.846966 0.578 0.0774648 0.132 2.25983e-05
0 0.460726 0.0966667 0.0557963 0.0893333 2.26132e-05
0 0.325298 0.791333 0.0752979 0.204 2.26472e-05
0 0.283044 0.486 0.052546 0.134667 2.26794e-05
0 0.458017 0.724667 0.1013 0.156 2.27748e-05
0 0.77546 0.992667 0.0752979 0.0146667 2.27826e-05
0 0.713164 0.993333 0.0807151 0.0133333 2.28524e-05
0 0.66766 0.264 0.137053 0.528 2.28823e-05
0 0.193391 0.202667 0.0498375 0.117333 2.28986e-05
0 0.244854 0.456667 0.0530878 0.142667 2.29064e-05
0 0.680932 0.997333 0.0444204 0.00533333 2.29211e-05
0 0.691495 0.0253333 0.102384 0.0506667 2.30164e-05
0 0.668472 0.811333 0.138678 0.377333 2.30769e-05
0 0.625406 0.521333 0.0622969 0.221333 2.31109e-05
0 0.220477 0.266 0.0455038 0.121333 2.31119e-05
0 0.167118 0.604 0.0536295 0.149333 2.31288e-05
0 0.160076 0.881333 0.105634 0.216 2.31585e-05
0 0.618364 0.997333 0.0449621 0.00533333 2.3196e-05
0 0.382719 0.48 0.052546 0.173333 2.32057e-05
0 0.639491 0.140667 0.0861322 0.281333 2.32336e-05
0 0.382449 0.991333 0.0628386 0.0173333 2.33251e-05
0 0.293066 0.144667 0.0790899 0.188 2.33482e-05
0 0.587757 0.991333 0.0747562 0.0173333 2.34042e-05
0 0.863489 0.985333 0.0747562 0.0293333 2.34065e-05
0 0.847237 0.843333 0.0985916 0.145333 2.35806e-05
0 0.98727 0.478667 0.0254605 0.146667 2.36318e-05
0 0.348321 0.823333 0.0780065 0.230667 2.37698e-05
0 0.616468 0.189333 0.136511 0.378667 2.38923e-05
0 0.884886 0.155333 0.0503792 0.134667 2.40793e-05
0 0.847779 0.356 0.0444204 0.104 2.40867e-05
0 0.910347 0.455333 0.0536295 0.0973333 2.41094e-05
0 0.980769 0.156667 0.024377 0.241333 2.42353e-05
0 0.58234 0.617333 0.0725894 0.138667 2.42753e-05
0 0.562297 0.438667 0.0574215 0.261333 2.44071e-05
0 0.587757 0.07 0.0790899 0.14 2.44142e-05
0 0.761105 0.839333 0.0498375 0.177333 2.44674e-05
0 0.0885699 0.932667 0.113218 0.134667 2.44943e-05
0 0.546858 0.106667 0.0167931 0.0773333 2.45156e-05
0 0.566901 0.923333 0.0633803 0.108 2.47e-05
0 0.592904 0 0.0503792 0 2.48406e-05
0 0.412514 0.995333 0.0861322 0.00933333 2.49329e-05
0 0.736457 0.845333 0.0590466 0.173333 2.49802e-05
0 0.27519 0.994667 0.0736728 0.0106667 2.49924e-05
0 0.619177 0.945333 0.0368364 0.072 2.50123e-05
0 0.761647 0.918 0.063922 0.164 2.51377e-05
0 0.736728 0.473333 0.0801734 0.125333 2.51454e-05
0 0.832611 0.193333 0.0368364 0.0906667 2.51549e-05
0 0.757584 0.0493333 0.0427952 0.0693333 2.51759e-05
0 0.597508 0.386 0.0585049 0.116 2.52391e-05
0 0.353738 0.00533333 0.0498375 0.0106667 2.53266e-05
0 0.717226 0.188667 0.133261 0.377333 2.537e-05
0 0.263001 0.144667 0.0796316 0.182667 2.53717e-05
0 0.500271 0.994667 0.0774648 0.0106667 2.54428e-05
0 0.859697 0.386667 0.0465872 0.12 2.54675e-05
0 0.455038 0.997333 0.0455038 0.00533333 2.54813e-05
0 0.656826 0.0533333 0.0406284 0.0746667 2.55128e-05
0 0.515439 0.416667 0.128386 0.508 2.55272e-05
0 0.630553 0.0173333 0.0433369 0.0346667 2.55362e-05
0 0.831257 0.998 0.0438787 0.004 2.55369e-05
0 0.655471 0 0.0509209 0 2.55547e-05
0 0.51571 0.625333 0.125677 0.477333 2.562e-05
0 0.741603 0.024 0.106176 0.048 2.56419e-05
0 0.206121 0.330667 0.0438787 0.122667 2.57106e-05
0 0.83532 0.223333 0.0595883 0.142667 2.57162e-05
0 0.617551 0 0.0509209 0 2.58145e-05
0 0.730228 0.0213333 0.0574215 0.0426667 2.58301e-05
0 0.269502 0.92 0.0232936 0.133333 2.59728e-05
0 0.608072 0.949333 0.0633803 0.101333 2.60285e-05
0 0.343716 0.997333 0.0438787 0.00533333 2.60556e-05
0 0.434453 0.584 0.128927 0.416 2.61279e-05
0 0.819881 0.196667 0.148971 0.393333 2.62225e-05
0 0.909263 0.854667 0.131636 0.272 2.63751e-05
0 0.564735 0.390667 0.0287107 0.0853333 2.64393e-05
0 0.665764 0.696667 0.0303359 0.0706667 2.65304e-05
0 0.735645 0.835333 0.0888407 0.257333 2.65598e-05
0 0.58532 0.432 0.0644637 0.141333 2.66943e-05
0 0.346154 0.506 0.0498375 0.126667 2.66965e-05
0 0.75948 0.128667 0.0390032 0.092 2.67967e-05
0 0.535753 0.952 0.0801734 0.096 2.68041e-05
0 0.712351 0.944667 0.071506 0.110667 2.68423e-05
0 0.377031 0.348 0.113759 0.213333 2.68461e-05
0 0.594258 0.236667 0.084507 0.102667 2.69913e-05
0 0.763543 0.0673333 0.0774648 0.134667 2.70049e-05
0 0.168743 0.01 0.0709642 0.02 2.70175e-05
0 0.112947 0.104667 0.0904659 0.209333 2.71352e-05
0 0.717768 0.763333 0.0769231 0.126667 2.71644e-05
0 0.869177 0.358667 0.0449621 0.12 2.71997e-05
0 0.75325 0.717333 0.0330444 0.0933333 2.72138e-05
0 0.347779 0.586667 0.0509209 0.0826667 2.72191e-05
0 0.269231 0.458667 0.0530878 0.146667 2.72198e-05
0 0.167389 0.194667 0.141928 0.389333 2.72622e-05
0 0.235374 0.580667 0.0471289 0.0866667 2.73216e-05
0 0.791441 0.024 0.108342 0.048 2.74594e-05
0 0.506501 0.996667 0.0444204 0.00666667 2.7466e-05
0 0.719935 0.636 0.0725894 0.176 2.75059e-05
0 0.513272 0.0986667 0.0655471 0.146667 2.7518e-05
0 0.106717 0.698 0.0899242 0.228 2.76561e-05
0 0.890574 0.0633333 0.0942579 0.126667 2.76857e-05
0 0.479686 0.552667 0.0514626 0.105333 2.77625e-05
0 0.290899 0.230667 0.0910076 0.154667 2.7989e-05
0 0.418743 0.415333 0.15493 0.510667 2.81276e-05
0 0.687161 0.0753333 0.0817985 0.150667 2.81468e-05
0 0.162514 0.959333 0.0964247 0.0813333 2.81852e-05
0 0.78467 0.772667 0.0926327 0.142667 2.82264e-05
0 0.354009 0.322 0.0514626 0.076 2.83251e-05
0 0.00758397 0.75 0.0151679 0.156 2.83318e-05
0 0.723998 0.812 0.133803 0.376 2.84842e-05
0 0.206934 0.078 0.0335861 0.0866667 2.85035e-05
0 0.386511 0.0106667 0.0720477 0.0213333 2.85089e-05
0 0.437703 0.792 0.131094 0.173333 2.86172e-05
0 0.413055 0.134 0.0655471 0.254667 2.89111e-05
0 0.911701 0.0233333 0.0888407 0.0466667 2.89458e-05
0 0.16766 0.272667 0.0503792 0.137333 2.89482e-05
0 0.781961 0.048 0.0438787 0.0693333 2.89671e-05
0 0.93662 0.864667 0.126761 0.270667 2.90557e-05
0 0.706121 0.12 0.0406284 0.0906667 2.92414e-05
0 0.0287107 0.96 0.0530878 0.08 2.93673e-05
0 0.642741 0.997333 0.0460455 0.00533333 2.93848e-05
0 0.959101 0.480667 0.0471289 0.0866667 2.94311e-05
0 0.157096 0.239333 0.0595883 0.14 2.96126e-05
0 0.541983 0.933333 0.0633803 0.117333 2.97286e-05
0 0.156284 0.054 0.0438787 0.0733333 2.97316e-05
0 0.953413 0.364667 0.0693391 0.164 2.99232e-05
0 0.767335 0.186 0.128386 0.372 2.99297e-05
0 0.221289 0.078 0.0352113 0.0813333 2.99602e-05
0 0.142199 0.0266667 0.119718 0.0533333 3.00701e-05
0 0.812839 0.994667 0.0817985 0.0106667 3.01186e-05
0 0.155471 0.988 0.0682557 0.024 3.02097e-05
0 0.170639 0.805333 0.19935 0.389333 3.02445e-05
0 0.258938 0.218 0.0964247 0.238667 3.0316e-05
0 0.706663 0.997333 0.0438787 0.00533333 3.03294e-05
0 0.233478 0.296667 0.0476706 0.110667 3.03369e-05
0 0.862134 0.024 0.0828819 0.048 3.03632e-05
0 0.384615 0.098 0.063922 0.14 3.039e-05
0 0.228873 0 0.052546 0 3.03962e-05
0 0.74377 0.996 0.0444204 0.008 3.04558e-05
0 0.69312 0.168 0.0362947 0.0933333 3.0567e-05
0 0.204767 0.00333333 0.0498375 0.00666667 3.06367e-05
0 0.38299 0.00533333 0.0487541 0.0106667 3.0659e-05
0 0.430119 0.997333 0.0455038 0.00533333 3.06683e-05
0 0.396262 0.0946667 0.0308776 0.096 3.06976e-05
0 0.0430661 0.201333 0.0861322 0.402667 3.08475e-05
0 0.656555 0.654 0.0541712 0.126667 3.08515e-05
0 0.56338 0.438 0.0433369 0.145333 3.08526e-05
0 0.263543 0.94 0.0536295 0.12 3.08873e-05
0 0.4052 0.636667 0.0975081 0.145333 3.10251e-05
0 0.235103 0.000666667 0.0899242 0.00133333 3.1082e-05
0 0.444204 0.062 0.0411701 0.0733333 3.11988e-05
0 0.0092091 0.848 0.0184182 0.152 3.12292e-05
0 0.35455 0.942 0.0341278 0.092 3.12714e-05
0 0.68039 0 0.0509209 0 3.14595e-05
0 0.488082 0.129333 0.0704225 0.149333 3.14756e-05
0 0.687974 0.206 0.0747562 0.18 3.15477e-05
0 0.793879 0.893333 0.0406284 0.12 3.15782e-05
0 0.711809 0.884667 0.0953413 0.209333 3.168e-05
0 0.716685 0.507333 0.0769231 0.169333 3.21223e-05
0 0.913597 0.334 0.0850488 0.177333 3.21463e-05
0 0.866197 0 0.0530878 0 3.21702e-05
0 0.767335 0.2 0.0449621 0.12 3.21806e-05
0 0.391387 0.879333 0.100217 0.236 3.22013e-05
0 0.0528169 0.508667 0.0557963 0.254667 3.23298e-05
0 0.581528 0.996667 0.0449621 0.00666667 3.23386e-05
0 0.761105 0.33 0.0780065 0.26 3.23653e-05
0 0.139762 0.00266667 0.0541712 0.00533333 3.24171e-05
0 0.879469 0.246 0.155471 0.492 3.24445e-05
0 0.73727 0.658667 0.0476706 0.149333 3.24498e-05
0 0.234832 0.0746667 0.039545 0.0933333 3.25299e-05
0 0.293879 0.334667 0.0969664 0.218667 3.26318e-05
0 0.20883 0.662 0.0460455 0.150667 3.26389e-05
0 0.703413 0.270667 0.0742145 0.285333 3.27599e-05
0 0.682828 0.904 0.0763814 0.144 3.27924e-05
0 0.706663 0.05 0.0406284 0.0706667 3.27943e-05
0 0.882178 1 0.0655471 0 3.2881e-05
0 0.431473 0.0226667 0.0460455 0.0453333 3.2888e-05
0 0.545775 0.998667 0.0427952 0.00266667 3.29747e-05
0 0.512459 0.948667 0.0660888 0.102667 3.30119e-05
0 0.438787 0.0286667 0.092091 0.0573333 3.31192e-05
0 0.897346 0.244 0.0449621 0.0426667 3.32024e-05
0 0.689328 0.472 0.0287107 0.0346667 3.32178e-05
0 0.0151679 0.00933333 0.0303359 0.0186667 3.32434e-05
0 0.414951 0.14 0.135428 0.28 3.33008e-05
0 0.774377 0.622 0.124052 0.473333 3.33127e-05
0 0.138137 0.158 0.0964247 0.316 3.35998e-05
0 0.0284399 0.265333 0.0536295 0.168 3.36671e-05
0 0.738082 0.580667 0.0687974 0.268 3.3713e-05
0 0.115114 0.002 0.0547129 0.004 3.37242e-05
0 0.0869447 0.094 0.100217 0.150667 3.37852e-05
0 0.769502 0.996667 0.0417118 0.00666667 3.39192e-05
0 0.680119 0.696667 0.0709642 0.222667 3.40233e-05
0 0.786836 0.697333 0.102384 0.256 3.40976e-05
0 0.581798 0.0186667 0.0433369 0.0373333 3.42368e-05
0 0.41143 0.92 0.0817985 0.16 3.42809e-05
0 0.0192308 0.925333 0.0384615 0.149333 3.43348e-05
0 0.784399 0.542 0.0465872 0.0946667 3.44491e-05
0 0.0308776 0.381333 0.0617551 0.253333 3.46596e-05
0 0.110509 0.882 0.121343 0.222667 3.47353e-05
0 0.514085 0.152 0.0812568 0.157333 3.47814e-05
0 0.68364 0.583333 0.0736728 0.153333 3.48881e-05
0 0.969664 0.02 0.0455038 0.04 3.51292e-05
0 0.323402 0.250667 0.0444204 0.0986667 3.51394e-05
0 0.35455 0.214667 0.0947996 0.245333 3.5148e-05
0 0.211809 0.880667 0.0942579 0.230667 3.53003e-05
0 0.523294 0.476 0.0758397 0.146667 3.53445e-05
0 0.956121 0 0.0530878 0 3.5382e-05
0 0.904388 0 0.0536295 0 3.54935e-05
0 0.676327 0.520667 0.0720477 0.126667 3.56078e-05
0 0.786295 0.406 0.067714 0.166667 3.57322e-05
0 0.386511 0.942667 0.0742145 0.114667 3.60147e-05
0 0.682015 0.0546667 0.0411701 0.0746667 3.61214e-05
0 0.584236 0.942 0.0698808 0.105333 3.65683e-05
0 0.028169 0.760667 0.056338 0.292 3.65754e-05
0 0.166306 0.068 0.0899242 0.136 3.6662e-05
0 0.0929036 0.024 0.130553 0.048 3.67317e-05
0 0.365926 0.15 0.144637 0.3 3.67969e-05
0 0.0891116 0 0.0536295 0 3.69648e-05
0 0.783044 0.917333 0.0297941 0.114667 3.72052e-05
0 0.699621 0.471333 0.0698808 0.105333 3.72139e-05
0 0.166576 0.997333 0.0492958 0.00533333 3.7264e-05
0 0.980769 0.728 0.0384615 0.138667 3.731e-05
0 0.183911 0.0826667 0.0427952 0.0906667 3.73359e-05
0 0.739437 0.526 0.0552546 0.142667 3.73571e-05
0 0.807151 0.998 0.0444204 0.004 3.73787e-05
0 0.293337 0.518667 0.0492958 0.106667 3.75104e-05
0 0.155471 0.0173333 0.0455038 0.0346667 3.75928e-05
0 0.305525 0.997333 0.0455038 0.00533333 3.76422e-05
0 0.459372 0.751333 0.157096 0.497333 3.77332e-05
0 0.144637 0.088 0.0400867 0.08 3.79156e-05
0 0.34182 0.281333 0.0465872 0.0746667 3.7946e-05
0 0.739166 0.584667 0.0536295 0.150667 3.8102e-05
0 0.617551 0.119333 0.084507 0.169333 3.81977e-05
0 0.245937 0.326667 0.0498375 0.096 3.83821e-05
0 0.416576 0.0273333 0.0422535 0.0546667 3.85993e-05
0 0.97156 0.546 0.0503792 0.108 3.90136e-05
0 0.633532 0.95 0.0742145 0.0973333 3.91337e-05
0 0.71208 0.00333333 0.0796316 0.00666667 3.91721e-05
0 0.33559 0.942 0.0720477 0.116 3.92356e-05
0 0.775731 0.828 0.12351 0.344 3.95451e-05
0 0.912784 0.481333 0.0422535 0.08 3.98066e-05
0 0.202329 0 0.0536295 0 3.98379e-05
0 0.368364 0.998 0.0444204 0.004 3.98962e-05
0 0.655742 0.0173333 0.0438787 0.0346667 3.98978e-05
0 0.268147 0.996667 0.0411701 0.00666667 3.99239e-05
0 0.705309 0 0.0520043 0 3.99795e-05
0 0.658451 0.888667 0.0904659 0.188 4.00814e-05
0 0.582611 0.103333 0.0666305 0.166667 4.0514e-05
0 0.836945 0.272667 0.0704225 0.166667 4.06913e-05
0 0.813922 0.41 0.0904659 0.150667 4.07192e-05
0 0.11403 0.482 0.0547129 0.166667 4.11601e-05
0 0.111322 0.965333 0.116468 0.0693333 4.13029e-05
0 0.371885 0.0526667 0.0438787 0.06 4.13574e-05
0 0.28792 0.92 0.0644637 0.16 4.14147e-05
0 0.913055 0.695333 0.113218 0.198667 4.157e-05
0 0.0430661 0.974 0.0861322 0.052 4.18625e-05
0 0.381094 0.608 0.0352113 0.08 4.19244e-05
0 0.464518 0.13 0.067714 0.249333 4.22681e-05
0 0.312026 0.147333 0.0769231 0.278667 4.22867e-05
0 0.0899242 0.999333 0.0520043 0.00133333 4.2408e-05
0 0.196641 0.632 0.0541712 0.144 4.24466e-05
0 0.947996 0.282 0.0975081 0.158667 4.25954e-05
0 0.842362 0 0.0530878 0 4.26351e-05
0 0.838841 0.184 0.100217 0.136 4.27451e-05
0 0.605905 0.018 0.0449621 0.036 4.28258e-05
0 0.232124 0.00533333 0.0492958 0.0106667 4.28383e-05
0 0.742958 0 0.052546 0 4.29191e-05
0 0.186349 0.704 0.135428 0.301333 4.34322e-05
0 0.858342 0.332 0.0427952 0.104 4.35027e-05
0 0.483749 0.450667 0.0953413 0.168 4.36266e-05
0 0.0211268 0.604 0.0260022 0.274667 4.38331e-05
0 0.0815276 0.215333 0.108884 0.286667 4.41997e-05
0 0.491874 0.520667 0.0498375 0.110667 4.43833e-05
0 0.87026 0.514667 0.0492958 0.117333 4.44326e-05
0 0.481582 0.998 0.0433369 0.004 4.44528e-05
0 0.23429 0.15 0.0752979 0.188 4.44785e-05
0 0.600217 0.339333 0.0834236 0.214667 4.4482e-05
0 0.180119 0.000666667 0.052546 0.00133333 4.46567e-05
0 0.66143 0.939333 0.071506 0.108 4.46945e-05
0 0.406555 0.006 0.0460455 0.012 4.48706e-05
0 0.737541 0.896 0.0731311 0.141333 4.49177e-05
0 0.386511 0.0246667 0.0406284 0.0466667 4.4928e-05
0 0.637324 0.992 0.0763814 0.016 4.52575e-05
0 0.567714 0.692667 0.121343 0.196 4.52782e-05
0 0.206934 0.0493333 0.0422535 0.0666667 4.55892e-05
0 0.843445 0.0173333 0.0465872 0.0346667 4.56624e-05
0 0.77221 0.516667 0.0438787 0.0893333 4.56747e-05
0 0.817172 0 0.052546 0 4.57888e-05
0 0.788462 0.334 0.0796316 0.166667 4.58364e-05
0 0.657367 0.508 0.105634 0.434667 4.58503e-05
0 0.292795 0.607333 0.0547129 0.0866667 4.59294e-05
0 0.547129 0 0.0866739 0 4.60011e-05
0 0.765168 0.478 0.0590466 0.142667 4.60298e-05
0 0.971289 0.992 0.0400867 0.016 4.61301e-05
0 0.115385 1 0.0520043 0 4.6207e-05
0 0.562568 0.991333 0.0687974 0.0173333 4.63414e-05
0 0.248917 0.554 0.0482123 0.076 4.64904e-05
0 0.961268 0.428 0.0579632 0.128 4.68814e-05
0 0.566631 0.18 0.113759 0.36 4.70035e-05
0 0.717226 0.710667 0.063922 0.104 4.70649e-05
0 0.0146262 0.864 0.0140845 0.226667 4.71176e-05
0 0.39247 0.997333 0.0471289 0.00533333 4.71391e-05
0 0.067714 0.016 0.0487541 0.032 4.71464e-05
0 0.192579 0.268 0.052546 0.122667 4.72467e-05
0 0.770314 0.945333 0.0314193 0.0746667 4.73306e-05
0 0.355363 0.302 0.0812568 0.0733333 4.7388e-05
0 0.0847779 0.628667 0.120802 0.238667 4.74326e-05
0 0.239166 0.870667 0.0709642 0.258667 4.74887e-05
0 0.306338 0 0.0536295 0 4.75052e-05
0 0.883803 0.781333 0.134886 0.229333 4.75429e-05
0 0.794962 0.519333 0.0460455 0.108 4.75754e-05
0 0.363759 0.478667 0.06013 0.130667 4.76256e-05
0 0.55688 0.868667 0.0487541 0.132 4.774e-05
0 0.738624 0.946667 0.0687974 0.104 4.82872e-05
0 0.639762 0.559333 0.0108342 0.0626667 4.8411e-05
0 0.213705 0.953333 0.0796316 0.0933333 4.84354e-05
0 0.206663 0.15 0.0742145 0.257333 4.84432e-05
0 0.134886 0.088 0.0628386 0.152 4.86199e-05
0 0.140033 0.998667 0.0503792 0.00266667 4.86844e-05
0 0.0181473 0.386667 0.0362947 0.141333 4.87003e-05
0 0.371073 0.584 0.0444204 0.072 4.89085e-05
0 0.463164 0.088 0.0368364 0.0533333 4.90216e-05
0 0.784128 0.937333 0.0557963 0.12 4.9026e-05
0 0.791983 0 0.0530878 0 4.92227e-05
0 0.891116 0.252 0.0888407 0.237333 4.93514e-05
0 0.436078 0.935333 0.0790899 0.121333 4.94185e-05
0 0.841008 0.336667 0.0915493 0.22 4.94773e-05
0 0.809859 0.166 0.092091 0.217333 4.97222e-05
0 0.761376 0.648667 0.0742145 0.172 5.0008e-05
0 0.812026 0.264667 0.0888407 0.233333 5.02806e-05
0 0.242687 0.996 0.0444204 0.008 5.09932e-05
0 0.0441495 0.316 0.0698808 0.282667 5.10525e-05
0 0.945558 0.924 0.0850488 0.152 5.11148e-05
0 0.117822 0.604 0.0817985 0.224 5.12208e-05
0 0.0427952 0.0226667 0.0530878 0.0453333 5.14362e-05
0 0.820152 0.520667 0.145179 0.505333 5.17605e-05
0 0.639491 0.0926667 0.0612134 0.145333 5.18239e-05
0 0.653034 0.553333 0.0265439 0.0853333 5.192e-05
0 0.366739 0.135333 0.0866739 0.185333 5.22566e-05
0 0.511376 0.042 0.0855905 0.084 5.22847e-05
0 0.862947 0.399333 0.0975081 0.161333 5.22974e-05
0 0.25948 0.340667 0.102925 0.145333 5.24174e-05
0 0.833424 0.642 0.0763814 0.156 5.24608e-05
0 0.57286 0.402667 0.0287107 0.0826667 5.24932e-05
0 0.0655471 0.999333 0.0520043 0.00133333 5.26564e-05
0 0.762459 0.00333333 0.0807151 0.00666667 5.28689e-05
0 0.258667 0.938 0.0265439 0.108 5.30628e-05
0 0.430932 0.00266667 0.0503792 0.00533333 5.31739e-05
0 0.132449 0.058 0.0460455 0.0786667 5.32839e-05
0 0.680932 0.702667 0.0520043 0.114667 5.33252e-05
0 0.333694 0.729333 0.0530878 0.125333 5.34254e-05
0 0.0278982 0.481333 0.052546 0.168 5.35677e-05
0 0.845612 0.909333 0.0520043 0.136 5.36963e-05
0 0.761376 0.2 0.0622969 0.218667 5.38852e-05
0 0.239707 0.042 0.0937161 0.084 5.38995e-05
0 0.318527 0.842667 0.136511 0.314667 5.39019e-05
0 0.786566 0.118 0.0866739 0.150667 5.42121e-05
0 0.810943 0.927333 0.0682557 0.145333 5.42493e-05
0 0.11078 0.336 0.125135 0.210667 5.45184e-05
0 0.767606 0 0.0530878 0 5.45288e-05
0 0.59805 0.366667 0.101842 0.397333 5.46766e-05
0 0.948808 0.452 0.0384615 0.08 5.46928e-05
0 0.655742 0.714667 0.0384615 0.0773333 5.47345e-05
0 0.541983 0.05 0.0503792 0.1 5.49079e-05
0 0.0067714 0.200667 0.0135428 0.142667 5.49981e-05
0 0.681744 0.0173333 0.0427952 0.0346667 5.51544e-05
0 0.0587757 0.887333 0.112134 0.204 5.54589e-05
0 0.762459 0.579333 0.0622969 0.153333 5.56244e-05
0 0.638407 0.0366667 0.0687974 0.0733333 5.59505e-05
0 0.0514626 0.00266667 0.0552546 0.00533333 5.62777e-05
0 0.692037 0.66 0.0449621 0.0986667 5.62889e-05
0 0.78792 0.58 0.0915493 0.221333 5.63896e-05
0 0.358884 0 0.088299 0 5.65134e-05
0 0.890033 0.996 0.100758 0.008 5.67982e-05
0 0.671993 0.117333 0.0427952 0.104 5.68007e-05
0 0.182557 0.670667 0.0866739 0.184 5.71878e-05
0 0.233207 0.224667 0.0817985 0.174667 5.72004e-05
0 0.817985 0.0166667 0.0455038 0.0333333 5.73102e-05
0 0.20558 0.217333 0.0579632 0.178667 5.76317e-05
0 0.861863 0.004 0.0834236 0.008 5.76442e-05
0 0.490791 0 0.0530878 0 5.78378e-05
0 0.380011 0 0.052546 0 5.78651e-05
0 0.219393 0.621333 0.438787 0.757333 5.80044e-05
0 0.836403 0.644 0.125677 0.24 5.82671e-05
0 0.192308 0.996667 0.0487541 0.00666667 5.83587e-05
0 0.187974 0.995333 0.0877573 0.00933333 5.83763e-05
0 0.812839 0.222 0.0720477 0.110667 5.86045e-05
0 0.684453 0.331333 0.0709642 0.302667 5.93562e-05
0 0.540628 0.12 0.0195016 0.0666667 5.97898e-05
0 0.539545 0 0.0530878 0 6.00292e-05
0 0.0820693 0.538667 0.0720477 0.250667 6.01199e-05
0 0.543066 0.148667 0.0438787 0.265333 6.01464e-05
0 0.686349 0.998 0.0866739 0.004 6.06434e-05
0 0.785482 0.475333 0.0910076 0.204 6.0772e-05
0 0.118635 0.992667 0.0758397 0.0146667 6.08741e-05
0 0.0408992 0.755333 0.0817985 0.489333 6.13439e-05
0 0.353467 0 0.052546 0 6.16395e-05
0 0.319339 0.482 0.0720477 0.156 6.17327e-05
0 0.929307 1 0.0503792 0 6.17432e-05
0 0.00595883 0.688 0.0119177 0.154667 6.176e-05
0 0.942849 0.760667 0.109967 0.374667 6.18553e-05
0 0.611863 0.997333 0.088299 0.00533333 6.19519e-05
0 0.826381 0.231333 0.0384615 0.0413333 6.2054e-05
0 0.945287 0.498667 0.0444204 0.072 6.22658e-05
0 0.247833 0.643333 0.0438787 0.166667 6.24134e-05
0 0.182286 0.214667 0.0622969 0.197333 6.25255e-05
0 0.203413 0.424667 0.0449621 0.148 6.31339e-05
0 0.0273564 0.918667 0.0471289 0.141333 6.34808e-05
0 0.131365 0.0186667 0.0482123 0.0373333 6.35192e-05
0 0.978873 0.182 0.0422535 0.142667 6.37761e-05
0 0.929036 0.224 0.104009 0.149333 6.3791e-05
0 0.565276 0 0.0536295 0 6.41613e-05
0 0.0197725 0.968 0.031961 0.048 6.43045e-05
0 0.907638 0.19 0.0514626 0.132 6.43795e-05
0 0.397887 0 0.088299 0 6.47265e-05
0 0.851029 1 0.0758397 0 6.49173e-05
0 0.0530878 1 0.0530878 0 6.50833e-05
0 0.978061 0.48 0.0438787 0.0933333 6.51016e-05
0 0.513001 1 0.0747562 0 6.59062e-05
0 0.260563 0.758667 0.084507 0.381333 6.60943e-05
0 0.88299 0.335333 0.092091 0.238667 6.62041e-05
0 0.973998 1 0.0520043 0 6.62146e-05
0 0.107259 0.058 0.0433369 0.0786667 6.64006e-05
0 0.0189599 0.536 0.0379198 0.144 6.65529e-05
0 0.238082 0.698667 0.0720477 0.32 6.67802e-05
0 0.888949 0.593333 0.122427 0.16 6.69343e-05
0 0.736728 0.110667 0.0606717 0.154667 6.6999e-05
0 0.515168 0 0.0530878 0 6.7031e-05
0 0.408451 0.588 0.092091 0.122667 6.7314e-05
0 0.225081 0.994667 0.0828819 0.0106667 6.74486e-05
0 0.337486 0.992667 0.0769231 0.0146667 6.75031e-05
0 0.0926327 0.0166667 0.0476706 0.0333333 6.82058e-05
0 0.891658 0.125333 0.0985916 0.170667 6.86698e-05
0 0.184995 0.0973333 0.0774648 0.194667 6.91218e-05
0 0.744583 0.016 0.0449621 0.032 6.93984e-05
0 0.766793 0.531333 0.0742145 0.134667 6.94682e-05
0 0.347508 0.629333 0.0492958 0.088 6.97433e-05
0 0.92389 0.5 0.0449621 0.0746667 6.97971e-05
0 0.980769 0 0.0384615 0 6.99248e-05
0 0.763543 1 0.0731311 0 7.01539e-05
0 0.713705 1 0.0731311 0 7.01943e-05
0 0.0119177 0.0146667 0.0238353 0.0293333 7.02545e-05
0 0.343174 0.448667 0.0536295 0.158667 7.0298e-05
0 0.374052 0.46 0.088299 0.242667 7.11966e-05
0 0.192849 0.361333 0.0476706 0.138667 7.14607e-05
0 0.968581 0.0586667 0.0628386 0.117333 7.19348e-05
0 0.247021 0.00933333 0.0476706 0.0186667 7.2071e-05
0 0.176869 0 0.0547129 0 7.25882e-05
0 0.32286 0.002 0.0855905 0.004 7.31669e-05
0 0.0585049 0.962667 0.106176 0.0746667 7.32464e-05
0 0.836132 0.994 0.0904659 0.012 7.37554e-05
0 0.0192308 0.324 0.0384615 0.138667 7.37652e-05
0 0.220206 0.482667 0.0514626 0.130667 7.38696e-05
0 0.565547 0.008 0.0693391 0.016 7.45815e-05
0 0.489978 0.00733333 0.067714 0.0146667 7.51365e-05
0 0.0427952 0.0246667 0.0855905 0.0493333 7.51588e-05
0 0.463164 1 0.0780065 0 7.53248e-05
0 0.40493 0 0.052546 0 7.54906e-05
0 0.329632 0 0.0536295 0 7.55384e-05
0 0.217226 0.996 0.0498375 0.008 7.60022e-05
0 0.0178765 0.878667 0.035753 0.146667 7.63113e-05
0 0.140845 0.29 0.0975081 0.222667 7.63382e-05
0 0.983478 0.016 0.0330444 0.032 7.69037e-05
0 0.234832 0.642 0.0449621 0.132 7.76528e-05
0 0.590195 0 0.0536295 0 7.80593e-05
0 0.938245 0.996667 0.092091 0.00666667 7.81777e-05
0 0.16468 1 0.0509209 0 7.8248e-05
0 0.776815 0.880667 0.0780065 0.172 7.82827e-05
0 0.0222102 0.423333 0.028169 0.262667 7.83338e-05
0 0.793066 0.0166667 0.0476706 0.0333333 7.889e-05
0 0.328548 0.360667 0.134886 0.492 7.89711e-05
0 0.234561 0.288 0.084507 0.16 7.90834e-05
0 0.20558 0.02 0.0460455 0.04 7.91514e-05
0 0.355363 0.614667 0.119177 0.413333 7.96306e-05
0 0.940953 0 0.0541712 0 8.01234e-05
0 0.812568 0.480667 0.0985916 0.142667 8.03369e-05
0 0.296587 0.914667 0.0427952 0.12 8.0484e-05
0 0.867822 1 0.0444204 0 8.06744e-05
0 0.00731311 0.262 0.0146262 0.148 8.07049e-05
0 0.206392 0.282 0.0769231 0.185333 8.12429e-05
0 0.504063 1 0.0438787 0 8.16278e-05
0 0.738082 0.0293333 0.0687974 0.0586667 8.17684e-05
0 0.760834 0.122667 0.052546 0.157333 8.2245e-05
0 0.208288 0.0826667 0.0590466 0.149333 8.22905e-05
0 0.57611 1 0.0731311 0 8.23062e-05
0 0.812026 0.594 0.099675 0.153333 8.24355e-05
0 0.301463 0.304667 0.0384615 0.0706667 8.29017e-05
0 0.664951 0.038 0.0861322 0.076 8.29166e-05
0 0.862134 0.344 0.0861322 0.149333 8.43162e-05
0 0.612134 0.0333333 0.0855905 0.0666667 8.45834e-05
0 0.616739 1 0.0449621 0 8.51899e-05
0 0.614843 0 0.0541712 0 8.52752e-05
0 0.736457 0.996 0.0839653 0.008 8.53641e-05
0 0.18364 0.052 0.0476706 0.0746667 8.54541e-05
0 0.562568 0.0433333 0.0763814 0.0866667 8.56285e-05
0 0.331528 0.246667 0.0682557 0.170667 8.63721e-05
0 0.650596 1 0.0758397 0 8.63887e-05
0 0.708288 0.152 0.0763814 0.138667 8.67518e-05
0 0.716143 0.662 0.567714 0.676 8.68547e-05
0 0.652221 0 0.0541712 0 8.71137e-05
0 0.98727 0.206 0.0222102 0.196 8.72734e-05
0 0.34805 0.724 0.10455 0.229333 8.74183e-05
0 0.262459 0.416 0.0807151 0.210667 8.78059e-05
0 0.0853196 0.0213333 0.0926327 0.0426667 8.78555e-05
0 0.343174 0.056 0.0211268 0.0826667 8.81035e-05
0 0.779794 1 0.0427952 0 8.82113e-05
0 0.904659 1 0.0498375 0 8.85227e-05
0 0.178765 0.334667 0.0487541 0.133333 8.8842e-05
0 0.537107 0.994667 0.0807151 0.0106667 8.89063e-05
0 0.813109 0.0226667 0.0910076 0.0453333 8.93718e-05
0 0.0146262 0.638 0.0292524 0.230667 8.9624e-05
0 0.837216 0.524 0.113218 0.208 9.03238e-05
0 0.289003 1 0.0752979 0 9.04179e-05
0 0.124594 0.008 0.0975081 0.016 9.0501e-05
0 0.615926 0.00866667 0.0747562 0.0173333 9.129e-05
0 0.829361 1 0.0444204 0 9.14012e-05
0 0.2026 0.35 0.0899242 0.241333 9.16035e-05
0 0.668202 0.100667 0.0763814 0.201333 9.20891e-05
0 0.959913 0.623333 0.0801734 0.428 9.21186e-05
0 0.706121 0.0173333 0.0449621 0.0346667 9.23265e-05
0 0.98402 0.0246667 0.031961 0.0493333 9.238e-05
0 0.11403 1 0.0547129 0 9.2475e-05
0 0.0113759 0.825333 0.0227519 0.288 9.27775e-05
0 0.0625677 0 0.0547129 0 9.28032e-05
0 0.666847 0.00933333 0.0769231 0.0186667 9.3182e-05
0 0.862405 0.478667 0.106176 0.144 9.34334e-05
0 0.00758397 0.326667 0.0151679 0.146667 9.38232e-05
0 0.484561 0.998667 0.0850488 0.00266667 9.385e-05
0 0.0761105 1 0.0547129 0 9.40385e-05
0 0.729415 1 0.0449621 0 9.40633e-05
0 0.700163 0.657333 0.0265439 0.04 9.4713e-05
0 0.754334 1 0.0438787 0 9.48473e-05
0 0.164139 0.0953333 0.0855905 0.145333 9.50219e-05
0 0.452871 0 0.0530878 0 9.51547e-05
0 0.790628 0.259333 0.0828819 0.153333 9.53907e-05
0 0.463164 0.006 0.0693391 0.012 9.58022e-05
0 0.11078 0.732 0.203142 0.442667 9.58449e-05
0 0.592091 1 0.0455038 0 9.59433e-05
0 0.898971 0.004 0.0926327 0.008 9.59993e-05
0 0.112405 0 0.0557963 0 9.63814e-05
0 0.295775 0.298667 0.0877573 0.104 9.63903e-05
0 0.0121885 0.150667 0.0146262 0.218667 9.65335e-05
0 0.891116 0.0226667 0.102925 0.0453333 9.6672e-05
0 0.138949 1 0.0536295 0 9.67793e-05
0 0.813109 1 0.0780065 0 9.68346e-05
0 0.861322 0.706667 0.134345 0.272 9.74434e-05
0 0.15818 0.225333 0.0975081 0.293333 9.74503e-05
0 0.992145 1 0.0157096 0 9.76355e-05
0 0.453954 1 0.0465872 0 9.82469e-05
0 0.0100217 0.0366667 0.0189599 0.0706667 9.84251e-05
0 0.704496 1 0.0449621 0 9.85791e-05
0 0.888678 0.654 0.126219 0.158667 9.89788e-05
0 0.89572 0.901333 0.0828819 0.144 9.89946e-05
0 0.234561 0.412 0.0769231 0.189333 9.92638e-05
0 0.106446 0.418 0.115385 0.209333 9.93791e-05
0 0.363759 1 0.0785482 0 9.96183e-05
0 0.918472 0.182667 0.119718 0.365333 9.97826e-05
0 0.0119177 0.908667 0.0227519 0.182667 9.98999e-05
0 0.676869 0 0.0547129 0 0.00010001
0 0.679036 1 0.0449621 0 0.000100733
0 0.00704225 0.388667 0.0140845 0.148 0.000100792
0 0.150867 0 0.0557963 0 0.000100852
0 0.0663597 0.00733333 0.0752979 0.0146667 0.000101141
0 0.568256 0.423333 0.816901 0.846667 0.000101214
0 0.248375 0.046 0.0460455 0.0706667 0.000101335
0 0.0121885 0.706 0.0157096 0.257333 0.00010155
0 0.810401 0.535333 0.100758 0.142667 0.000101999
0 0.76896 0.0166667 0.0471289 0.0333333 0.000102005
0 0.955309 0.404667 0.039545 0.0706667 0.000102096
0 0.542795 1 0.0433369 0 0.000102434
0 0.57611 0.217333 0.0666305 0.0426667 0.000102629
0 0.0869447 0 0.0547129 0 0.000104054
0 0.136241 0.0366667 0.0698808 0.0733333 0.000104283
0 0.787378 0.996667 0.0850488 0.00666667 0.000104408
0 0.0067714 0.632 0.0135428 0.152 0.00010497
0 0.403575 1 0.0476706 0 0.000105819
0 0.435536 0.0973333 0.0780065 0.122667 0.000107315
0 0.552546 0.113333 0.0433369 0.146667 0.000107943
0 0.0232936 0.134667 0.0400867 0.221333 0.00010807
0 0.988895 0.14 0.0167931 0.194667 0.000108104
0 0.110238 0.257333 0.154388 0.490667 0.000108425
0 0.986457 0 0.0270856 0 0.000108444
0 0.704496 0.649333 0.0222102 0.0213333 0.000108745
0 0.863759 0 0.0547129 0 0.000108756
0 0.641387 1 0.0465872 0 0.000108957
0 0.190683 1 0.0498375 0 0.000109002
0 0.968581 1 0.0455038 0 0.000109575
0 0.805255 1 0.0449621 0 0.000110128
0 0.702329 0 0.0547129 0 0.00011021
0 0.711538 0.03 0.0850488 0.06 0.000110906
0 0.745395 0.73 0.0444204 0.18 0.00011116
0 0.00704225 0.111333 0.0119177 0.150667 0.000111933
0 0.567714 1 0.0455038 0 0.000112017
0 0.315276 0.409333 0.0812568 0.237333 0.000112254
0 0.980228 0.522 0.039545 0.0973333 0.000112364
0 0.428765 1 0.0471289 0 0.000112575
0 0.271668 0.524 0.0503792 0.106667 0.000113258
0 0.479415 1 0.0455038 0 0.000113287
0 0.761376 0.163333 0.031961 0.084 0.000113518
0 0.228602 0.612667 0.12351 0.382667 0.000114243
0 0.947725 0.473333 0.10455 0.338667 0.000114627
0 0.823402 0.770667 0.134345 0.394667 0.000114905
0 0.0135428 0.337333 0.0173348 0.245333 0.000114924
0 0.309047 0.008 0.0503792 0.016 0.00011527
0 0.335049 0.0566667 0.0265439 0.06 0.000115865
0 0.512459 0.00133333 0.084507 0.00266667 0.000116045
0 0.686078 0.142 0.0384615 0.0786667 0.000116295
0 0.32909 1 0.0460455 0 0.000117208
0 0.317443 0.687333 0.572048 0.625333 0.000119651
0 0.144366 0.703333 0.100217 0.214667 0.000122038
0 0.913597 1 0.0872156 0 0.00012248
0 0.716956 0.0106667 0.0796316 0.0213333 0.000123053
0 0.143824 0.510667 0.0557963 0.162667 0.0001233
0 0.726977 0 0.0552546 0 0.000123343
0 0.35428 1 0.0465872 0 0.000123854
0 0.22481 0.408 0.449621 0.816 0.000124891
0 0.901679 0 0.0547129 0 0.00012498
0 0.435536 0.998667 0.0888407 0.00266667 0.000126111
0 0.279523 1 0.0455038 0 0.000126649
0 0.0067714 0.567333 0.0135428 0.153333 0.000126998
0 0.839653 0 0.0552546 0 0.000127209
0 0.886511 0.524667 0.103467 0.142667 0.000127886
0 0.277627 0.416667 0.127302 0.401333 0.000128538
0 0.309317 0.0393333 0.0487541 0.0573333 0.000128983
0 0.0571506 0.247333 0.114301 0.494667 0.000129183
0 0.254063 1 0.0465872 0 0.000129275
0 0.751896 0 0.0552546 0 0.000130832
0 0.950975 0.615333 0.0785482 0.206667 0.000131084
0 0.0539003 0.569333 0.0915493 0.237333 0.000132122
0 0.0522752 0.0853333 0.088299 0.149333 0.000132324
0 0.213705 0.642667 0.0817985 0.242667 0.000132355
0 0.970748 0.982667 0.0585049 0.0346667 0.000132487
0 0.433099 0.08 0.0492958 0.0773333 0.000132616
0 0.577465 0.167333 0.0747562 0.161333 0.000133103
0 0.818527 0.880667 0.111593 0.188 0.000133555
0 0.94312 0.0206667 0.0899242 0.0413333 0.000133861
0 0.974269 0.100667 0.0514626 0.174667 0.000133985
0 0.574215 0.278 0.071506 0.142667 0.000134644
0 0.767606 0.012 0.0823402 0.024 0.000134994
0 0.65493 0.696667 0.0216685 0.0653333 0.000134996
0 0.843445 0.0173333 0.0823402 0.0346667 0.000135338
0 0.349404 0.028 0.0400867 0.056 0.000135914
0 0.0173348 0.213333 0.0303359 0.237333 0.00013614
0 0.587486 0.00133333 0.0893824 0.00266667 0.000136195
0 0.764355 0.024 0.0834236 0.048 0.000136579
0 0.00893824 0.996667 0.0178765 0.00666667 0.000138495
0 0.0311484 0.648667 0.0622969 0.38 0.000139178
0 0.814193 0 0.0552546 0 0.000140425
0 0.865926 0.259333 0.0969664 0.14 0.000141054
0 0.304442 1 0.0465872 0 0.000141152
0 0.429036 0 0.0530878 0 0.000142067
0 0.868364 0.906667 0.0530878 0.144 0.000142199
0 0.983749 0.986667 0.028169 0.0266667 0.000142487
0 0.987812 0.0126667 0.0178765 0.0253333 0.000142518
0 0.310672 0.997333 0.0861322 0.00533333 0.000143409
0 0.180119 0.29 0.0872156 0.268 0.000144092
0 0.0102925 0.944 0.0140845 0.106667 0.00014435
0 0.215601 1 0.0498375 0 0.000145244
0 0.0092091 0.064 0.0140845 0.106667 0.000145577
0 0.725352 0.42 0.549296 0.84 0.000146526
0 0.0330444 0.108 0.0660888 0.216 0.000146994
0 0.157367 0.304667 0.0503792 0.14 0.000147222
0 0.203955 0.542667 0.0417118 0.146667 0.000148122
0 0.776273 0 0.0552546 0 0.000148667
0 0.00975081 0.388667 0.0173348 0.246667 0.000149264
0 0.351842 0.832 0.132719 0.336 0.000149927
0 0.417931 0.796667 0.133803 0.374667 0.000150914
0 0.0108342 0.260667 0.0216685 0.238667 0.000151098
0 0.985103 0.0466667 0.0297941 0.0933333 0.000151381
0 0.0213976 0.292667 0.0427952 0.34 0.000152268
0 0.182286 0.02 0.0492958 0.04 0.000152884
0 0.113218 0.026 0.0953413 0.052 0.000153207
0 0.745395 0.158 0.0530878 0.134667 0.000153294
0 0.188787 0.0173333 0.0763814 0.0346667 0.000154181
0 0.157909 0.64 0.0969664 0.197333 0.000156747
0 0.637595 0 0.0953413 0 0.000156826
0 0.0861322 0.00866667 0.104009 0.0173333 0.000157082
0 0.260563 0.998667 0.0834236 0.00266667 0.000158166
0 0.378927 1 0.0482123 0 0.000158836
0 0.114843 0.0126667 0.099675 0.0253333 0.000159541
0 0.979957 0.522 0.0400867 0.265333 0.000162716
0 0.984832 0.274667 0.028169 0.245333 0.000162777
0 0.183099 0.570667 0.0585049 0.186667 0.000163504
0 0.0517335 1 0.0557963 0 0.000164517
0 0.964518 0 0.0547129 0 0.000164664
0 0.386782 1 0.0888407 0 0.000164873
0 0.221289 0.640667 0.0427952 0.164 0.000165009
0 0.0148971 1 0.0297941 0 0.000165498
0 0.985103 0.116667 0.0297941 0.233333 0.000167499
0 0.341278 0.016 0.0455038 0.032 0.000167821
0 0.166035 0.032 0.0937161 0.064 0.000169284
0 0.369447 0.597333 0.0834236 0.165333 0.000169388
0 0.00975081 0.0833333 0.0195016 0.166667 0.000169509
0 0.983207 0.959333 0.0335861 0.0813333 0.00016991
0 0.867822 0.21 0.100758 0.126667 0.000170854
0 0.387866 0.0553333 0.0390032 0.0733333 0.00017101
0 0.0165222 0.774 0.0265439 0.316 0.000173378
0 0.92091 0.464667 0.0855905 0.188 0.000174331
0 0.452058 0.556667 0.0254605 0.0733333 0.000176387
0 0.986728 0.691333 0.0265439 0.158667 0.000178519
0 0.466143 0.0886667 0.0471289 0.177333 0.000179709
0 0.410888 0.012 0.0774648 0.024 0.000180077
0 0.0208559 0.0313333 0.0417118 0.052 0.000182053
0 0.827465 0.213333 0.0297941 0.0426667 0.000183905
0 0.782232 0.177333 0.0855905 0.138667 0.000185519
0 0.311484 0.042 0.084507 0.084 0.000186964
0 0.688516 0 0.100758 0 0.000187572
0 0.684453 0.112667 0.0557963 0.142667 0.000188032
0 0.0349404 0.216667 0.0698808 0.361333 0.000193759
0 0.648158 0.5 0.703684 1 0.000194475
0 0.986457 0.092 0.0249187 0.178667 0.000196972
0 0.0297941 0.066 0.0498375 0.1 0.000197532
0 0.357259 0.0193333 0.0872156 0.0386667 0.000198199
0 0.208017 0.420667 0.124594 0.468 0.000199355
0 0.105363 0.534 0.0655471 0.172 0.000199368
0 0.137324 0.608 0.274648 0.784 0.000200374
0 0.00758397 0.448667 0.0151679 0.156 0.000207311
0 0.141658 0.424 0.10455 0.293333 0.000210562
0 0.350758 0.529333 0.0796316 0.194667 0.000211702
0 0.970477 0.0286667 0.0590466 0.0573333 0.000212569
0 0.00866739 0.634667 0.0162514 0.264 0.00021502
0 0.29117 0.056 0.0774648 0.112 0.000215589
0 0.534399 0.638 0.709101 0.724 0.000216351
0 0.369447 0.442667 0.738895 0.885333 0.000216595
0 0.261647 0.0326667 0.0379198 0.0546667 0.000218321
0 0.436078 0.00533333 0.084507 0.0106667 0.000219245
0 0.0197725 0.542667 0.039545 0.314667 0.00022008
0 0.0222102 0.990667 0.0444204 0.0186667 0.000220947
0 0.306067 0.586 0.0866739 0.0733333 0.000222217
0 0.564464 0.727333 0.0595883 0.177333 0.000223165
0 0.130282 0.396667 0.260563 0.793333 0.000226246
0 0.281961 0.632 0.126219 0.349333 0.000229459
0 0.991603 0.0386667 0.0157096 0.0773333 0.000229974
0 0.161701 1 0.105634 0 0.000231029
0 0.0151679 0.468667 0.028169 0.241333 0.000232378
0 0.839924 0.000666667 0.115385 0.00133333 0.000232729
0 0.757042 0.191333 0.0341278 0.0893333 0.000234387
0 0.0222102 0.856 0.0444204 0.274667 0.000234682
0 0.738624 0 0.105634 0 0.000238191
0 0.545775 0.130667 0.0254605 0.104 0.000238886
0 0.915764 0.008 0.0872156 0.016 0.000239188
0 0.322319 0.285333 0.0465872 0.0773333 0.000239273
0 0.982394 1 0.0352113 0 0.000240003
0 0.241062 0.0673333 0.0747562 0.134667 0.000241237
0 0.98727 0.548 0.0254605 0.130667 0.000244212
0 0.310401 0.867333 0.0910076 0.265333 0.000245632
0 0.968039 0.512667 0.063922 0.161333 0.000247762
0 0.0127302 0.581333 0.0178765 0.261333 0.00025081
0 0.975081 0.257333 0.0498375 0.114667 0.000254435
0 0.0173348 0.0566667 0.0325027 0.113333 0.000254924
0 0.216414 0.0333333 0.0904659 0.0666667 0.000256309
0 0.249729 0.022 0.0476706 0.044 0.000257539
0 0.651679 0.554 0.0422535 0.190667 0.000258721
0 0.963976 0.00733333 0.0622969 0.0146667 0.000259235
0 0.989978 1 0.0200433 0 0.000259293
0 0.788462 0 0.107801 0 0.000259433
0 0.237541 0.594 0.0796316 0.145333 0.000260289
0 0.212351 0.008 0.100758 0.016 0.000262567
0 0.235645 0.527333 0.0747562 0.153333 0.000265982
0 0.0555255 0.412 0.100217 0.330667 0.000269887
0 0.64572 0.553333 0.0140845 0.0773333 0.000271196
0 0.352654 0.406667 0.0823402 0.221333 0.000272074
0 0.985645 0.63 0.0287107 0.164 0.000274508
0 0.260834 0.578667 0.0579632 0.072 0.000274652
0 0.0983207 0.999333 0.107801 0.00133333 0.000274665
0 0.058234 0.0273333 0.0991333 0.0546667 0.000277638
0 0.210726 1 0.0866739 0 0.000277739
0 0.028169 0.008 0.0552546 0.016 0.000282194
0 0.0178765 0.943333 0.0335861 0.0893333 0.000290208
0 0.432557 0.874 0.112134 0.201333 0.000291787
0 0.350217 0.338667 0.0947996 0.114667 0.000300132
0 0.112134 1 0.100758 0 0.00030736
0 0.976977 0.428 0.0460455 0.0933333 0.000308906
0 0.365926 0.0666667 0.088299 0.101333 0.000314241
0 0.282774 0.552667 0.0693391 0.105333 0.00031463
0 0.0360238 0.477333 0.0720477 0.336 0.00032003
0 0.891116 0 0.121343 0 0.000326781
0 0.162784 0.004 0.115385 0.008 0.000329016
0 0.982394 0.335333 0.0352113 0.169333 0.000329144
0 0.0105634 1 0.0211268 0 0.000338629
0 0.978332 0.924 0.0346696 0.152 0.000338866
0 0.327736 0.301333 0.0931744 0.149333 0.00034315
0 0.207476 0.584 0.0574215 0.162667 0.000343485
0 0.0752979 0.509333 0.146262 0.466667 0.000344002
0 0.0284399 1 0.0514626 0 0.000347416
0 0.235374 0.479333 0.095883 0.169333 0.000352572
0 0.107259 0.492667 0.0975081 0.212 0.000362202
0 0.903846 0.179333 0.0926327 0.188 0.000367008
0 0.117822 0.582 0.178223 0.409333 0.000371552
0 0.857801 0.856 0.131636 0.288 0.000373943
0 0.317714 0.519333 0.130553 0.42 0.000376085
0 0.308776 0.0193333 0.0509209 0.0386667 0.000379716
0 0.988895 0.0566667 0.0146262 0.105333 0.000407023
0 0.263543 0.0166667 0.0427952 0.0333333 0.000414441
0 0.987812 0.981333 0.0124594 0.0373333 0.00041777
0 0.239978 0.0153333 0.0910076 0.0306667 0.000428148
0 0.0352113 0.038 0.0704225 0.076 0.000455344
0 0.0885699 0.002 0.130553 0.004 0.000456241
0 0.157367 0.570667 0.0839653 0.205333 0.000466677
0 0.741062 0.740667 0.0184182 0.0493333 0.000474179
0 0.158992 0.347333 0.0698808 0.161333 0.000481814
0 0.578548 0.363333 0.0444204 0.126667 0.000484799
0 0.987541 0.810667 0.0184182 0.173333 0.000491467
0 0.940141 0 0.0991333 0 0.000492253
0 0.969664 0.852667 0.0606717 0.294667 0.000503098
0 0.283044 0.723333 0.095883 0.252 0.000504284
0 0.282503 0.596 0.0937161 0.122667 0.000507043
0 0.0227519 0 0.0455038 0 0.000516396
0 0.27844 0.03 0.035753 0.052 0.000516547
0 0.073402 1 0.095883 0 0.000530351
0 0.957205 0.876 0.0801734 0.2 0.000556824
0 0.277898 0.016 0.0379198 0.032 0.000566156
0 0.192579 0.511333 0.0427952 0.150667 0.000570055
0 0.839924 0.598667 0.320152 0.802667 0.000580599
0 0.744854 0.731333 0.0303359 0.0733333 0.000581684
0 0.00975081 0.51 0.0162514 0.254667 0.000591674
0 0.973727 0.214667 0.0482123 0.264 0.000606214
0 0.285482 0.474667 0.0975081 0.210667 0.000618969
0 0.336403 0.46 0.0899242 0.242667 0.000643008
0 0.896533 0.22 0.0780065 0.0986667 0.00069037
0 0.0411701 1 0.0823402 0 0.00069779
0 0.181203 0.396667 0.0460455 0.14 0.00071293
0 0.27221 0.531333 0.0947996 0.172 0.000714137
0 0.315547 0.535333 0.0969664 0.188 0.000723037
0 0.43039 0.06 0.0752979 0.0986667 0.000741378
0 0.0297941 1 0.0520043 0 0.000785087
0 0.265439 0.0626667 0.0476706 0.125333 0.000792261
0 0.406284 0.0446667 0.0260022 0.0653333 0.000841837
0 0.982665 0.698667 0.0346696 0.309333 0.000872061
0 0.318797 0.0513333 0.0698808 0.102667 0.000894886
0 0.0384615 0.00533333 0.0769231 0.0106667 0.000899647
0 0.934182 0.483333 0.0460455 0.0786667 0.000910317
0 0.938787 0.460667 0.0704225 0.110667 0.000913298
0 0.130823 0.536667 0.103467 0.238667 0.000936101
0 0.99052 0.632667 0.0178765 0.284 0.000946682
0 0.975623 0.636 0.0444204 0.248 0.000984309
0 0.28494 0.646667 0.102925 0.16 0.000995376
0 0.317172 0.62 0.1013 0.149333 0.00104629
0 0.902763 0.229333 0.0460455 0.0533333 0.00105825
0 0.413597 0.064 0.0297941 0.0693333 0.0011109
0 0.455309 0.535333 0.0590466 0.174667 0.00112957
0 0.397887 0.066 0.0460455 0.132 0.00118672
0 0.320693 0.691333 0.328277 0.617333 0.00120276
0 0.161159 0.502 0.179307 0.438667 0.0012363
0 0.199621 0.468667 0.0633803 0.169333 0.00130422
0 0.469122 0.0746667 0.0314193 0.0986667 0.00131794
0 0.182015 0.515333 0.0769231 0.206667 0.00141696
0 0.163597 0.416 0.0747562 0.176 0.00151093
0 0.359155 0.611333 0.0465872 0.084 0.0015258
0 0.327736 0.0346667 0.0390032 0.0426667 0.00163872
0 0.250813 0.5 0.501625 1 0.00165681
0 0.343174 0.0586667 0.0373781 0.117333 0.00170957
0 0.31338 0.0226667 0.0796316 0.0453333 0.0017428
0 0.578548 0.382667 0.0292524 0.0853333 0.00185567
0 0.328548 0.306667 0.0698808 0.0853333 0.00191018
0 0.579361 0.67 0.308234 0.58 0.00192525
0 0.987812 0.911333 0.0222102 0.177333 0.00198684
0 0.282503 0.0266667 0.0709642 0.0533333 0.00204534
0 0.641116 0.516667 0.0438787 0.172 0.00209858
0 0.980498 0.81 0.0390032 0.172 0.00215706
0 0.501083 0.494 0.035753 0.126667 0.0021585
0 0.859155 0.898 0.105092 0.177333 0.0023771
0 0.308776 0.776 0.110509 0.317333 0.00252968
0 0.252709 0.0293333 0.0709642 0.0586667 0.00255386
0 0.182828 0.452667 0.0438787 0.132 0.00271438
0 0.748104 0.74 0.0227519 0.0426667 0.00302086
0 0.342904 0.611333 0.0780065 0.116 0.00319913
0 0.159805 0.48 0.0790899 0.181333 0.00329564
0 0.47454 0.0946667 0.0173348 0.0613333 0.00352983
0 0.579632 0.239333 0.0671723 0.0653333 0.00383203
0 0.872969 0.494 0.254063 0.988 0.00391008
0 0.471018 0.498 0.400325 0.996 0.00399384
0 0.336403 0.0306667 0.0422535 0.0613333 0.0173721
0 0.46208 0.544 0.0390032 0.0986667 0.02499
0 0.402492 0.0626667 0.0238353 0.0666667 0.035446
0 0.574756 0.744 0.170098 0.512 0.0382363
0 0.269772 0.0253333 0.0260022 0.0506667 0.0385494
0 0.646533 0.534 0.0287107 0.113333 0.0483399
0 0.974269 0.310667 0.0492958 0.245333 0.0516619
0 0.972373 0.385333 0.0552546 0.176 0.123722
0 0.336945 0.0373333 0.0260022 0.0586667 0.160165
0 0.475894 0.508667 0.0839653 0.145333 0.269481
0 0.970206 0.397333 0.0595883 0.0826667 0.558228
0 0.983749 0.87 0.0325027 0.182667 0.563804
0 0.56961 0.765333 0.0817985 0.354667 0.918583
