0 0.804984 0.215333 0.131094 0.273333 9.19787e-06
0 0.53467 0.395333 0.0801734 0.286667 9.20335e-06
0 0.111051 0.904 0.110509 0.157333 9.20402e-06
0 0.231311 0.149333 0.0465872 0.125333 9.21014e-06
0 0.730498 0.733333 0.052546 0.149333 9.22024e-06
0 0.248104 0.977333 0.0455038 0.0453333 9.27633e-06
0 0.111593 0.064 0.125677 0.122667 9.2786e-06
0 0.507855 0.530667 0.0460455 0.112 9.28076e-06
0 0.212351 0.513333 0.0346696 0.213333 9.28584e-06
0 0.333965 0.919333 0.0817985 0.161333 9.29471e-06
0 0.213705 0.358667 0.102384 0.365333 9.30256e-06
0 0.989437 0.315333 0.0157096 0.254667 9.32138e-06
0 0.625406 0.792 0.0482123 0.296 9.33595e-06
0 0.686891 0.153333 0.0650054 0.165333 9.35726e-06
0 0.985645 0.761333 0.0265439 0.112 9.4701e-06
0 0.330173 0.436667 0.0720477 0.153333 9.47599e-06
0 0.409805 0.226 0.0720477 0.196 9.4801e-06
0 0.263814 0.900667 0.0736728 0.129333 9.50422e-06
0 0.989707 0.262667 0.0119177 0.117333 9.54623e-06
0 0.634074 0.982667 0.0362947 0.0266667 9.56536e-06
0 0.422264 0.504667 0.0579632 0.324 9.56643e-06
0 0.295775 0.613333 0.035753 0.0853333 9.57642e-06
0 0.570693 0.294667 0.0785482 0.146667 9.57655e-06
0 0.949079 0.917333 0.0487541 0.114667 9.60109e-06
0 0.824485 0.048 0.0899242 0.096 9.63658e-06
0 0.0869447 0.824667 0.173889 0.350667 9.65949e-06
0 0.865114 0.946667 0.108342 0.106667 9.6599e-06
0 0.797671 0.901333 0.0947996 0.149333 9.66262e-06
0 0.477519 1 0.0373781 0 9.68619e-06
0 0.647616 0.667333 0.0232936 0.0493333 9.70187e-06
0 0.569339 0.0446667 0.0444204 0.0706667 9.72306e-06
0 0.985374 0.973333 0.0249187 0.0506667 9.73092e-06
0 0.382719 0.476667 0.0406284 0.142667 9.73168e-06
0 0.0425244 0.034 0.0547129 0.068 9.80111e-06
0 0.0213976 0.852 0.0232936 0.248 9.80958e-06
0 0.618364 0.788667 0.00812568 0.0226667 9.81924e-06
0 0.428494 0.711333 0.0660888 0.345333 9.84044e-06
0 0.766793 0.531333 0.0449621 0.108 9.87009e-06
0 0.558776 0.739333 0.0828819 0.262667 9.87931e-06
0 0.459642 0.286667 0.0536295 0.157333 9.885e-06
0 0.830444 0.988667 0.0422535 0.0226667 9.93686e-06
0 0.128657 0.00533333 0.0568797 0.0106667 9.93974e-06
0 0.89545 0.979333 0.063922 0.0413333 9.95451e-06
0 0.924973 0.354667 0.150054 0.592 9.98544e-06
0 0.452871 1 0.035753 0 1.00696e-05
0 0.162784 0.932 0.105634 0.136 1.00971e-05
0 0.385157 0.761333 0.063922 0.336 1.01019e-05
0 0.316631 0.558 0.0265439 0.084 1.01406e-05
0 0.20585 0.359333 0.0855905 0.150667 1.01706e-05
0 0.0203142 0.978667 0.031961 0.0426667 1.01816e-05
0 0.507584 0.472667 0.0487541 0.134667 1.02335e-05
0 0.552004 0.819333 0.0574215 0.0413333 1.02345e-05
0 0.235103 0.983333 0.035753 0.0306667 1.0237e-05
0 0.17416 0.204667 0.307151 0.409333 1.03541e-05
0 0.98727 0.133333 0.0178765 0.104 1.0433e-05
0 0.279252 0.394667 0.0687974 0.104 1.044e-05
0 0.406284 0.713333 0.0422535 0.128 1.0478e-05
0 0.218852 0.116 0.0650054 0.232 1.04927e-05
0 0.716685 0.275333 0.0498375 0.124 1.04933e-05
0 0.411701 0.783333 0.0227519 0.0146667 1.05034e-05
0 0.710726 0.340667 0.0574215 0.164 1.05112e-05
0 0.16441 0.386 0.122969 0.270667 1.05591e-05
0 0.0644637 0.00266667 0.0552546 0.00533333 1.05754e-05
0 0.533586 0.575333 0.0780065 0.284 1.06082e-05
0 0.252709 0.155333 0.0568797 0.124 1.06174e-05
0 0.836403 0.518667 0.212351 0.317333 1.06329e-05
0 0.587757 0.833333 0.0400867 0.064 1.0672e-05
0 0.381365 0.543333 0.0390032 0.14 1.06725e-05
0 0.635699 0.508 0.0514626 0.117333 1.06781e-05
0 0.409263 0.330667 0.0937161 0.261333 1.0766e-05
0 0.367551 0.712667 0.0341278 0.0813333 1.0805e-05
0 0.946371 0.515333 0.107259 0.193333 1.08284e-05
0 0.615114 0.791333 0.0092091 0.028 1.08304e-05
0 0.120531 0.95 0.154388 0.1 1.08489e-05
0 0.51273 1 0.0796316 0 1.08536e-05
0 0.732123 0.103333 0.0471289 0.110667 1.09341e-05
0 0.916306 0.995333 0.0503792 0.00933333 1.0977e-05
0 0.275731 0.368 0.0303359 0.08 1.10252e-05
0 0.507313 0.166667 0.0536295 0.213333 1.10339e-05
0 0.684453 0.274 0.0568797 0.177333 1.10966e-05
0 0.610238 0.504667 0.0698808 0.286667 1.1117e-05
0 0.25325 0.145333 0.0687974 0.242667 1.11615e-05
0 0.173077 0.502 0.0828819 0.137333 1.13094e-05
0 0.725623 0.812 0.0633803 0.16 1.13134e-05
0 0.754875 0.666 0.0557963 0.18 1.13211e-05
0 0.283857 0.0473333 0.0476706 0.0706667 1.13293e-05
0 0.539816 0.402 0.0709642 0.142667 1.13485e-05
0 0.685265 0.21 0.0552546 0.166667 1.1435e-05
0 0.396262 0.0726667 0.0417118 0.113333 1.14618e-05
0 0.969935 0.986667 0.06013 0.0266667 1.14688e-05
0 0.973456 0.0766667 0.0368364 0.076 1.14891e-05
0 0.127302 1 0.0520043 0 1.14897e-05
0 0.862947 0.112667 0.146262 0.225333 1.15427e-05
0 0.452329 0.355333 0.0671723 0.276 1.15478e-05
0 0.959642 0.449333 0.0514626 0.138667 1.15649e-05
0 0.427681 0.482 0.0557963 0.1 1.16065e-05
0 0.0130011 0.954 0.0173348 0.092 1.16806e-05
0 0.891928 0.974667 0.0947996 0.0506667 1.17341e-05
0 0.0278982 0.924667 0.0482123 0.137333 1.17493e-05
0 0.904388 0.992 0.0471289 0.016 1.17744e-05
0 0.521127 0.805333 0.0725894 0.133333 1.17948e-05
0 0.409263 0.601333 0.0536295 0.288 1.18292e-05
0 0.62026 0.976667 0.0671723 0.0466667 1.18605e-05
0 0.506771 0.408 0.0644637 0.138667 1.18702e-05
0 0.583424 0.653333 0.0931744 0.306667 1.18793e-05
0 0.593174 0.226667 0.0693391 0.154667 1.19249e-05
0 0.648971 0.287333 0.0899242 0.201333 1.20271e-05
0 0.382449 0.604 0.071506 0.258667 1.20359e-05
0 0.89247 0 0.0547129 0 1.20594e-05
0 0.637595 0.715333 0.0433369 0.134667 1.20684e-05
0 0.616468 0.784 0.0227519 0.0186667 1.2077e-05
0 0.0614843 0.781333 0.122969 0.362667 1.21172e-05
0 0.767064 0.141333 0.0368364 0.114667 1.21184e-05
0 0.521939 0.504 0.0752979 0.165333 1.21207e-05
0 0.476706 0.527333 0.0650054 0.142667 1.21398e-05
0 0.456934 0.638667 0.0547129 0.136 1.21647e-05
0 0.699621 0.468667 0.0731311 0.204 1.21901e-05
0 0.979144 0.335333 0.0287107 0.265333 1.2215e-05
0 0.218581 0.971333 0.100217 0.0573333 1.22169e-05
0 0.733749 0.333333 0.0655471 0.146667 1.22288e-05
0 0.65195 0.979333 0.0297941 0.0333333 1.22426e-05
0 0.252167 0.712 0.0926327 0.261333 1.22432e-05
0 0.491333 0.984 0.0736728 0.032 1.22437e-05
0 0.307151 0.414 0.111593 0.241333 1.22677e-05
0 0.359697 0.332667 0.109426 0.310667 1.22815e-05
0 0.334778 0.0793333 0.0704225 0.14 1.22987e-05
0 0.634345 0.508 0.0195016 0.0746667 1.23069e-05
0 0.868635 0.028 0.0687974 0.056 1.23579e-05
0 0.360509 0.152667 0.105634 0.305333 1.24115e-05
0 0.771939 0.965333 0.0628386 0.064 1.24274e-05
0 0.986457 0.694 0.0216685 0.113333 1.24866e-05
0 0.0314193 0.384667 0.0628386 0.209333 1.25046e-05
0 0.933911 0.0246667 0.0736728 0.0493333 1.25519e-05
0 0.672264 0.19 0.145179 0.38 1.25627e-05
0 0.371614 1 0.071506 0 1.25715e-05
0 0.35455 0.556 0.0449621 0.109333 1.27358e-05
0 0.755146 0.811333 0.109426 0.233333 1.27539e-05
0 0.3448 0.547333 0.0384615 0.0546667 1.27571e-05
0 0.154659 0.0553333 0.052546 0.0813333 1.27669e-05
0 0.867281 0.00866667 0.0487541 0.0173333 1.27703e-05
0 0.55688 0.519333 0.0119177 0.0413333 1.27813e-05
0 0.514085 0.718667 0.0736728 0.168 1.28074e-05
0 0.219935 0.394667 0.035753 0.104 1.28161e-05
0 0.706392 0.334667 0.0823402 0.264 1.28509e-05
0 0.907909 0.818 0.104009 0.177333 1.29152e-05
0 0.671181 0.956 0.0509209 0.088 1.29346e-05
0 0.283857 0.928 0.0736728 0.144 1.2966e-05
0 0.869989 0.65 0.0964247 0.297333 1.2968e-05
0 0.942037 0.074 0.092091 0.118667 1.29812e-05
0 0.671993 0.802 0.0287107 0.084 1.30034e-05
0 0.619718 0.979333 0.0390032 0.0306667 1.30226e-05
0 0.761376 0.267333 0.088299 0.148 1.30267e-05
0 0.726436 0.27 0.0249187 0.0813333 1.30387e-05
0 0.620802 0.83 0.213434 0.34 1.31109e-05
0 0.0189599 0.548 0.0379198 0.104 1.3171e-05
0 0.76598 0.150667 0.084507 0.162667 1.31737e-05
0 0.315547 0.210667 0.14247 0.421333 1.31838e-05
0 0.283586 0.775333 0.0904659 0.241333 1.32672e-05
0 0.609155 0.786667 0.0189599 0.0266667 1.32863e-05
0 0.627844 0.223333 0.0812568 0.294667 1.32881e-05
0 0.638137 0.652667 0.0660888 0.270667 1.33464e-05
0 0.543608 0.479333 0.0503792 0.313333 1.33476e-05
0 0.66143 0.209333 0.0541712 0.176 1.34043e-05
0 0.460184 0.239333 0.0731311 0.217333 1.34248e-05
0 0.0972373 0.605333 0.130553 0.264 1.3427e-05
0 0.020585 0.444667 0.0238353 0.265333 1.34467e-05
0 0.901679 0 0.0503792 0 1.34745e-05
0 0.495666 0.044 0.0433369 0.072 1.34819e-05
0 0.0341278 0.0893333 0.0509209 0.178667 1.34985e-05
0 0.481853 0.715333 0.052546 0.172 1.35759e-05
0 0.580173 0.238 0.374865 0.476 1.35828e-05
0 0.0222102 0.118667 0.0270856 0.221333 1.3629e-05
0 0.586945 0.992667 0.0622969 0.0146667 1.36847e-05
0 0.627844 0.432667 0.0368364 0.0733333 1.38361e-05
0 0.628927 0.426667 0.0628386 0.141333 1.38432e-05
0 0.612676 0.960667 0.0975081 0.0786667 1.38439e-05
0 0.324485 0.160667 0.0541712 0.132 1.38915e-05
0 0.991874 0.223333 0.0162514 0.209333 1.38917e-05
0 0.431744 0.710667 0.056338 0.149333 1.39246e-05
0 0.565547 0.216 0.0693391 0.16 1.395e-05
0 0.363759 0.338667 0.0893824 0.154667 1.41027e-05
0 0.76571 0.390667 0.198808 0.709333 1.41383e-05
0 0.438516 0.360667 0.0492958 0.156 1.41442e-05
0 0.0173348 0.425333 0.0346696 0.106667 1.41617e-05
0 0.719122 0.522667 0.151138 0.629333 1.42516e-05
0 0.941495 0.997333 0.0509209 0.00533333 1.43031e-05
0 0.875677 0.820667 0.248646 0.358667 1.43282e-05
0 0.363489 0.418667 0.0942579 0.152 1.43556e-05
0 0.661701 0.883333 0.024377 0.14 1.43567e-05
0 0.459913 0.718 0.0520043 0.156 1.43576e-05
0 0.326652 0.356 0.0704225 0.0853333 1.44085e-05
0 0.381365 0.884 0.0855905 0.232 1.4416e-05
0 0.432557 0.208667 0.0796316 0.268 1.44429e-05
0 0.826923 1 0.0807151 0 1.44584e-05
0 0.731582 0.214 0.0861322 0.225333 1.45333e-05
0 0.532503 0.648 0.110509 0.274667 1.45512e-05
0 0.571235 0.200667 0.166306 0.401333 1.45537e-05
0 0.961538 0.968667 0.0769231 0.0626667 1.46092e-05
0 0.181473 0.052 0.0476706 0.0746667 1.46267e-05
0 0.633532 0.154 0.0438787 0.148 1.46923e-05
0 0.35753 0.538 0.0964247 0.230667 1.46954e-05
0 0.478061 0.719333 0.0720477 0.3 1.47388e-05
0 0.0178765 0.486667 0.035753 0.109333 1.47979e-05
0 0.868364 0 0.0552546 0 1.47991e-05
0 0.409263 0.143333 0.0817985 0.286667 1.48408e-05
0 0.162514 0.964 0.148429 0.072 1.48659e-05
0 0.722644 0.526667 0.0888407 0.176 1.48734e-05
0 0.558776 0.51 0.0102925 0.0226667 1.48867e-05
0 0.755417 0.716 0.100217 0.293333 1.4901e-05
0 0.892199 0.00733333 0.0498375 0.0146667 1.4903e-05
0 0.696371 0.487333 0.0308776 0.06 1.49415e-05
0 0.558776 0.497333 0.024377 0.08 1.49973e-05
0 0.421723 0.788667 0.039545 0.334667 1.50272e-05
0 0.488624 0.924 0.0877573 0.152 1.50443e-05
0 0.0590466 0.933333 0.114843 0.133333 1.50926e-05
0 0.766251 0.208 0.153304 0.416 1.50986e-05
0 0.738353 0.145333 0.0671723 0.184 1.51198e-05
0 0.624052 0.784667 0.0552546 0.132 1.51817e-05
0 0.325569 0.998667 0.0812568 0.00266667 1.51821e-05
0 0.578277 0.826 0.0709642 0.1 1.52175e-05
0 0.0273564 0.524 0.0514626 0.146667 1.52461e-05
0 0.358072 0.0413333 0.0465872 0.0666667 1.53078e-05
0 0.0842362 0.143333 0.112134 0.273333 1.53226e-05
0 0.791983 0.211333 0.0520043 0.108 1.53996e-05
0 0.330173 0.895333 0.0222102 0.0786667 1.5412e-05
0 0.260022 0.411333 0.0758397 0.116 1.54479e-05
0 0.922264 0.421333 0.108884 0.208 1.54652e-05
0 0.861322 0.393333 0.141928 0.224 1.55348e-05
0 0.708288 0.648 0.0666305 0.152 1.55897e-05
0 0.600758 0.323333 0.0487541 0.102667 1.56122e-05
0 0.536024 0.580667 0.0590466 0.126667 1.56736e-05
0 0.315547 0.179333 0.0287107 0.0546667 1.56898e-05
0 0.542524 0.35 0.0763814 0.132 1.58374e-05
0 0.609426 0.158 0.0444204 0.137333 1.58708e-05
0 0.713164 0.217333 0.0612134 0.157333 1.58889e-05
0 0.454496 0.552667 0.0346696 0.137333 1.59711e-05
0 0.701517 0.526667 0.0509209 0.112 1.60949e-05
0 0.536836 0.28 0.0671723 0.144 1.61306e-05
0 0.387053 0.969333 0.0666305 0.0613333 1.61518e-05
0 0.989978 0.202667 0.0113759 0.125333 1.61573e-05
0 0.707747 0.584667 0.0687974 0.145333 1.62258e-05
0 0.386782 0.207333 0.106176 0.276 1.63292e-05
0 0.78792 0.246667 0.0893824 0.114667 1.63379e-05
0 0.312026 0.896 0.020585 0.0693333 1.63423e-05
0 0.861051 0.964 0.0687974 0.0453333 1.63493e-05
0 0.913055 0.212 0.144637 0.176 1.64863e-05
0 0.537378 0.216667 0.0617551 0.161333 1.65155e-05
0 0.68039 0.652 0.0422535 0.128 1.65421e-05
0 0.218039 0.086 0.0568797 0.145333 1.65504e-05
0 0.1552 0.0193333 0.052546 0.0386667 1.65525e-05
0 0.0186891 0.950667 0.0341278 0.0746667 1.66211e-05
0 0.481853 0.645333 0.06013 0.141333 1.66338e-05
0 0.47779 0.579333 0.0585049 0.124 1.66376e-05
0 0.150596 0.0293333 0.113759 0.0586667 1.67193e-05
0 0.142741 0.0806667 0.124052 0.161333 1.67202e-05
0 0.358342 0.495333 0.0514626 0.148 1.67341e-05
0 0.29442 0.893333 0.0720477 0.213333 1.67507e-05
0 0.415764 0.328667 0.0709642 0.14 1.67522e-05
0 0.644637 0.892 0.0465872 0.216 1.67682e-05
0 0.151679 1 0.0520043 0 1.6891e-05
0 0.838841 0.978667 0.1013 0.0426667 1.69135e-05
0 0.38922 0.767333 0.0568797 0.137333 1.70005e-05
0 0.222644 0.548 0.0346696 0.234667 1.7002e-05
0 0.502167 1 0.0411701 0 1.70057e-05
0 0.457746 0.896667 0.084507 0.206667 1.70585e-05
0 0.945558 0.846 0.108884 0.308 1.70987e-05
0 0.66441 0.725333 0.06013 0.12 1.71805e-05
0 0.510834 0.582667 0.063922 0.117333 1.72145e-05
0 0.15493 0.873333 0.114843 0.253333 1.72243e-05
0 0.331257 0.509333 0.0644637 0.138667 1.72359e-05
0 0.897346 1 0.0698808 0 1.725e-05
0 0.0850488 0.960667 0.150596 0.0786667 1.72832e-05
0 0.615385 0.506 0.0606717 0.142667 1.72877e-05
0 0.319339 0.999333 0.0449621 0.00133333 1.7299e-05
0 0.516793 0.634667 0.130011 0.549333 1.73047e-05
0 0.818527 0.042 0.0498375 0.068 1.7309e-05
0 0.65195 0.277333 0.130553 0.530667 1.73189e-05
0 0.209372 0.048 0.0417118 0.072 1.73291e-05
0 0.985374 0.567333 0.0292524 0.113333 1.73735e-05
0 0.225894 0.719333 0.217768 0.561333 1.74243e-05
0 0.713976 0.26 0.140845 0.52 1.74254e-05
0 0.528982 1 0.0406284 0 1.74357e-05
0 0.27844 0.62 0.0942579 0.218667 1.75077e-05
0 0.232124 0.202 0.0514626 0.166667 1.75118e-05
0 0.0330444 0.271333 0.0660888 0.212 1.75178e-05
0 0.584236 0.154 0.0471289 0.137333 1.75258e-05
0 0.313109 0.722667 0.0270856 0.0586667 1.75477e-05
0 0.483207 0.347333 0.0509209 0.129333 1.75664e-05
0 0.236728 0.0826667 0.028169 0.0853333 1.76385e-05
0 0.436349 0.988667 0.0655471 0.0226667 1.76439e-05
0 0.514085 0.302 0.177681 0.604 1.76559e-05
0 0.640574 0.584667 0.0579632 0.129333 1.77131e-05
0 0.0522752 0.888 0.10455 0.181333 1.77875e-05
0 0.374865 0.203333 0.151679 0.406667 1.77906e-05
0 0.63299 0.138667 0.0687974 0.234667 1.78866e-05
0 0.565818 0.14 0.0579632 0.149333 1.79169e-05
0 0.685807 0.511333 0.0585049 0.113333 1.79772e-05
0 0.582882 0.452667 0.124594 0.441333 1.80497e-05
0 0.510022 0.0286667 0.0590466 0.0573333 1.81099e-05
0 0.419556 0.775333 0.0362947 0.132 1.8274e-05
0 0.00839653 0.967333 0.00812568 0.0653333 1.83181e-05
0 0.247021 0.984667 0.0303359 0.0306667 1.83802e-05
0 0.352654 0.747333 0.0682557 0.316 1.8389e-05
0 0.229144 0.652 0.12351 0.394667 1.84264e-05
0 0.386241 0.926 0.101842 0.148 1.84317e-05
0 0.376761 0.675333 0.0297941 0.0626667 1.84951e-05
0 0.788732 0.505333 0.0780065 0.365333 1.85603e-05
0 0.0771939 0.157333 0.154388 0.314667 1.85675e-05
0 0.787378 0.716667 0.0752979 0.166667 1.85727e-05
0 0.407638 0.645333 0.0514626 0.0906667 1.85735e-05
0 0.894366 0.0266667 0.0704225 0.0533333 1.85964e-05
0 0.810943 0.969333 0.0303359 0.0613333 1.86876e-05
0 0.542795 0.734667 0.0801734 0.149333 1.86999e-05
0 0.616468 0.632 0.133261 0.544 1.87476e-05
0 0.262189 0.353333 0.0910076 0.250667 1.87546e-05
0 0.418202 0.0293333 0.127844 0.0586667 1.88144e-05
0 0.100488 1 0.0547129 0 1.88795e-05
0 0.943933 0 0.0536295 0 1.89031e-05
0 0.190953 0.0673333 0.0774648 0.134667 1.89724e-05
0 0.91766 0.919333 0.112676 0.161333 1.89907e-05
0 0.405742 0 0.0541712 0 1.91263e-05
0 0.50623 0.282667 0.0796316 0.232 1.91352e-05
0 0.566901 0.636667 0.13597 0.561333 1.92287e-05
0 0.389491 1 0.0790899 0 1.92364e-05
0 0.842904 0.0286667 0.0671723 0.0573333 1.92496e-05
0 0.560401 0.993333 0.0720477 0.0133333 1.93649e-05
0 0.668472 0.792 0.0595883 0.112 1.93691e-05
0 0.48727 0.957333 0.0796316 0.0853333 1.94191e-05
0 0.286295 0.560667 0.0655471 0.118667 1.94248e-05
0 0.758938 0.722667 0.0812568 0.154667 1.94494e-05
0 0.584507 0.578 0.0682557 0.150667 1.94582e-05
0 0.0444204 0.694667 0.0671723 0.250667 1.94776e-05
0 0.579902 0.518 0.0720477 0.132 1.95509e-05
0 0.682286 0.214667 0.0904659 0.232 1.95964e-05
0 0.414951 0.290667 0.171181 0.581333 1.96485e-05
0 0.377573 1 0.0465872 0 1.9675e-05
0 0.860238 0.977333 0.0476706 0.0266667 1.98147e-05
0 0.661701 1 0.0828819 0 1.98167e-05
0 0.735645 0.643333 0.0704225 0.158667 1.98677e-05
0 0.758667 0.336 0.111051 0.205333 1.99112e-05
0 0.0143554 0.939333 0.0287107 0.121333 1.99587e-05
0 0.423077 0.434 0.0660888 0.129333 1.99836e-05
0 0.416306 0.769333 0.264897 0.461333 2.00041e-05
0 0.507313 0.276 0.0514626 0.136 2.00289e-05
0 0.282232 0.0993333 0.0801734 0.198667 2.01074e-05
0 0.908451 0.814 0.0530878 0.06 2.01092e-05
0 0.785211 0.478667 0.133803 0.192 2.01281e-05
0 0.388137 0.419333 0.0687974 0.124 2.01492e-05
0 0.314464 0.111333 0.0817985 0.153333 2.01708e-05
0 0.658451 0.496667 0.119718 0.42 2.0196e-05
0 0.293879 0.158667 0.0622969 0.141333 2.01971e-05
0 0.803088 1 0.039545 0 2.02068e-05
0 0.705309 0.412 0.0552546 0.152 2.02863e-05
0 0.568527 0.640667 0.0828819 0.188 2.03115e-05
0 0.144095 0.989333 0.0758397 0.0213333 2.04208e-05
0 0.0972373 0.0213333 0.0828819 0.0426667 2.05545e-05
0 0.110238 0.702 0.127302 0.254667 2.05868e-05
0 0.757313 0.578 0.056338 0.110667 2.05912e-05
0 0.239437 0.64 0.0747562 0.224 2.06217e-05
0 0.583153 0.14 0.0742145 0.226667 2.06499e-05
0 0.0213976 0.0906667 0.0427952 0.117333 2.06571e-05
0 0.614572 0.244667 0.0731311 0.142667 2.07331e-05
0 0.555525 0.514 0.0222102 0.0306667 2.07537e-05
0 0.432015 0 0.0547129 0 2.0925e-05
0 0.161701 0.06 0.105634 0.101333 2.0961e-05
0 0.838299 0.900667 0.100217 0.198667 2.09763e-05
0 0.615655 0.579333 0.0644637 0.14 2.10877e-05
0 0.236728 0.076 0.0465872 0.117333 2.11338e-05
0 0.486186 0.271333 0.0514626 0.145333 2.11608e-05
0 0.456934 0.600667 0.0200433 0.068 2.11729e-05
0 0.494312 0.03 0.140303 0.06 2.1188e-05
0 0.504605 0.344667 0.0568797 0.124 2.12115e-05
0 0.115655 0.292 0.231311 0.584 2.12371e-05
0 0.33559 0.0626667 0.0742145 0.125333 2.13182e-05
0 0.550379 0.523333 0.0260022 0.0226667 2.14685e-05
0 0.433099 0.0433333 0.0471289 0.076 2.15315e-05
0 0.241874 0.0706667 0.0687974 0.141333 2.16914e-05
0 0.986457 0.406667 0.0260022 0.237333 2.16925e-05
0 0.921181 0.0246667 0.132719 0.0493333 2.17129e-05
0 0.619447 0.64 0.0774648 0.186667 2.17246e-05
0 0.877031 0 0.0520043 0 2.17414e-05
0 0.698267 0.906667 0.0520043 0.146667 2.17429e-05
0 0.687161 0.738 0.0709642 0.124 2.18389e-05
0 0.00514626 0.792 0.0102925 0.138667 2.18826e-05
0 0.533044 0.137333 0.0747562 0.24 2.1948e-05
0 0.588841 0.990667 0.122427 0.0186667 2.21587e-05
0 0.989707 0.881333 0.020585 0.184 2.22455e-05
0 0.423889 0.64 0.0536295 0.112 2.22945e-05
0 0.065818 0.649333 0.131636 0.368 2.23305e-05
0 0.842904 0 0.056338 0 2.23875e-05
0 0.838299 0.322667 0.146804 0.288 2.23916e-05
0 0.312026 0.576 0.0650054 0.112 2.24456e-05
0 0.247833 0.552667 0.0752979 0.158667 2.24627e-05
0 0.776002 0.999333 0.0817985 0.00133333 2.25662e-05
0 0.95558 0.597333 0.0888407 0.509333 2.261e-05
0 0.153304 0.004 0.0574215 0.008 2.26332e-05
0 0.70883 0.146 0.0980498 0.262667 2.26556e-05
0 0.317985 0.547333 0.0964247 0.222667 2.26824e-05
0 0.547671 0.523333 0.0303359 0.092 2.26868e-05
0 0.708559 0.812 0.119177 0.226667 2.27295e-05
0 0.315005 0.545333 0.0222102 0.0293333 2.27438e-05
0 0.894908 0.058 0.0931744 0.116 2.27612e-05
0 0.760563 0.546667 0.106176 0.192 2.27784e-05
0 0.180661 0.0186667 0.0492958 0.0373333 2.28008e-05
0 0.968581 0.891333 0.0487541 0.134667 2.28676e-05
0 0.383532 0.609333 0.0465872 0.114667 2.28712e-05
0 0.23429 0.406667 0.0763814 0.16 2.29555e-05
0 0.967226 0.998 0.0482123 0.004 2.30016e-05
0 0.680932 0.589333 0.0585049 0.146667 2.30132e-05
0 0.543608 0.044 0.0449621 0.0773333 2.31001e-05
0 0.986728 0.632 0.0232936 0.122667 2.32597e-05
0 0.360238 0.530667 0.146262 0.666667 2.32771e-05
0 0.756501 0.775333 0.158722 0.449333 2.33265e-05
0 0.969935 0.0446667 0.0460455 0.0466667 2.33484e-05
0 0.0265439 0.97 0.0530878 0.06 2.33654e-05
0 0.0744854 1 0.0557963 0 2.33929e-05
0 0.0343987 0.502667 0.052546 0.258667 2.34253e-05
0 0.862676 0.983333 0.0861322 0.0333333 2.34854e-05
0 0.456392 0.358667 0.0514626 0.133333 2.35136e-05
0 0.331528 0.0426667 0.0390032 0.072 2.35395e-05
0 0.235374 0.489333 0.0991333 0.224 2.36083e-05
0 0.854821 0.986 0.0465872 0.028 2.36868e-05
0 0.470206 0.0426667 0.0476706 0.072 2.37212e-05
0 0.304713 0.996667 0.0471289 0.00666667 2.37271e-05
0 0.110509 0.712667 0.193933 0.409333 2.38333e-05
0 0.0303359 0.784667 0.0606717 0.281333 2.38553e-05
0 0.407096 0.0406667 0.0460455 0.068 2.39321e-05
0 0.882178 0.953333 0.0492958 0.0666667 2.39697e-05
0 0.258667 0.215333 0.0969664 0.273333 2.3971e-05
0 0.782503 0.112 0.095883 0.224 2.41454e-05
0 0.713164 0.954667 0.0796316 0.0906667 2.41832e-05
0 0.461809 0.0306667 0.0915493 0.0613333 2.42081e-05
0 0.657909 0.597333 0.0438787 0.125333 2.43852e-05
0 0.517064 0.638 0.0763814 0.174667 2.44103e-05
0 0.653846 0.658667 0.035753 0.109333 2.46079e-05
0 0.236457 0.977333 0.0752979 0.0453333 2.46145e-05
0 0.580986 0.994667 0.039545 0.0106667 2.46777e-05
0 0.988624 0.756667 0.0227519 0.252 2.46903e-05
0 0.284128 0.956 0.0362947 0.0693333 2.48078e-05
0 0.830444 1 0.0411701 0 2.48094e-05
0 0.222914 0.048 0.0330444 0.0773333 2.49407e-05
0 0.234561 0.283333 0.0617551 0.193333 2.49913e-05
0 0.682286 0.04 0.0482123 0.056 2.50424e-05
0 0.41143 0.79 0.0178765 0.02 2.50594e-05
0 0.612947 0.779333 0.0254605 0.0333333 2.50647e-05
0 0.781419 0.0226667 0.067714 0.0453333 2.50943e-05
0 0.69935 0.474667 0.0476706 0.104 2.51742e-05
0 0.944745 0.00866667 0.0530878 0.0173333 2.5249e-05
0 0.289003 0.274 0.105634 0.292 2.53189e-05
0 0.539816 0.991333 0.105634 0.0173333 2.53539e-05
0 0.66468 0.634 0.071506 0.177333 2.55823e-05
0 0.0994041 0.418 0.137053 0.276 2.56352e-05
0 0.685807 0.832667 0.0422535 0.121333 2.56917e-05
0 0.878657 1 0.0455038 0 2.57739e-05
0 0.735103 0.477333 0.0747562 0.128 2.58257e-05
0 0.566901 0.0113333 0.0460455 0.0226667 2.59349e-05
0 0.335861 0.614667 0.0552546 0.128 2.60193e-05
0 0.0384615 0.998 0.0552546 0.004 2.60254e-05
0 0.456934 0 0.0557963 0 2.60656e-05
0 0.738082 0.998667 0.0850488 0.00266667 2.62387e-05
0 0.48429 0.101333 0.0650054 0.157333 2.63164e-05
0 0.461809 0.158 0.0796316 0.246667 2.63446e-05
0 0.755146 0.1 0.0758397 0.136 2.63622e-05
0 0.00460455 0.728 0.0092091 0.130667 2.63725e-05
0 0.733207 0.403333 0.100217 0.206667 2.65896e-05
0 0.753792 0.968 0.0438787 0.0506667 2.68633e-05
0 0.267335 0.274 0.157638 0.548 2.69132e-05
0 0.98727 0.0173333 0.0254605 0.0346667 2.69996e-05
0 0.162784 0.668 0.120802 0.24 2.70466e-05
0 0.099675 0 0.0552546 0 2.70945e-05
0 0.941224 0 0.0514626 0 2.71205e-05
0 0.543608 0.0273333 0.134886 0.0546667 2.71492e-05
0 0.57611 1 0.0438787 0 2.7226e-05
0 0.84182 0.0106667 0.0498375 0.0213333 2.72291e-05
0 0.00514626 0.852 0.0102925 0.136 2.72391e-05
0 0.00731311 0.921333 0.0146262 0.157333 2.72721e-05
0 0.113218 0.512667 0.133261 0.276 2.73229e-05
0 0.358613 0.96 0.099675 0.08 2.73277e-05
0 0.409534 0.900667 0.0422535 0.198667 2.73419e-05
0 0.0495666 1 0.0547129 0 2.7585e-05
0 0.259209 0.984667 0.0276273 0.0306667 2.75912e-05
0 0.963164 0.0493333 0.0704225 0.0986667 2.77526e-05
0 0.429577 0.558667 0.104009 0.437333 2.77932e-05
0 0.27844 0.758667 0.136511 0.482667 2.78267e-05
0 0.762459 0.0673333 0.0817985 0.134667 2.78742e-05
0 0.307963 0.407333 0.170639 0.753333 2.78803e-05
0 0.288732 0.222 0.071506 0.150667 2.79123e-05
0 0.367822 0.0633333 0.0812568 0.126667 2.79175e-05
0 0.989437 0.424 0.0092091 0.122667 2.80053e-05
0 0.323402 0.549333 0.0530878 0.0826667 2.80994e-05
0 0.76896 0.986667 0.0449621 0.0266667 2.83182e-05
0 0.307963 0.945333 0.0731311 0.106667 2.83964e-05
0 0.696912 0.953333 0.0817985 0.0933333 2.84281e-05
0 0.260022 0.221333 0.063922 0.181333 2.84414e-05
0 0.0398158 0.263333 0.0796316 0.526667 2.85179e-05
0 0.030065 0.570667 0.06013 0.192 2.85902e-05
0 0.176869 1 0.0514626 0 2.86878e-05
0 0.744854 0.0493333 0.0693391 0.088 2.88401e-05
0 0.78494 0.644667 0.111593 0.3 2.8889e-05
0 0.261918 0.360667 0.0655471 0.102667 2.91277e-05
0 0.218039 0.526 0.0362947 0.124 2.92107e-05
0 0.287378 0.988667 0.0698808 0.0226667 2.9277e-05
0 0.488353 0.0573333 0.0742145 0.114667 2.93387e-05
0 0.528982 0.85 0.0482123 0.137333 2.93599e-05
0 0.459642 0.76 0.125135 0.48 2.93846e-05
0 0.606717 0.992 0.0433369 0.016 2.94715e-05
0 0.268147 0.523333 0.105092 0.244 2.97272e-05
0 0.973727 0.481333 0.0482123 0.114667 2.97865e-05
0 0.48429 0.215333 0.0769231 0.238667 2.97929e-05
0 0.961538 0.909333 0.0769231 0.181333 2.99481e-05
0 0.0140845 0.281333 0.028169 0.208 2.99611e-05
0 0.466685 0.231333 0.193391 0.462667 3.00549e-05
0 0.443662 0.0153333 0.0476706 0.0306667 3.00709e-05
0 0.342362 0.03 0.114843 0.06 3.01223e-05
0 0.612405 0.076 0.06013 0.117333 3.03879e-05
0 0.985374 0 0.0292524 0 3.04543e-05
0 0.107801 0.174 0.183099 0.348 3.05334e-05
0 0.780065 0.00866667 0.0487541 0.0173333 3.05514e-05
0 0.556609 0.996 0.0438787 0.008 3.06281e-05
0 0.786566 0.875333 0.137595 0.249333 3.06817e-05
0 0.461268 0.992 0.102384 0.016 3.06866e-05
0 0.670098 0.98 0.063922 0.04 3.0828e-05
0 0.839653 0 0.0541712 0 3.11333e-05
0 0.380823 0 0.0541712 0 3.13572e-05
0 0.175785 0.486 0.105634 0.26 3.13813e-05
0 0.262459 0.293333 0.0698808 0.165333 3.14183e-05
0 0.640574 0.0833333 0.0633803 0.166667 3.14574e-05
0 0.637866 0.988 0.100217 0.024 3.17427e-05
0 0.324485 0.844667 0.0314193 0.118667 3.20015e-05
0 0.927411 0.797333 0.145179 0.405333 3.20977e-05
0 0.722644 0.976667 0.0487541 0.0306667 3.21806e-05
0 0.264897 0.972 0.0671723 0.056 3.23383e-05
0 0.307963 0.042 0.0362947 0.0653333 3.238e-05
0 0.593445 0.01 0.0438787 0.02 3.24515e-05
0 0.315276 0.536 0.0173348 0.0293333 3.24901e-05
0 0.480498 0.014 0.0476706 0.028 3.26714e-05
0 0.913055 0.990667 0.100217 0.0186667 3.26962e-05
0 0.264085 0.028 0.111051 0.056 3.29699e-05
0 0.647346 0.989333 0.0585049 0.0213333 3.29919e-05
0 0.639491 1 0.0417118 0 3.31134e-05
0 0.986457 0.928667 0.0270856 0.142667 3.34154e-05
0 0.2974 0.902667 0.0585049 0.106667 3.36404e-05
0 0.548212 0.487333 0.0335861 0.0893333 3.38507e-05
0 0.954225 0.255333 0.0915493 0.510667 3.39224e-05
0 0.972644 0.579333 0.0547129 0.209333 3.4237e-05
0 0.45558 0.557333 0.0173348 0.0746667 3.42624e-05
0 0.459101 0.947333 0.0774648 0.105333 3.43765e-05
0 0.00622969 0.944667 0.00812568 0.110667 3.43782e-05
0 0.481853 0 0.0557963 0 3.4396e-05
0 0.808505 0.972667 0.0492958 0.0546667 3.4526e-05
0 0.377573 0.0873333 0.0855905 0.150667 3.46367e-05
0 0.416576 0.781333 0.0162514 0.0266667 3.48433e-05
0 0.650867 0.987333 0.0222102 0.0146667 3.51875e-05
0 0.326923 0.532 0.0189599 0.0266667 3.54639e-05
0 0.753521 1 0.0444204 0 3.57929e-05
0 0.435536 0.092 0.0725894 0.184 3.5874e-05
0 0.77221 0.212667 0.0915493 0.14 3.61118e-05
0 0.316901 0.774667 0.0617551 0.362667 3.62299e-05
0 0.410618 0.609333 0.0509209 0.101333 3.628e-05
0 0.31636 0.698667 0.0184182 0.048 3.65835e-05
0 0.792524 0 0.056338 0 3.66676e-05
0 0.691224 0.87 0.144095 0.26 3.67109e-05
0 0.414139 0.0793333 0.0774648 0.134667 3.67329e-05
0 0.969122 0.15 0.0585049 0.233333 3.70047e-05
0 0.669556 0.861333 0.0346696 0.149333 3.70223e-05
0 0.767064 0 0.0552546 0 3.70423e-05
0 0.625948 1 0.0785482 0 3.70524e-05
0 0.0352113 0.598 0.0704225 0.396 3.7399e-05
0 0.587216 0.445333 0.0769231 0.168 3.74929e-05
0 0.86403 1 0.0790899 0 3.74947e-05
0 0.404388 0.0153333 0.0460455 0.0306667 3.81037e-05
0 0.622698 0.0386667 0.0438787 0.0693333 3.83142e-05
0 0.885699 0.004 0.0769231 0.008 3.83289e-05
0 0.0143554 0.892667 0.0287107 0.209333 3.85052e-05
0 0.356988 0.623333 0.0487541 0.110667 3.85595e-05
0 0.611863 0.822667 0.13922 0.354667 3.86938e-05
0 0.656284 0.503333 0.0709642 0.161333 3.87489e-05
0 0.741062 0.940667 0.0541712 0.0893333 3.87593e-05
0 0.542253 0.0133333 0.0444204 0.0266667 3.87629e-05
0 0.583694 0.0913333 0.0579632 0.132 3.88384e-05
0 0.742687 0.984 0.0476706 0.0266667 3.88439e-05
0 0.717768 0.0313333 0.112676 0.0626667 3.88678e-05
0 0.235645 0.348 0.0725894 0.157333 3.89505e-05
0 0.321235 0.774667 0.0368364 0.210667 3.90679e-05
0 0.991333 0.965333 0.00975081 0.0693333 3.9104e-05
0 0.990249 0.148 0.0162514 0.189333 3.91045e-05
0 0.127031 1 0.0547129 0 3.91059e-05
0 0.778711 1 0.0460455 0 3.91786e-05
0 0.0747562 0 0.0541712 0 3.94872e-05
0 0.0587757 0.213333 0.117551 0.328 3.95413e-05
0 0.537378 0.056 0.0725894 0.112 3.95855e-05
0 0.705038 0.838 0.052546 0.129333 3.97436e-05
0 0.125677 0 0.0552546 0 3.98518e-05
0 0.460184 0.781333 0.0763814 0.186667 3.99357e-05
0 0.905471 1 0.0492958 0 4.00056e-05
0 0.715872 1 0.0460455 0 4.01579e-05
0 0.0146262 0.154 0.0292524 0.196 4.02293e-05
0 0.00568797 0.669333 0.0113759 0.133333 4.03221e-05
0 0.521939 0.042 0.0417118 0.0813333 4.08482e-05
0 0.112134 0.0266667 0.150596 0.0533333 4.1059e-05
0 0.45558 0.572667 0.0617551 0.172 4.11003e-05
0 0.969393 0.713333 0.0612134 0.32 4.11558e-05
0 0.514085 0.0886667 0.0498375 0.124 4.11665e-05
0 0.00514626 0.992667 0.0102925 0.0146667 4.15618e-05
0 0.065818 0.992 0.0763814 0.016 4.16342e-05
0 0.986999 0.00466667 0.0195016 0.00933333 4.17964e-05
0 0.180119 0.00133333 0.0557963 0.00266667 4.20158e-05
0 0.269772 0.022 0.0476706 0.044 4.21705e-05
0 0.339924 1 0.0471289 0 4.22164e-05
0 0.615926 1 0.0455038 0 4.22554e-05
0 0.846966 0.00333333 0.0752979 0.00666667 4.24412e-05
0 0.662243 0.984667 0.0265439 0.028 4.26071e-05
0 0.00514626 0.575333 0.0102925 0.132 4.27149e-05
0 0.742958 0.0833333 0.0417118 0.0946667 4.2799e-05
0 0.324756 0.681333 0.0568797 0.224 4.28913e-05
0 0.283586 0.962667 0.0655471 0.0746667 4.29314e-05
0 0.663326 0.0313333 0.108884 0.0626667 4.30749e-05
0 0.667118 1 0.0417118 0 4.30965e-05
0 0.398158 0.052 0.0812568 0.0906667 4.32281e-05
0 0.940683 1 0.0536295 0 4.32331e-05
0 0.816089 0 0.0557963 0 4.35101e-05
0 0.763543 0.977333 0.088299 0.0453333 4.36354e-05
0 0.989437 0.458 0.0135428 0.126667 4.40954e-05
0 0.981311 0.876 0.0373781 0.248 4.42708e-05
0 0.43662 0.932667 0.0444204 0.134667 4.44975e-05
0 0.406555 0.942667 0.0807151 0.114667 4.45614e-05
0 0.257313 0.05 0.0433369 0.068 4.45817e-05
0 0.736457 0.09 0.0785482 0.18 4.46006e-05
0 0.403304 0.993333 0.107801 0.0133333 4.48601e-05
0 0.805525 0.00866667 0.0498375 0.0173333 4.4873e-05
0 0.412243 0.622 0.0379198 0.0546667 4.50619e-05
0 0.877573 0.978 0.0541712 0.044 4.52855e-05
0 0.281419 0.976 0.0341278 0.0293333 4.54014e-05
0 0.599404 0.0226667 0.0872156 0.0453333 4.54095e-05
0 0.410347 0.760667 0.0666305 0.164 4.56237e-05
0 0.679577 0 0.0547129 0 4.56252e-05
0 0.941224 0.940667 0.103467 0.116 4.56698e-05
0 0.0119177 0.776 0.0238353 0.261333 4.56886e-05
0 0.606446 0 0.0547129 0 4.59159e-05
0 0.985103 0.517333 0.0297941 0.304 4.59177e-05
0 0.982665 0.0353333 0.0346696 0.0706667 4.64295e-05
0 0.0197725 0.234 0.039545 0.334667 4.65752e-05
0 0.563109 1 0.0796316 0 4.67639e-05
0 0.54442 0 0.0552546 0 4.70138e-05
0 0.461809 0.086 0.0752979 0.148 4.70319e-05
0 0.984832 0.214 0.0303359 0.334667 4.72381e-05
0 0.985374 0.0793333 0.0249187 0.158667 4.79899e-05
0 0.295233 0.00333333 0.0520043 0.00666667 4.84073e-05
0 0.519772 0 0.0547129 0 4.85175e-05
0 0.694745 0.92 0.100217 0.16 4.86248e-05
0 0.760563 0.500667 0.0671723 0.182667 4.86906e-05
0 0.707476 0.0406667 0.0487541 0.0573333 4.90619e-05
0 0.299567 0.00866667 0.0769231 0.0173333 4.9586e-05
0 0.75325 0.0233333 0.0666305 0.0466667 5.003e-05
0 0.266793 0.524667 0.144637 0.617333 5.0119e-05
0 0.151679 1 0.0552546 0 5.02921e-05
0 0.269231 0.084 0.0747562 0.138667 5.02935e-05
0 0.361051 0.997333 0.134886 0.00533333 5.04381e-05
0 0.273294 0.983333 0.031961 0.0253333 5.06277e-05
0 0.319881 0.00133333 0.0503792 0.00266667 5.07231e-05
0 0.990791 0.136 0.00758397 0.133333 5.08191e-05
0 0.558234 0.092 0.06013 0.125333 5.11428e-05
0 0.00839653 0.0646667 0.0124594 0.129333 5.12468e-05
0 0.817172 0.012 0.0482123 0.024 5.13268e-05
0 0.533586 0.0313333 0.0606717 0.0626667 5.14404e-05
0 0.416847 0.620667 0.0178765 0.044 5.14954e-05
0 0.337757 1 0.0839653 0 5.16934e-05
0 0.0411701 0.75 0.0823402 0.5 5.17415e-05
0 0.0189599 1 0.0379198 0 5.19339e-05
0 0.757584 0.897333 0.107801 0.184 5.19768e-05
0 0.031961 0.956667 0.063922 0.0866667 5.21156e-05
0 0.41468 0.791333 0.153304 0.417333 5.21563e-05
0 0.418472 0.888 0.0947996 0.192 5.22275e-05
0 0.106988 0.844 0.173889 0.282667 5.23853e-05
0 0.971018 0.0786667 0.0579632 0.146667 5.27318e-05
0 0.99052 0.760667 0.0113759 0.129333 5.31122e-05
0 0.0111051 0.861333 0.0146262 0.250667 5.3238e-05
0 0.257042 0.00466667 0.0536295 0.00933333 5.35952e-05
0 0.316089 1 0.0460455 0 5.37477e-05
0 0.0641928 0.345333 0.128386 0.357333 5.385e-05
0 0.00650054 0.849333 0.0130011 0.253333 5.40494e-05
0 0.970477 0.0206667 0.0590466 0.0413333 5.41204e-05
0 0.352654 0.836 0.110509 0.328 5.435e-05
0 0.553629 1 0.0476706 0 5.52181e-05
0 0.811484 0.0193333 0.0942579 0.0386667 5.57826e-05
0 0.590466 0.0513333 0.084507 0.102667 5.58795e-05
0 0.631094 0 0.0541712 0 5.59088e-05
0 0.342904 0 0.0552546 0 5.61834e-05
0 0.43987 0.0366667 0.0877573 0.0733333 5.62287e-05
0 0.657909 0.0653333 0.0330444 0.112 5.63838e-05
0 0.0116468 0.024 0.0232936 0.048 5.63844e-05
0 0.757584 0.112667 0.0362947 0.126667 5.72788e-05
0 0.23429 0.0206667 0.0341278 0.0413333 5.72847e-05
0 0.552004 0.524 0.0130011 0.0293333 5.73487e-05
0 0.672264 0.0633333 0.0758397 0.121333 5.78098e-05
0 0.207205 0.0166667 0.0460455 0.0333333 5.78626e-05
0 0.964518 0.280667 0.0698808 0.329333 5.82353e-05
0 0.982936 0.508 0.0341278 0.0986667 5.90436e-05
0 0.760834 0.452 0.478332 0.904 5.92305e-05
0 0.0679848 0.00933333 0.0774648 0.0186667 5.94659e-05
0 0.85455 1 0.0482123 0 5.94888e-05
0 0.383532 0.0413333 0.0476706 0.0666667 6.01371e-05
0 0.625406 0.995333 0.0731311 0.00933333 6.01896e-05
0 0.950433 0.0173333 0.095883 0.0346667 6.03881e-05
0 0.438516 0.924 0.0980498 0.152 6.04014e-05
0 0.911701 0.874 0.0931744 0.129333 6.08537e-05
0 0.387866 0.00733333 0.084507 0.0146667 6.10351e-05
0 0.988895 0.074 0.0157096 0.0946667 6.21653e-05
0 0.534128 0.0893333 0.0530878 0.125333 6.25209e-05
0 0.086403 0.0673333 0.137053 0.134667 6.26048e-05
0 0.0314193 0.879333 0.0628386 0.241333 6.33309e-05
0 0.260293 0.994 0.0590466 0.012 6.34761e-05
0 0.216685 0.998667 0.0498375 0.00266667 6.36324e-05
0 0.987812 0.111333 0.024377 0.222667 6.42571e-05
0 0.286295 0.993333 0.0612134 0.0133333 6.44097e-05
0 0.21208 0.026 0.0807151 0.052 6.48236e-05
0 0.136511 0.731333 0.273023 0.537333 6.52921e-05
0 0.682557 0.822667 0.102925 0.354667 6.54455e-05
0 0.899242 0.0193333 0.114843 0.0386667 6.54929e-05
0 0.617822 0.992 0.0460455 0.016 6.55542e-05
0 0.343987 0.018 0.0487541 0.036 6.55823e-05
0 0.960997 1 0.0747562 0 6.57193e-05
0 0.812568 0 0.0541712 0 6.59566e-05
0 0.983207 0.996 0.0303359 0.008 6.61467e-05
0 0.519502 0.016 0.0400867 0.032 6.65235e-05
0 0.745937 0.548 0.0704225 0.0933333 6.66361e-05
0 0.830444 0.521333 0.258938 0.650667 6.67017e-05
0 0.752709 0.012 0.0503792 0.024 6.70255e-05
0 0.0100217 0.707333 0.0178765 0.265333 6.71276e-05
0 0.138678 0.995333 0.152763 0.00933333 6.71646e-05
0 0.232936 0.00133333 0.0530878 0.00266667 6.72674e-05
0 0.969393 0.461333 0.0612134 0.274667 6.74026e-05
0 0.81636 0.987333 0.0335861 0.0226667 6.78159e-05
0 0.0343987 0.151333 0.0687974 0.302667 6.79366e-05
0 0.322319 0.54 0.0140845 0.0186667 6.83465e-05
0 0.741603 0 0.056338 0 6.85694e-05
0 0.071506 0.474667 0.143012 0.261333 6.86149e-05
0 0.150867 0 0.0568797 0 6.88359e-05
0 0.568256 0 0.056338 0 6.89404e-05
0 0.864301 0.202 0.157638 0.281333 6.95456e-05
0 0.885157 0.974 0.0390032 0.0226667 7.02617e-05
0 0.0579632 0.1 0.115926 0.2 7.14639e-05
0 0.68364 0.01 0.0725894 0.02 7.1709e-05
0 0.414951 0 0.0552546 0 7.2004e-05
0 0.70585 0 0.0541712 0 7.23116e-05
0 0.250542 0.008 0.0796316 0.016 7.24601e-05
0 0.899512 0.356667 0.125135 0.18 7.24814e-05
0 0.690412 0.807333 0.0731311 0.110667 7.25866e-05
0 0.125677 1 0.0964247 0 7.26015e-05
0 0.634615 0.363333 0.0471289 0.134667 7.27095e-05
0 0.0186891 0.667333 0.0373781 0.372 7.28115e-05
0 0.0192308 0.365333 0.0384615 0.322667 7.29734e-05
0 0.207205 0 0.0557963 0 7.36599e-05
0 0.0251896 0.022 0.0503792 0.044 7.36651e-05
0 0.0192308 0.984667 0.0384615 0.0306667 7.39136e-05
0 0.618093 0.396667 0.0541712 0.102667 7.40492e-05
0 0.0371073 0.418667 0.0742145 0.384 7.40863e-05
0 0.656555 0 0.0541712 0 7.51734e-05
0 0.733749 0.982667 0.0752979 0.0346667 7.58109e-05
0 0.990249 0.569333 0.0140845 0.136 7.61232e-05
0 0.368364 0.674 0.0595883 0.18 7.68127e-05
0 0.452058 0.443333 0.1013 0.372 7.71243e-05
0 0.604009 0.87 0.101842 0.169333 7.73797e-05
0 0.643554 0.992 0.0400867 0.016 7.8458e-05
0 0.788191 0 0.0552546 0 7.89e-05
0 0.701246 0.971333 0.0590466 0.044 7.89768e-05
0 0.986728 0.640667 0.0265439 0.345333 8.00739e-05
0 0.700163 0.00466667 0.0807151 0.00933333 8.05354e-05
0 0.884886 0.964667 0.0471289 0.0306667 8.0738e-05
0 0.280607 0.994 0.0455038 0.012 8.11493e-05
0 0.439599 0 0.0557963 0 8.2001e-05
0 0.982394 0.0146667 0.0352113 0.0293333 8.20609e-05
0 0.885157 0.986667 0.0574215 0.0266667 8.22264e-05
0 0.560943 0.841333 0.141387 0.317333 8.22603e-05
0 0.176869 1 0.0547129 0 8.23628e-05
0 0.992958 0.717333 0.0140845 0.213333 8.31953e-05
0 0.731853 0.0446667 0.0520043 0.0573333 8.33521e-05
0 0.236457 0.0506667 0.031961 0.08 8.34698e-05
0 0.337216 0.753333 0.0633803 0.176 8.36498e-05
0 0.389762 0 0.0547129 0 8.3936e-05
0 0.300108 1 0.0758397 0 8.40025e-05
0 0.00785482 1 0.0157096 0 8.50084e-05
0 0.794691 0.985333 0.0465872 0.0293333 8.57928e-05
0 0.0855905 0.994 0.144095 0.012 8.59771e-05
0 0.349675 0.006 0.0839653 0.012 8.60539e-05
0 0.356717 0.662667 0.103467 0.336 8.74137e-05
0 0.42091 0.00466667 0.071506 0.00933333 8.75753e-05
0 0.291441 1 0.0465872 0 8.7694e-05
0 0.0105634 0.613333 0.0200433 0.28 8.81255e-05
0 0.489707 0 0.056338 0 8.81335e-05
0 0.571777 0.826667 0.0460455 0.0666667 8.82498e-05
0 0.539816 0 0.0557963 0 8.83276e-05
0 0.464518 0 0.0557963 0 8.86685e-05
0 0.00893824 0.111333 0.0178765 0.206667 8.89802e-05
0 0.175244 0.576 0.115385 0.248 8.96077e-05
0 0.329361 0.59 0.658722 0.82 8.96795e-05
0 0.96506 1 0.0514626 0 8.97087e-05
0 0.26571 1 0.0438787 0 8.98791e-05
0 0.00812568 0.232667 0.0140845 0.236 9.11473e-05
0 0.168472 0.0273333 0.110509 0.0546667 9.18544e-05
0 0.987541 0.048 0.0195016 0.064 9.26731e-05
0 0.344258 0.708667 0.0438787 0.0706667 9.2828e-05
0 0.364572 0 0.0552546 0 9.40765e-05
0 0.989437 0.921333 0.0124594 0.130667 9.43914e-05
0 0.483749 0.00466667 0.0736728 0.00933333 9.45983e-05
0 0.54117 0.86 0.0530878 0.088 9.4906e-05
0 0.286024 0.0273333 0.0704225 0.0546667 9.53513e-05
0 0.514355 0 0.0557963 0 9.67557e-05
0 0.991333 0.694 0.00975081 0.129333 9.68531e-05
0 0.00622969 0.392 0.0124594 0.144 9.69755e-05
0 0.763272 0 0.0552546 0 9.77299e-05
0 0.0167931 0.054 0.0335861 0.108 9.81817e-05
0 0.789545 0.98 0.0655471 0.04 9.82502e-05
0 0.554713 0.52 0.0130011 0.0186667 9.89424e-05
0 0.897346 0.878667 0.152221 0.181333 9.93677e-05
0 0.323673 0.542 0.0276273 0.0333333 9.9876e-05
0 0.992416 0.978667 0.0151679 0.0426667 0.000100187
0 0.00622969 0.514 0.0124594 0.14 0.000100497
0 0.450704 0.006 0.0899242 0.012 0.000100715
0 0.163868 1 0.0861322 0 0.000100952
0 0.546045 0.916 0.0823402 0.16 0.000102575
0 0.163868 0.01 0.103467 0.02 0.000102832
0 0.940953 0.994667 0.109426 0.0106667 0.000102854
0 0.563922 0.00466667 0.0747562 0.00933333 0.000103167
0 0.315818 0 0.0552546 0 0.000103286
0 0.310943 0.0233333 0.0704225 0.0466667 0.000103991
0 0.381094 0.0166667 0.0471289 0.0333333 0.000104023
0 0.394095 0.0166667 0.0926327 0.0333333 0.000104257
0 0.410347 0.028 0.103467 0.056 0.000106199
0 0.0200433 0.490667 0.0400867 0.304 0.000106839
0 0.370531 0.00533333 0.0704225 0.0106667 0.00010764
0 0.878115 0.238667 0.20585 0.477333 0.000107808
0 0.613759 0 0.0552546 0 0.00010804
0 0.217497 0.018 0.0915493 0.036 0.000109153
0 0.383532 0.028 0.0671723 0.056 0.000109756
0 0.00731311 0.324 0.0135428 0.242667 0.000111092
0 0.0501083 0 0.0557963 0 0.000111298
0 0.159263 0.476667 0.213434 0.406667 0.000112378
0 0.966956 0.01 0.0520043 0.02 0.000112387
0 0.975081 0.00666667 0.0498375 0.0133333 0.000112943
0 0.515439 0.5 0.881365 1 0.000113395
0 0.589112 0 0.0557963 0 0.000113789
0 0.00704225 0.537333 0.0130011 0.261333 0.000114296
0 0.316631 0.0106667 0.0828819 0.0213333 0.000115312
0 0.00650054 0.451333 0.0130011 0.14 0.00011589
0 0.236728 0.998 0.071506 0.004 0.000117037
0 0.67714 0 0.0552546 0 0.000117909
0 0.126219 0.006 0.11701 0.012 0.00011821
0 0.690683 1 0.0509209 0 0.00011947
0 0.672806 0.865333 0.0574215 0.269333 0.000121643
0 0.652492 0 0.0557963 0 0.000123034
0 0.521127 0.00533333 0.0725894 0.0106667 0.000124142
0 0.2026 1 0.0530878 0 0.000125123
0 0.714789 0.878667 0.0568797 0.16 0.000127129
0 0.0866739 1 0.0985916 0 0.000127224
0 0.826923 0.006 0.0817985 0.012 0.000127633
0 0.619718 0.012 0.0465872 0.024 0.000129201
0 0.334236 0.0173333 0.0780065 0.0346667 0.00013057
0 0.795775 0.032 0.100758 0.064 0.000132089
0 0.242687 0.996 0.0444204 0.008 0.000132285
0 0.210726 0.418667 0.421452 0.837333 0.000132441
0 0.487541 0.0186667 0.106176 0.0373333 0.000134337
0 0.844529 0.0466667 0.101842 0.0933333 0.000135204
0 0.989707 0.513333 0.0162514 0.117333 0.000135826
0 0.991333 0.044 0.0173348 0.088 0.000137486
0 0.564193 0 0.0557963 0 0.000138437
0 0.189328 0.996667 0.130553 0.00666667 0.000138808
0 0.291441 0 0.0552546 0 0.000139443
0 0.174702 0.718 0.349404 0.564 0.000140652
0 0.321777 0.532667 0.0173348 0.0386667 0.000140664
0 0.436078 0.539333 0.0552546 0.169333 0.000141606
0 0.240249 1 0.0449621 0 0.00014408
0 0.738895 0 0.056338 0 0.000144342
0 0.0276273 1 0.0530878 0 0.000144673
0 0.293608 0.0233333 0.0422535 0.0466667 0.000144951
0 0.339924 0 0.0557963 0 0.000150197
0 0.246479 0.0286667 0.0379198 0.0546667 0.000151161
0 0.263814 0.0106667 0.0866739 0.0213333 0.000152643
0 0.249187 1 0.071506 0 0.000153595
0 0.71506 0 0.056338 0 0.000154655
0 0.0379198 0.0666667 0.0758397 0.133333 0.000154906
0 0.0403575 0.99 0.0807151 0.02 0.000155152
0 0.950704 0.00133333 0.0866739 0.00266667 0.000155464
0 0.25325 0 0.0557963 0 0.000155797
0 0.698808 0.996 0.084507 0.008 0.000155937
0 0.716143 0.986 0.0487541 0.0253333 0.000156148
0 0.720206 0.0693333 0.0763814 0.109333 0.000156754
0 0.662784 0.006 0.0807151 0.012 0.000157038
0 0.890574 0.01 0.130011 0.02 0.000157885
0 0.970748 0.00133333 0.0585049 0.00266667 0.000161106
0 0.346425 0.879333 0.0742145 0.148 0.000163255
0 0.368093 0.0193333 0.0969664 0.0386667 0.000165254
0 0.613489 0.00266667 0.088299 0.00533333 0.00016606
0 0.260563 0.028 0.0790899 0.056 0.000166792
0 0.731853 0.964 0.0682557 0.0533333 0.000167787
0 0.744312 0.006 0.0747562 0.012 0.00017184
0 0.0295233 0.014 0.0557963 0.028 0.00017405
0 0.189599 0 0.056338 0 0.000178112
0 0.319339 0.0233333 0.0330444 0.0466667 0.000178339
0 0.992145 0.629333 0.0124594 0.226667 0.000180815
0 0.73727 0.006 0.0866739 0.012 0.000181297
0 0.98104 0.997333 0.0379198 0.00533333 0.000184739
0 0.319339 0.883333 0.0341278 0.174667 0.000192029
0 0.661159 0.986 0.0471289 0.0173333 0.000194699
0 0.0576923 0.0386667 0.108884 0.0773333 0.000195876
0 0.988353 0.988667 0.0113759 0.0226667 0.00019674
0 0.625135 0.0246667 0.0801734 0.0493333 0.000196786
0 0.989707 0.0333333 0.00975081 0.0666667 0.000199476
0 0.43662 0 0.141928 0 0.00020143
0 0.945287 0.0106667 0.0975081 0.0213333 0.00020347
0 0.0880282 0.00133333 0.150054 0.00266667 0.000203638
0 0.0111051 0.397333 0.0178765 0.261333 0.00020634
0 0.0866739 0.014 0.125677 0.028 0.000206567
0 0.96506 0 0.0547129 0 0.000207715
0 0.228332 0 0.0557963 0 0.000208904
0 0.82611 0.854 0.238353 0.292 0.00020965
0 0.616468 0.0186667 0.0975081 0.0373333 0.000209913
0 0.536295 0.0173333 0.099675 0.0346667 0.000210449
0 0.717768 0.0126667 0.0899242 0.0253333 0.000212166
0 0.827736 0.907333 0.191766 0.185333 0.000213999
0 0.664139 0.014 0.0834236 0.028 0.00021541
0 0.653846 0.5 0.692308 1 0.000219034
0 0.788191 0.00533333 0.0964247 0.0106667 0.000221063
0 0.913055 0.00133333 0.106717 0.00266667 0.000228518
0 0.980498 1 0.0390032 0 0.000234324
0 0.926056 1 0.095883 0 0.000235587
0 0.838841 0.0173333 0.13597 0.0346667 0.000236291
0 0.388137 0 0.125135 0 0.000237029
0 0.671181 0.978667 0.0422535 0.024 0.000239963
0 0.989166 1 0.0184182 0 0.000246675
0 0.660888 0.476667 0.6013 0.953333 0.000246978
0 0.729957 0.0166667 0.0536295 0.0333333 0.000247435
0 0.0116468 0.488667 0.0200433 0.268 0.00024935
0 0.758397 0.0133333 0.102925 0.0266667 0.000250401
0 0.70558 0.0173333 0.0492958 0.0346667 0.000253443
0 0.682286 0.0206667 0.0947996 0.0413333 0.000253952
0 0.993229 0.08 0.0135428 0.16 0.000257581
0 0.787649 0.324667 0.424702 0.649333 0.000259093
0 0.961809 0.014 0.0763814 0.028 0.00026026
0 0.648429 0.044 0.0606717 0.0773333 0.00026355
0 0.022481 0.002 0.0449621 0.004 0.000265538
0 0.326652 0.687333 0.0390032 0.0813333 0.000271214
0 0.61403 0.392667 0.0980498 0.284 0.000280429
0 0.16468 0 0.157096 0 0.000281545
0 0.289003 0 0.105634 0 0.000291801
0 0.913055 0 0.158722 0 0.00029444
0 0.509751 0 0.149512 0 0.000297539
0 0.940412 0.881333 0.119177 0.232 0.00030408
0 0.200163 0.006 0.095883 0.012 0.000310224
0 0.660618 0.992 0.0362947 0.016 0.000316785
0 0.367822 0.672667 0.0487541 0.0893333 0.000319585
0 0.687161 0.864 0.0612134 0.194667 0.000320547
0 0.564464 0.0253333 0.0812568 0.0506667 0.000322021
0 0.643824 0.0193333 0.0850488 0.0386667 0.000323852
0 0.786836 0 0.159805 0 0.000326879
0 0.212351 1 0.084507 0 0.000332763
0 0.339653 0 0.112676 0 0.000333536
0 0.645179 0.018 0.0455038 0.036 0.000337223
0 0.65818 0.99 0.0303359 0.0146667 0.000353324
0 0.66766 0.988667 0.0254605 0.0146667 0.000357735
0 0.962351 0 0.0557963 0 0.000363574
0 0.685807 0 0.111593 0 0.000366263
0 0.991874 0.08 0.00758397 0.125333 0.000372974
0 0.236728 0.002 0.0985916 0.004 0.00037647
0 0.757042 0.686 0.485915 0.628 0.000388344
0 0.324756 0.709333 0.0113759 0.032 0.000409298
0 0.321506 0.714667 0.0200433 0.04 0.000412174
0 0.723185 0.0246667 0.0823402 0.0493333 0.000413924
0 0.636241 0 0.121885 0 0.000493109
0 0.956934 0 0.0861322 0 0.00049731
0 0.589112 0.00933333 0.10455 0.0186667 0.000508482
0 0.709372 0.986 0.067714 0.028 0.000553746
0 0.738353 0 0.128927 0 0.00056456
0 0.730769 0.936 0.100758 0.122667 0.000579237
0 0.0373781 0.00666667 0.0747562 0.0133333 0.000606056
0 0.586674 0 0.144095 0 0.000634683
0 0.525731 0.557333 0.783857 0.885333 0.000699621
0 0.682557 0.990667 0.0509209 0.0186667 0.000730475
0 0.665493 0.0193333 0.0460455 0.036 0.000746905
0 0.421181 0.459333 0.618093 0.918667 0.00098938
0 0.156013 0.51 0.283857 0.7 0.00103123
0 0.687432 0.99 0.0790899 0.02 0.0010441
0 0.448537 0.519333 0.0325027 0.121333 0.00123031
0 0.657909 0.0286667 0.0557963 0.0573333 0.0014219
0 0.287378 0.5 0.574756 1 0.00149022
0 0.445558 0.477333 0.067714 0.24 0.00150033
0 0.344529 0.686 0.0606717 0.142667 0.00154508
0 0.80688 0.983333 0.031961 0.0226667 0.00163488
0 0.905742 0.832667 0.0790899 0.0786667 0.00168332
0 0.328277 0.703333 0.0303359 0.0466667 0.00221044
0 0.321235 0.879333 0.0270856 0.092 0.00345338
0 0.717768 0.760667 0.293608 0.478667 0.00369555
0 0.569881 0.676 0.333694 0.648 0.00883107
0 0.620802 0.390667 0.303359 0.781333 0.0128245
0 0.563109 0.849333 0.103467 0.176 0.0294651
0 0.351571 0.682667 0.0411701 0.0693333 0.0367588
0 0.718581 0.886 0.109967 0.214667 0.166607
0 0.443933 0.477333 0.0352113 0.173333 0.454378
0 0.554171 0.838667 0.0801734 0.101333 0.900235
0 0.614572 0.36 0.0731311 0.157333 0.90138
