0 0.458288 0.714 0.0823402 0.148 1.03098e-05
0 0.765168 0 0.0514626 0 1.03331e-05
0 0.558505 0.274667 0.0801734 0.317333 1.03714e-05
0 0.333965 0.974667 0.0362947 0.0506667 1.03852e-05
0 0.812026 0.382 0.071506 0.169333 1.04336e-05
0 0.541712 0.961333 0.0866739 0.0773333 1.0444e-05
0 0.119718 0.962 0.136511 0.076 1.05272e-05
0 0.678765 0.710667 0.0465872 0.122667 1.05484e-05
0 0.378657 0.522667 0.0520043 0.12 1.05508e-05
0 0.0170639 0.23 0.0341278 0.142667 1.05911e-05
0 0.382449 0.144 0.119177 0.266667 1.06352e-05
0 0.207746 0.086 0.0265439 0.0973333 1.06482e-05
0 0.790087 0.0346667 0.0937161 0.0693333 1.06528e-05
0 0.856988 0.943333 0.0411701 0.076 1.06623e-05
0 0.731311 0.638667 0.0216685 0.0613333 1.06653e-05
0 0.446641 0.586 0.0709642 0.156 1.06785e-05
0 0.371885 0.170667 0.0752979 0.133333 1.07392e-05
0 0.656555 0.590667 0.0530878 0.130667 1.07711e-05
0 0.867281 0.777333 0.0985916 0.138667 1.07752e-05
0 0.246208 0.891333 0.039545 0.126667 1.07978e-05
0 0.868093 0.926667 0.0438787 0.0906667 1.08179e-05
0 0.519231 0.118667 0.0330444 0.04 1.08297e-05
0 0.0566089 0.274 0.0904659 0.302667 1.08336e-05
0 0.718581 0.336 0.0287107 0.072 1.08376e-05
0 0.57611 0.376 0.0341278 0.0586667 1.08384e-05
0 0.865926 0.722667 0.0817985 0.133333 1.09453e-05
0 0.780065 0.558 0.0270856 0.0466667 1.09518e-05
0 0.0641928 0.941333 0.105634 0.117333 1.09601e-05
0 0.332882 0.95 0.039545 0.1 1.09684e-05
0 0.793066 0.581333 0.0303359 0.056 1.09788e-05
0 0.755959 0.792667 0.052546 0.14 1.0995e-05
0 0.717226 0.742667 0.145179 0.514667 1.1004e-05
0 0.839382 0 0.0557963 0 1.10057e-05
0 0.758126 0.0786667 0.0850488 0.157333 1.10166e-05
0 0.468852 0.0413333 0.0460455 0.0586667 1.10208e-05
0 0.533586 0.84 0.056338 0.168 1.10704e-05
0 0.505417 0.922 0.0433369 0.132 1.10768e-05
0 0.715872 0.639333 0.0785482 0.185333 1.10938e-05
0 0.93039 0.946 0.0417118 0.0626667 1.11358e-05
0 0.337216 0.0486667 0.106717 0.0973333 1.11834e-05
0 0.969935 0.0613333 0.0460455 0.0773333 1.11888e-05
0 0.658992 0.688667 0.0330444 0.116 1.11968e-05
0 0.185265 0.0826667 0.0444204 0.104 1.12047e-05
0 0.25948 0.926 0.0747562 0.148 1.12059e-05
0 0.256501 0.444 0.0547129 0.112 1.12409e-05
0 0.0343987 0.377333 0.052546 0.301333 1.12494e-05
0 0.355905 0.991333 0.0444204 0.0173333 1.12518e-05
0 0.178765 0.190667 0.167931 0.381333 1.12618e-05
0 0.552275 0.647333 0.0807151 0.294667 1.12803e-05
0 0.833424 0.764 0.0265439 0.0586667 1.12976e-05
0 0.223185 0.825333 0.231853 0.349333 1.13059e-05
0 0.564464 0.286 0.0877573 0.137333 1.13795e-05
0 0.345883 0.971333 0.0330444 0.0573333 1.13807e-05
0 0.587486 0.258 0.0222102 0.0573333 1.13943e-05
0 0.779252 0.966 0.0384615 0.068 1.14089e-05
0 0.599133 0.0193333 0.063922 0.0386667 1.14196e-05
0 0.0744854 0.002 0.0557963 0.004 1.14258e-05
0 0.278982 0.551333 0.0530878 0.142667 1.14699e-05
0 0.723998 0.394667 0.0536295 0.261333 1.14902e-05
0 0.892199 0.995333 0.0465872 0.00933333 1.15052e-05
0 0.60428 0 0.0503792 0 1.15178e-05
0 0.385157 0.659333 0.0444204 0.126667 1.15897e-05
0 0.844258 0.992667 0.0406284 0.0146667 1.15996e-05
0 0.66468 0.166 0.152763 0.332 1.16236e-05
0 0.20558 0.288 0.0287107 0.154667 1.16336e-05
0 0.821506 0.414667 0.0352113 0.08 1.16475e-05
0 0.23429 0.944667 0.0362947 0.0626667 1.16765e-05
0 0.711538 0.99 0.0644637 0.02 1.17583e-05
0 0.44935 0.948667 0.0352113 0.0866667 1.177e-05
0 0.582611 0.71 0.0915493 0.26 1.17868e-05
0 0.946371 0.83 0.0249187 0.0626667 1.18461e-05
0 0.409805 0.520667 0.0709642 0.158667 1.18731e-05
0 0.519502 0.981333 0.0292524 0.0373333 1.18799e-05
0 0.434453 0.418 0.2026 0.084 1.18806e-05
0 0.181744 0.936667 0.0492958 0.0733333 1.18988e-05
0 0.41143 0.346 0.273564 0.692 1.19312e-05
0 0.658992 0.912667 0.0687974 0.174667 1.19417e-05
0 0.814193 0 0.0530878 0 1.19527e-05
0 0.192037 0.932 0.0687974 0.136 1.1966e-05
0 0.0265439 0.49 0.0530878 0.153333 1.19693e-05
0 0.940412 0.607333 0.0173348 0.0493333 1.1979e-05
0 0.886782 0.568 0.0801734 0.28 1.19809e-05
0 0.985374 0.6 0.0292524 0.0986667 1.19833e-05
0 0.655742 0.086 0.06013 0.172 1.20718e-05
0 0.239707 0.972 0.0926327 0.056 1.20803e-05
0 0.935807 0.0293333 0.102384 0.0586667 1.21078e-05
0 0.981582 0.113333 0.0346696 0.106667 1.21129e-05
0 0.918202 0.652667 0.084507 0.150667 1.21313e-05
0 0.689599 0.774 0.0671723 0.145333 1.21383e-05
0 0.381907 0.114667 0.0509209 0.0746667 1.21507e-05
0 0.0292524 0.0666667 0.0498375 0.106667 1.22913e-05
0 0.127031 0.00466667 0.0557963 0.00933333 1.2292e-05
0 0.719122 0.785333 0.0763814 0.194667 1.23143e-05
0 0.72481 0.972 0.020585 0.056 1.24054e-05
0 0.582882 0.796 0.0509209 0.157333 1.24499e-05
0 0.349133 0.988667 0.0752979 0.0226667 1.24571e-05
0 0.734561 0.584 0.0855905 0.232 1.24788e-05
0 0.8987 0.0286667 0.111593 0.0573333 1.2494e-05
0 0.532232 0.982667 0.0308776 0.0346667 1.25079e-05
0 0.482665 0.517333 0.0704225 0.12 1.25489e-05
0 0.0991333 0.387333 0.133261 0.273333 1.25564e-05
0 0.137595 0.024 0.102925 0.048 1.25671e-05
0 0.932828 0.828 0.0325027 0.0613333 1.2594e-05
0 0.73402 1 0.0520043 0 1.26036e-05
0 0.552275 0.835333 0.0763814 0.276 1.26278e-05
0 0.215872 0.268667 0.0200433 0.132 1.27019e-05
0 0.0547129 0.146 0.109426 0.292 1.27207e-05
0 0.606176 0.53 0.0552546 0.206667 1.27293e-05
0 0.391116 0.281333 0.173348 0.245333 1.28005e-05
0 0.841278 0.404 0.0249187 0.096 1.28335e-05
0 0.786295 0.636667 0.0872156 0.233333 1.28392e-05
0 0.385699 0.489333 0.0747562 0.176 1.29535e-05
0 0.691224 0.134667 0.0433369 0.269333 1.29622e-05
0 0.617822 0.228 0.147887 0.456 1.29693e-05
0 0.942308 0.592667 0.0287107 0.0546667 1.29764e-05
0 0.648158 0.366667 0.0157096 0.0426667 1.29887e-05
0 0.31338 0.794667 0.0926327 0.253333 1.30077e-05
0 0.848592 0.006 0.0817985 0.012 1.30685e-05
0 0.268689 0.944667 0.0455038 0.0813333 1.30776e-05
0 0.568797 0.901333 0.0942579 0.192 1.30836e-05
0 0.705309 0.113333 0.0249187 0.048 1.30886e-05
0 0.587216 0.466 0.0487541 0.174667 1.31238e-05
0 0.41441 0.528 0.182015 0.144 1.31399e-05
0 0.56338 0.735333 0.153846 0.529333 1.31901e-05
0 0.815276 0.643333 0.159263 0.697333 1.32127e-05
0 0.284399 0.975333 0.0335861 0.0466667 1.32788e-05
0 0.389491 0.404667 0.0552546 0.102667 1.33148e-05
0 0.243499 0.0866667 0.0384615 0.114667 1.33433e-05
0 0.711268 0.79 0.0455038 0.132 1.33448e-05
0 0.0186891 0.287333 0.0373781 0.145333 1.33771e-05
0 0.540628 0.127333 0.0260022 0.036 1.33877e-05
0 0.73727 0.710667 0.0650054 0.146667 1.34176e-05
0 0.666035 0.014 0.0287107 0.028 1.34732e-05
0 0.602384 0.448 0.0552546 0.272 1.34744e-05
0 0.212351 0.276667 0.028169 0.241333 1.34953e-05
0 0.830173 0.992667 0.039545 0.0146667 1.35103e-05
0 0.508126 0.016 0.0411701 0.032 1.36016e-05
0 0.820152 0.371333 0.0260022 0.0333333 1.36087e-05
0 0.208288 0.236 0.0211268 0.138667 1.3652e-05
0 0.198808 0.0266667 0.0758397 0.0533333 1.36638e-05
0 0.65818 0.268667 0.0216685 0.0706667 1.36733e-05
0 0.435265 0.934667 0.095883 0.130667 1.36844e-05
0 0.520314 0.0206667 0.039545 0.0413333 1.36881e-05
0 0.906013 0.892667 0.103467 0.214667 1.37236e-05
0 0.940141 0.904667 0.0752979 0.121333 1.37278e-05
0 0.862134 0.512 0.0785482 0.277333 1.37384e-05
0 0.555796 0.004 0.0520043 0.008 1.37437e-05
0 0.194745 0.182 0.0633803 0.364 1.37839e-05
0 0.381365 0.152 0.0487541 0.0933333 1.38034e-05
0 0.335049 0.48 0.112134 0.378667 1.38982e-05
0 0.271398 0.22 0.15493 0.44 1.39216e-05
0 0.133803 0.838 0.112676 0.324 1.40359e-05
0 0.318527 0.931333 0.0444204 0.121333 1.40581e-05
0 0.319068 0.975333 0.0368364 0.0493333 1.41129e-05
0 0.247833 0.645333 0.0622969 0.192 1.4139e-05
0 0.720477 0.640667 0.0195016 0.06 1.41472e-05
0 0.426598 0.43 0.052546 0.076 1.41478e-05
0 0.478332 0.609333 0.0422535 0.0933333 1.41976e-05
0 0.577736 0.996667 0.0492958 0.00666667 1.42362e-05
0 0.395179 0.08 0.0492958 0.056 1.42649e-05
0 0.728061 0 0.0509209 0 1.4293e-05
0 0.86701 0.991333 0.0471289 0.0173333 1.42981e-05
0 0.23727 0.872667 0.0855905 0.254667 1.43701e-05
0 0.321777 0.299333 0.0866739 0.166667 1.44594e-05
0 0.588299 0.719333 0.0693391 0.150667 1.44813e-05
0 0.375677 0.0513333 0.0980498 0.0946667 1.44887e-05
0 0.830173 0.652667 0.088299 0.225333 1.44935e-05
0 0.319881 0.518667 0.052546 0.128 1.45206e-05
0 0.571777 0.117333 0.0861322 0.16 1.45538e-05
0 0.327736 0.837333 0.159263 0.325333 1.45607e-05
0 0.812297 0.793333 0.185807 0.413333 1.45743e-05
0 0.247562 0.939333 0.0509209 0.1 1.45922e-05
0 0.232665 0.964667 0.0514626 0.068 1.45953e-05
0 0.142741 0.944 0.0449621 0.0826667 1.46014e-05
0 0.654659 0.996 0.0460455 0.008 1.46061e-05
0 0.788732 0.779333 0.0801734 0.145333 1.46264e-05
0 0.147075 0.698667 0.0904659 0.205333 1.46916e-05
0 0.0966956 0.633333 0.114301 0.250667 1.47463e-05
0 0.602925 0.447333 0.035753 0.142667 1.48208e-05
0 0.729415 0.648 0.0417118 0.114667 1.48261e-05
0 0.691224 0 0.0498375 0 1.48407e-05
0 0.895991 0.74 0.0888407 0.184 1.4845e-05
0 0.902492 0 0.0541712 0 1.48629e-05
0 0.314464 0.526667 0.181473 0.685333 1.49503e-05
0 0.193662 0.0193333 0.0438787 0.0386667 1.49578e-05
0 0.169285 0.528 0.0547129 0.109333 1.49675e-05
0 0.799567 0.372667 0.0368364 0.068 1.50265e-05
0 0.661159 0.028 0.024377 0.0346667 1.50406e-05
0 0.534128 0.0706667 0.0823402 0.141333 1.51024e-05
0 0.807692 0.240667 0.0682557 0.174667 1.51211e-05
0 0.94312 0.00266667 0.0552546 0.00533333 1.5125e-05
0 0.710997 0.706 0.0655471 0.14 1.51581e-05
0 0.931744 0.992667 0.0444204 0.0146667 1.51935e-05
0 0.949621 0.986667 0.0650054 0.0266667 1.52219e-05
0 0.921993 0.573333 0.0823402 0.149333 1.52708e-05
0 0.583965 0.0253333 0.0422535 0.0506667 1.52984e-05
0 0.63922 0.542 0.0747562 0.236 1.53606e-05
0 0.449079 0.979333 0.0303359 0.0306667 1.53749e-05
0 0.309588 0.406 0.148971 0.193333 1.53933e-05
0 0.392741 0.756667 0.0725894 0.244 1.54286e-05
0 0.757313 0.104 0.0769231 0.141333 1.54418e-05
0 0.568256 0.530667 0.0834236 0.216 1.54916e-05
0 0.280065 0.0433333 0.0509209 0.0573333 1.55373e-05
0 0.837486 0.593333 0.071506 0.138667 1.55512e-05
0 0.260293 0.883333 0.0449621 0.150667 1.56449e-05
0 0.608613 0.771333 0.0720477 0.14 1.57046e-05
0 0.406555 0.373333 0.0557963 0.146667 1.57374e-05
0 0.120531 0.166 0.241062 0.332 1.57899e-05
0 0.738082 0.462 0.0579632 0.137333 1.58217e-05
0 0.266793 0.337333 0.0774648 0.168 1.58339e-05
0 0.218581 0.968 0.0471289 0.032 1.58358e-05
0 0.751083 0.221333 0.132719 0.442667 1.58414e-05
0 0.877302 0 0.0547129 0 1.58736e-05
0 0.986728 0.170667 0.024377 0.130667 1.61338e-05
0 0.77546 0.536 0.0687974 0.216 1.6135e-05
0 0.73402 0.786667 0.0606717 0.128 1.61389e-05
0 0.770856 0.265333 0.028169 0.0613333 1.61651e-05
0 0.736999 0.032 0.0785482 0.064 1.62766e-05
0 0.817985 0.992 0.0400867 0.016 1.62854e-05
0 0.719935 0.993333 0.0335861 0.0133333 1.63588e-05
0 0.297942 0.986667 0.0595883 0.0266667 1.6367e-05
0 0.607801 0.831333 0.110509 0.26 1.64074e-05
0 0.850758 0.374667 0.0265439 0.0586667 1.6412e-05
0 0.460997 0.548 0.0660888 0.146667 1.64561e-05
0 0.976977 0.0386667 0.0460455 0.0773333 1.65155e-05
0 0.11403 0.6 0.217226 0.376 1.65436e-05
0 0.533044 0.962667 0.0671723 0.0746667 1.65517e-05
0 0.821235 0.908667 0.0379198 0.0626667 1.65588e-05
0 0.657096 0.27 0.0758397 0.278667 1.65833e-05
0 0.384886 0.572667 0.0590466 0.145333 1.66044e-05
0 0.231582 0.275333 0.137053 0.550667 1.66061e-05
0 0.647887 0.385333 0.0249187 0.0693333 1.68198e-05
0 0.864301 0.898 0.119718 0.204 1.68892e-05
0 0.587486 0.988667 0.0872156 0.0226667 1.68923e-05
0 0.798483 0.985333 0.0541712 0.0293333 1.69353e-05
0 0.23402 0.969333 0.0411701 0.0266667 1.69952e-05
0 0.356176 0.00933333 0.0492958 0.0186667 1.70001e-05
0 0.761918 0.0366667 0.0817985 0.0733333 1.70043e-05
0 0.113218 0.078 0.15493 0.156 1.70641e-05
0 0.707205 0.534 0.0872156 0.292 1.70758e-05
0 0.471289 1 0.0530878 0 1.70826e-05
0 0.837486 0.735333 0.0476706 0.161333 1.70872e-05
0 0.709372 0.527333 0.163055 0.697333 1.71714e-05
0 0.666306 0.704667 0.147346 0.537333 1.71788e-05
0 0.763001 0.706667 0.0698808 0.157333 1.71876e-05
0 0.187161 0.0713333 0.0937161 0.142667 1.71982e-05
0 0.902221 0.486 0.0742145 0.1 1.72519e-05
0 0.494041 0.432667 0.0422535 0.14 1.72823e-05
0 0.31338 0.472 0.126219 0.162667 1.73991e-05
0 0.764355 0.795333 0.0834236 0.204 1.7445e-05
0 0.16441 0.962667 0.120802 0.0746667 1.74617e-05
0 0.431473 0.344 0.0666305 0.157333 1.75043e-05
0 0.385428 0.279333 0.152221 0.550667 1.75265e-05
0 0.865926 0.468667 0.0720477 0.126667 1.75318e-05
0 0.485374 0.589333 0.0216685 0.106667 1.7565e-05
0 0.346425 0.945333 0.0362947 0.0986667 1.76841e-05
0 0.761376 0.64 0.0666305 0.136 1.77757e-05
0 0.817714 0.784 0.0763814 0.138667 1.78172e-05
0 0.804171 0.601333 0.0633803 0.109333 1.78174e-05
0 0.61078 0.190667 0.0492958 0.133333 1.78487e-05
0 0.924973 0.826 0.150054 0.348 1.78872e-05
0 0.19312 0.582667 0.115385 0.501333 1.78938e-05
0 0.0289816 0.032 0.0514626 0.064 1.80027e-05
0 0.232124 0.522 0.0427952 0.113333 1.81401e-05
0 0.659534 0.148 0.0807151 0.296 1.81643e-05
0 0.687161 0.336 0.0731311 0.269333 1.82787e-05
0 0.87649 0.795333 0.176598 0.409333 1.82995e-05
0 0.865114 0.584 0.0650054 0.162667 1.83306e-05
0 0.210997 0.287333 0.052546 0.409333 1.86326e-05
0 0.988624 0.494667 0.0227519 0.096 1.87715e-05
0 0.223456 0.696667 0.0460455 0.18 1.88268e-05
0 0.788462 0.653333 0.0547129 0.130667 1.90905e-05
0 0.637595 0.991333 0.115926 0.0173333 1.91165e-05
0 0.61078 0.904667 0.106717 0.126667 1.9133e-05
0 0.473727 0.828 0.159805 0.344 1.91466e-05
0 0.597779 0.231333 0.0222102 0.044 1.91569e-05
0 0.787378 0.981333 0.0698808 0.0373333 1.91863e-05
0 0.63299 0.0113333 0.0438787 0.0226667 1.92327e-05
0 0.957205 0.842667 0.0855905 0.314667 1.92665e-05
0 0.60428 0.517333 0.088299 0.306667 1.93691e-05
0 0.656013 0.833333 0.0975081 0.248 1.93817e-05
0 0.546045 0.723333 0.0455038 0.254667 1.95096e-05
0 0.609155 0.301333 0.0352113 0.0853333 1.96443e-05
0 0.490249 0.934667 0.0249187 0.0933333 1.96768e-05
0 0.561484 0.0106667 0.0807151 0.0213333 1.97145e-05
0 0.945829 0.991333 0.0400867 0.0173333 1.97422e-05
0 0.955038 0.408667 0.0899242 0.502667 1.97565e-05
0 0.706663 0.996 0.0417118 0.008 1.98708e-05
0 0.0235645 0.277333 0.0362947 0.250667 1.99383e-05
0 0.00812568 0.958667 0.00758397 0.0826667 1.9974e-05
0 0.546858 0.784667 0.0308776 0.142667 2.00289e-05
0 0.762188 0.973333 0.0671723 0.0533333 2.00477e-05
0 0.98727 0.0133333 0.024377 0.0266667 2.00886e-05
0 0.893283 0.92 0.0411701 0.08 2.01169e-05
0 0.729957 0.125333 0.0482123 0.250667 2.0126e-05
0 0.561484 0.0306667 0.1013 0.0613333 2.01478e-05
0 0.739978 0.225333 0.0335861 0.0693333 2.01497e-05
0 0.264085 0.216 0.106717 0.208 2.01511e-05
0 0.709913 0.4 0.0373781 0.096 2.01698e-05
0 0.45883 0.0433333 0.0866739 0.076 2.02161e-05
0 0.790628 0.376667 0.0536295 0.332 2.02375e-05
0 0.483207 0.452 0.0736728 0.0906667 2.03451e-05
0 0.789816 0.708667 0.0682557 0.148 2.04717e-05
0 0.399242 0.343333 0.0942579 0.236 2.05289e-05
0 0.706392 0.084 0.0574215 0.168 2.05492e-05
0 0.456663 0.986667 0.0379198 0.0266667 2.05658e-05
0 0.657367 0.464 0.128386 0.341333 2.05983e-05
0 0.20558 0.938 0.0492958 0.0706667 2.06263e-05
0 0.459101 0.066 0.0796316 0.132 2.08702e-05
0 0.68039 0.898 0.0790899 0.201333 2.08747e-05
0 0.0314193 0.625333 0.0422535 0.290667 2.09149e-05
0 0.952058 0.616667 0.0471289 0.0733333 2.09468e-05
0 0.686891 0.104667 0.0162514 0.0546667 2.09547e-05
0 0.0682557 0.346 0.136511 0.428 2.09666e-05
0 0.709372 0.393333 0.0232936 0.0586667 2.0974e-05
0 0.41468 0.778667 0.192308 0.442667 2.10059e-05
0 0.687432 0.386 0.0520043 0.0813333 2.10321e-05
0 0.0452329 0.97 0.0904659 0.06 2.10343e-05
0 0.681203 0.952667 0.0622969 0.092 2.10404e-05
0 0.310672 0.919333 0.0796316 0.161333 2.10461e-05
0 0.564735 0.451333 0.0817985 0.166667 2.10588e-05
0 0.671452 0.942667 0.0276273 0.0933333 2.10927e-05
0 0.207746 0.0553333 0.031961 0.0786667 2.11034e-05
0 0.839653 0.991333 0.0834236 0.0173333 2.11217e-05
0 0.0195016 0.350667 0.0390032 0.138667 2.11932e-05
0 0.310672 0.576 0.0991333 0.376 2.12569e-05
0 0.692308 0.198667 0.11701 0.397333 2.13677e-05
0 0.672264 0.963333 0.0314193 0.0413333 2.15762e-05
0 0.97481 0.9 0.0341278 0.096 2.15846e-05
0 0.768147 0.986667 0.0368364 0.0266667 2.16211e-05
0 0.40818 0.885333 0.0796316 0.149333 2.16377e-05
0 0.985645 0.824 0.0265439 0.0933333 2.16389e-05
0 0.712893 0.461333 0.0552546 0.136 2.16871e-05
0 0.384886 0.423333 0.0904659 0.174667 2.17077e-05
0 0.663868 0.234667 0.0709642 0.112 2.18271e-05
0 0.315276 0.0906667 0.147346 0.141333 2.18744e-05
0 0.330986 0.00933333 0.0487541 0.0186667 2.19039e-05
0 0.381636 0.0113333 0.0503792 0.0226667 2.19113e-05
0 0.612405 0.0386667 0.0828819 0.0773333 2.19172e-05
0 0.839653 0.522 0.0736728 0.145333 2.19687e-05
0 0.760563 0.557333 0.0238353 0.0346667 2.19783e-05
0 0.653846 0.360667 0.0465872 0.1 2.20104e-05
0 0.815547 0.0173333 0.0752979 0.0346667 2.20872e-05
0 0.787649 0.00733333 0.0650054 0.0146667 2.21363e-05
0 0.215601 0.207333 0.0162514 0.126667 2.2147e-05
0 0.71831 0.897333 0.0595883 0.205333 2.23171e-05
0 0.767064 0.322 0.0693391 0.308 2.23659e-05
0 0.574485 0.357333 0.0731311 0.28 2.24149e-05
0 0.31338 0.530667 0.0763814 0.205333 2.24738e-05
0 0.46208 0.504 0.104009 0.306667 2.25104e-05
0 0.530607 0 0.052546 0 2.27144e-05
0 0.111863 1 0.052546 0 2.27264e-05
0 0.830986 0.440667 0.0693391 0.262667 2.27671e-05
0 0.868364 0.520667 0.0736728 0.129333 2.27963e-05
0 0.406284 0.1 0.0942579 0.2 2.29678e-05
0 0.194204 0.0606667 0.0384615 0.0866667 2.31369e-05
0 0.833694 0.66 0.0671723 0.12 2.31461e-05
0 0.314464 0.076 0.1013 0.152 2.32753e-05
0 0.282774 0.443333 0.0899242 0.188 2.33398e-05
0 0.368906 0.967333 0.0411701 0.06 2.33632e-05
0 0.175785 0.749333 0.25623 0.501333 2.34447e-05
0 0.864301 0.985333 0.0742145 0.0293333 2.35055e-05
0 0.661972 0.472667 0.0855905 0.182667 2.35359e-05
0 0.568797 0.526 0.185265 0.830667 2.35621e-05
0 0.902221 0.782 0.0449621 0.1 2.35707e-05
0 0.546858 0.990667 0.0655471 0.0186667 2.35965e-05
0 0.720477 0.410667 0.0227519 0.056 2.36915e-05
0 0.780065 0.989333 0.035753 0.0213333 2.37164e-05
0 0.732394 0.0426667 0.0660888 0.0853333 2.38748e-05
0 0.0528169 0.582 0.105634 0.273333 2.40687e-05
0 0.63299 0.894 0.114301 0.212 2.41526e-05
0 0.621885 0.76 0.218852 0.48 2.41676e-05
0 0.804171 0.971333 0.0417118 0.0573333 2.42866e-05
0 0.725352 0.394667 0.0444204 0.106667 2.43277e-05
0 0.606988 0.0146667 0.0417118 0.0293333 2.43618e-05
0 0.153034 0.00133333 0.0557963 0.00266667 2.43826e-05
0 0.950433 0.729333 0.0991333 0.530667 2.44168e-05
0 0.403575 0.856 0.109426 0.288 2.45729e-05
0 0.622698 0.0766667 0.0341278 0.0546667 2.46e-05
0 0.978061 0.507333 0.0352113 0.0973333 2.46187e-05
0 0.983478 0.0593333 0.0308776 0.118667 2.46632e-05
0 0.665764 0.148667 0.071506 0.153333 2.46937e-05
0 0.692308 0.994 0.0444204 0.012 2.49456e-05
0 0.741333 0.979333 0.0622969 0.0413333 2.49904e-05
0 0.200163 0.454667 0.0265439 0.197333 2.50135e-05
0 0.797671 0.374667 0.0189599 0.0533333 2.50427e-05
0 0.525731 0.985333 0.06013 0.0293333 2.52405e-05
0 0.482124 0.926667 0.0509209 0.101333 2.53537e-05
0 0.192579 0.408 0.0904659 0.176 2.53674e-05
0 0.431473 0.546 0.0731311 0.142667 2.53935e-05
0 0.809047 0.526667 0.0612134 0.149333 2.54672e-05
0 0.247021 0.95 0.0325027 0.068 2.54842e-05
0 0.733207 0.988667 0.0276273 0.0226667 2.54936e-05
0 0.68662 0.036 0.0720477 0.072 2.55269e-05
0 0.842633 0.03 0.0861322 0.06 2.55825e-05
0 0.711538 0.544 0.0622969 0.149333 2.55968e-05
0 0.545233 0.733333 0.0276273 0.12 2.56262e-05
0 0.0861322 1 0.0530878 0 2.56883e-05
0 0.74052 0.548 0.0606717 0.112 2.58268e-05
0 0.844258 0.396 0.0406284 0.242667 2.584e-05
0 0.578548 0 0.0530878 0 2.59251e-05
0 0.329632 0.994667 0.0460455 0.0106667 2.59733e-05
0 0.783857 0.352667 0.0249187 0.076 2.60157e-05
0 0.678765 0.09 0.0422535 0.18 2.60778e-05
0 0.144366 0.986667 0.0742145 0.0266667 2.62205e-05
0 0.187161 0.88 0.106717 0.24 2.63028e-05
0 0.0858613 0.06 0.114301 0.0986667 2.65823e-05
0 0.317443 0.216 0.149512 0.218667 2.66422e-05
0 0.668472 0.696667 0.0769231 0.206667 2.68311e-05
0 0.590737 0.349333 0.0276273 0.0506667 2.68995e-05
0 0.920368 0.158667 0.159263 0.317333 2.69622e-05
0 0.210997 0.939333 0.0861322 0.0893333 2.70378e-05
0 0.728602 0.37 0.028169 0.06 2.72283e-05
0 0.23402 0.426 0.109426 0.278667 2.72515e-05
0 0.739437 0.598667 0.0552546 0.114667 2.74238e-05
0 0.0980498 0.513333 0.12351 0.242667 2.7485e-05
0 0.807421 0.702 0.0828819 0.214667 2.75037e-05
0 0.419556 0.99 0.0709642 0.02 2.75841e-05
0 0.512459 0.0266667 0.111593 0.0533333 2.76516e-05
0 0.0560672 0.155333 0.112134 0.310667 2.77318e-05
0 0.644366 0.014 0.0341278 0.028 2.78295e-05
0 0.0877573 0.223333 0.175515 0.366667 2.79156e-05
0 0.402763 0.997333 0.0503792 0.00533333 2.79671e-05
0 0.702871 0.222 0.0297941 0.068 2.79836e-05
0 0.298212 0.974667 0.0352113 0.0506667 2.80154e-05
0 0.304442 0.00866667 0.0487541 0.0173333 2.80436e-05
0 0.666306 0.369333 0.0736728 0.149333 2.81208e-05
0 0.331257 0.939333 0.0774648 0.121333 2.82797e-05
0 0.417118 0.478667 0.19935 0.130667 2.85432e-05
0 0.208288 0.0213333 0.0362947 0.0426667 2.86466e-05
0 0.655742 0.378667 0.0113759 0.0426667 2.87536e-05
0 0.366739 0.0673333 0.0877573 0.134667 2.88179e-05
0 0.0173348 0.66 0.0346696 0.136 2.88618e-05
0 0.268689 0.369333 0.0541712 0.101333 2.88893e-05
0 0.94935 0.62 0.031961 0.0453333 2.89281e-05
0 0.834236 0.26 0.160347 0.52 2.91254e-05
0 0.0866739 0.032 0.119177 0.064 2.91662e-05
0 0.0167931 0.0853333 0.0335861 0.136 2.91789e-05
0 0.335861 0.987333 0.0736728 0.0253333 2.91885e-05
0 0.786836 0.284 0.0265439 0.064 2.92489e-05
0 0.601029 1 0.0796316 0 2.93112e-05
0 0.228061 0.140667 0.0249187 0.126667 2.93756e-05
0 0.285211 0.102 0.109967 0.204 2.9413e-05
0 0.629198 0.064 0.0774648 0.128 2.95228e-05
0 0.825298 0.928667 0.0492958 0.124 2.96774e-05
0 0.192037 0.470667 0.126219 0.232 2.96927e-05
0 0.366468 0 0.0568797 0 2.97067e-05
0 0.985645 0.4 0.0211268 0.237333 2.97781e-05
0 0.49675 0.952667 0.0725894 0.0946667 2.97786e-05
0 0.756771 0.200667 0.0216685 0.0733333 2.98241e-05
0 0.554984 0.996 0.0460455 0.008 3.0062e-05
0 0.419014 0.71 0.0872156 0.134667 3.00849e-05
0 0.712622 0.155333 0.0297941 0.0626667 3.01885e-05
0 0.812839 0.7 0.0612134 0.128 3.02749e-05
0 0.634345 1 0.0693391 0 3.02834e-05
0 0.776544 1 0.0655471 0 3.04389e-05
0 0.685536 0.991333 0.0861322 0.0173333 3.04713e-05
0 0.619989 0.150667 0.0709642 0.162667 3.05535e-05
0 0.313922 0.776667 0.138137 0.446667 3.06614e-05
0 0.696641 0.388 0.020585 0.0586667 3.06704e-05
0 0.685807 0.384 0.0270856 0.0586667 3.0925e-05
0 0.0869447 0.974 0.134886 0.052 3.11156e-05
0 0.168472 0.0613333 0.0953413 0.122667 3.12335e-05
0 0.952329 0.174667 0.0953413 0.349333 3.12641e-05
0 0.755959 0.194667 0.0384615 0.106667 3.14954e-05
0 0.832611 0.405333 0.0270856 0.08 3.16435e-05
0 0.324485 0.994667 0.0747562 0.0106667 3.17232e-05
0 0.26571 0.296667 0.120802 0.190667 3.17576e-05
0 0.621343 0.508 0.131094 0.565333 3.18639e-05
0 0.137595 1 0.0530878 0 3.1874e-05
0 0.281419 0.993333 0.0417118 0.0133333 3.1907e-05
0 0.756771 0.872 0.0931744 0.16 3.19755e-05
0 0.0184182 0.596667 0.0368364 0.137333 3.19979e-05
0 0.0549837 0.088 0.1013 0.170667 3.20203e-05
0 0.757313 0.461333 0.0769231 0.250667 3.21531e-05
0 0.980498 0.026 0.0379198 0.0493333 3.22211e-05
0 0.234561 0.704 0.0476706 0.122667 3.22506e-05
0 0.571506 0.404667 0.0790899 0.108 3.22628e-05
0 0.690412 0.0946667 0.0308776 0.104 3.23042e-05
0 0.654117 0.382 0.0222102 0.0466667 3.24422e-05
0 0.193662 0.426667 0.0482123 0.128 3.24621e-05
0 0.71533 0.31 0.130553 0.494667 3.25665e-05
0 0.282774 0.943333 0.084507 0.113333 3.25896e-05
0 0.272752 0.0453333 0.0817985 0.08 3.26032e-05
0 0.0170639 0.85 0.0341278 0.153333 3.26058e-05
0 0.659263 0.277333 0.0671723 0.12 3.26099e-05
0 0.897075 0.716667 0.0390032 0.0466667 3.26766e-05
0 0.970748 0.418667 0.0465872 0.2 3.27105e-05
0 0.720477 0.922667 0.0444204 0.122667 3.28173e-05
0 0.793337 0.378 0.0330444 0.124 3.31782e-05
0 0.950163 1 0.0650054 0 3.35573e-05
0 0.16143 0.610667 0.102925 0.208 3.36082e-05
0 0.210997 0.168667 0.0308776 0.153333 3.37497e-05
0 0.751083 1 0.06013 0 3.37938e-05
0 0.841549 0 0.124052 0 3.39623e-05
0 0.792524 0.991333 0.0390032 0.0173333 3.3971e-05
0 0.277627 0.876 0.0807151 0.194667 3.40505e-05
0 0.163597 0.998667 0.0520043 0.00266667 3.41879e-05
0 0.788732 0.466667 0.056338 0.149333 3.42186e-05
0 0.488082 1 0.0595883 0 3.43919e-05
0 0.504875 0 0.0530878 0 3.44753e-05
0 0.655471 0.369333 0.020585 0.0293333 3.45268e-05
0 0.0406284 0.642 0.0812568 0.657333 3.46948e-05
0 0.416576 0.500667 0.119177 0.326667 3.49223e-05
0 0.762188 0.394667 0.063922 0.138667 3.49769e-05
0 0.807421 0.37 0.0254605 0.0413333 3.50347e-05
0 0.630823 0.364667 0.0330444 0.0546667 3.51231e-05
0 0.213164 0.965333 0.1013 0.0693333 3.52012e-05
0 0.520856 0.993333 0.0417118 0.0133333 3.52369e-05
0 0.654117 0.378667 0.00704225 0.024 3.5329e-05
0 0.808776 0.91 0.0693391 0.18 3.56653e-05
0 0.514085 1 0.0574215 0 3.56754e-05
0 0.0346696 0.250667 0.0693391 0.501333 3.57685e-05
0 0.950163 0.972667 0.0325027 0.0413333 3.58854e-05
0 0.584236 0.997333 0.121885 0.00533333 3.59159e-05
0 0.957476 0.231333 0.0633803 0.310667 3.59344e-05
0 0.277086 0.827333 0.130553 0.345333 3.60737e-05
0 0.989707 0.452 0.020585 0.122667 3.62473e-05
0 0.0200433 0.0793333 0.0400867 0.158667 3.62553e-05
0 0.941766 0 0.0547129 0 3.627e-05
0 0.744854 0.182667 0.0704225 0.157333 3.6342e-05
0 0.705309 0.120667 0.0400867 0.241333 3.65417e-05
0 0.0622969 1 0.0541712 0 3.65529e-05
0 0.891928 0.5 0.0330444 0.04 3.65746e-05
0 0.30688 0.283333 0.184724 0.566667 3.66781e-05
0 0.761376 0 0.0731311 0 3.68233e-05
0 0.655471 0.0446667 0.0476706 0.0893333 3.69731e-05
0 0.441224 0.992667 0.0438787 0.0146667 3.69925e-05
0 0.676327 0.036 0.0200433 0.032 3.69946e-05
0 0.380823 0.946667 0.0801734 0.106667 3.73379e-05
0 0.910076 0.946667 0.0790899 0.0693333 3.74716e-05
0 0.390845 0.092 0.0915493 0.122667 3.75336e-05
0 0.672264 0.0413333 0.00541712 0.024 3.75939e-05
0 0.379469 0.702 0.0503792 0.113333 3.78721e-05
0 0.777898 0.245333 0.0606717 0.12 3.80957e-05
0 0.328277 0 0.056338 0 3.8198e-05
0 0.617822 0.062 0.0622969 0.0973333 3.87325e-05
0 0.597779 0.0526667 0.052546 0.0653333 3.87352e-05
0 0.395991 0.0486667 0.0509209 0.0573333 3.87362e-05
0 0.0284399 0.146 0.0471289 0.241333 3.89041e-05
0 0.603196 1 0.0503792 0 3.92361e-05
0 0.809588 0.658 0.0568797 0.113333 3.92807e-05
0 0.329632 0.564667 0.0612134 0.161333 3.93049e-05
0 0.979686 0.728667 0.0189599 0.0786667 3.95184e-05
0 0.744854 0.987333 0.0335861 0.0253333 3.95893e-05
0 0.772481 0.586667 0.0509209 0.0853333 3.96195e-05
0 0.712622 1 0.0622969 0 3.96631e-05
0 0.269772 0.026 0.122427 0.052 3.96785e-05
0 0.88922 0.918667 0.095883 0.12 3.97691e-05
0 0.985103 0 0.0297941 0 3.99932e-05
0 0.591549 0.242667 0.0130011 0.0373333 4.00262e-05
0 0.621614 0.355333 0.0536295 0.204 4.01182e-05
0 0.641928 0.0466667 0.0325027 0.064 4.01445e-05
0 0.990249 0.036 0.0195016 0.072 4.03848e-05
0 0.173889 0.545333 0.0899242 0.216 4.04323e-05
0 0.242687 0.0493333 0.0422535 0.0666667 4.06577e-05
0 0.480228 0.0106667 0.0471289 0.0213333 4.08029e-05
0 0.764085 0.470667 0.0568797 0.136 4.08033e-05
0 0.986728 0.774667 0.0178765 0.088 4.08696e-05
0 0.303088 0 0.0557963 0 4.0933e-05
0 0.971289 0.620667 0.0422535 0.084 4.0947e-05
0 0.729957 1 0.0341278 0 4.13236e-05
0 0.762188 0.558667 0.0520043 0.08 4.13923e-05
0 0.96506 0.09 0.0698808 0.18 4.14366e-05
0 0.967497 0.004 0.0541712 0.008 4.16201e-05
0 0.969393 0.336667 0.0612134 0.356 4.16768e-05
0 0.77844 0.549333 0.0530878 0.106667 4.16866e-05
0 0.512459 0.988667 0.071506 0.0226667 4.17217e-05
0 0.349404 0.0206667 0.102925 0.0413333 4.17328e-05
0 0.111593 1 0.056338 0 4.18682e-05
0 0.408451 0.425333 0.0747562 0.117333 4.19227e-05
0 0.976165 0.00266667 0.0476706 0.00533333 4.19437e-05
0 0.890303 0.991333 0.100217 0.0173333 4.21203e-05
0 0.893824 0.026 0.099675 0.052 4.22336e-05
0 0.0739437 1 0.0568797 0 4.23595e-05
0 0.628927 1 0.0498375 0 4.23695e-05
0 0.0189599 0.536667 0.0379198 0.132 4.24791e-05
0 0.624052 0.48 0.0780065 0.202667 4.25859e-05
0 0.468852 0.434667 0.0547129 0.16 4.27124e-05
0 0.886241 0.0166667 0.108342 0.0333333 4.29256e-05
0 0.72779 0.324667 0.0579632 0.137333 4.3e-05
0 0.83857 1 0.0671723 0 4.31225e-05
0 0.98104 0.279333 0.0314193 0.249333 4.32302e-05
0 0.430119 0.996667 0.0465872 0.00666667 4.33159e-05
0 0.230498 0.0633333 0.0568797 0.126667 4.35931e-05
0 0.721831 0.134667 0.0276273 0.0613333 4.40734e-05
0 0.453684 1 0.0417118 0 4.41494e-05
0 0.952058 0.62 0.0698808 0.136 4.44749e-05
0 0.189328 0.487333 0.0503792 0.196 4.45043e-05
0 0.94935 0.959333 0.0612134 0.0813333 4.45234e-05
0 0.306338 0.993333 0.0449621 0.0133333 4.4599e-05
0 0.80688 0.946 0.0471289 0.092 4.46486e-05
0 0.463164 0.518 0.373781 0.950667 4.47019e-05
0 0.470477 0.983333 0.0384615 0.0333333 4.47203e-05
0 0.538191 0.0306667 0.0817985 0.0613333 4.48579e-05
0 0.39247 0 0.0579632 0 4.48652e-05
0 0.361863 0.914 0.071506 0.172 4.5254e-05
0 0.562839 0.0393333 0.0942579 0.0786667 4.53923e-05
0 0.690412 0.351333 0.0644637 0.110667 4.55789e-05
0 0.66468 0.084 0.0465872 0.114667 4.57443e-05
0 0.211809 0.142 0.0195016 0.126667 4.6107e-05
0 0.362676 1 0.0817985 0 4.61088e-05
0 0.872698 0.949333 0.0910076 0.08 4.62033e-05
0 0.755688 1 0.035753 0 4.6255e-05
0 0.194475 0.981333 0.0704225 0.0373333 4.62572e-05
0 0.0138137 0.00666667 0.0276273 0.0133333 4.63042e-05
0 0.260834 0.0913333 0.0763814 0.148 4.64989e-05
0 0.22481 0.220667 0.0509209 0.308 4.66858e-05
0 0.387595 0.0226667 0.102384 0.0453333 4.68021e-05
0 0.241874 0.364 0.0666305 0.189333 4.69024e-05
0 0.608613 0.414667 0.031961 0.0906667 4.70627e-05
0 0.0888407 0.06 0.140845 0.12 4.71761e-05
0 0.813651 1 0.0660888 0 4.75572e-05
0 0.00622969 0.0633333 0.0113759 0.126667 4.75866e-05
0 0.511918 0.0246667 0.071506 0.0493333 4.78924e-05
0 0.617551 0.386 0.035753 0.0866667 4.79319e-05
0 0.930119 1 0.0433369 0 4.82037e-05
0 0.189328 0.997333 0.052546 0.00533333 4.86149e-05
0 0.801463 0.289333 0.0200433 0.0506667 4.89045e-05
0 0.768147 1 0.0379198 0 4.8978e-05
0 0.748646 0.223333 0.0270856 0.0413333 4.90031e-05
0 0.980498 0.166 0.0346696 0.228 4.91885e-05
0 0.760834 0.272 0.0644637 0.117333 4.92489e-05
0 0.706663 0.0506667 0.0373781 0.101333 4.93007e-05
0 0.387324 0.996 0.0855905 0.008 4.94275e-05
0 0.585049 0.00933333 0.063922 0.0186667 4.9663e-05
0 0.95585 1 0.0406284 0 4.97609e-05
0 0.948537 0.944667 0.0910076 0.110667 4.97636e-05
0 0.746479 0.97 0.0368364 0.06 4.99247e-05
0 0.743229 1 0.0335861 0 5.0169e-05
0 0.988082 0.104667 0.0238353 0.172 5.01881e-05
0 0.216685 0.406667 0.0292524 0.106667 5.02184e-05
0 0.436891 0.996 0.0839653 0.008 5.04078e-05
0 0.232936 0.582 0.0444204 0.124 5.04445e-05
0 0.0341278 0.504667 0.0509209 0.284 5.07553e-05
0 0.426869 1 0.0509209 0 5.11712e-05
0 0.818527 0.445333 0.0606717 0.162667 5.13344e-05
0 0.663597 1 0.0790899 0 5.13351e-05
0 0.00595883 0.23 0.0119177 0.161333 5.13498e-05
0 0.770043 0.328667 0.0460455 0.118667 5.13572e-05
0 0.892199 1 0.0465872 0 5.13813e-05
0 0.352925 1 0.0471289 0 5.13824e-05
0 0.286836 0.292 0.134886 0.322667 5.18438e-05
0 0.248375 0.742 0.0590466 0.172 5.19285e-05
0 0.00866739 0.786 0.0173348 0.156 5.25008e-05
0 0.0598592 0.468667 0.119718 0.3 5.26225e-05
0 0.843716 0.358667 0.0406284 0.0986667 5.26663e-05
0 0.751083 0.232667 0.0406284 0.1 5.28352e-05
0 0.292795 0.356 0.0947996 0.165333 5.35522e-05
0 0.913326 1 0.0823402 0 5.36401e-05
0 0.654388 1 0.0487541 0 5.49286e-05
0 0.888949 0.492 0.0184182 0.0293333 5.50353e-05
0 0.030065 0.956667 0.06013 0.0866667 5.54481e-05
0 0.721018 0.389333 0.0270856 0.0613333 5.58298e-05
0 0.629198 0.266667 0.0308776 0.0746667 5.60843e-05
0 0.53169 0.996 0.0449621 0.008 5.62707e-05
0 0.735915 0 0.0687974 0 5.67572e-05
0 0.363218 0 0.0557963 0 5.67662e-05
0 0.288462 0.992 0.0926327 0.016 5.72621e-05
0 0.494854 0.962 0.039545 0.076 5.72877e-05
0 0.73104 0.124 0.0297941 0.117333 5.73293e-05
0 0.479957 1 0.0335861 0 5.78044e-05
0 0.417118 0 0.0574215 0 5.78971e-05
0 0.577194 1 0.0503792 0 5.80677e-05
0 0.0184182 0.174 0.0368364 0.337333 5.80821e-05
0 0.67091 0.04 0.0102925 0.0426667 5.83552e-05
0 0.704767 1 0.0422535 0 5.90095e-05
0 0.257584 0.965333 0.0568797 0.064 5.90809e-05
0 0.339924 0.510667 0.0731311 0.173333 5.9166e-05
0 0.890033 0.241333 0.141928 0.245333 5.93442e-05
0 0.0121885 0.936667 0.0135428 0.126667 6.09139e-05
0 0.00947996 0.320667 0.0189599 0.156 6.10663e-05
0 0.401679 1 0.052546 0 6.11439e-05
0 0.978873 0.702667 0.0270856 0.0933333 6.12117e-05
0 0.0398158 1 0.0547129 0 6.21602e-05
0 0.111593 0 0.0552546 0 6.2244e-05
0 0.608884 0.233333 0.0292524 0.0586667 6.2258e-05
0 0.68987 0.082 0.0178765 0.0466667 6.24874e-05
0 0.261918 0.991333 0.0742145 0.0173333 6.26743e-05
0 0.307421 0.948667 0.0384615 0.102667 6.27918e-05
0 0.3039 1 0.0476706 0 6.3063e-05
0 0.105363 0.996667 0.0785482 0.00666667 6.34941e-05
0 0.553359 0 0.0547129 0 6.39548e-05
0 0.370802 0.00333333 0.0774648 0.00666667 6.41665e-05
0 0.719393 0.274667 0.0368364 0.088 6.4457e-05
0 0.711538 0.002 0.067714 0.004 6.4494e-05
0 0.429848 0 0.0568797 0 6.45113e-05
0 0.504875 1 0.035753 0 6.50718e-05
0 0.380011 0.995333 0.0503792 0.00933333 6.50764e-05
0 0.0858613 0 0.0547129 0 6.53412e-05
0 0.659805 0.00666667 0.0628386 0.0133333 6.53629e-05
0 0.948267 0.014 0.0980498 0.028 6.54648e-05
0 0.964518 0.960667 0.0482123 0.0626667 6.60709e-05
0 0.414139 0 0.0557963 0 6.62788e-05
0 0.986457 0.218 0.0270856 0.238667 6.63381e-05
0 0.680119 1 0.0471289 0 6.63547e-05
0 0.137866 1 0.0557963 0 6.63751e-05
0 0.760834 0.852 0.127302 0.296 6.6498e-05
0 0.00731311 0.686667 0.0146262 0.154667 6.65729e-05
0 0.426869 0 0.0552546 0 6.66933e-05
0 0.257313 0.968667 0.0433369 0.036 6.68042e-05
0 0.442037 0.0393333 0.0509209 0.0493333 6.69076e-05
0 0.0148971 0.0546667 0.0297941 0.109333 6.73704e-05
0 0.766793 0.958 0.0482123 0.0813333 6.73914e-05
0 0.966685 0.782 0.0536295 0.134667 6.74903e-05
0 0.892199 0.270667 0.12351 0.541333 6.76287e-05
0 0.0235645 0.887333 0.0427952 0.198667 6.81405e-05
0 0.00514626 0.111333 0.0102925 0.158667 6.85424e-05
0 0.229686 0.086 0.0227519 0.129333 6.92586e-05
0 0.43662 1 0.0866739 0 6.93959e-05
0 0.8039 1 0.0400867 0 6.96676e-05
0 0.891116 0.00333333 0.137595 0.00666667 6.96938e-05
0 0.310943 0.0193333 0.105092 0.0386667 6.99956e-05
0 0.701246 0.0986667 0.0157096 0.0426667 7.05095e-05
0 0.0184182 0.854667 0.0184182 0.253333 7.05449e-05
0 0.696641 0.202 0.0574215 0.148 7.10501e-05
0 0.00758397 0.846 0.0151679 0.158667 7.12263e-05
0 0.38922 0 0.0557963 0 7.12538e-05
0 0.93364 0.0286667 0.107801 0.0573333 7.16364e-05
0 0.466414 0.976 0.0725894 0.048 7.19145e-05
0 0.679577 0.0506667 0.0276273 0.0906667 7.25861e-05
0 0.504605 0.987333 0.0297941 0.0253333 7.31634e-05
0 0.485645 0.981333 0.039545 0.0373333 7.34202e-05
0 0.611322 0.036 0.0557963 0.072 7.36011e-05
0 0.11403 0.454667 0.209642 0.36 7.38945e-05
0 0.278169 0.012 0.0536295 0.024 7.41063e-05
0 0.219393 0 0.0498375 0 7.42122e-05
0 0.235915 0.995333 0.0850488 0.00933333 7.42728e-05
0 0.479957 0 0.0552546 0 7.43951e-05
0 0.635428 0.014 0.0574215 0.028 7.46051e-05
0 0.776544 0.918667 0.0926327 0.162667 7.47405e-05
0 0.866468 1 0.0471289 0 7.4769e-05
0 0.0162514 0.912667 0.0314193 0.124 7.51311e-05
0 0.279523 1 0.0444204 0 7.57077e-05
0 0.0373781 0.064 0.0747562 0.128 7.60168e-05
0 0.0877573 0.868667 0.119177 0.249333 7.60292e-05
0 0.0712351 0.784 0.14247 0.432 7.61473e-05
0 0.455038 0.0113333 0.0509209 0.0226667 7.62959e-05
0 0.875406 1 0.0780065 0 7.63763e-05
0 0.780336 0.578 0.0373781 0.0466667 7.64657e-05
0 0.0222102 0.716667 0.0444204 0.292 7.67685e-05
0 0.277898 0.526 0.111593 0.18 7.68331e-05
0 0.977519 0.672667 0.0341278 0.102667 7.72248e-05
0 0.842091 1 0.0427952 0 7.72336e-05
0 0.957205 0.736 0.0617551 0.168 7.75124e-05
0 0.216685 0.115333 0.0487541 0.230667 7.79386e-05
0 0.186078 0.576 0.372156 0.848 7.7968e-05
0 0.979415 0.215333 0.0411701 0.42 7.81744e-05
0 0.454767 0 0.0568797 0 7.82759e-05
0 0.393283 0.143333 0.0877573 0.126667 7.86224e-05
0 0.277356 0 0.056338 0 7.8739e-05
0 0.216414 0.513333 0.0276273 0.12 7.97476e-05
0 0.163597 1 0.0552546 0 8.0292e-05
0 0.686349 0.00533333 0.0650054 0.0106667 8.04305e-05
0 0.647887 0.5 0.704225 1 8.09697e-05
0 0.325569 1 0.0758397 0 8.11637e-05
0 0.235915 0.43 0.0471289 0.0946667 8.14016e-05
0 0.7026 0.256667 0.0390032 0.132 8.15383e-05
0 0.472914 0.0206667 0.0910076 0.0413333 8.18508e-05
0 0.115385 0.0186667 0.115926 0.0373333 8.20269e-05
0 0.579632 0.376667 0.0498375 0.0893333 8.26363e-05
0 0.32584 0 0.0557963 0 8.28982e-05
0 0.433369 0.489333 0.0790899 0.146667 8.30052e-05
0 0.973456 0.495333 0.0530878 0.14 8.30546e-05
0 0.984561 0.397333 0.0308776 0.330667 8.30615e-05
0 0.255146 0.991333 0.0476706 0.0173333 8.31673e-05
0 0.0111051 0.152667 0.0167931 0.252 8.34072e-05
0 0.26273 1 0.0725894 0 8.3612e-05
0 0.658992 0.642 0.0514626 0.158667 8.45486e-05
0 0.406284 0.0126667 0.0530878 0.0253333 8.4644e-05
0 0.462893 0.951333 0.039545 0.0813333 8.48247e-05
0 0.137053 0 0.0552546 0 8.48681e-05
0 0.942579 0.988667 0.0823402 0.0226667 8.5945e-05
0 0.213705 0.995333 0.0514626 0.00933333 8.64145e-05
0 0.516793 0.431333 0.902492 0.862667 8.64239e-05
0 0.736728 0.949333 0.0314193 0.101333 8.66428e-05
0 0.79442 0.300667 0.0341278 0.206667 8.70961e-05
0 0.528169 0 0.0541712 0 8.90662e-05
0 0.0501083 1 0.0557963 0 8.9158e-05
0 0.203684 0.362667 0.0249187 0.194667 8.94411e-05
0 0.698267 0.102667 0.00433369 0.032 9.03808e-05
0 0.431744 0.401333 0.0834236 0.12 9.0612e-05
0 0.726436 0.946 0.0216685 0.0973333 9.08153e-05
0 0.216685 0.518 0.223185 0.654667 9.10904e-05
0 0.988082 0.0593333 0.0173348 0.102667 9.13334e-05
0 0.960184 0.987333 0.0384615 0.0253333 9.14215e-05
0 0.328007 1 0.0482123 0 9.1733e-05
0 0.022481 0.986667 0.0449621 0.0266667 9.31519e-05
0 0.502438 0 0.0547129 0 9.40586e-05
0 0.219664 0.122 0.0157096 0.116 9.41898e-05
0 0.786836 0.318 0.0254605 0.0626667 9.51022e-05
0 0.209372 0.419333 0.0406284 0.161333 9.58451e-05
0 0.274919 0.394 0.127302 0.297333 9.66205e-05
0 0.379198 1 0.0509209 0 9.71136e-05
0 0.189057 1 0.0541712 0 9.84417e-05
0 0.611863 0.0126667 0.0752979 0.0253333 9.87102e-05
0 0.452058 0 0.0547129 0 9.89027e-05
0 0.823402 0.376667 0.0422535 0.0946667 9.99576e-05
0 0.253521 1 0.0476706 0 0.000100695
0 0.208017 0.48 0.0585049 0.349333 0.000100741
0 0.92091 0.754 0.0530878 0.076 0.000101136
0 0.150325 0 0.0557963 0 0.000101579
0 0.536295 0.00866667 0.0790899 0.0173333 0.000101944
0 0.459913 0.489333 0.0704225 0.106667 0.000102273
0 0.400054 1 0.0861322 0 0.000104522
0 0.00866739 0.0866667 0.0173348 0.173333 0.000104572
0 0.706121 0.11 0.0265439 0.1 0.000104831
0 0.203413 0.368667 0.0135428 0.142667 0.000105009
0 0.768418 0.56 0.0265439 0.0293333 0.000105638
0 0.0203142 1 0.0406284 0 0.000107145
0 0.163055 1 0.0855905 0 0.000107897
0 0.164951 0.997333 0.140303 0.00533333 0.000108257
0 0.499729 0.00266667 0.088299 0.00533333 0.000108969
0 0.588299 0.366667 0.0292524 0.0533333 0.000109119
0 0.476977 0 0.0547129 0 0.000109491
0 0.530336 1 0.0444204 0 0.00010992
0 0.0612134 0 0.0552546 0 0.00011021
0 0.317985 0.018 0.112676 0.036 0.000110352
0 0.973185 0.831333 0.0427952 0.174667 0.000110422
0 0.333424 0.00266667 0.0774648 0.00533333 0.000111906
0 0.0100217 0.384667 0.0200433 0.150667 0.000111989
0 0.237811 0.00666667 0.0693391 0.0133333 0.000112082
0 0.118635 0.444667 0.188516 0.862667 0.000112993
0 0.00758397 0.99 0.0151679 0.02 0.000114227
0 0.96506 0 0.0557963 0 0.000114258
0 0.804984 0.336667 0.0270856 0.102667 0.00011484
0 0.478602 0.929333 0.0720477 0.141333 0.000114874
0 0.0660888 0.994 0.0780065 0.012 0.000115114
0 0.72779 0.181333 0.0341278 0.0853333 0.00011572
0 0.394908 0.0326667 0.108342 0.0653333 0.000116134
0 0.00839653 0.720667 0.0146262 0.292 0.000116927
0 0.0092091 0.231333 0.0162514 0.26 0.000118988
0 0.25 0.437333 0.5 0.874667 0.000120259
0 0.217226 0.579333 0.0292524 0.134667 0.000120776
0 0.399512 0.00666667 0.0796316 0.0133333 0.000123036
0 0.287649 0 0.0552546 0 0.00012922
0 0.613489 0.348667 0.0373781 0.036 0.000132449
0 0.232394 0.458667 0.0790899 0.157333 0.000133353
0 0.613759 0.652 0.59805 0.696 0.000133651
0 0.835861 0.378 0.0346696 0.0733333 0.000134188
0 0.442849 0.0226667 0.102384 0.0453333 0.000134405
0 0.559859 0 0.0904659 0 0.000135389
0 0.315276 0.418667 0.595883 0.837333 0.000137036
0 0.00866739 0.629333 0.0173348 0.152 0.000140437
0 0.0200433 0.365333 0.0400867 0.386667 0.000141261
0 0.825027 0.922667 0.0270856 0.0533333 0.00014192
0 0.55065 1 0.0720477 0 0.000143103
0 0.693933 0.0953333 0.0162514 0.0466667 0.000143237
0 0.133532 0.624 0.267064 0.752 0.000143381
0 0.764355 0.224 0.020585 0.04 0.000143631
0 0.418743 0.044 0.0530878 0.0533333 0.000144175
0 0.66143 0.596667 0.105092 0.374667 0.000144691
0 0.244312 0.0173333 0.0455038 0.0346667 0.000145119
0 0.213976 1 0.0530878 0 0.000145289
0 0.256501 0.0133333 0.0514626 0.0266667 0.000145431
0 0.220748 0.102 0.0276273 0.172 0.000147254
0 0.351029 0.00466667 0.0910076 0.00933333 0.000147809
0 0.779252 0.376 0.441495 0.752 0.000148074
0 0.606717 0.03 0.0411701 0.0413333 0.000148726
0 0.255417 0 0.0536295 0 0.000150393
0 0.124594 1 0.0931744 0 0.000150652
0 0.186078 0.004 0.0796316 0.008 0.000154076
0 0.260293 0.575333 0.0590466 0.161333 0.000155073
0 0.806067 0.360667 0.0130011 0.0386667 0.000155231
0 0.4461 0.000666667 0.0742145 0.00133333 0.000158692
0 0.254875 0.538 0.0980498 0.313333 0.00016055
0 0.739707 0.254667 0.0655471 0.133333 0.000166985
0 0.482124 0.00133333 0.0725894 0.00266667 0.000167787
0 0.367551 0.926 0.0471289 0.126667 0.000169864
0 0.0330444 0.484 0.0660888 0.453333 0.000171131
0 0.770585 0.571333 0.0352113 0.0386667 0.00017377
0 0.620531 0.274667 0.0438787 0.109333 0.000176449
0 0.234832 0.539333 0.0850488 0.190667 0.000179573
0 0.988082 0.926667 0.020585 0.12 0.000179923
0 0.989707 0.314 0.020585 0.212 0.000180693
0 0.0100217 0.446667 0.0200433 0.149333 0.000180787
0 0.252167 0.681333 0.0980498 0.296 0.000181376
0 0.630282 0.04 0.0590466 0.08 0.000181575
0 0.800921 0.355333 0.0178765 0.0573333 0.000183653
0 0.817714 0.931333 0.039545 0.076 0.000186232
0 0.0195016 0.834 0.0390032 0.332 0.000186533
0 0.364843 0.014 0.120802 0.028 0.000187434
0 0.223998 0.0493333 0.0265439 0.0773333 0.000188537
0 0.192579 0.016 0.0828819 0.032 0.00018915
0 0.0219393 0.00866667 0.0438787 0.0173333 0.000189693
0 0.0595883 0.0233333 0.111593 0.0466667 0.000190162
0 0.634615 0.0253333 0.0406284 0.0453333 0.000192239
0 0.00893824 0.565333 0.0178765 0.152 0.000195389
0 0.905471 0.744 0.0514626 0.0853333 0.000198161
0 0.0111051 0.837333 0.0146262 0.272 0.000200705
0 0.216956 0.454667 0.0265439 0.096 0.000200713
0 0.0162514 0.461333 0.0325027 0.261333 0.000202089
0 0.124594 0.00666667 0.101842 0.0133333 0.000202477
0 0.619989 0.358667 0.0482123 0.088 0.000206028
0 0.960726 0.506667 0.0557963 0.072 0.000206168
0 0.0124594 0.349333 0.0184182 0.264 0.000206175
0 0.494312 0.984 0.0287107 0.0293333 0.000207879
0 0.0102925 1 0.020585 0 0.000208364
0 0.973185 1 0.0536295 0 0.000209784
0 0.500542 0.976667 0.0195016 0.0466667 0.000209911
0 0.423619 0.052 0.0866739 0.0826667 0.000210937
0 0.212622 1 0.0861322 0 0.00021488
0 0.245937 0.00533333 0.0725894 0.0106667 0.000218494
0 0.430119 0.0126667 0.0520043 0.0253333 0.000219997
0 0.72481 0.145333 0.0151679 0.0693333 0.0002231
0 0.59805 0.357333 0.0487541 0.178667 0.000225117
0 0.0853196 0.0113333 0.108884 0.0226667 0.00023182
0 0.17714 0 0.0552546 0 0.000232514
0 0.207205 0.574 0.0222102 0.148 0.000234067
0 0.605634 0.262 0.0400867 0.201333 0.000237972
0 0.264626 0 0.0557963 0 0.000238984
0 0.231582 0.0286667 0.0547129 0.0573333 0.00023946
0 0.426327 0.00533333 0.0780065 0.0106667 0.000240683
0 0.243499 0.415333 0.0850488 0.134667 0.000243644
0 0.936891 0.793333 0.0417118 0.096 0.000250994
0 0.941495 0.00266667 0.109426 0.00533333 0.000252034
0 0.360238 0 0.172264 0 0.000252336
0 0.00785482 0.911333 0.0102925 0.142667 0.000256731
0 0.0127302 0.778 0.0232936 0.318667 0.000267083
0 0.00893824 0.901333 0.0157096 0.197333 0.000269578
0 0.272752 0.0193333 0.088299 0.0386667 0.000271989
0 0.0433369 0.996667 0.0866739 0.00666667 0.00027746
0 0.463164 0.002 0.0877573 0.004 0.000278936
0 0.5 0.5 1 1 0.000279367
0 0.983749 0.546667 0.0325027 0.104 0.00028138
0 0.240791 0 0.0547129 0 0.00028439
0 0.991333 0.384667 0.0173348 0.230667 0.000284971
0 0.0289816 1 0.0536295 0 0.000289626
0 0.086403 1 0.0991333 0 0.000292924
0 0.980228 0.949333 0.039545 0.101333 0.000293495
0 0.313109 0.00333333 0.0953413 0.00666667 0.000295527
0 0.0102925 0.507333 0.020585 0.150667 0.000298287
0 0.0116468 0.445333 0.0157096 0.264 0.000299065
0 0.99052 0.999333 0.0189599 0.00133333 0.000308888
0 0.282503 0.564 0.565005 0.872 0.000319664
0 0.957747 0.571333 0.084507 0.268 0.000322629
0 0.0888407 0 0.156013 0 0.000326365
0 0.599133 0.274 0.0314193 0.0973333 0.000331491
0 0.414951 0.02 0.113759 0.04 0.00033507
0 0.282774 0.00533333 0.0769231 0.0106667 0.000342377
0 0.205309 0.545333 0.035753 0.184 0.000347326
0 0.435536 0.0246667 0.0910076 0.0493333 0.000351594
0 0.165493 0.000666667 0.133803 0.00133333 0.000358095
0 0.50948 0 0.114301 0 0.000364338
0 0.0381907 0 0.0579632 0 0.000365947
0 0.201788 0 0.0557963 0 0.000366765
0 0.0203142 0.550667 0.0406284 0.352 0.000381577
0 0.98727 0.770667 0.0254605 0.144 0.000386019
0 0.950975 0.596667 0.0265439 0.0733333 0.000393922
0 0.981853 0.905333 0.0362947 0.189333 0.000411461
0 0.434995 0 0.148429 0 0.000418613
0 0.79415 0.3 0.0292524 0.0933333 0.000446695
0 0.270585 0.388667 0.0937161 0.132 0.000474831
0 0.0130011 0.647333 0.0195016 0.289333 0.0004812
0 0.478332 0.96 0.0509209 0.08 0.000485703
0 0.310401 0.5 0.620802 1 0.000486308
0 0.209372 0.002 0.0872156 0.004 0.000490561
0 0.718581 0.196667 0.0384615 0.124 0.000496536
0 0.97481 0.620667 0.0503792 0.172 0.000499403
0 0.207746 0.478 0.0254605 0.129333 0.000546847
0 0.922264 0.785333 0.10455 0.234667 0.000548349
0 0.230498 0.028 0.031961 0.056 0.000575764
0 0.986457 0.982667 0.0270856 0.0346667 0.000576407
0 0.274106 0.004 0.0834236 0.008 0.000580239
0 0.989978 0.854 0.0200433 0.172 0.000595882
0 0.81338 0.552667 0.373239 0.894667 0.000615615
0 0.661159 0.580667 0.0698808 0.244 0.000645197
0 0.267064 0 0.126761 0 0.000668663
0 0.596425 0.365333 0.0444204 0.0773333 0.000671402
0 0.980769 1 0.0384615 0 0.000752484
0 0.491874 0.971333 0.028169 0.0466667 0.000753192
0 0.838028 0.380667 0.0216685 0.0466667 0.000763612
0 0.0140845 0.52 0.0227519 0.290667 0.000796892
0 0.965601 0.976667 0.0297941 0.0386667 0.000807556
0 0.206392 0.422 0.020585 0.14 0.000814756
0 0.0419827 0.004 0.0839653 0.008 0.000876789
0 0.817443 0.3 0.365114 0.6 0.000985199
0 0.757584 0.94 0.0731311 0.12 0.0010367
0 0.599675 0.25 0.0173348 0.052 0.00106606
0 0.258126 0.696667 0.067714 0.158667 0.00109789
0 0.972914 0.938667 0.0476706 0.101333 0.00112232
0 0.615926 0.256667 0.0249187 0.0626667 0.00116545
0 0.712622 0.246667 0.0731311 0.224 0.00126347
0 0.718039 0.5 0.54117 1 0.00134671
0 0.48104 0.967333 0.0400867 0.044 0.00143026
0 0.885699 0.219333 0.188516 0.417333 0.00161722
0 0.756771 0.218 0.0140845 0.0466667 0.00162259
0 0.981311 0.709333 0.0373781 0.176 0.00240973
0 0.795233 0.306 0.020585 0.0466667 0.00244421
0 0.985103 0.97 0.0265439 0.06 0.00248757
0 0.961809 0.584667 0.0547129 0.108 0.00323516
0 0.891387 0.496667 0.217226 0.958667 0.00838587
0 0.606176 0.253333 0.0216685 0.0586667 0.0125943
0 0.988624 0.684667 0.0216685 0.164 0.0212497
0 0.920368 0.784667 0.063922 0.116 0.0304685
0 0.602654 0.354667 0.0330444 0.0426667 0.0496999
0 0.976706 0.972667 0.0379198 0.0413333 0.123905
0 0.989437 0.73 0.0189599 0.084 0.386592
0 0.714518 0.235333 0.0433369 0.0973333 0.863247
0 0.968039 0.543333 0.0595883 0.148 0.906699
