0 0.220748 0.115333 0.0308776 0.0973333 1.76058e-05
0 0.911701 0.236667 0.0530878 0.150667 1.77461e-05
0 0.38597 0.462667 0.0752979 0.16 1.7844e-05
0 0.630282 0.036 0.0341278 0.0533333 1.78496e-05
0 0.00947996 0.0393333 0.0178765 0.0786667 1.79475e-05
0 0.727519 0.173333 0.0270856 0.0613333 1.79875e-05
0 0.430661 0.785333 0.0985916 0.277333 1.80322e-05
0 0.567172 0.0306667 0.0390032 0.0613333 1.80686e-05
0 0.0929036 0.970667 0.122969 0.0586667 1.80895e-05
0 0.0622969 0.932667 0.0975081 0.134667 1.81154e-05
0 0.122156 0.0906667 0.127302 0.173333 1.81216e-05
0 0.736457 0.444667 0.0742145 0.276 1.82873e-05
0 0.0853196 0.146 0.170639 0.292 1.8327e-05
0 0.945558 0.97 0.1013 0.06 1.83543e-05
0 0.258667 0.473333 0.112134 0.154667 1.83801e-05
0 0.863218 0.294667 0.0817985 0.146667 1.84122e-05
0 0.282774 0.698667 0.0888407 0.304 1.84238e-05
0 0.305255 0.976667 0.0352113 0.028 1.84758e-05
0 0.161159 0.156667 0.113218 0.313333 1.8548e-05
0 0.209372 0.0533333 0.0308776 0.072 1.8637e-05
0 0.566631 0.95 0.0910076 0.1 1.86463e-05
0 0.193662 0.966667 0.0460455 0.024 1.86778e-05
0 0.495125 0.0886667 0.0368364 0.0706667 1.88353e-05
0 0.425244 0.649333 0.146262 0.528 1.8839e-05
0 0.803088 0.201333 0.0568797 0.234667 1.88719e-05
0 0.979957 0.782 0.0400867 0.148 1.89073e-05
0 0.422535 0.0593333 0.0379198 0.0573333 1.8991e-05
0 0.635157 0.408 0.0774648 0.168 1.89979e-05
0 0.38299 0.794 0.0444204 0.0946667 1.90539e-05
0 0.904659 0.004 0.0498375 0.008 1.90625e-05
0 0.111863 0.0546667 0.0807151 0.0853333 1.91569e-05
0 0.982123 0.879333 0.0303359 0.124 1.93576e-05
0 0.456121 0.696667 0.0292524 0.102667 1.94391e-05
0 0.848321 0.322667 0.00541712 0.0133333 1.95304e-05
0 0.591549 0.211333 0.0736728 0.158667 1.95444e-05
0 0.413597 0.648 0.0980498 0.274667 1.96015e-05
0 0.66143 0.458667 0.0541712 0.136 1.96022e-05
0 0.764355 0.154667 0.151679 0.309333 1.96598e-05
0 0.71533 0.366 0.140303 0.532 1.96995e-05
0 0.304442 0.1 0.0747562 0.112 1.97681e-05
0 0.210726 0.144667 0.0476706 0.182667 1.97992e-05
0 0.31961 0.984667 0.063922 0.0306667 1.98516e-05
0 0.482394 0.845333 0.0947996 0.168 1.9904e-05
0 0.0173348 0.232 0.0346696 0.144 1.99558e-05
0 0.132178 0.214667 0.110509 0.288 2.0166e-05
0 0.166035 0.196 0.154388 0.392 2.0168e-05
0 0.123239 0.572 0.108884 0.184 2.02466e-05
0 0.582069 0 0.0503792 0 2.02727e-05
0 0.945558 0.152 0.0904659 0.16 2.02746e-05
0 0.383532 0.223333 0.0476706 0.129333 2.02857e-05
0 0.543337 0.114 0.035753 0.0813333 2.0287e-05
0 0.188516 0.775333 0.130011 0.230667 2.03411e-05
0 0.380553 0.903333 0.0362947 0.0786667 2.03426e-05
0 0.134074 0.776 0.106717 0.282667 2.03504e-05
0 0.415222 0.127333 0.0926327 0.254667 2.03521e-05
0 0.479686 0.284667 0.039545 0.0626667 2.037e-05
0 0.872969 0.821333 0.230228 0.357333 2.03868e-05
0 0.141387 0.582 0.0530878 0.129333 2.03957e-05
0 0.79415 0.151333 0.0249187 0.0546667 2.04456e-05
0 0.711809 0.36 0.0292524 0.088 2.04648e-05
0 0.385699 0.388667 0.0574215 0.166667 2.05273e-05
0 0.0176056 0.756 0.0352113 0.152 2.05685e-05
0 0.5948 0.990667 0.0650054 0.0186667 2.06438e-05
0 0.669556 0.0186667 0.0249187 0.0373333 2.06453e-05
0 0.71831 0.707333 0.0790899 0.252 2.06767e-05
0 0.726436 0.516667 0.0888407 0.196 2.06777e-05
0 0.81961 0.496667 0.139762 0.556 2.06944e-05
0 0.831798 0.114 0.0622969 0.132 2.07916e-05
0 0.409263 0.362667 0.0427952 0.117333 2.08234e-05
0 0.213164 0.834667 0.0579632 0.226667 2.08329e-05
0 0.286024 0.0706667 0.0422535 0.0906667 2.08427e-05
0 0.0400867 0.192 0.0801734 0.384 2.08551e-05
0 0.318256 0.764667 0.0991333 0.190667 2.08755e-05
0 0.193933 0.940667 0.0476706 0.0573333 2.09426e-05
0 0.261918 0.703333 0.095883 0.190667 2.09606e-05
0 0.65195 0.332 0.0211268 0.0533333 2.09728e-05
0 0.516251 0.605333 0.063922 0.266667 2.09976e-05
0 0.900054 0.162 0.0449621 0.132 2.10508e-05
0 0.861322 0.522 0.0400867 0.121333 2.11136e-05
0 0.589924 0.140667 0.0433369 0.126667 2.11152e-05
0 0.284399 0.397333 0.0823402 0.285333 2.11978e-05
0 0.690683 0.650667 0.0834236 0.154667 2.12109e-05
0 0.927681 1 0.0536295 0 2.12195e-05
0 0.809588 0.208 0.0568797 0.0933333 2.1301e-05
0 0.814735 0.942 0.0509209 0.0626667 2.13226e-05
0 0.9461 0.0806667 0.0893824 0.142667 2.13625e-05
0 0.611593 0.96 0.0975081 0.08 2.13707e-05
0 0.814735 0.028 0.0834236 0.056 2.14094e-05
0 0.945287 0.00466667 0.0520043 0.00933333 2.14812e-05
0 0.229415 0.772667 0.052546 0.174667 2.15735e-05
0 0.469393 0.513333 0.0807151 0.184 2.15815e-05
0 0.441495 0.993333 0.0465872 0.0133333 2.16808e-05
0 0.836945 0.699333 0.110509 0.26 2.17057e-05
0 0.258938 0.964 0.0530878 0.0506667 2.173e-05
0 0.0178765 0.693333 0.035753 0.146667 2.17878e-05
0 0.0289816 0.878 0.039545 0.214667 2.18084e-05
0 0.714518 0.454667 0.0704225 0.149333 2.18645e-05
0 0.644637 0.938 0.0476706 0.084 2.18998e-05
0 0.615926 0.632667 0.135428 0.492 2.19071e-05
0 0.836674 0.513333 0.0807151 0.274667 2.191e-05
0 0.170368 0.818 0.243229 0.364 2.19327e-05
0 0.495125 0.250667 0.0812568 0.176 2.19996e-05
0 0.533044 0.91 0.0910076 0.18 2.20351e-05
0 0.783315 0.919333 0.0455038 0.108 2.20984e-05
0 0.712622 0.148 0.0427952 0.048 2.21249e-05
0 0.28494 0.328 0.0671723 0.117333 2.21329e-05
0 0.819339 0.244 0.0763814 0.165333 2.21895e-05
0 0.902492 0.382667 0.035753 0.125333 2.2221e-05
0 0.41468 0.659333 0.0720477 0.158667 2.22901e-05
0 0.760022 0.806667 0.0411701 0.0933333 2.24231e-05
0 0.667931 0.638 0.143012 0.556 2.24998e-05
0 0.930661 0.859333 0.107259 0.209333 2.25797e-05
0 0.757584 0.994667 0.0438787 0.0106667 2.25949e-05
0 0.155471 0.022 0.0476706 0.044 2.2596e-05
0 0.847779 0.701333 0.0834236 0.133333 2.25983e-05
0 0.359697 0.332667 0.0606717 0.172 2.2661e-05
0 0.207205 0.0193333 0.0373781 0.0386667 2.26841e-05
0 0.960184 0.487333 0.0514626 0.102667 2.2845e-05
0 0.712622 0.0413333 0.0720477 0.0826667 2.28852e-05
0 0.039545 0.728 0.0693391 0.202667 2.29319e-05
0 0.863218 0.459333 0.0709642 0.134667 2.29336e-05
0 0.643012 0.273333 0.0660888 0.285333 2.29411e-05
0 0.927411 0.933333 0.108342 0.133333 2.29431e-05
0 0.31636 0.751333 0.148429 0.497333 2.31635e-05
0 0.909805 0.578667 0.0720477 0.162667 2.31863e-05
0 0.429036 0.843333 0.0346696 0.0866667 2.32124e-05
0 0.660618 0.4 0.0438787 0.122667 2.33154e-05
0 0.290628 0.319333 0.0373781 0.084 2.3354e-05
0 0.216143 0.922667 0.0801734 0.154667 2.33749e-05
0 0.842904 0.410667 0.0552546 0.264 2.34866e-05
0 0.588028 0.116 0.06013 0.232 2.34948e-05
0 0.790628 0.824 0.0926327 0.176 2.35758e-05
0 0.394908 0.02 0.0444204 0.04 2.359e-05
0 0.522752 0.399333 0.0422535 0.18 2.36098e-05
0 0.933099 0.708667 0.0861322 0.254667 2.36381e-05
0 0.137595 0.07 0.0671723 0.121333 2.37012e-05
0 0.447996 0.614667 0.0509209 0.277333 2.3711e-05
0 0.0186891 0.388 0.0373781 0.136 2.37164e-05
0 0.539274 0.044 0.0709642 0.088 2.37388e-05
0 0.839924 0.0466667 0.0785482 0.0933333 2.37443e-05
0 0.413055 0.598 0.0915493 0.124 2.37534e-05
0 0.264355 0.778 0.0780065 0.174667 2.38026e-05
0 0.56338 0.824667 0.184182 0.350667 2.39419e-05
0 0.39572 0.058 0.0384615 0.0546667 2.39488e-05
0 0.755146 0 0.0487541 0 2.41795e-05
0 0.537378 0.0373333 0.0595883 0.0746667 2.42367e-05
0 0.339653 0.994 0.0498375 0.012 2.42927e-05
0 0.764626 0.032 0.0828819 0.064 2.43097e-05
0 0.713434 0.952667 0.0855905 0.0946667 2.43147e-05
0 0.255688 0.945333 0.035753 0.0773333 2.44131e-05
0 0.668202 0.794 0.0644637 0.249333 2.44434e-05
0 0.169285 0.078 0.0492958 0.0813333 2.44688e-05
0 0.260834 0.158 0.0828819 0.185333 2.45064e-05
0 0.339653 0.914 0.0899242 0.129333 2.4507e-05
0 0.804713 0.989333 0.052546 0.0213333 2.46723e-05
0 0.596696 0.107333 0.0222102 0.044 2.48352e-05
0 0.58532 0.586667 0.0742145 0.165333 2.48586e-05
0 0.738353 0.449333 0.0541712 0.149333 2.48634e-05
0 0.874865 0.65 0.110509 0.196 2.51696e-05
0 0.21533 0.101333 0.0633803 0.202667 2.51937e-05
0 0.431473 0.904 0.0406284 0.08 2.52459e-05
0 0.250813 0.54 0.0346696 0.0426667 2.52531e-05
0 0.53792 0.634 0.0227519 0.0626667 2.53003e-05
0 0.599404 0.0153333 0.031961 0.0306667 2.53422e-05
0 0.305796 0.269333 0.0655471 0.162667 2.53505e-05
0 0.139762 0.96 0.131094 0.08 2.5358e-05
0 0.585861 0.661333 0.0742145 0.157333 2.53596e-05
0 0.783315 0.526667 0.0834236 0.237333 2.55237e-05
0 0.770314 0.533333 0.133261 0.512 2.55412e-05
0 0.495937 0.0413333 0.039545 0.064 2.55594e-05
0 0.500542 0.189333 0.130011 0.378667 2.55992e-05
0 0.565005 0.0493333 0.0671723 0.0986667 2.56565e-05
0 0.264897 0.82 0.0433369 0.0906667 2.56893e-05
0 0.172535 0.945333 0.119718 0.109333 2.57263e-05
0 0.638407 0.796667 0.0839653 0.132 2.57748e-05
0 0.843445 0.439333 0.0444204 0.0893333 2.5787e-05
0 0.448267 0.277333 0.0438787 0.072 2.59009e-05
0 0.868635 0.983333 0.1013 0.0333333 2.59835e-05
0 0.134886 0.886 0.0975081 0.201333 2.60385e-05
0 0.60753 0.732667 0.0438787 0.14 2.60764e-05
0 0.458017 0.0593333 0.0384615 0.0573333 2.60924e-05
0 0.940683 0.432667 0.0568797 0.118667 2.61204e-05
0 0.665493 0.155333 0.0427952 0.0866667 2.61289e-05
0 0.767877 0.795333 0.0698808 0.166667 2.6254e-05
0 0.888949 0.906 0.101842 0.185333 2.65903e-05
0 0.402221 0.994667 0.0503792 0.0106667 2.65965e-05
0 0.853467 0 0.052546 0 2.66409e-05
0 0.676598 0.0306667 0.0270856 0.0586667 2.66535e-05
0 0.263814 0.105333 0.0693391 0.210667 2.68203e-05
0 0.733207 0.987333 0.0612134 0.0253333 2.68848e-05
0 0.592904 0.79 0.0438787 0.286667 2.69427e-05
0 0.64247 0.998667 0.0476706 0.00266667 2.6958e-05
0 0.386511 0.803333 0.0796316 0.137333 2.69662e-05
0 0.209913 0.758 0.0417118 0.166667 2.69746e-05
0 0.710455 0.382667 0.0698808 0.250667 2.71757e-05
0 0.540628 0.498 0.0606717 0.318667 2.72084e-05
0 0.679307 0.996 0.0465872 0.008 2.73242e-05
0 0.942037 0.0626667 0.092091 0.125333 2.7332e-05
0 0.610238 0.119333 0.0514626 0.238667 2.74024e-05
0 0.809588 0.0593333 0.0547129 0.118667 2.749e-05
0 0.804442 0.966 0.0552546 0.044 2.75082e-05
0 0.417118 0.927333 0.0444204 0.0893333 2.75613e-05
0 0.533315 0.136 0.0384615 0.0693333 2.7615e-05
0 0.936078 0.245333 0.0866739 0.133333 2.76321e-05
0 0.721831 0.331333 0.031961 0.1 2.76339e-05
0 0.470477 0.006 0.0460455 0.012 2.77132e-05
0 0.467497 0.122667 0.0509209 0.0826667 2.78303e-05
0 0.437161 0.930667 0.0888407 0.109333 2.78605e-05
0 0.882178 0.747333 0.131636 0.230667 2.80142e-05
0 0.00650054 0.14 0.0130011 0.149333 2.80329e-05
0 0.341278 0.032 0.0953413 0.064 2.81339e-05
0 0.763814 0.976667 0.0411701 0.0413333 2.81737e-05
0 0.637866 0.124667 0.0547129 0.249333 2.83363e-05
0 0.463434 0.074 0.0763814 0.148 2.84815e-05
0 0.559317 0.0993333 0.0763814 0.198667 2.8524e-05
0 0.290628 0.148667 0.0904659 0.284 2.87521e-05
0 0.931473 0.125333 0.137053 0.250667 2.8755e-05
0 0.336945 0.264 0.0888407 0.272 2.92073e-05
0 0.842904 0.202 0.0758397 0.137333 2.92377e-05
0 0.519772 0.116 0.0330444 0.08 2.92459e-05
0 0.686078 0.461333 0.0742145 0.144 2.94225e-05
0 0.536295 0.952667 0.0790899 0.0946667 2.9474e-05
0 0.505688 0.118667 0.0297941 0.0826667 2.94957e-05
0 0.416306 0.366 0.131636 0.46 2.98528e-05
0 0.662243 0.05 0.06013 0.1 2.98687e-05
0 0.917389 0.0246667 0.106717 0.0493333 2.99446e-05
0 0.863489 0.193333 0.0303359 0.056 2.99915e-05
0 0.245395 0.967333 0.0422535 0.0653333 3.00918e-05
0 0.465872 0.34 0.0780065 0.184 3.03861e-05
0 0.785211 0.695333 0.0482123 0.161333 3.03948e-05
0 0.614572 0.643333 0.0742145 0.18 3.04471e-05
0 0.104009 0.364 0.128927 0.210667 3.05335e-05
0 0.638678 0.129333 0.0855905 0.141333 3.06374e-05
0 0.728332 0.199333 0.0536295 0.142667 3.06815e-05
0 0.953684 0.791333 0.0926327 0.417333 3.0718e-05
0 0.384615 0.261333 0.0790899 0.274667 3.07388e-05
0 0.169556 0.940667 0.0476706 0.0626667 3.09081e-05
0 0.295775 0.584 0.0617551 0.0773333 3.10431e-05
0 0.60428 0.998667 0.0482123 0.00266667 3.10504e-05
0 0.182828 0.696667 0.0969664 0.172 3.11382e-05
0 0.21506 0.631333 0.0487541 0.156 3.1201e-05
0 0.236999 0.149333 0.0655471 0.258667 3.12891e-05
0 0.634615 0.140667 0.0102925 0.0546667 3.14329e-05
0 0.3448 0.002 0.0482123 0.004 3.15881e-05
0 0.704767 0.995333 0.0476706 0.00933333 3.16227e-05
0 0.431473 0.110667 0.024377 0.048 3.16295e-05
0 0.915222 0.0253333 0.0796316 0.0506667 3.16656e-05
0 0.227248 0.344667 0.0763814 0.292 3.16881e-05
0 0.66766 0.586667 0.0785482 0.16 3.16978e-05
0 0.596425 0.0933333 0.0292524 0.032 3.17314e-05
0 0.510293 0.034 0.0823402 0.068 3.17589e-05
0 0.580173 0.884 0.0812568 0.232 3.18059e-05
0 0.629469 0.817333 0.139762 0.365333 3.18138e-05
0 0.803629 0 0.0514626 0 3.19003e-05
0 0.299296 0.551333 0.0557963 0.0893333 3.19121e-05
0 0.712351 0.272667 0.0693391 0.126667 3.19174e-05
0 0.10753 0.698667 0.0937161 0.221333 3.21306e-05
0 0.263001 0.830667 0.121885 0.338667 3.21437e-05
0 0.0441495 0.971333 0.088299 0.0573333 3.21664e-05
0 0.412784 0.512 0.0780065 0.176 3.21793e-05
0 0.865385 0.365333 0.0980498 0.144 3.22869e-05
0 0.105634 0.429333 0.056338 0.138667 3.23072e-05
0 0.0157096 0.942 0.0260022 0.1 3.23455e-05
0 0.0539003 0.0886667 0.103467 0.156 3.23758e-05
0 0.722373 0.298 0.031961 0.076 3.24308e-05
0 0.878657 0 0.0530878 0 3.2505e-05
0 0.685807 0.529333 0.0834236 0.165333 3.25122e-05
0 0.644637 0.0146667 0.0379198 0.0293333 3.25553e-05
0 0.331257 0.0553333 0.039545 0.068 3.257e-05
0 0.693391 0.726 0.0790899 0.158667 3.27202e-05
0 0.207205 0.222667 0.0709642 0.36 3.27561e-05
0 0.264897 0.279333 0.0509209 0.148 3.28305e-05
0 0.38922 0.342667 0.0774648 0.154667 3.29016e-05
0 0.771127 0.950667 0.0633803 0.0986667 3.2975e-05
0 0.765439 0.454667 0.0736728 0.154667 3.30155e-05
0 0.972644 0.450667 0.0514626 0.125333 3.31303e-05
0 0.314464 0.534667 0.131636 0.461333 3.32467e-05
0 0.366739 0.904667 0.0422535 0.1 3.32585e-05
0 0.681744 0.213333 0.0698808 0.101333 3.33094e-05
0 0.617281 0.207333 0.0687974 0.145333 3.35629e-05
0 0.385157 0.720667 0.109426 0.233333 3.36227e-05
0 0.612134 0.78 0.0725894 0.157333 3.36892e-05
0 0.380282 0.0226667 0.0400867 0.0453333 3.36905e-05
0 0.380553 0.994 0.0731311 0.012 3.37007e-05
0 0.463705 0.766667 0.0855905 0.184 3.38319e-05
0 0.568256 0.972667 0.0487541 0.0333333 3.38362e-05
0 0.508667 0.101333 0.0476706 0.114667 3.38589e-05
0 0.986728 0.142667 0.0232936 0.0933333 3.39285e-05
0 0.409534 0.904667 0.0390032 0.0813333 3.39425e-05
0 0.308776 0.634 0.028169 0.0573333 3.41784e-05
0 0.470748 0.990667 0.0422535 0.0186667 3.42478e-05
0 0.0869447 0 0.0557963 0 3.42741e-05
0 0.81636 0.955333 0.0985916 0.0893333 3.44038e-05
0 0.445558 0.700667 0.0308776 0.0946667 3.44766e-05
0 0.527086 0.646667 0.0270856 0.056 3.44883e-05
0 0.283315 0.948 0.0379198 0.0613333 3.44983e-05
0 0.93364 0.563333 0.06013 0.076 3.45345e-05
0 0.797671 0.396667 0.0297941 0.0946667 3.46052e-05
0 0.168743 0.987333 0.0742145 0.0253333 3.46272e-05
0 0.319068 0.002 0.0509209 0.004 3.47035e-05
0 0.928765 0 0.0536295 0 3.47059e-05
0 0.556067 0.992667 0.0482123 0.0146667 3.47226e-05
0 0.287378 0.217333 0.0612134 0.194667 3.47706e-05
0 0.670368 0.369333 0.0763814 0.152 3.50785e-05
0 0.312297 0.942667 0.0937161 0.114667 3.51096e-05
0 0.36403 0.270667 0.0736728 0.2 3.51482e-05
0 0.372698 0.228 0.126761 0.456 3.51774e-05
0 0.640574 0.162 0.0579632 0.092 3.52133e-05
0 0.466685 0.792667 0.176056 0.414667 3.52233e-05
0 0.428494 0.388667 0.0617551 0.145333 3.54945e-05
0 0.366739 0.654 0.145179 0.476 3.5563e-05
0 0.346425 0.056 0.031961 0.0666667 3.55692e-05
0 0.0124594 0.928667 0.0249187 0.142667 3.56683e-05
0 0.125406 0.0293333 0.0796316 0.0586667 3.57323e-05
0 0.812026 0.394 0.0725894 0.217333 3.57503e-05
0 0.0625677 0 0.0557963 0 3.57585e-05
0 0.456663 0.993333 0.0455038 0.0133333 3.57694e-05
0 0.972373 0.598667 0.0422535 0.088 3.57805e-05
0 0.311213 0.375333 0.0817985 0.196 3.57988e-05
0 0.0227519 0.198 0.035753 0.257333 3.5814e-05
0 0.828819 0 0.0509209 0 3.58276e-05
0 0.788191 0.0513333 0.0747562 0.102667 3.5893e-05
0 0.836945 0.157333 0.0769231 0.12 3.6001e-05
0 0.549567 0.00933333 0.0276273 0.0186667 3.6013e-05
0 0.154388 0.548 0.056338 0.12 3.61466e-05
0 0.317714 0.995333 0.0482123 0.00933333 3.62466e-05
0 0.968852 0.00333333 0.0503792 0.00666667 3.62662e-05
0 0.411159 0.337333 0.0888407 0.237333 3.62963e-05
0 0.117281 0.51 0.0785482 0.158667 3.63211e-05
0 0.941224 0.561333 0.0785482 0.229333 3.63967e-05
0 0.41441 0.112 0.0942579 0.125333 3.64178e-05
0 0.218039 0.766667 0.122969 0.410667 3.64516e-05
0 0.107801 0.906 0.0812568 0.148 3.64585e-05
0 0.312297 0.134 0.140303 0.268 3.65278e-05
0 0.504063 0 0.052546 0 3.65475e-05
0 0.0547129 0.206 0.099675 0.273333 3.66096e-05
0 0.765168 0.894 0.0655471 0.185333 3.67583e-05
0 0.0140845 0.008 0.028169 0.016 3.72146e-05
0 0.265168 0.248667 0.0828819 0.217333 3.72273e-05
0 0.555796 0.630667 0.11701 0.416 3.7236e-05
0 0.902492 0.137333 0.0747562 0.154667 3.73655e-05
0 0.631365 0.0446667 0.0655471 0.0893333 3.74561e-05
0 0.79117 0.202667 0.0633803 0.141333 3.75038e-05
0 0.162243 0.362667 0.117551 0.229333 3.75383e-05
0 0.520043 0.840667 0.143012 0.318667 3.75396e-05
0 0.719935 0.818 0.133261 0.364 3.75779e-05
0 0.226436 0.709333 0.0790899 0.288 3.75789e-05
0 0.765439 0.546667 0.071506 0.144 3.76089e-05
0 0.796858 0.218 0.0216685 0.0786667 3.76094e-05
0 0.66143 0.335333 0.035753 0.076 3.76255e-05
0 0.871073 1 0.0758397 0 3.76636e-05
0 0.214247 0.584 0.127302 0.482667 3.76956e-05
0 0.20558 0.698 0.0438787 0.142667 3.77423e-05
0 0.283315 0.954 0.0736728 0.092 3.79529e-05
0 0.888137 0.274 0.0785482 0.153333 3.7994e-05
0 0.169285 0.578667 0.0547129 0.104 3.81362e-05
0 0.369989 0.983333 0.099675 0.0333333 3.82336e-05
0 0.415764 0.264 0.088299 0.176 3.82757e-05
0 0.183369 0.476667 0.0460455 0.121333 3.83242e-05
0 0.662514 0.945333 0.0931744 0.109333 3.86497e-05
0 0.264355 0.375333 0.0812568 0.196 3.87215e-05
0 0.0197725 0.0906667 0.0287107 0.170667 3.87409e-05
0 0.480769 1 0.0384615 0 3.89011e-05
0 0.161972 0.941333 0.100758 0.0853333 3.89765e-05
0 0.0609426 0.834 0.0915493 0.228 3.92861e-05
0 0.866468 0.01 0.0644637 0.02 3.94233e-05
0 0.588028 0.044 0.0644637 0.088 3.94567e-05
0 0.975623 0.0546667 0.0335861 0.0853333 3.95044e-05
0 0.466956 0.278 0.0400867 0.0653333 3.9712e-05
0 0.524106 0.01 0.0222102 0.02 3.97121e-05
0 0.782503 0.986667 0.0492958 0.0266667 3.99209e-05
0 0.812568 0.526667 0.0812568 0.162667 3.99948e-05
0 0.0539003 0.578 0.107801 0.212 4.00013e-05
0 0.495937 0.14 0.0807151 0.173333 4.01845e-05
0 0.181203 0.0566667 0.0492958 0.076 4.02058e-05
0 0.141116 0.0653333 0.0937161 0.130667 4.03492e-05
0 0.922535 0.516667 0.0390032 0.0893333 4.03708e-05
0 0.891387 1 0.0536295 0 4.0404e-05
0 0.623781 0.160667 0.0200433 0.0786667 4.04434e-05
0 0.645179 0.195333 0.0725894 0.126667 4.04983e-05
0 0.299837 0.990667 0.0731311 0.0186667 4.07809e-05
0 0.231311 0.892 0.0455038 0.141333 4.08062e-05
0 0.403304 0.929333 0.0622969 0.122667 4.08332e-05
0 0.390845 0.026 0.1013 0.052 4.09703e-05
0 0.567172 0.482667 0.0693391 0.181333 4.10287e-05
0 0.542524 0.396667 0.0438787 0.188 4.11854e-05
0 0.981582 0.334667 0.0335861 0.064 4.12744e-05
0 0.58559 0.73 0.0660888 0.156 4.13286e-05
0 0.0219393 0.576667 0.0287107 0.26 4.13965e-05
0 0.488624 0.951333 0.0465872 0.0653333 4.15657e-05
0 0.750813 0.284667 0.0747562 0.116 4.15828e-05
0 0.344258 0.912 0.0460455 0.101333 4.15839e-05
0 0.757313 0.358 0.092091 0.132 4.21331e-05
0 0.227519 0.527333 0.0693391 0.126667 4.21682e-05
0 0.438516 0.0253333 0.095883 0.0506667 4.22926e-05
0 0.988624 0.793333 0.0162514 0.24 4.23514e-05
0 0.817443 0.464 0.0769231 0.154667 4.24187e-05
0 0.444745 0.0226667 0.0422535 0.0453333 4.25594e-05
0 0.989978 0.878667 0.0200433 0.216 4.25687e-05
0 0.568797 0.952 0.0487541 0.0613333 4.2625e-05
0 0.836674 0.991333 0.111051 0.0173333 4.28831e-05
0 0.806338 0.215333 0.0265439 0.0786667 4.30479e-05
0 0.86701 1 0.0514626 0 4.31549e-05
0 0.180661 0.0213333 0.0503792 0.0426667 4.32587e-05
0 0.478332 0.611333 0.0758397 0.118667 4.32822e-05
0 0.761376 0.206667 0.0861322 0.149333 4.34326e-05
0 0.664951 0.298 0.0427952 0.252 4.38662e-05
0 0.458017 0.0853333 0.0427952 0.056 4.39203e-05
0 0.479144 0 0.0536295 0 4.39627e-05
0 0.981582 0.724 0.035753 0.138667 4.41378e-05
0 0.954767 0.564667 0.0904659 0.457333 4.43408e-05
0 0.579632 0.996 0.0487541 0.008 4.43419e-05
0 0.419556 0.0186667 0.0449621 0.0373333 4.43608e-05
0 0.903034 0 0.0541712 0 4.46794e-05
0 0.0200433 0.12 0.0400867 0.24 4.48111e-05
0 0.715872 0.072 0.0622969 0.144 4.55977e-05
0 0.712351 0.388667 0.0487541 0.129333 4.56375e-05
0 0.0292524 0.028 0.0520043 0.056 4.57271e-05
0 0.157096 0.27 0.0812568 0.286667 4.58088e-05
0 0.0092091 0.322667 0.0184182 0.149333 4.5824e-05
0 0.086403 0.0266667 0.109967 0.0533333 4.59752e-05
0 0.487541 0.706 0.084507 0.156 4.60832e-05
0 0.267606 0 0.0509209 0 4.61548e-05
0 0.263272 0.248 0.125677 0.469333 4.6368e-05
0 0.153034 0.999333 0.0514626 0.00133333 4.64902e-05
0 0.751083 0.778667 0.039545 0.0986667 4.64973e-05
0 0.734561 0.876667 0.0855905 0.246667 4.6514e-05
0 0.730228 0.995333 0.0455038 0.00933333 4.65878e-05
0 0.853467 0.41 0.0460455 0.145333 4.66024e-05
0 0.0192308 0.604 0.0384615 0.133333 4.68001e-05
0 0.213164 0.0866667 0.0438787 0.133333 4.68881e-05
0 0.317443 0.024 0.0487541 0.048 4.72316e-05
0 0.293879 0.558667 0.0352113 0.032 4.72913e-05
0 0.44312 0.00266667 0.0509209 0.00533333 4.73135e-05
0 0.287107 0.0413333 0.0888407 0.0826667 4.74257e-05
0 0.345341 0.0246667 0.0362947 0.0493333 4.74878e-05
0 0.245937 0.972667 0.0325027 0.0413333 4.78076e-05
0 0.435536 0.0693333 0.0325027 0.0586667 4.79057e-05
0 0.646533 0.287333 0.0666305 0.129333 4.80379e-05
0 0.0195016 0.547333 0.0390032 0.124 4.82002e-05
0 0.0501083 0.65 0.100217 0.204 4.84299e-05
0 0.257313 0.974 0.0346696 0.0333333 4.84565e-05
0 0.128657 0.00133333 0.0547129 0.00266667 4.84736e-05
0 0.11403 1 0.052546 0 4.85828e-05
0 0.285482 0.000666667 0.084507 0.00133333 4.89597e-05
0 0.00785482 0.724 0.0157096 0.152 4.89993e-05
0 0.062026 0.351333 0.124052 0.414667 4.90812e-05
0 0.312297 0.235333 0.131636 0.470667 4.90848e-05
0 0.242145 0 0.0509209 0 4.91892e-05
0 0.205309 0.636 0.071506 0.248 4.92467e-05
0 0.971018 0.948667 0.0579632 0.102667 4.92778e-05
0 0.585049 0.411333 0.0498375 0.126667 4.92992e-05
0 0.662514 0.07 0.0140845 0.0493333 4.94184e-05
0 0.631636 0.0193333 0.0346696 0.0386667 4.94749e-05
0 0.726706 0.161333 0.0752979 0.136 4.94864e-05
0 0.262189 0.986 0.0736728 0.028 4.95923e-05
0 0.187432 0.896 0.108342 0.152 4.97922e-05
0 0.531961 0.988 0.0444204 0.024 5.00342e-05
0 0.870802 0.168 0.06013 0.234667 5.02212e-05
0 0.597237 0.103333 0.0092091 0.0413333 5.03164e-05
0 0.113759 0.658667 0.152763 0.306667 5.03397e-05
0 0.699892 0.205333 0.125677 0.410667 5.03438e-05
0 0.670368 0.802667 0.0492958 0.128 5.06017e-05
0 0.988895 0.964 0.0135428 0.072 5.06551e-05
0 0.1552 0.459333 0.0579632 0.134667 5.07692e-05
0 0.309317 0.206667 0.0877573 0.261333 5.0779e-05
0 0.567443 0.779333 0.0785482 0.129333 5.08055e-05
0 0.568797 0.832 0.0769231 0.149333 5.10412e-05
0 0.416847 0.88 0.0622969 0.133333 5.10891e-05
0 0.0888407 0.957333 0.118093 0.0853333 5.16358e-05
0 0.368364 0.00466667 0.0476706 0.00933333 5.1846e-05
0 0.712351 0.776667 0.0931744 0.153333 5.19929e-05
0 0.685807 0.400667 0.063922 0.137333 5.20918e-05
0 0.236999 0.993333 0.0763814 0.0133333 5.21119e-05
0 0.814464 0.00533333 0.06013 0.0106667 5.21626e-05
0 0.946912 0.309333 0.106176 0.397333 5.23417e-05
0 0.887053 0.151333 0.0254605 0.0306667 5.24982e-05
0 0.926327 0.618 0.0899242 0.182667 5.24986e-05
0 0.891928 0.0133333 0.0709642 0.0266667 5.25552e-05
0 0.294691 0.006 0.0509209 0.012 5.26391e-05
0 0.0929036 0.02 0.147887 0.04 5.27362e-05
0 0.363218 0.521333 0.0807151 0.173333 5.2913e-05
0 0.210726 0.0246667 0.0931744 0.0493333 5.30868e-05
0 0.434182 0.707333 0.0698808 0.252 5.31328e-05
0 0.877302 0.749333 0.165222 0.464 5.36548e-05
0 0.225623 0.418667 0.0915493 0.149333 5.3891e-05
0 0.088299 1 0.0530878 0 5.4003e-05
0 0.79442 0.612667 0.411159 0.774667 5.40856e-05
0 0.135157 0.359333 0.138137 0.401333 5.41564e-05
0 0.561484 0.716667 0.0817985 0.148 5.43031e-05
0 0.788191 0.403333 0.0693391 0.118667 5.46453e-05
0 0.509209 0.01 0.071506 0.02 5.47478e-05
0 0.671181 0.844 0.0617551 0.12 5.49911e-05
0 0.458288 0.703333 0.0736728 0.166667 5.5155e-05
0 0.364843 0.660667 0.0926327 0.182667 5.5203e-05
0 0.579632 0.964 0.0953413 0.072 5.52343e-05
0 0.48104 0.659333 0.0812568 0.105333 5.52559e-05
0 0.435265 0.185333 0.0904659 0.205333 5.5267e-05
0 0.649783 0.35 0.0633803 0.113333 5.54494e-05
0 0.419556 0.982 0.107801 0.036 5.55687e-05
0 0.96208 0.028 0.0758397 0.056 5.56168e-05
0 0.26273 0.523333 0.127844 0.422667 5.58702e-05
0 0.48429 0.912667 0.0769231 0.174667 5.60867e-05
0 0.271939 0.974667 0.0400867 0.024 5.62751e-05
0 0.179577 0.997333 0.0514626 0.00533333 5.64445e-05
0 0.342904 0.153333 0.0834236 0.168 5.65111e-05
0 0.844529 0.409333 0.0346696 0.101333 5.65521e-05
0 0.953413 1 0.0541712 0 5.6597e-05
0 0.427681 1 0.052546 0 5.67656e-05
0 0.41441 0.0693333 0.0736728 0.138667 5.67889e-05
0 0.985915 0.907333 0.028169 0.185333 5.71438e-05
0 0.986728 0.21 0.0265439 0.0973333 5.71529e-05
0 0.235915 0.94 0.0590466 0.12 5.78451e-05
0 0.185807 0.0653333 0.0801734 0.130667 5.80151e-05
0 0.204496 0.998 0.0514626 0.004 5.80842e-05
0 0.736999 0.006 0.0709642 0.012 5.83512e-05
0 0.294691 0.993333 0.0444204 0.0133333 5.90745e-05
0 0.559859 0.0953333 0.0547129 0.110667 5.95501e-05
0 0.88922 0.835333 0.131636 0.257333 5.96541e-05
0 0.00839653 0.386667 0.0167931 0.149333 5.98717e-05
0 0.318797 0.879333 0.10455 0.22 6.00455e-05
0 0.281148 0.991333 0.0455038 0.0173333 6.01328e-05
0 0.62026 0.152 0.0400867 0.101333 6.03295e-05
0 0.288462 1 0.0763814 0 6.03976e-05
0 0.96831 0.997333 0.0471289 0.00533333 6.04236e-05
0 0.393554 0.002 0.052546 0.004 6.05505e-05
0 0.1552 0.000666667 0.0547129 0.00133333 6.06381e-05
0 0.203684 0.280667 0.0411701 0.265333 6.07279e-05
0 0.0316901 0.661333 0.0503792 0.253333 6.10125e-05
0 0.261647 0.0593333 0.0476706 0.102667 6.14529e-05
0 0.221831 0.0573333 0.0287107 0.08 6.1746e-05
0 0.368093 0.1 0.0254605 0.064 6.18789e-05
0 0.642741 0.15 0.0341278 0.06 6.20452e-05
0 0.520043 0.618 0.0660888 0.113333 6.20793e-05
0 0.41766 0.874667 0.0390032 0.088 6.20796e-05
0 0.885157 0.466 0.118093 0.350667 6.2119e-05
0 0.58857 0.1 0.0590466 0.114667 6.23779e-05
0 0.738082 0.395333 0.0698808 0.132 6.25872e-05
0 0.363489 1 0.0509209 0 6.27412e-05
0 0.684182 0.0133333 0.0617551 0.0266667 6.30684e-05
0 0.799296 0.109333 0.031961 0.0586667 6.36938e-05
0 0.0679848 0.814 0.13597 0.372 6.37022e-05
0 0.552546 0.00466667 0.0325027 0.00933333 6.41494e-05
0 0.0132719 0.150667 0.0265439 0.208 6.41908e-05
0 0.00650054 0.231333 0.0130011 0.158667 6.42487e-05
0 0.507313 0.0266667 0.0503792 0.0533333 6.46284e-05
0 0.711809 0.00866667 0.0671723 0.0173333 6.46942e-05
0 0.028169 0.41 0.0541712 0.222667 6.48413e-05
0 0.321506 0.602 0.0742145 0.121333 6.50564e-05
0 0.039545 0.757333 0.0790899 0.485333 6.53391e-05
0 0.473185 0.255333 0.06013 0.142667 6.54354e-05
0 0.789274 0.128667 0.0411701 0.0786667 6.57513e-05
0 0.315547 0.074 0.0482123 0.084 6.58682e-05
0 0.754605 1 0.0455038 0 6.59358e-05
0 0.293066 0 0.0520043 0 6.59664e-05
0 0.754334 0.056 0.0752979 0.112 6.60061e-05
0 0.674973 0.14 0.0509209 0.0426667 6.63437e-05
0 0.83857 0 0.0725894 0 6.64946e-05
0 0.828548 1 0.052546 0 6.66817e-05
0 0.00839653 0.786667 0.0167931 0.16 6.69157e-05
0 0.590466 0.812 0.0433369 0.104 6.70492e-05
0 0.781148 1 0.0476706 0 6.7414e-05
0 0.764626 0.008 0.0590466 0.016 6.76119e-05
0 0.232394 0.00733333 0.0444204 0.0146667 6.78773e-05
0 0.432286 0.341333 0.0801734 0.149333 6.79839e-05
0 0.453684 1 0.0492958 0 6.79987e-05
0 0.140574 1 0.0514626 0 6.81124e-05
0 0.948537 0.327333 0.0476706 0.084 6.84421e-05
0 0.245666 0.00866667 0.0438787 0.0173333 6.91541e-05
0 0.711538 0.174667 0.0352113 0.0693333 6.92964e-05
0 0.987812 0.912 0.0146262 0.130667 6.938e-05
0 0.73104 0.339333 0.0687974 0.132 6.98141e-05
0 0.33532 0.0886667 0.0888407 0.126667 6.98837e-05
0 0.221289 0.026 0.0308776 0.052 6.99131e-05
0 0.89572 0.940667 0.088299 0.0893333 7.00021e-05
0 0.212622 0.565333 0.0817985 0.170667 7.01938e-05
0 0.268418 0.992 0.0471289 0.016 7.06531e-05
0 0.795504 0.942 0.0915493 0.116 7.07081e-05
0 0.535211 0.0126667 0.0628386 0.0253333 7.11647e-05
0 0.517064 0.699333 0.0785482 0.148 7.12289e-05
0 0.309859 0.552667 0.0780065 0.158667 7.16156e-05
0 0.632178 0.878667 0.084507 0.16 7.17452e-05
0 0.162784 0.0806667 0.0893824 0.118667 7.21563e-05
0 0.282232 0.886 0.0834236 0.209333 7.21755e-05
0 0.985103 0.669333 0.0287107 0.149333 7.22845e-05
0 0.00812568 0.0926667 0.0151679 0.142667 7.24695e-05
0 0.550921 1 0.0725894 0 7.2829e-05
0 0.23104 0.994667 0.0460455 0.0106667 7.29555e-05
0 0.536024 0.104667 0.0752979 0.108 7.3267e-05
0 0.377302 0.0653333 0.0308776 0.0666667 7.33468e-05
0 0.583694 0.0133333 0.0384615 0.0266667 7.4177e-05
0 0.189057 0.959333 0.102925 0.0813333 7.42246e-05
0 0.24377 0.992 0.0411701 0.016 7.46021e-05
0 0.764897 0.146 0.092091 0.132 7.47397e-05
0 0.245666 0.0653333 0.067714 0.130667 7.51109e-05
0 0.611863 0.103333 0.0330444 0.113333 7.51434e-05
0 0.257313 0.950667 0.0693391 0.0986667 7.52418e-05
0 0.160076 0.840667 0.129469 0.278667 7.52707e-05
0 0.5474 0.432667 0.106717 0.310667 7.53433e-05
0 0.804713 1 0.0514626 0 7.53445e-05
0 0.115655 0.992667 0.111051 0.0146667 7.53595e-05
0 0.224269 0.475333 0.0877573 0.121333 7.53757e-05
0 0.880553 0.19 0.0287107 0.0573333 7.55798e-05
0 0.800921 1 0.0796316 0 7.58231e-05
0 0.460997 0.129333 0.084507 0.130667 7.60162e-05
0 0.706663 0.84 0.0861322 0.144 7.61209e-05
0 0.813651 0.403333 0.0606717 0.116 7.64051e-05
0 0.271939 0.0133333 0.0368364 0.0266667 7.69506e-05
0 0.350488 1 0.0877573 0 7.71689e-05
0 0.470477 0.950667 0.0915493 0.0986667 7.71866e-05
0 0.0303359 0.958 0.0606717 0.084 7.72158e-05
0 0.91468 0.332667 0.0536295 0.132 7.79027e-05
0 0.945016 0.0226667 0.0861322 0.0453333 7.81599e-05
0 0.052546 1 0.0541712 0 7.82694e-05
0 0.579632 0.438667 0.840737 0.877333 7.85994e-05
0 0.983207 0.830667 0.0335861 0.336 7.94077e-05
0 0.458559 0.894 0.1013 0.161333 7.94098e-05
0 0.0877573 1 0.0552546 0 7.95608e-05
0 0.981311 0.04 0.0373781 0.08 7.9727e-05
0 0.487541 0.0273333 0.0650054 0.0546667 7.97473e-05
0 0.23429 0.0533333 0.0373781 0.0666667 8.00867e-05
0 0.81961 0.850667 0.151679 0.298667 8.01023e-05
0 0.0146262 0.880667 0.0292524 0.156 8.14426e-05
0 0.402763 1 0.0547129 0 8.14931e-05
0 0.662514 0.896 0.0899242 0.162667 8.15903e-05
0 0.279794 0.597333 0.0861322 0.152 8.16403e-05
0 0.991062 0.307333 0.0178765 0.1 8.22479e-05
0 0.764085 0.988 0.0861322 0.024 8.23546e-05
0 0.181744 0.424 0.0568797 0.122667 8.24181e-05
0 0.0617551 0.0593333 0.105092 0.118667 8.2466e-05
0 0.960726 0.560667 0.0492958 0.06 8.24922e-05
0 0.640303 0.118 0.035753 0.126667 8.25454e-05
0 0.26273 0.99 0.084507 0.02 8.26693e-05
0 0.684182 0.259333 0.071506 0.156 8.27028e-05
0 0.359697 0.0253333 0.0368364 0.048 8.27325e-05
0 0.986999 0.271333 0.0260022 0.148 8.28185e-05
0 0.449892 1 0.0904659 0 8.39235e-05
0 0.339112 1 0.0520043 0 8.44178e-05
0 0.0154388 0.465333 0.0308776 0.229333 8.49275e-05
0 0.529794 0.653333 0.0476706 0.245333 8.49958e-05
0 0.46208 0.0386667 0.0574215 0.0773333 8.53344e-05
0 0.738082 1 0.0763814 0 8.55938e-05
0 0.660888 0.0193333 0.056338 0.0386667 8.62175e-05
0 0.852113 0.423333 0.0270856 0.0386667 8.63234e-05
0 0.690683 1 0.0498375 0 8.63782e-05
0 0.426598 0.094 0.024377 0.044 8.68041e-05
0 0.418202 0.00266667 0.0520043 0.00533333 8.69246e-05
0 0.372698 0.104667 0.0335861 0.132 8.74097e-05
0 0.570152 0.00933333 0.0471289 0.0186667 8.75121e-05
0 0.98429 0.6 0.0303359 0.12 8.79577e-05
0 0.474269 0.0226667 0.031961 0.0453333 8.84827e-05
0 0.0092091 0.665333 0.0184182 0.149333 8.88295e-05
0 0.918202 0.518667 0.0790899 0.128 8.89579e-05
0 0.377031 0.0666667 0.0552546 0.133333 8.9593e-05
0 0.638407 1 0.0796316 0 8.98825e-05
0 0.562839 0.922667 0.0877573 0.12 9.00143e-05
0 0.442579 0.088 0.0303359 0.0453333 9.11029e-05
0 0.171452 0.526 0.0557963 0.1 9.13139e-05
0 0.894637 0.994 0.138137 0.012 9.13193e-05
0 0.986728 0.034 0.0254605 0.068 9.14489e-05
0 0.0284399 0.0686667 0.0492958 0.102667 9.2609e-05
0 0.156555 0.0593333 0.0476706 0.0706667 9.26226e-05
0 0.921993 0.430667 0.0292524 0.0906667 9.32858e-05
0 0.787378 0.000666667 0.0720477 0.00133333 9.37047e-05
0 0.562026 0.347333 0.0709642 0.158667 9.4252e-05
0 0.235374 0.940667 0.0330444 0.092 9.44967e-05
0 0.562026 0.014 0.0579632 0.028 9.48002e-05
0 0.884886 0.518667 0.0752979 0.141333 9.49938e-05
0 0.216414 0.002 0.0655471 0.004 9.52849e-05
0 0.241062 1 0.0444204 0 9.53268e-05
0 0.0482123 0.0186667 0.0964247 0.0373333 9.53798e-05
0 0.21533 0.554667 0.0427952 0.130667 9.57857e-05
0 0.247833 0.0446667 0.0330444 0.0626667 9.63235e-05
0 0.789003 0.132 0.0287107 0.0453333 9.65183e-05
0 0.972914 0.217333 0.0433369 0.146667 9.8424e-05
0 0.66468 0.996 0.105092 0.008 9.92108e-05
0 0.974269 0.156667 0.0514626 0.161333 9.94209e-05
0 0.611593 0.997333 0.101842 0.00533333 9.96584e-05
0 0.0330444 0.213333 0.0660888 0.386667 9.9962e-05
0 0.964518 0.986 0.0687974 0.028 9.99881e-05
0 0.603196 1 0.0492958 0 0.000100023
0 0.554171 1 0.0476706 0 0.000100503
0 0.375135 0.810667 0.120802 0.205333 0.000100709
0 0.529523 1 0.0438787 0 0.000100846
0 0.663597 0.0306667 0.0184182 0.0453333 0.000101082
0 0.672806 0.333333 0.0509209 0.101333 0.000101463
0 0.366739 0.195333 0.0574215 0.278667 0.000101736
0 0.666306 1 0.0487541 0 0.000101788
0 0.233478 0.885333 0.0660888 0.229333 0.000102219
0 0.206392 0 0.0520043 0 0.000102728
0 0.235915 0.0813333 0.0482123 0.130667 0.00010276
0 0.838028 1 0.092091 0 0.000102773
0 0.317172 1 0.0492958 0 0.000103697
0 0.113759 1 0.0552546 0 0.000104528
0 0.728873 1 0.0482123 0 0.000105015
0 0.283315 0.971333 0.0498375 0.0386667 0.000105848
0 0.599133 0.0333333 0.020585 0.048 0.000105938
0 0.106988 0.251333 0.169556 0.497333 0.000107212
0 0.225081 1 0.0850488 0 0.000108373
0 0.670639 0.0813333 0.0303359 0.162667 0.000108877
0 0.00947996 0.994667 0.0189599 0.0106667 0.000109166
0 0.452871 0 0.0541712 0 0.000109409
0 0.641116 1 0.0492958 0 0.000109735
0 0.293879 1 0.0449621 0 0.000110153
0 0.0092091 0.45 0.0184182 0.145333 0.000110372
0 0.0132719 0.318667 0.0157096 0.277333 0.000110542
0 0.686891 0.804 0.0509209 0.149333 0.000110854
0 0.528711 0.0133333 0.0238353 0.0266667 0.000110931
0 0.565818 0.652 0.700433 0.696 0.000111091
0 0.980769 0.350667 0.0384615 0.130667 0.000111838
0 0.366468 0.921333 0.0850488 0.157333 0.000111907
0 0.00839653 0.57 0.0167931 0.148 0.000112013
0 0.211268 0.996667 0.0975081 0.00666667 0.000112055
0 0.896804 0.697333 0.0893824 0.178667 0.000112232
0 0.742687 0.28 0.0325027 0.072 0.000112266
0 0.339382 0.00666667 0.0687974 0.0133333 0.000112269
0 0.267064 1 0.0444204 0 0.000112461
0 0.55688 0.012 0.0173348 0.024 0.000112478
0 0.309588 0.62 0.0471289 0.0773333 0.000112767
0 0.46533 0.986667 0.0985916 0.0266667 0.000112886
0 0.316901 0 0.0530878 0 0.000113496
0 0.632719 0.154667 0.0162514 0.064 0.000114144
0 0.203955 1 0.052546 0 0.000114808
0 0.53169 0.972667 0.0438787 0.044 0.000114855
0 0.028169 0.533333 0.0509209 0.237333 0.000115438
0 0.982936 0.940667 0.031961 0.0893333 0.00011628
0 0.550379 0.0126667 0.0227519 0.0253333 0.000116414
0 0.605363 0.786 0.0146262 0.0653333 0.000116607
0 0.902221 0.38 0.0904659 0.154667 0.000116695
0 0.578277 1 0.0503792 0 0.000118953
0 0.173077 0.604667 0.111051 0.161333 0.000120301
0 0.925785 0.754 0.122427 0.412 0.000120503
0 0.178765 1 0.0530878 0 0.000120688
0 0.341008 0 0.0536295 0 0.00012105
0 0.0511918 1 0.0557963 0 0.000122084
0 0.23429 0.0226667 0.0384615 0.0453333 0.000122645
0 0.0113759 0.776 0.0162514 0.282667 0.00012572
0 0.265439 0.0366667 0.0335861 0.0733333 0.00012623
0 0.0184182 0.294667 0.0368364 0.365333 0.000126707
0 0.566901 0.0153333 0.0200433 0.0253333 0.000127383
0 0.256501 0.9 0.0687974 0.16 0.000127401
0 0.180932 0 0.0552546 0 0.000127596
0 0.494854 0.0106667 0.0449621 0.0213333 0.000128656
0 0.130011 0.0266667 0.0444204 0.0506667 0.000128831
0 0.663597 0.304667 0.0400867 0.0866667 0.000129176
0 0.0880282 0.879333 0.106717 0.241333 0.000129881
0 0.611593 0.07 0.0433369 0.14 0.000131163
0 0.51273 0.996 0.0655471 0.008 0.000132256
0 0.675244 0.0506667 0.0189599 0.056 0.000133384
0 0.900867 1 0.0975081 0 0.000133711
0 0.375948 0.088 0.0227519 0.04 0.000133925
0 0.564464 0.986667 0.0975081 0.0266667 0.000134448
0 0.596154 0.784 0.024377 0.0746667 0.000134939
0 0.548483 0.963333 0.0752979 0.052 0.000136824
0 0.0249187 0.770667 0.0390032 0.282667 0.000137743
0 0.0823402 0.516667 0.16468 0.5 0.000138352
0 0.971831 0.888667 0.056338 0.217333 0.00013881
0 0.298483 0.608 0.596966 0.784 0.000139171
0 0.712351 0.996 0.0953413 0.008 0.000139549
0 0.314735 0.997333 0.0910076 0.00533333 0.000139947
0 0.140033 1 0.0547129 0 0.000141717
0 0.549567 0.643333 0.0644637 0.142667 0.000141746
0 0.632178 0.022 0.0606717 0.044 0.000142021
0 0.985374 0.703333 0.0292524 0.324 0.000145576
0 0.163055 0.597333 0.178765 0.264 0.000147395
0 0.518147 0.986667 0.0427952 0.0266667 0.000147495
0 0.44935 0.624 0.0384615 0.0746667 0.000147646
0 0.517606 0.928667 0.0796316 0.124 0.000147852
0 0.00893824 0.512667 0.0178765 0.148 0.000148202
0 0.258397 0.530667 0.0866739 0.152 0.000148453
0 0.587757 1 0.0812568 0 0.000148635
0 0.524919 0.0146667 0.0173348 0.0266667 0.000149432
0 0.265168 0.804667 0.0157096 0.0333333 0.000149861
0 0.0222102 0.988667 0.0444204 0.0226667 0.000149898
0 0.437703 0.036 0.0704225 0.072 0.000150453
0 0.280065 0.308 0.0325027 0.0933333 0.000150819
0 0.967768 0.767333 0.0612134 0.332 0.000151001
0 0.916035 0.00266667 0.0942579 0.00533333 0.000151374
0 0.0200433 0.666 0.0400867 0.342667 0.000152216
0 0.0801734 0.512667 0.125677 0.206667 0.000153952
0 0.218039 0.0293333 0.0666305 0.0586667 0.000154026
0 0.931744 0.432 0.0780065 0.258667 0.000154105
0 0.528711 0.006 0.0303359 0.012 0.000154131
0 0.815818 0.905333 0.107259 0.154667 0.000154571
0 0.41468 0.928667 0.0991333 0.142667 0.000155473
0 0.186078 0.343333 0.0579632 0.222667 0.000156566
0 0.935536 0.538667 0.0498375 0.072 0.000156872
0 0.556609 0.00733333 0.0265439 0.0146667 0.000157492
0 0.504875 1 0.0368364 0 0.00015828
0 0.0365655 0.478667 0.0731311 0.365333 0.000158934
0 0.8448 0.429333 0.0200433 0.0426667 0.000159155
0 0.580173 0.0226667 0.0260022 0.032 0.000159416
0 0.771398 0.788667 0.099675 0.324 0.000160195
0 0.79442 0.667333 0.112134 0.324 0.000160979
0 0.0108342 0.231333 0.0162514 0.244 0.000161999
0 0.112134 0 0.056338 0 0.000162347
0 0.0124594 0.445333 0.0151679 0.269333 0.000163943
0 0.11701 0.02 0.110509 0.04 0.000164453
0 0.413868 0.999333 0.0964247 0.00133333 0.00016493
0 0.433911 0.0966667 0.0173348 0.0386667 0.00016612
0 0.888678 0.459333 0.0839653 0.174667 0.000166443
0 0.985374 0.205333 0.0292524 0.282667 0.000166456
0 0.488082 0.00933333 0.0780065 0.0186667 0.000167357
0 0.969393 0.644667 0.0503792 0.182667 0.000167847
0 0.114843 0.756667 0.20585 0.401333 0.000171065
0 0.0176056 0.054 0.0352113 0.108 0.000171892
0 0.954767 0 0.0557963 0 0.00017244
0 0.941224 0.008 0.0752979 0.016 0.00017359
0 0.460997 0.00333333 0.0866739 0.00666667 0.000173867
0 0.0132719 0.648667 0.0200433 0.273333 0.000175132
0 0.41468 0.0293333 0.0774648 0.0586667 0.000176053
0 0.3039 0.0626667 0.0953413 0.125333 0.000176519
0 0.535211 0.978667 0.084507 0.0426667 0.00017736
0 0.587216 0.0166667 0.0574215 0.0333333 0.000180079
0 0.146533 0.699333 0.115385 0.217333 0.000180177
0 0.0560672 0.468 0.108884 0.205333 0.000182649
0 0.752709 0.102667 0.0698808 0.104 0.000182762
0 0.939057 0.998 0.106717 0.004 0.000185541
0 0.0289816 1 0.0514626 0 0.000185608
0 0.939599 0.324 0.0720477 0.152 0.000186647
0 0.311213 0.00866667 0.088299 0.0173333 0.000186814
0 0.989707 0.180667 0.0151679 0.116 0.000188099
0 0.437161 0.008 0.071506 0.016 0.00018965
0 0.109426 0.433333 0.0953413 0.192 0.000190097
0 0.351571 0.378667 0.703142 0.757333 0.000190756
0 0.2026 0.376 0.0455038 0.197333 0.000191469
0 0.378386 0 0.0547129 0 0.000191935
0 0.487541 0.989333 0.0335861 0.0186667 0.00019197
0 0.173889 0.00666667 0.0877573 0.0133333 0.000194812
0 0.213976 0 0.0552546 0 0.000195469
0 0.283857 0.975333 0.0379198 0.02 0.000195904
0 0.365926 0.0793333 0.0211268 0.0333333 0.000198513
0 0.183911 0.293333 0.0893824 0.376 0.000200012
0 0.461538 0.622 0.0140845 0.0306667 0.00020224
0 0.332611 0.0453333 0.0834236 0.0906667 0.00020392
0 0.427681 0 0.0547129 0 0.000204417
0 0.81338 0.98 0.108884 0.04 0.000204575
0 0.845883 0.622 0.308234 0.756 0.000205474
0 0.669827 0.064 0.0167931 0.0533333 0.00020739
0 0.799025 0.469333 0.40195 0.938667 0.000208157
0 0.78169 0.966 0.0650054 0.052 0.000209314
0 0.365385 0.054 0.0427952 0.0786667 0.000209689
0 0.764355 0.636 0.0834236 0.157333 0.000211616
0 0.138678 0 0.056338 0 0.000211755
0 0.526273 0.5 0.750271 1 0.000213696
0 0.187974 1 0.0942579 0 0.000213735
0 0.985915 0.00333333 0.028169 0.00666667 0.000214903
0 0.390303 0.00733333 0.0742145 0.0146667 0.00021516
0 0.073402 0 0.0557963 0 0.000216135
0 0.0113759 1 0.0227519 0 0.000216189
0 0.978332 0.086 0.0411701 0.153333 0.000216763
0 0.983207 0.995333 0.0314193 0.00933333 0.00021831
0 0.989166 0.340667 0.0216685 0.0946667 0.000219154
0 0.668472 0.112 0.0541712 0.0906667 0.000220863
0 0.872969 0.177333 0.0438787 0.0826667 0.000221053
0 0.557963 0.0153333 0.00866739 0.02 0.000221143
0 0.245125 0.5 0.490249 1 0.000221896
0 0.364843 0.000666667 0.0861322 0.00133333 0.000224134
0 0.131907 0.052 0.0460455 0.0666667 0.000226941
0 0.286836 0.0206667 0.0709642 0.0413333 0.000227919
0 0.203684 0.595333 0.0444204 0.148 0.000229099
0 0.878657 0.168667 0.0249187 0.052 0.00023092
0 0.680661 0.836 0.0330444 0.0853333 0.000232714
0 0.792524 0.120667 0.0465872 0.206667 0.00023904
0 0.985915 0.561333 0.028169 0.248 0.000242037
0 0.249458 0.0233333 0.0330444 0.044 0.000242623
0 0.163868 0.392667 0.327736 0.785333 0.000243472
0 0.410888 0.885333 0.100217 0.202667 0.000245401
0 0.670098 0.0446667 0.00975081 0.0466667 0.000245977
0 0.498646 0.947333 0.0557963 0.105333 0.000258063
0 0.164139 0.032 0.0964247 0.064 0.000258606
0 0.530065 0.0146667 0.0102925 0.024 0.000259397
0 0.987812 0.022 0.0211268 0.044 0.000261429
0 0.402763 0 0.0547129 0 0.000262074
0 0.0132719 0.523333 0.0200433 0.262667 0.000262362
0 0.964247 0.00533333 0.0693391 0.0106667 0.000264043
0 0.99052 0.236667 0.0167931 0.124 0.000269338
0 0.156284 0.422 0.0872156 0.201333 0.000270649
0 0.628115 0.139333 0.0189599 0.0733333 0.000271782
0 0.753521 0.708667 0.0541712 0.142667 0.000274277
0 0.952871 0.392667 0.0801734 0.172 0.00027803
0 0.51896 0.955333 0.0411701 0.06 0.00027862
0 0.452871 0.631333 0.0270856 0.0253333 0.000279084
0 0.0991333 1 0.100758 0 0.000280795
0 0.493229 0.02 0.0417118 0.04 0.000281497
0 0.991874 0.977333 0.0162514 0.0453333 0.000286489
0 0.0276273 0.00533333 0.0552546 0.0106667 0.000288223
0 0.150596 1 0.0964247 0 0.000289699
0 0.270314 0.798 0.0151679 0.036 0.000294032
0 0.235103 0.00933333 0.0823402 0.0186667 0.000295644
0 0.195558 0.432667 0.0975081 0.270667 0.000296299
0 0.990791 0.721333 0.0162514 0.213333 0.000296949
0 0.991062 0.138 0.0178765 0.166667 0.00029801
0 0.0297941 1 0.0520043 0 0.000302754
0 0.180932 0.552 0.0509209 0.192 0.000312177
0 0.164951 0 0.0568797 0 0.000317684
0 0.809859 0.950667 0.110509 0.0746667 0.000320011
0 0.375406 0.0433333 0.0433369 0.0866667 0.000322407
0 0.97481 0.0413333 0.0482123 0.0826667 0.000323501
0 0.16441 0.656667 0.328819 0.686667 0.000331284
0 0.397075 0.178667 0.063922 0.162667 0.000349136
0 0.456663 0.254 0.0400867 0.124 0.000349949
0 0.0731311 0.998667 0.105092 0.00266667 0.00035011
0 0.0067714 0.91 0.0113759 0.150667 0.000354445
0 0.0119177 0.914 0.0162514 0.172 0.000358737
0 0.296046 0.0306667 0.0666305 0.0613333 0.000367605
0 0.211268 0.455333 0.0444204 0.0706667 0.000367645
0 0.983478 0.41 0.0330444 0.158667 0.000370428
0 0.542524 0.651333 0.031961 0.0786667 0.000372127
0 0.585861 0.4 0.105634 0.261333 0.000376396
0 0.529794 0.962 0.0758397 0.076 0.000380364
0 0.0360238 0.026 0.0720477 0.052 0.000380894
0 0.665222 0.316667 0.0195016 0.084 0.000390115
0 0.0487541 0 0.0574215 0 0.000397143
0 0.413868 0 0.0942579 0 0.000401138
0 0.378386 0.800667 0.210726 0.398667 0.000408393
0 0.947454 0.520667 0.0747562 0.108 0.000412139
0 0.515439 0.974 0.0427952 0.052 0.000418975
0 0.370531 0.17 0.0422535 0.145333 0.000432605
0 0.0167931 0.830667 0.0335861 0.309333 0.000443671
0 0.670368 0.046 0.0308776 0.092 0.000444767
0 0.195016 0.469333 0.035753 0.0746667 0.000450318
0 0.0427952 0.997333 0.0855905 0.00533333 0.000450415
0 0.988353 0.094 0.0232936 0.188 0.000464434
0 0.192037 0.464 0.0872156 0.133333 0.000466839
0 0.26896 0.801333 0.0276273 0.048 0.000470071
0 0.111051 0.469333 0.15818 0.216 0.000476073
0 0.261918 0.0213333 0.0698808 0.0426667 0.000476586
0 0.367822 0.73 0.517877 0.54 0.000479497
0 0.729415 0.0953333 0.031961 0.190667 0.000486371
0 0.622156 0.032 0.0308776 0.064 0.000493621
0 0.954496 0.469333 0.0606717 0.197333 0.000494838
0 0.281148 0.036 0.0400867 0.0426667 0.000517295
0 0.989166 0.389333 0.020585 0.12 0.000520889
0 0.991333 0.634667 0.0173348 0.162667 0.0005224
0 0.19312 0.516 0.0427952 0.12 0.000534975
0 0.981311 0.996667 0.0373781 0.00666667 0.00054006
0 0.140033 0.00133333 0.125135 0.00266667 0.000548411
0 0.190683 0 0.056338 0 0.000556033
0 0.248104 0.034 0.0628386 0.068 0.000619586
0 0.172806 0.537333 0.102925 0.178667 0.000620518
0 0.365114 0.884667 0.121343 0.198667 0.000626278
0 0.988353 1 0.0200433 0 0.000636468
0 0.980228 1 0.039545 0 0.0006419
0 0.694745 0.144667 0.0612134 0.0733333 0.00068423
0 0.369447 0.0746667 0.0151679 0.056 0.000688912
0 0.722914 0.0693333 0.0276273 0.0853333 0.000763217
0 0.189328 0 0.0980498 0 0.000771675
0 0.0230228 0 0.0460455 0 0.000776277
0 0.00839653 0.854667 0.0167931 0.277333 0.000796446
0 0.989437 0.560667 0.0200433 0.124 0.000848164
0 0.530878 0.660667 0.0422535 0.0786667 0.000900021
0 0.973456 0.535333 0.0455038 0.0866667 0.000909946
0 0.661972 0.334667 0.0238353 0.0346667 0.000917484
0 0.874323 0.180667 0.0227519 0.0466667 0.000947032
0 0.280336 0.0486667 0.067714 0.068 0.000949837
0 0.303359 0.0546667 0.0801734 0.0853333 0.000959704
0 0.602925 0.796667 0.0184182 0.0333333 0.000979162
0 0.760563 0.751333 0.0520043 0.126667 0.000981074
0 0.200704 0.548 0.0417118 0.133333 0.00106997
0 0.0853196 0.00533333 0.109967 0.0106667 0.00109448
0 0.457205 0.620667 0.0108342 0.0226667 0.00113764
0 0.602654 0.02 0.0211268 0.0293333 0.0011869
0 0.458017 0.622667 0.0232936 0.0453333 0.00135262
0 0.922806 0.403333 0.0438787 0.142667 0.00136699
0 0.611322 0.0273333 0.031961 0.0546667 0.00145322
0 0.706392 0.560667 0.587216 0.878667 0.00147242
0 0.988624 0.450667 0.0227519 0.16 0.00148169
0 0.464789 0.388 0.409534 0.776 0.00153361
0 0.972373 0.508 0.0552546 0.170667 0.00168824
0 0.665493 0.054 0.0135428 0.0546667 0.00174272
0 0.154659 0.508 0.170639 0.24 0.00174865
0 0.0430661 0.000666667 0.0861322 0.00133333 0.00185385
0 0.265981 0.0326667 0.0238353 0.0413333 0.00212873
0 0.724269 0.105333 0.0260022 0.0746667 0.00226538
0 0.249458 0.504667 0.498917 0.913333 0.00230279
0 0.609155 0.028 0.0092091 0.0346667 0.0023984
0 0.153846 0.519333 0.217768 0.492 0.00268525
0 0.5 0.968667 0.0390032 0.0626667 0.00311974
0 0.536295 0.656 0.0238353 0.0453333 0.00340471
0 0.990791 0.0706667 0.0173348 0.138667 0.00402615
0 0.735915 0.0866667 0.0211268 0.064 0.00512664
0 0.930119 0.322667 0.056338 0.0853333 0.0053342
0 0.203142 0.434 0.035753 0.105333 0.00568833
0 0.674702 0.382667 0.459913 0.765333 0.00581691
0 0.874865 0.43 0.250271 0.86 0.00676456
0 0.982665 0.515333 0.0325027 0.137333 0.00682961
0 0.799296 0.126667 0.0232936 0.0666667 0.00758121
0 0.690683 0.17 0.0899242 0.169333 0.0107768
0 0.773564 0.634667 0.287107 0.730667 0.0123994
0 0.61078 0.028 0.0211268 0.0453333 0.0161226
0 0.572048 0.372 0.258938 0.72 0.0194776
0 0.499729 0.982667 0.0308776 0.032 0.0216195
0 0.497562 0.986667 0.0232936 0.0186667 0.0227199
0 0.728602 0.082 0.0184182 0.068 0.0411127
0 0.462351 0.195333 0.0503792 0.196 0.0687964
0 0.927411 0.366667 0.0628386 0.16 0.552359
0 0.766522 0.702 0.0650054 0.217333 0.674096
0 0.686891 0.17 0.0660888 0.0946667 0.880979
0 0.564193 0.408 0.0785482 0.178667 0.944233
