0 0.890845 0.973333 0.0807151 0.0533333 1.38674e-05
0 0.406826 0.597333 0.0866739 0.12 1.41093e-05
0 0.980769 0.972 0.0330444 0.0426667 1.41553e-05
0 0.946371 0.133333 0.0931744 0.162667 1.41657e-05
0 0.86403 0.157333 0.0400867 0.12 1.42135e-05
0 0.397075 0.916667 0.0910076 0.132 1.4286e-05
0 0.970748 0.569333 0.0487541 0.117333 1.42883e-05
0 0.467226 0.531333 0.0698808 0.166667 1.4319e-05
0 0.183099 0.608667 0.0411701 0.105333 1.43626e-05
0 0.828277 0.166 0.185265 0.332 1.44596e-05
0 0.296587 0.631333 0.0774648 0.137333 1.44604e-05
0 0.908451 0.034 0.0834236 0.0653333 1.44964e-05
0 0.861051 0.978 0.088299 0.044 1.45759e-05
0 0.776002 0.513333 0.0969664 0.197333 1.45864e-05
0 0.553088 0.435333 0.126761 0.526667 1.46029e-05
0 0.559859 0.958667 0.0742145 0.0826667 1.46173e-05
0 0.341549 0.703333 0.031961 0.084 1.46204e-05
0 0.752709 0.198 0.0947996 0.244 1.46242e-05
0 0.0980498 0.752667 0.035753 0.118667 1.46352e-05
0 0.733749 0.144667 0.0503792 0.118667 1.46507e-05
0 0.758667 0.715333 0.0774648 0.18 1.47477e-05
0 0.197725 0.458667 0.0390032 0.0826667 1.4751e-05
0 0.515439 0.348667 0.0568797 0.26 1.47708e-05
0 0.126219 0.828 0.192849 0.344 1.48473e-05
0 0.0861322 0.032 0.0855905 0.064 1.49168e-05
0 0.607801 0.406 0.0671723 0.137333 1.49258e-05
0 0.223998 0.784667 0.0297941 0.084 1.49695e-05
0 0.606988 0.557333 0.0492958 0.221333 1.49948e-05
0 0.431473 0.218667 0.0352113 0.101333 1.50571e-05
0 0.881365 0.00133333 0.0541712 0.00266667 1.51369e-05
0 0.793608 0.996667 0.0487541 0.00666667 1.51548e-05
0 0.458288 0.462667 0.0650054 0.128 1.51589e-05
0 0.380282 0.372667 0.0249187 0.105333 1.51868e-05
0 0.77546 0.512 0.165222 0.573333 1.52026e-05
0 0.292795 0.158 0.0449621 0.0866667 1.52551e-05
0 0.20883 0.0833333 0.0362947 0.0786667 1.52826e-05
0 0.517606 0.252 0.138137 0.504 1.53149e-05
0 0.120531 0.429333 0.0460455 0.112 1.53236e-05
0 0.809588 0.554 0.0720477 0.252 1.53247e-05
0 0.361863 0.348 0.0422535 0.0826667 1.53338e-05
0 0.52221 0.226 0.0400867 0.068 1.53415e-05
0 0.674973 0.972 0.0238353 0.0506667 1.53818e-05
0 0.0547129 0.509333 0.0455038 0.16 1.53993e-05
0 0.256771 0.383333 0.0335861 0.105333 1.54449e-05
0 0.761918 0.638 0.0752979 0.150667 1.55157e-05
0 0.135157 0.913333 0.0427952 0.114667 1.5587e-05
0 0.195016 0.974667 0.0379198 0.04 1.5599e-05
0 0.315547 0.760667 0.0947996 0.174667 1.58e-05
0 0.0945287 0.308 0.0427952 0.109333 1.5886e-05
0 0.378927 0.452667 0.0471289 0.132 1.61848e-05
0 0.170639 0.392667 0.0411701 0.0946667 1.6203e-05
0 0.159534 0.302667 0.0514626 0.125333 1.62167e-05
0 0.4052 0.996 0.0530878 0.008 1.62788e-05
0 0.328548 0.951333 0.0449621 0.084 1.62936e-05
0 0.917389 0.991333 0.0449621 0.0173333 1.64253e-05
0 0.213164 0.729333 0.0514626 0.128 1.64309e-05
0 0.871343 0.982 0.0622969 0.036 1.64415e-05
0 0.342904 0.516667 0.0379198 0.092 1.64438e-05
0 0.796587 0.594 0.0460455 0.0253333 1.64442e-05
0 0.811484 0.776667 0.146262 0.353333 1.6449e-05
0 0.368635 0.206 0.148971 0.412 1.64746e-05
0 0.0433369 0.032 0.0509209 0.064 1.64799e-05
0 0.0511918 0.996667 0.0514626 0.00666667 1.65368e-05
0 0.720477 0.228667 0.101842 0.252 1.65872e-05
0 0.182828 0.208667 0.0839653 0.238667 1.66962e-05
0 0.147887 0.934 0.0335861 0.102667 1.67235e-05
0 0.0755688 0.634667 0.0341278 0.109333 1.6773e-05
0 0.233207 0.174667 0.208559 0.349333 1.67847e-05
0 0.241603 0.916667 0.0650054 0.166667 1.69084e-05
0 0.0579632 0.389333 0.0303359 0.157333 1.694e-05
0 0.338299 0.216667 0.0861322 0.174667 1.69807e-05
0 0.410076 0.970667 0.0801734 0.0586667 1.70302e-05
0 0.031961 0.175333 0.0530878 0.145333 1.71654e-05
0 0.520314 0.052 0.0460455 0.0586667 1.71984e-05
0 0.716685 0.806 0.0476706 0.116 1.72229e-05
0 0.83532 0.056 0.0422535 0.0613333 1.73587e-05
0 0.309047 0.926667 0.0796316 0.146667 1.74309e-05
0 0.0270856 0.674 0.0476706 0.137333 1.74376e-05
0 0.24675 0.212667 0.0482123 0.137333 1.74795e-05
0 0.0780065 0.21 0.0769231 0.190667 1.74815e-05
0 0.81013 0.596667 0.0362947 0.0333333 1.75165e-05
0 0.888137 0.975333 0.0417118 0.0333333 1.75487e-05
0 0.0167931 0.762667 0.0335861 0.133333 1.75711e-05
0 0.379469 0.446 0.0807151 0.244 1.76055e-05
0 0.698808 0.799333 0.0541712 0.142667 1.76322e-05
0 0.13597 0.09 0.0769231 0.172 1.76625e-05
0 0.838028 0.892 0.11701 0.181333 1.7727e-05
0 0.521398 0.78 0.212893 0.44 1.77364e-05
0 0.062026 0.764 0.0980498 0.216 1.77743e-05
0 0.732936 0.728667 0.0769231 0.156 1.78031e-05
0 0.216685 0.963333 0.0942579 0.0733333 1.78404e-05
0 0.675244 0.882 0.0384615 0.153333 1.7926e-05
0 0.45558 0.998667 0.0530878 0.00266667 1.80086e-05
0 0.326923 0.896 0.0720477 0.136 1.80093e-05
0 0.575027 0.997333 0.0709642 0.00533333 1.80477e-05
0 0.248646 0.912 0.028169 0.114667 1.80925e-05
0 0.105905 0.058 0.0492958 0.0786667 1.81057e-05
0 0.319068 0.419333 0.0411701 0.076 1.8243e-05
0 0.222914 0.0873333 0.0341278 0.076 1.83465e-05
0 0.937974 0.545333 0.0438787 0.12 1.83748e-05
0 0.686078 0.286 0.088299 0.201333 1.85577e-05
0 0.659263 0.134667 0.0606717 0.162667 1.85752e-05
0 0.784128 0.706667 0.100217 0.293333 1.87633e-05
0 0.416035 0.228 0.0855905 0.224 1.88135e-05
0 0.236999 0.358 0.0330444 0.0893333 1.88336e-05
0 0.983207 0.268 0.0335861 0.133333 1.88756e-05
0 0.181744 0.734 0.0438787 0.0866667 1.88839e-05
0 0.426598 0.322667 0.0839653 0.242667 1.89161e-05
0 0.255417 0.421333 0.0352113 0.104 1.90582e-05
0 0.482394 0.986667 0.0742145 0.0266667 1.91208e-05
0 0.763001 0.172667 0.14572 0.345333 1.92432e-05
0 0.390303 0.144667 0.0698808 0.201333 1.92789e-05
0 0.0907367 0.838 0.0633803 0.204 1.93127e-05
0 0.91441 0.322667 0.138678 0.274667 1.93266e-05
0 0.320152 0.0513333 0.0444204 0.0653333 1.94854e-05
0 0.182557 0.512 0.0390032 0.0933333 1.9514e-05
0 0.280607 0.827333 0.167931 0.345333 1.9571e-05
0 0.535753 0.084 0.0368364 0.0746667 1.95763e-05
0 0.111593 0.114667 0.101842 0.229333 1.97334e-05
0 0.611863 0.963333 0.0861322 0.0733333 1.97835e-05
0 0.0937161 0.430667 0.0487541 0.138667 1.98101e-05
0 0.959642 0.304667 0.0557963 0.134667 1.98669e-05
0 0.546045 0.144 0.0335861 0.133333 1.9879e-05
0 0.397616 0.0426667 0.056338 0.08 1.99193e-05
0 0.711809 0.75 0.0541712 0.110667 2.00179e-05
0 0.634345 0.338667 0.0758397 0.2 2.00571e-05
0 0.792795 0.55 0.0774648 0.121333 2.00931e-05
0 0.143012 0.0186667 0.0498375 0.0373333 2.01165e-05
0 0.890033 0.028 0.106176 0.056 2.01357e-05
0 0.560401 0.274667 0.067714 0.173333 2.01389e-05
0 0.156555 0.676667 0.0476706 0.116 2.01677e-05
0 0.088299 0.998667 0.0487541 0.00266667 2.01954e-05
0 0.144637 0.614667 0.0509209 0.130667 2.02717e-05
0 0.28494 0.976 0.0585049 0.0426667 2.03041e-05
0 0.479144 0.995333 0.052546 0.00933333 2.03345e-05
0 0.715601 0.594 0.0595883 0.158667 2.03914e-05
0 0.784128 0.136667 0.118635 0.236 2.04038e-05
0 0.608342 0.338667 0.0628386 0.152 2.04427e-05
0 0.479686 0.0446667 0.0622969 0.0813333 2.04966e-05
0 0.408451 0.46 0.0725894 0.128 2.05565e-05
0 0.147346 0.395333 0.0465872 0.102667 2.05954e-05
0 0.634886 0.144 0.0671723 0.178667 2.06035e-05
0 0.267335 0.245333 0.0536295 0.162667 2.07077e-05
0 0.343716 0.995333 0.0460455 0.00933333 2.07565e-05
0 0.756501 0.916 0.155471 0.168 2.09476e-05
0 0.983207 0.942 0.0335861 0.116 2.10258e-05
0 0.530336 0.28 0.0465872 0.152 2.10396e-05
0 0.207746 0.0513333 0.039545 0.0653333 2.10736e-05
0 0.137053 0.0253333 0.0910076 0.0506667 2.11337e-05
0 0.143012 0.072 0.099675 0.144 2.13201e-05
0 0.108613 0.290667 0.0796316 0.154667 2.15899e-05
0 0.113759 0.998 0.0465872 0.004 2.15968e-05
0 0.634345 0.742 0.0368364 0.516 2.17056e-05
0 0.157638 0.056 0.0465872 0.0666667 2.17262e-05
0 0.38922 0.965333 0.107801 0.0693333 2.18442e-05
0 0.415764 0.978 0.109967 0.044 2.1877e-05
0 0.318256 0.699333 0.0980498 0.132 2.19249e-05
0 0.676056 0.944667 0.0530878 0.110667 2.19955e-05
0 0.795775 0.582 0.0411701 0.036 2.20132e-05
0 0.956663 0 0.0530878 0 2.207e-05
0 0.0192308 0.976667 0.0308776 0.0466667 2.21242e-05
0 0.305525 0.334667 0.0823402 0.250667 2.21585e-05
0 0.74052 0.961333 0.0671723 0.0773333 2.21741e-05
0 0.338841 0.143333 0.0763814 0.174667 2.22043e-05
0 0.131636 0.0573333 0.0487541 0.0746667 2.22419e-05
0 0.058234 0.274667 0.0438787 0.117333 2.24893e-05
0 0.390033 0.885333 0.112676 0.229333 2.25175e-05
0 0.303629 0.34 0.0590466 0.141333 2.253e-05
0 0.736457 0.648 0.0622969 0.149333 2.26135e-05
0 0.391387 0.998667 0.0536295 0.00266667 2.27884e-05
0 0.915764 0.526667 0.127302 0.216 2.28032e-05
0 0.729415 0.99 0.0514626 0.02 2.2826e-05
0 0.340195 0.982 0.0910076 0.036 2.29797e-05
0 0.236999 0.106667 0.0362947 0.088 2.30731e-05
0 0.580715 0.714667 0.0682557 0.2 2.31811e-05
0 0.183369 0.0833333 0.0460455 0.0893333 2.31866e-05
0 0.304442 0.0946667 0.0346696 0.104 2.32561e-05
0 0.166306 0.215333 0.183099 0.430667 2.33007e-05
0 0.426056 0.991333 0.0915493 0.0173333 2.33016e-05
0 0.524377 0.630667 0.0444204 0.109333 2.33365e-05
0 0.258938 0.888 0.0422535 0.130667 2.33577e-05
0 0.450975 0.255333 0.0687974 0.092 2.34471e-05
0 0.686078 0.138667 0.0807151 0.205333 2.3535e-05
0 0.174973 0.0566667 0.0769231 0.0946667 2.35693e-05
0 0.570693 0.863333 0.0471289 0.257333 2.36753e-05
0 0.0804442 0.17 0.102384 0.34 2.37868e-05
0 0.606446 0.472667 0.0633803 0.204 2.38405e-05
0 0.604009 0.535333 0.092091 0.284 2.38785e-05
0 0.411972 0.515333 0.13922 0.545333 2.39281e-05
0 0.814464 0.108 0.102384 0.216 2.41008e-05
0 0.0167931 0.826 0.0335861 0.14 2.41609e-05
0 0.681744 0.08 0.0460455 0.0906667 2.41707e-05
0 0.543879 0.659333 0.0520043 0.1 2.42088e-05
0 0.538732 0.439333 0.0752979 0.142667 2.42128e-05
0 0.293879 0.062 0.0384615 0.0786667 2.42909e-05
0 0.634345 0.622667 0.0411701 0.237333 2.43334e-05
0 0.750813 0.970667 0.0400867 0.0586667 2.43386e-05
0 0.756771 0.984 0.056338 0.032 2.43407e-05
0 0.470477 0.974 0.0417118 0.028 2.43567e-05
0 0.405742 0.262667 0.127844 0.525333 2.43969e-05
0 0.459642 0.254 0.138137 0.508 2.44353e-05
0 0.0847779 0.0906667 0.095883 0.168 2.4483e-05
0 0.943933 0.644 0.107801 0.264 2.455e-05
0 0.128657 0.00266667 0.0557963 0.00533333 2.459e-05
0 0.793608 0.632667 0.0682557 0.132 2.46931e-05
0 0.972373 0.0573333 0.0422535 0.072 2.4862e-05
0 0.672535 0.17 0.143554 0.34 2.48876e-05
0 0.454225 0.406 0.0557963 0.124 2.48913e-05
0 0.234561 0.567333 0.0390032 0.0946667 2.49732e-05
0 0.054442 0.0613333 0.0471289 0.0933333 2.49845e-05
0 0.591278 0.994667 0.0893824 0.0106667 2.50507e-05
0 0.241874 0.024 0.113218 0.048 2.51341e-05
0 0.963434 0.97 0.0731311 0.06 2.51411e-05
0 0.391387 0.338667 0.0287107 0.0933333 2.51639e-05
0 0.0165222 0.7 0.0330444 0.130667 2.52017e-05
0 0.32909 0.462667 0.088299 0.226667 2.5222e-05
0 0.28467 0.982 0.0438787 0.0253333 2.53739e-05
0 0.0633803 0.696 0.0595883 0.184 2.54662e-05
0 0.49052 0.404 0.0655471 0.144 2.54847e-05
0 0.0438787 0.0893333 0.0509209 0.133333 2.55109e-05
0 0.037649 0.798 0.0752979 0.404 2.56043e-05
0 0.293879 0.024 0.119718 0.048 2.57487e-05
0 0.328819 0.828667 0.0866739 0.284 2.57776e-05
0 0.138949 0.340667 0.0947996 0.316 2.5871e-05
0 0.113759 0.953333 0.099675 0.0933333 2.58736e-05
0 0.57909 0.0786667 0.0411701 0.106667 2.59205e-05
0 0.991874 0.952667 0.0162514 0.0946667 2.5959e-05
0 0.194204 0.0246667 0.122969 0.0493333 2.59913e-05
0 0.216956 0.21 0.088299 0.321333 2.60214e-05
0 0.868906 0.990667 0.0444204 0.0186667 2.60561e-05
0 0.568527 0.180667 0.128386 0.361333 2.62017e-05
0 0.0912784 0.892667 0.088299 0.158667 2.62599e-05
0 0.306067 0.220667 0.0801734 0.182667 2.63546e-05
0 0.647887 0.0713333 0.0346696 0.0866667 2.64258e-05
0 0.473456 0.973333 0.0617551 0.0533333 2.64769e-05
0 0.133532 0.788667 0.0460455 0.118667 2.66267e-05
0 0.618364 0.226 0.100217 0.236 2.66608e-05
0 0.767064 1 0.0465872 0 2.67157e-05
0 0.37351 0.800667 0.167389 0.398667 2.67228e-05
0 0.13597 0.458667 0.0487541 0.117333 2.68345e-05
0 0.164951 0.794667 0.052546 0.128 2.69543e-05
0 0.960184 0.758 0.0709642 0.262667 2.70548e-05
0 0.181203 0.996667 0.0438787 0.00666667 2.73393e-05
0 0.285753 0.476667 0.0991333 0.137333 2.73519e-05
0 0.51896 0.352 0.0509209 0.130667 2.73755e-05
0 0.960726 0.433333 0.052546 0.101333 2.73945e-05
0 0.11078 0.284 0.108884 0.317333 2.74082e-05
0 0.838841 0.0226667 0.115385 0.0453333 2.7496e-05
0 0.549296 0.995333 0.0823402 0.00933333 2.75952e-05
0 0.658722 0.409333 0.101842 0.229333 2.7624e-05
0 0.587216 0.269333 0.0671723 0.173333 2.77898e-05
0 0.0490249 0.15 0.0980498 0.3 2.77909e-05
0 0.0276273 0.614667 0.0465872 0.133333 2.79398e-05
0 0.632719 0.410667 0.0660888 0.176 2.80715e-05
0 0.21208 0.46 0.0373781 0.088 2.81336e-05
0 0.411701 0.094 0.0606717 0.172 2.82706e-05
0 0.793608 0.99 0.121343 0.02 2.83236e-05
0 0.94312 0.0293333 0.101842 0.0586667 2.83738e-05
0 0.267335 0.353333 0.031961 0.104 2.83933e-05
0 0.169556 0.0173333 0.0498375 0.0346667 2.8415e-05
0 0.433911 0.150667 0.063922 0.205333 2.85128e-05
0 0.558505 0.786 0.0595883 0.148 2.85457e-05
0 0.0178765 0.91 0.0184182 0.18 2.86109e-05
0 0.0528169 0.00266667 0.0536295 0.00533333 2.86951e-05
0 0.142199 0.934 0.0731311 0.132 2.87638e-05
0 0.622156 0.791333 0.151138 0.417333 2.88195e-05
0 0.0893824 0 0.0541712 0 2.90865e-05
0 0.411159 0.517333 0.084507 0.186667 2.90873e-05
0 0.0929036 0.754667 0.0514626 0.213333 2.90916e-05
0 0.63597 0.594667 0.106176 0.288 2.91108e-05
0 0.8987 0.0106667 0.0931744 0.0213333 2.92526e-05
0 0.429307 1 0.0536295 0 2.9419e-05
0 0.51598 0.259333 0.0492958 0.137333 2.94409e-05
0 0.711809 0.652667 0.0628386 0.148 2.95397e-05
0 0.310401 0.255333 0.12351 0.473333 2.96076e-05
0 0.963976 0.906667 0.0427952 0.152 2.97116e-05
0 0.684453 0.582667 0.067714 0.141333 2.97712e-05
0 0.280878 0.767333 0.0980498 0.196 3.01141e-05
0 0.140303 0.996 0.0444204 0.008 3.01506e-05
0 0.170368 0.707333 0.0427952 0.092 3.01528e-05
0 0.36078 0.512 0.122427 0.461333 3.01933e-05
0 0.971831 0.703333 0.056338 0.193333 3.02479e-05
0 0.930661 1 0.0476706 0 3.05358e-05
0 0.555255 0.108667 0.0379198 0.102667 3.13176e-05
0 0.235915 0.400667 0.0352113 0.0866667 3.1425e-05
0 0.456663 0.242667 0.0877573 0.168 3.15128e-05
0 0.975081 0.882 0.0498375 0.236 3.15221e-05
0 0.605905 0.632 0.108884 0.226667 3.15306e-05
0 0.234561 0.820667 0.0368364 0.129333 3.15325e-05
0 0.701517 0.999333 0.0769231 0.00133333 3.15338e-05
0 0.660076 0.582 0.0687974 0.126667 3.16094e-05
0 0.666576 0.499333 0.166306 0.636 3.17203e-05
0 0.0674431 0.391333 0.0211268 0.134667 3.17622e-05
0 0.361322 0.142 0.0769231 0.284 3.18347e-05
0 0.98402 0.758667 0.031961 0.333333 3.19185e-05
0 0.194204 0.946667 0.0362947 0.088 3.19227e-05
0 0.715601 0.952 0.0790899 0.096 3.19569e-05
0 0.567443 1 0.0460455 0 3.22143e-05
0 0.247833 0.140667 0.0742145 0.201333 3.24295e-05
0 0.644366 0.844667 0.0709642 0.172 3.29929e-05
0 0.986728 0.571333 0.0265439 0.113333 3.31086e-05
0 0.0636511 1 0.052546 0 3.31735e-05
0 0.31338 0.072 0.0785482 0.144 3.32236e-05
0 0.89545 0.988667 0.0476706 0.0226667 3.33268e-05
0 0.457746 0.335333 0.063922 0.153333 3.35202e-05
0 0.370531 0.676 0.0747562 0.12 3.35571e-05
0 0.944204 0.996667 0.0487541 0.00666667 3.35676e-05
0 0.306338 0.41 0.0579632 0.108 3.37903e-05
0 0.687161 0.652 0.0666305 0.152 3.38287e-05
0 0.169285 0.576667 0.0417118 0.110667 3.3878e-05
0 0.842904 0.002 0.0541712 0.004 3.39041e-05
0 0.25623 0.996 0.0422535 0.008 3.39329e-05
0 0.81961 0.981333 0.092091 0.0373333 3.41121e-05
0 0.670368 0.112 0.0492958 0.104 3.42813e-05
0 0.224269 0.275333 0.0704225 0.169333 3.43432e-05
0 0.28467 0.408667 0.0828819 0.132 3.43873e-05
0 0.350488 0.456667 0.056338 0.124 3.44395e-05
0 0.343716 0.024 0.122969 0.048 3.45498e-05
0 0.240791 0.955333 0.067714 0.0893333 3.45948e-05
0 0.461809 0.989333 0.14247 0.0213333 3.46808e-05
0 0.537649 0.364667 0.0579632 0.113333 3.47196e-05
0 0.0923619 0.367333 0.0438787 0.108 3.47685e-05
0 0.341549 1 0.0482123 0 3.47773e-05
0 0.527898 0.194667 0.0265439 0.0826667 3.48338e-05
0 0.219122 0.016 0.0438787 0.032 3.48667e-05
0 0.952329 0.755333 0.0953413 0.446667 3.49989e-05
0 0.107259 0.349333 0.0910076 0.136 3.50199e-05
0 0.279523 0.702 0.100758 0.14 3.51841e-05
0 0.265981 0.951333 0.0736728 0.0973333 3.52444e-05
0 0.0235645 0.968667 0.0471289 0.0626667 3.54065e-05
0 0.384615 0.09 0.0552546 0.156 3.54344e-05
0 0.0568797 0.962 0.100758 0.076 3.5529e-05
0 0.924973 0.986667 0.0893824 0.0266667 3.55616e-05
0 0.988624 0.948 0.0162514 0.104 3.56278e-05
0 0.661159 0.537333 0.1013 0.213333 3.57306e-05
0 0.158992 0.364 0.0427952 0.096 3.63364e-05
0 0.606176 0.861333 0.0530878 0.149333 3.65577e-05
0 0.205309 0.884667 0.0595883 0.153333 3.65995e-05
0 0.248375 0.995333 0.0622969 0.00933333 3.66328e-05
0 0.890033 0.514 0.195016 0.58 3.66404e-05
0 0.486999 0.272 0.0693391 0.136 3.67971e-05
0 0.735103 0.982667 0.0888407 0.0346667 3.68011e-05
0 0.837486 0.962 0.111593 0.0706667 3.68865e-05
0 0.989166 0.970667 0.0130011 0.0586667 3.70202e-05
0 0.0173348 0.95 0.0292524 0.1 3.7046e-05
0 0.838841 0.993333 0.0514626 0.0133333 3.70971e-05
0 0.0430661 0.39 0.0482123 0.134667 3.71301e-05
0 0.486728 0.100667 0.0893824 0.201333 3.7373e-05
0 0.467497 0.0233333 0.130011 0.0466667 3.7512e-05
0 0.0176056 0.213333 0.0352113 0.117333 3.75783e-05
0 0.486728 0.336667 0.067714 0.148 3.7843e-05
0 0.74675 0.830667 0.0991333 0.338667 3.80242e-05
0 0.568797 0.863333 0.0314193 0.076 3.8165e-05
0 0.52546 0.200667 0.0400867 0.137333 3.84219e-05
0 0.875948 1 0.0812568 0 3.84717e-05
0 0.030065 0.238 0.0482123 0.156 3.8522e-05
0 0.918472 0.878 0.052546 0.148 3.85433e-05
0 0.286024 0.938667 0.0812568 0.122667 3.85862e-05
0 0.713705 0.285333 0.156555 0.570667 3.85936e-05
0 0.986457 0.391333 0.0270856 0.1 3.87254e-05
0 0.373781 0.289333 0.0270856 0.096 3.88994e-05
0 0.182828 0.456667 0.0417118 0.0973333 3.89679e-05
0 0.153846 0.00266667 0.056338 0.00533333 3.91123e-05
0 0.343987 0.327333 0.0855905 0.236 3.91128e-05
0 0.328277 0.469333 0.0585049 0.12 3.91561e-05
0 0.110238 0.264667 0.163055 0.492 3.9213e-05
0 0.986999 0.666667 0.0260022 0.112 3.92396e-05
0 0.867281 0.0466667 0.102925 0.0933333 3.93351e-05
0 0.145991 0.757333 0.0482123 0.0986667 3.9464e-05
0 0.36701 0.999333 0.0514626 0.00133333 3.95763e-05
0 0.584778 0.202 0.0904659 0.225333 3.9612e-05
0 0.164139 0.104667 0.101842 0.209333 3.96644e-05
0 0.504605 0.997333 0.0503792 0.00533333 3.98731e-05
0 0.223456 0.476667 0.0417118 0.1 3.99044e-05
0 0.38597 0.246 0.0438787 0.153333 3.99386e-05
0 0.344258 0.744 0.0579632 0.301333 3.99906e-05
0 0.0167931 0.640667 0.0335861 0.129333 4.00656e-05
0 0.692849 0.971333 0.0682557 0.0573333 4.00898e-05
0 0.941224 0.266 0.0904659 0.201333 4.01694e-05
0 0.24377 0.00133333 0.0530878 0.00266667 4.01802e-05
0 0.79117 0.0473333 0.0482123 0.06 4.01996e-05
0 0.243229 0.783333 0.0422535 0.126667 4.02846e-05
0 0.601571 0.516 0.14572 0.453333 4.04472e-05
0 0.365114 0.306667 0.035753 0.0986667 4.05184e-05
0 0.302275 1 0.0498375 0 4.05252e-05
0 0.959642 0.912 0.0709642 0.176 4.06204e-05
0 0.9461 0.396 0.0947996 0.245333 4.06862e-05
0 0.900596 0.983333 0.0763814 0.0333333 4.08999e-05
0 0.630553 0.533333 0.063922 0.221333 4.09196e-05
0 0.17091 0.432 0.0427952 0.109333 4.10148e-05
0 0.0417118 0.476667 0.0487541 0.177333 4.10196e-05
0 0.0880282 0.661333 0.0482123 0.112 4.11414e-05
0 0.0200433 0.146667 0.0400867 0.114667 4.14259e-05
0 0.694475 1 0.0422535 0 4.15008e-05
0 0.437974 0.086 0.0709642 0.161333 4.16383e-05
0 0.0666305 0.996667 0.0704225 0.00666667 4.17442e-05
0 0.143012 1 0.0606717 0 4.17736e-05
0 0.906013 1 0.0460455 0 4.19155e-05
0 0.914139 1 0.0796316 0 4.19681e-05
0 0.258397 0.362 0.113759 0.465333 4.23038e-05
0 0.478332 1 0.0530878 0 4.23752e-05
0 0.353467 0.734 0.024377 0.0866667 4.2407e-05
0 0.453142 1 0.0547129 0 4.25084e-05
0 0.378927 0.370667 0.052546 0.274667 4.25937e-05
0 0.459372 0.134667 0.104009 0.258667 4.26878e-05
0 0.299567 0.279333 0.0530878 0.164 4.27282e-05
0 0.365385 0.234 0.06013 0.268 4.27519e-05
0 0.949079 0.855333 0.101842 0.289333 4.28176e-05
0 0.190141 0.0646667 0.0812568 0.129333 4.30654e-05
0 0.0874865 1 0.052546 0 4.31242e-05
0 0.0314193 0.120667 0.0498375 0.142667 4.32349e-05
0 0.575298 0.88 0.0249187 0.0533333 4.33058e-05
0 0.160888 0.281333 0.0953413 0.2 4.35886e-05
0 0.0173348 0.637333 0.0227519 0.232 4.3629e-05
0 0.363759 0.996667 0.0763814 0.00666667 4.36948e-05
0 0.734832 0.146667 0.0817985 0.208 4.38807e-05
0 0.817714 0.00133333 0.0536295 0.00266667 4.44425e-05
0 0.712893 0.482667 0.0866739 0.138667 4.45861e-05
0 0.157096 0.344667 0.0790899 0.137333 4.45974e-05
0 0.54117 0.0233333 0.115926 0.0466667 4.46219e-05
0 0.0617551 0.822 0.12351 0.356 4.47566e-05
0 0.183099 0.0533333 0.0476706 0.0666667 4.47588e-05
0 0.702329 0.818667 0.116468 0.128 4.4843e-05
0 0.102925 0.49 0.0498375 0.161333 4.52002e-05
0 0.358072 0.044 0.0498375 0.0586667 4.54522e-05
0 0.193933 0.0166667 0.0476706 0.0333333 4.54879e-05
0 0.390303 1 0.0547129 0 4.55857e-05
0 0.283315 0.0206667 0.0552546 0.0413333 4.56464e-05
0 0.738624 1 0.0839653 0 4.56977e-05
0 0.970477 0.0213333 0.0482123 0.04 4.59376e-05
0 0.228332 0.684667 0.0417118 0.105333 4.63564e-05
0 0.305255 0 0.0536295 0 4.63663e-05
0 0.219122 0.345333 0.0471289 0.154667 4.64572e-05
0 0.246479 0.0186667 0.0455038 0.0373333 4.65237e-05
0 0.861051 0.00533333 0.0850488 0.0106667 4.66818e-05
0 0.430119 0.241333 0.0628386 0.0906667 4.69161e-05
0 0.529252 0.996667 0.0509209 0.00666667 4.69212e-05
0 0.0888407 0.072 0.108342 0.144 4.72572e-05
0 0.20883 0.956667 0.0752979 0.0866667 4.73775e-05
0 0.838841 0.0406667 0.0687974 0.0813333 4.75059e-05
0 0.365655 0.0586667 0.0801734 0.117333 4.75585e-05
0 0.901138 0.958667 0.0622969 0.0586667 4.78822e-05
0 0.30688 0.014 0.0460455 0.028 4.81783e-05
0 0.551463 0.144 0.0541712 0.192 4.82168e-05
0 0.953955 0.998667 0.0509209 0.00266667 4.84492e-05
0 0.261918 0.00533333 0.0687974 0.0106667 4.86684e-05
0 0.782503 0.0533333 0.0937161 0.106667 4.91325e-05
0 0.494583 0.0486667 0.0465872 0.0573333 4.91326e-05
0 0.114843 0.881333 0.0855905 0.237333 4.925e-05
0 0.216414 0.09 0.0785482 0.142667 4.93441e-05
0 0.322589 0.988667 0.0698808 0.0226667 4.95139e-05
0 0.253521 0.469333 0.0780065 0.154667 4.95297e-05
0 0.058234 0.0446667 0.0904659 0.0893333 4.96457e-05
0 0.823673 0.006 0.0796316 0.012 4.97201e-05
0 0.84182 0.0293333 0.0487541 0.056 4.98316e-05
0 0.271127 0.914 0.0449621 0.121333 5.00429e-05
0 0.676327 0.944667 0.0222102 0.0946667 5.01505e-05
0 0.0130011 0.935333 0.0260022 0.129333 5.02058e-05
0 0.489437 1 0.0872156 0 5.02772e-05
0 0.343174 0.334 0.0633803 0.134667 5.04462e-05
0 0.590195 0.0273333 0.111051 0.0546667 5.05043e-05
0 0.205309 0.998 0.0465872 0.004 5.05669e-05
0 0.690141 0.0293333 0.111593 0.0586667 5.08655e-05
0 0.0769231 0.552 0.0368364 0.122667 5.10441e-05
0 0.441224 0.0553333 0.088299 0.110667 5.12271e-05
0 0.217768 0.821333 0.108342 0.357333 5.12518e-05
0 0.520314 0.989333 0.0709642 0.0213333 5.1416e-05
0 0.691224 0.738 0.071506 0.121333 5.14613e-05
0 0.0761105 0.353333 0.0709642 0.245333 5.1462e-05
0 0.151138 0.890667 0.0422535 0.12 5.16467e-05
0 0.729686 1 0.0487541 0 5.20345e-05
0 0.513814 0.06 0.0807151 0.12 5.24749e-05
0 0.248375 0.0613333 0.0438787 0.0826667 5.26362e-05
0 0.229957 0.998 0.0482123 0.004 5.26662e-05
0 0.144095 0.700667 0.0498375 0.116 5.27333e-05
0 0.603738 0.844 0.0926327 0.272 5.28247e-05
0 0.0809859 0.341333 0.0417118 0.106667 5.28555e-05
0 0.881094 1 0.0460455 0 5.29316e-05
0 0.0579632 0.878 0.0801734 0.190667 5.32195e-05
0 0.168743 0.756667 0.0460455 0.092 5.32381e-05
0 0.96533 0.074 0.0693391 0.148 5.32409e-05
0 0.00893824 0.0393333 0.0157096 0.0786667 5.33428e-05
0 0.286295 0.00333333 0.0698808 0.00666667 5.35732e-05
0 0.245125 0.0706667 0.0785482 0.141333 5.36901e-05
0 0.352113 0.623333 0.0747562 0.129333 5.37165e-05
0 0.299567 0.975333 0.0455038 0.028 5.3908e-05
0 0.751354 1 0.0465872 0 5.46994e-05
0 0.609697 0.272 0.146804 0.544 5.47125e-05
0 0.916035 0 0.0541712 0 5.47163e-05
0 0.452058 1 0.0828819 0 5.49145e-05
0 0.241333 0.878667 0.0406284 0.168 5.51238e-05
0 0.662514 0.654 0.0931744 0.185333 5.54898e-05
0 0.382719 0.0433333 0.0438787 0.0626667 5.55685e-05
0 0.799567 0.586667 0.071506 0.0826667 5.56581e-05
0 0.393824 0.000666667 0.0509209 0.00133333 5.6071e-05
0 0.156555 0.545333 0.0509209 0.136 5.64162e-05
0 0.113218 1 0.0509209 0 5.66027e-05
0 0.336674 0.402 0.0742145 0.134667 5.67431e-05
0 0.466143 0.0793333 0.088299 0.129333 5.70406e-05
0 0.324485 0.63 0.119177 0.425333 5.72101e-05
0 0.359967 0.0846667 0.06013 0.145333 5.74091e-05
0 0.396533 0.340667 0.0650054 0.148 5.78321e-05
0 0.660347 0.0933333 0.0823402 0.186667 5.79036e-05
0 0.851571 0.102667 0.0888407 0.173333 5.79226e-05
0 0.323944 0.968 0.0790899 0.064 5.79628e-05
0 0.976977 0.15 0.0341278 0.092 5.83711e-05
0 0.182286 0.912 0.0687974 0.176 5.84989e-05
0 0.492145 0.0266667 0.06013 0.0533333 5.86058e-05
0 0.960997 0.996667 0.0682557 0.00666667 5.87628e-05
0 0.205038 0 0.0547129 0 5.88724e-05
0 0.158451 0.208 0.126219 0.352 5.8902e-05
0 0.519502 0.204667 0.0260022 0.076 5.95052e-05
0 0.289545 0.596 0.113218 0.152 5.97883e-05
0 0.223727 0.00333333 0.0704225 0.00666667 5.98614e-05
0 0.161972 0.419333 0.135428 0.465333 6.00495e-05
0 0.884886 0.8 0.18364 0.4 6.03977e-05
0 0.556609 0.00133333 0.0547129 0.00266667 6.04396e-05
0 0.594529 0.00333333 0.052546 0.00666667 6.05217e-05
0 0.751354 0.989333 0.0411701 0.0213333 6.05996e-05
0 0.0706934 0.632 0.0742145 0.149333 6.06417e-05
0 0.663055 0.494 0.0433369 0.350667 6.10879e-05
0 0.0167931 0.578 0.0335861 0.126667 6.1723e-05
0 0.334507 0.09 0.0644637 0.14 6.17297e-05
0 0.970206 0.204 0.0552546 0.224 6.19197e-05
0 0.304713 0.99 0.0514626 0.02 6.19207e-05
0 0.679307 1 0.0433369 0 6.20205e-05
0 0.682557 0.471333 0.0877573 0.193333 6.2143e-05
0 0.187432 0.0926667 0.0899242 0.161333 6.21704e-05
0 0.543879 0.064 0.0758397 0.128 6.24307e-05
0 0.636511 0.499333 0.0346696 0.321333 6.24393e-05
0 0.365385 1 0.0536295 0 6.31341e-05
0 0.226436 0.592 0.0346696 0.114667 6.32056e-05
0 0.762188 0.0286667 0.109426 0.0573333 6.34063e-05
0 0.238895 0.82 0.056338 0.328 6.37675e-05
0 0.368093 0.242 0.0417118 0.161333 6.41477e-05
0 0.819068 0.590667 0.0227519 0.0346667 6.45811e-05
0 0.591549 1 0.0498375 0 6.46251e-05
0 0.972102 0.33 0.0503792 0.113333 6.46916e-05
0 0.632449 0.474 0.113218 0.249333 6.48864e-05
0 0.546858 0.616 0.0752979 0.258667 6.51118e-05
0 0.808776 0.0213333 0.0769231 0.0426667 6.55475e-05
0 0.356717 0.511333 0.0720477 0.177333 6.57556e-05
0 0.279523 0.0646667 0.0455038 0.0893333 6.5823e-05
0 0.802817 1 0.0899242 0 6.60909e-05
0 0.75948 0.0806667 0.0834236 0.134667 6.64261e-05
0 0.0387324 0.0286667 0.0774648 0.0573333 6.65188e-05
0 0.342904 0 0.0552546 0 6.69683e-05
0 0.0270856 0.542 0.0411701 0.177333 6.69881e-05
0 0.261918 0.540667 0.116468 0.441333 6.76254e-05
0 0.637053 0.772667 0.084507 0.236 6.7872e-05
0 0.682557 0.988 0.0368364 0.024 6.80736e-05
0 0.566631 0.0946667 0.0780065 0.149333 6.84404e-05
0 0.328007 0.976667 0.0406284 0.0306667 6.86822e-05
0 0.971018 0.64 0.0503792 0.189333 6.86922e-05
0 0.606717 0.998667 0.0476706 0.00266667 6.88496e-05
0 0.442037 0.000666667 0.056338 0.00133333 6.89884e-05
0 0.896533 0.856 0.119177 0.213333 6.91003e-05
0 0.466956 0 0.056338 0 6.93704e-05
0 0.505417 0 0.056338 0 6.93715e-05
0 0.991603 0.752 0.0157096 0.205333 6.9979e-05
0 0.359426 0.664667 0.1013 0.345333 7.00454e-05
0 0.792253 1 0.052546 0 7.00905e-05
0 0.440412 0.242 0.0325027 0.068 7.02847e-05
0 0.67416 0.796 0.0557963 0.136 7.0807e-05
0 0.281419 0.268667 0.0471289 0.158667 7.08843e-05
0 0.753521 0.0506667 0.0899242 0.101333 7.12174e-05
0 0.162514 0.991333 0.084507 0.0173333 7.15229e-05
0 0.902221 0.0953333 0.0547129 0.132 7.16919e-05
0 0.945829 0.984 0.0855905 0.032 7.19022e-05
0 0.699621 0.98 0.0557963 0.04 7.23071e-05
0 0.413597 0.006 0.0698808 0.012 7.23439e-05
0 0.118364 0.621333 0.0482123 0.122667 7.24973e-05
0 0.890845 0 0.0547129 0 7.26042e-05
0 0.467768 0.87 0.150054 0.22 7.33504e-05
0 0.0371073 0.615333 0.0742145 0.462667 7.35602e-05
0 0.619177 1 0.071506 0 7.39835e-05
0 0.279523 1 0.0487541 0 7.42525e-05
0 0.254063 0.362 0.0671723 0.193333 7.42775e-05
0 0.563651 1 0.0763814 0 7.46399e-05
0 0.42091 0.0433333 0.0455038 0.068 7.51958e-05
0 0.579361 0.788 0.0893824 0.250667 7.52796e-05
0 0.179577 1 0.0438787 0 7.52983e-05
0 0.29117 0.982667 0.0785482 0.0346667 7.55484e-05
0 0.699079 0.048 0.0742145 0.064 7.60028e-05
0 0.367551 0 0.0547129 0 7.61009e-05
0 0.300108 1 0.0823402 0 7.62348e-05
0 0.141387 0.844 0.0574215 0.210667 7.66066e-05
0 0.189599 0.649333 0.0790899 0.165333 7.67432e-05
0 0.855092 0.134 0.121885 0.268 7.67876e-05
0 0.890845 0.154 0.109967 0.190667 7.75102e-05
0 0.564735 0.619333 0.852113 0.761333 7.84696e-05
0 0.622698 0.0713333 0.088299 0.14 7.85242e-05
0 0.366739 0.370667 0.056338 0.157333 7.91095e-05
0 0.388949 0.988667 0.131094 0.0226667 7.9509e-05
0 0.280607 0.276 0.071506 0.245333 7.97471e-05
0 0.170639 0.852667 0.11701 0.294667 7.99598e-05
0 0.70558 0 0.0547129 0 8.04969e-05
0 0.239707 1 0.0449621 0 8.11633e-05
0 0.510563 0.022 0.0752979 0.044 8.15818e-05
0 0.331798 0.0146667 0.0492958 0.0293333 8.18895e-05
0 0.821777 0.588 0.0411701 0.0533333 8.26997e-05
0 0.0701517 0.485333 0.039545 0.170667 8.32014e-05
0 0.985374 0.511333 0.0292524 0.129333 8.37015e-05
0 0.0308776 0.0653333 0.0476706 0.104 8.38644e-05
0 0.0706934 0.308667 0.0384615 0.102667 8.3974e-05
0 0.791983 0.00133333 0.0552546 0.00266667 8.42221e-05
0 0.38922 0 0.0557963 0 8.42633e-05
0 0.265439 0.822 0.107259 0.356 8.44453e-05
0 0.71533 0.528 0.0687974 0.122667 8.46824e-05
0 0.185536 0.709333 0.0828819 0.125333 8.47854e-05
0 0.0140845 0.0113333 0.028169 0.0226667 8.54903e-05
0 0.0506501 0.207333 0.0774648 0.222667 8.54956e-05
0 0.964518 0.572 0.0612134 0.226667 8.56366e-05
0 0.581257 0.788667 0.0606717 0.164 8.59373e-05
0 0.680119 0 0.0557963 0 8.61601e-05
0 0.13922 1 0.0476706 0 8.66257e-05
0 0.111051 0.996 0.115926 0.008 8.7099e-05
0 0.113489 0.750667 0.0514626 0.194667 8.78638e-05
0 0.985645 0.638667 0.0287107 0.274667 8.79607e-05
0 0.538191 0.104667 0.0612134 0.209333 8.8774e-05
0 0.548212 0.0573333 0.0433369 0.0666667 8.90605e-05
0 0.00758397 0.064 0.0119177 0.112 8.9377e-05
0 0.185536 0.590667 0.0774648 0.154667 8.99993e-05
0 0.086403 1 0.0861322 0 9.01346e-05
0 0.112947 0 0.0557963 0 9.0171e-05
0 0.324215 0.002 0.0752979 0.004 9.04199e-05
0 0.840737 0.938667 0.131094 0.122667 9.11114e-05
0 0.5539 1 0.0503792 0 9.15885e-05
0 0.695287 0.984 0.0406284 0.024 9.16006e-05
0 0.865114 0 0.0552546 0 9.1679e-05
0 0.256501 0.331333 0.0373781 0.118667 9.1755e-05
0 0.267064 0.992667 0.0964247 0.0146667 9.22299e-05
0 0.0213976 0.0726667 0.0427952 0.145333 9.25937e-05
0 0.356176 0.656667 0.0492958 0.092 9.3664e-05
0 0.722102 0.0573333 0.0877573 0.114667 9.39079e-05
0 0.0100217 0.016 0.0200433 0.032 9.39525e-05
0 0.456392 0.0473333 0.0514626 0.0626667 9.39674e-05
0 0.312297 0.548 0.0828819 0.176 9.39866e-05
0 0.218581 0.843333 0.0655471 0.196 9.40195e-05
0 0.893554 0.068 0.0991333 0.109333 9.41116e-05
0 0.222102 0.645333 0.444204 0.709333 9.42189e-05
0 0.637866 0.998 0.0796316 0.004 9.4271e-05
0 0.513814 0.103333 0.0514626 0.161333 9.43702e-05
0 0.657367 0.0473333 0.067714 0.0626667 9.46155e-05
0 0.178765 0.914667 0.0455038 0.138667 9.47607e-05
0 0.0308776 0.412 0.0346696 0.208 9.47703e-05
0 0.814464 0.993333 0.052546 0.0133333 9.49389e-05
0 0.630282 0.996667 0.0503792 0.00666667 9.50193e-05
0 0.0574215 0.449333 0.0411701 0.157333 9.50782e-05
0 0.979144 0.00866667 0.0417118 0.0173333 9.51193e-05
0 0.225894 0.552 0.0985916 0.365333 9.54591e-05
0 0.668472 0.992 0.0411701 0.016 9.57174e-05
0 0.609155 0.71 0.153304 0.396 9.65965e-05
0 0.113489 0.0233333 0.109967 0.0466667 9.67701e-05
0 0.811213 0.0253333 0.095883 0.0506667 9.71391e-05
0 0.579902 0.867333 0.0178765 0.0466667 9.73323e-05
0 0.608613 0.139333 0.088299 0.204 9.77401e-05
0 0.134886 0.754667 0.0747562 0.248 9.80811e-05
0 0.301733 0.886 0.0790899 0.185333 9.81074e-05
0 0.0468581 1 0.0644637 0 9.8502e-05
0 0.503521 1 0.0536295 0 9.85246e-05
0 0.667389 0.716 0.0780065 0.186667 9.92561e-05
0 0.249187 0.646 0.0368364 0.148 9.95097e-05
0 0.960726 0.488 0.0536295 0.133333 0.000100193
0 0.985374 0.326667 0.0292524 0.157333 0.000100384
0 0.839653 1 0.0552546 0 0.000100982
0 0.599946 0.00933333 0.0785482 0.0186667 0.000101989
0 0.638407 0.0373333 0.106717 0.0746667 0.000102098
0 0.418743 0.000666667 0.0541712 0.00133333 0.000103331
0 0.615926 0 0.056338 0 0.000103727
0 0.953413 0 0.0552546 0 0.000105175
0 0.615926 1 0.0520043 0 0.000105754
0 0.157638 0.735333 0.0433369 0.092 0.000107385
0 0.24052 0.332667 0.0422535 0.156 0.000109362
0 0.281419 0.995333 0.0503792 0.00933333 0.000109542
0 0.699621 0.956 0.052546 0.0613333 0.000109837
0 0.933099 0.0613333 0.126219 0.122667 0.000109871
0 0.388678 1 0.0828819 0 0.000109883
0 0.654117 0.00266667 0.0557963 0.00533333 0.000110648
0 0.947725 0.521333 0.0731311 0.170667 0.000110963
0 0.0874865 0 0.0547129 0 0.000111506
0 0.536295 0.004 0.0780065 0.008 0.000113056
0 0.0520043 0.108667 0.084507 0.217333 0.000113133
0 0.528169 1 0.0530878 0 0.000113786
0 0.529523 0.149333 0.0438787 0.144 0.00011405
0 0.964789 0.274667 0.0704225 0.266667 0.000114215
0 0.980769 0.00133333 0.0384615 0.00266667 0.00011476
0 0.947454 0.501333 0.105092 0.405333 0.000115132
0 0.610509 0.0406667 0.0704225 0.0493333 0.000115409
0 0.0260022 0.959333 0.0520043 0.0813333 0.000116063
0 0.0780065 0.411333 0.0541712 0.182667 0.000116091
0 0.73104 0.00266667 0.0536295 0.00533333 0.000116383
0 0.0712351 0.365333 0.0406284 0.109333 0.00011684
0 0.556067 0.0746667 0.0460455 0.114667 0.000117027
0 0.426869 0 0.056338 0 0.000118469
0 0.545504 0.0213333 0.0455038 0.0426667 0.000118518
0 0.175785 0.519333 0.0568797 0.153333 0.000118873
0 0.0130011 0.884 0.0260022 0.184 0.000118999
0 0.296587 0.963333 0.0774648 0.0733333 0.000119032
0 0.174431 0.006 0.0812568 0.012 0.000119159
0 0.609697 0.750667 0.0362947 0.429333 0.000119275
0 0.264897 0 0.0552546 0 0.000121402
0 0.270585 0.149333 0.117551 0.298667 0.000121512
0 0.255146 0.546667 0.0736728 0.189333 0.000121998
0 0.954496 1 0.0520043 0 0.000122297
0 0.768418 0.00133333 0.0547129 0.00266667 0.000122332
0 0.0178765 0.0946667 0.035753 0.144 0.000122336
0 0.662784 0.995333 0.0720477 0.00933333 0.00012252
0 0.445016 0.00333333 0.0752979 0.00666667 0.000123143
0 0.0398158 0.279333 0.0796316 0.390667 0.00012451
0 0.940412 0.00533333 0.0823402 0.0106667 0.000125036
0 0.0219393 0.98 0.039545 0.04 0.000125231
0 0.451788 0 0.056338 0 0.000125234
0 0.492958 0.0173333 0.0476706 0.0346667 0.000125884
0 0.640845 0 0.056338 0 0.000126261
0 0.239978 0 0.0552546 0 0.000126602
0 0.137866 0 0.0568797 0 0.000126959
0 0.969393 0.042 0.0612134 0.084 0.000127767
0 0.297671 0.103333 0.0579632 0.177333 0.000129236
0 0.203413 1 0.0471289 0 0.00012931
0 0.980228 0.997333 0.0384615 0.00533333 0.000129472
0 0.605634 0.724667 0.0780065 0.297333 0.000130882
0 0.840466 0 0.0557963 0 0.000131305
0 0.310943 0.0233333 0.0693391 0.0466667 0.000132691
0 0.165222 0.757333 0.108342 0.354667 0.00013303
0 0.525731 1 0.0828819 0 0.000133494
0 0.052546 0.307333 0.0704225 0.132 0.00013357
0 0.398158 0.016 0.0585049 0.032 0.000134077
0 0.839112 0.0106667 0.0790899 0.0213333 0.000134598
0 0.566901 0.421333 0.659263 0.842667 0.000134843
0 0.619177 0.006 0.0552546 0.012 0.000136642
0 0.984832 0.201333 0.0270856 0.186667 0.000136841
0 0.0956121 0.694 0.0482123 0.137333 0.00013789
0 0.0227519 0.884 0.0422535 0.232 0.000138047
0 0.00812568 0.115333 0.0162514 0.156 0.000138849
0 0.293337 0.0106667 0.0850488 0.0213333 0.000139311
0 0.663055 1 0.0801734 0 0.000139604
0 0.0506501 0 0.0557963 0 0.00013997
0 0.687161 0.95 0.0362947 0.0866667 0.000140209
0 0.983207 0.199333 0.0335861 0.302667 0.000141335
0 0.985915 0.458 0.028169 0.121333 0.000141933
0 0.373781 0.338667 0.0303359 0.0826667 0.000142246
0 0.682557 0.0773333 0.0812568 0.130667 0.000142786
0 0.99052 0.276 0.0157096 0.128 0.000143466
0 0.236728 1 0.0704225 0 0.000143683
0 0.261918 0.865333 0.0666305 0.197333 0.000144262
0 0.15818 0.43 0.0790899 0.142667 0.000144719
0 0.657096 0.997333 0.0476706 0.00533333 0.000146385
0 0.21533 0.0146667 0.0807151 0.0293333 0.000146987
0 0.590195 0 0.0557963 0 0.000146994
0 0.213976 0.996667 0.0899242 0.00666667 0.000148429
0 0.114572 0.432667 0.127302 0.366667 0.00014908
0 0.991603 0.983333 0.0167931 0.0333333 0.000149838
0 0.814735 0 0.056338 0 0.000150161
0 0.299567 0.992667 0.0823402 0.0146667 0.000150243
0 0.163868 0 0.0568797 0 0.000150314
0 0.0831528 0.713333 0.1013 0.365333 0.000150606
0 0.365655 0.712 0.0476706 0.096 0.000151776
0 0.623239 0.004 0.088299 0.008 0.000152155
0 0.363759 0 0.0557963 0 0.000152306
0 0.683369 0.822 0.113218 0.356 0.000153113
0 0.913055 0 0.102384 0 0.000153131
0 0.0100217 0.931333 0.0135428 0.137333 0.000154032
0 0.989707 0.693333 0.0108342 0.125333 0.000156267
0 0.314193 0 0.056338 0 0.000157378
0 0.99052 0.208667 0.0167931 0.124 0.000158337
0 0.131907 0.728667 0.0482123 0.124 0.000160006
0 0.419556 0.0206667 0.0872156 0.0413333 0.000160554
0 0.166576 0.0246667 0.100217 0.0493333 0.000160751
0 0.476436 0 0.0568797 0 0.000161625
0 0.654659 1 0.0492958 0 0.000162254
0 0.786024 0.008 0.0812568 0.016 0.000163156
0 0.332611 0.00266667 0.0736728 0.00533333 0.000163974
0 0.539545 0.102 0.0411701 0.150667 0.000164972
0 0.217226 0.453333 0.0585049 0.224 0.000165473
0 0.552546 0 0.056338 0 0.000166023
0 0.326652 0.64 0.0736728 0.16 0.000166055
0 0.131365 0.674 0.0492958 0.134667 0.000166295
0 0.0197725 0.230667 0.039545 0.272 0.000167547
0 0.713705 0.871333 0.0590466 0.161333 0.000168253
0 0.948267 0.883333 0.0492958 0.161333 0.000168543
0 0.976165 0 0.0476706 0 0.000168901
0 0.267876 0.0206667 0.0482123 0.0386667 0.00017207
0 0.987812 0.0126667 0.0222102 0.0253333 0.000172438
0 0.00785482 0.178 0.0146262 0.182667 0.000172691
0 0.339112 0 0.056338 0 0.000173195
0 0.251354 0.092 0.0433369 0.088 0.000173392
0 0.289003 0 0.0557963 0 0.000173791
0 0.138137 0.00466667 0.101842 0.00933333 0.000175693
0 0.992687 0.686 0.0135428 0.193333 0.000177884
0 0.664951 0 0.0568797 0 0.000177974
0 0.735374 0.058 0.0709642 0.092 0.000178172
0 0.0167931 0.0533333 0.0303359 0.106667 0.000180661
0 0.214247 0 0.0557963 0 0.000183114
0 0.00650054 0.697333 0.0130011 0.154667 0.000183778
0 0.985103 0.404667 0.0297941 0.281333 0.000183886
0 0.501896 0 0.0568797 0 0.000184201
0 0.300921 0.138667 0.0254605 0.0746667 0.000185188
0 0.768147 0.0426667 0.0487541 0.048 0.000185193
0 0.0736728 0.589333 0.0498375 0.157333 0.000185427
0 0.158451 0.633333 0.112134 0.352 0.000186014
0 0.0178765 0.516667 0.035753 0.132 0.000187449
0 0.71506 0 0.056338 0 0.000187487
0 0.666847 0.016 0.0541712 0.032 0.000188073
0 0.243229 0.231333 0.0682557 0.284 0.000189187
0 0.0641928 0.00666667 0.0893824 0.0133333 0.000189402
0 0.0165222 0.155333 0.0265439 0.198667 0.000190494
0 0.226436 0.741333 0.0509209 0.245333 0.000191638
0 0.581528 0.868667 0.0297941 0.068 0.000193484
0 0.327465 0.5 0.65493 1 0.000193541
0 0.557421 0.0293333 0.0552546 0.0586667 0.000195929
0 0.527086 0 0.056338 0 0.000196535
0 0.861863 0 0.104009 0 0.000196747
0 0.0151679 0.286 0.0249187 0.177333 0.000198747
0 0.817443 0.85 0.260022 0.3 0.000199827
0 0.442849 0.0146667 0.0536295 0.0293333 0.000200295
0 0.00731311 0.986667 0.0146262 0.0266667 0.00020217
0 0.429577 0.254 0.0368364 0.052 0.000202265
0 0.741062 0 0.056338 0 0.000204887
0 0.37351 0.0186667 0.0742145 0.0373333 0.000204999
0 0.340466 0.02 0.0774648 0.04 0.000206911
0 0.951788 1 0.0834236 0 0.000212476
0 0.387324 0.02 0.063922 0.04 0.000213027
0 0.00975081 1 0.0195016 0 0.000215881
0 0.64247 0.00533333 0.0552546 0.0106667 0.00021757
0 0.355905 0.014 0.0520043 0.028 0.000219835
0 0.992687 0.386 0.0146262 0.174667 0.000222617
0 0.712622 0.97 0.0839653 0.06 0.000223861
0 0.140303 0.528667 0.0888407 0.193333 0.000223992
0 0.564464 0.0113333 0.0790899 0.0226667 0.000225068
0 0.689599 0 0.056338 0 0.000236483
0 0.246479 0.0373333 0.0801734 0.0746667 0.000238156
0 0.688787 0.87 0.0579632 0.206667 0.000240752
0 0.73104 0.389333 0.53792 0.778667 0.000240788
0 0.0341278 0.992 0.0682557 0.016 0.000245999
0 0.00595883 0.244667 0.0119177 0.142667 0.000246843
0 0.189328 0 0.0568797 0 0.000247656
0 0.789274 0 0.056338 0 0.000249461
0 0.112134 0.442 0.092091 0.188 0.000249633
0 0.963705 0.476667 0.0725894 0.238667 0.000250454
0 0.132449 0.605333 0.0915493 0.173333 0.000254112
0 0.16468 0.44 0.329361 0.88 0.000255418
0 0.251354 0.746667 0.0606717 0.168 0.000257088
0 0.238082 0 0.107801 0 0.00025856
0 0.964789 0.000666667 0.0704225 0.00133333 0.000260024
0 0.0295233 0.300667 0.0579632 0.150667 0.000263495
0 0.425785 0.81 0.179848 0.348 0.000265488
0 0.0124594 0.834667 0.0195016 0.218667 0.00026572
0 0.983478 0.0286667 0.0330444 0.0466667 0.000266533
0 0.985103 0.511333 0.0297941 0.286667 0.000269115
0 0.0530878 0.35 0.056338 0.132 0.000269649
0 0.0566089 0.416667 0.1013 0.38 0.000271506
0 0.0184182 0.996 0.0368364 0.008 0.000271579
0 0.00785482 0.454667 0.0157096 0.144 0.000271679
0 0.177952 0.467333 0.0720477 0.145333 0.000273057
0 0.00704225 0.578667 0.0140845 0.146667 0.000274581
0 0.402221 0.289333 0.0644637 0.104 0.000275242
0 0.815547 1 0.0568797 0 0.000276722
0 0.987541 0.990667 0.0151679 0.0186667 0.000276868
0 0.0893824 0.701333 0.0736728 0.208 0.000279848
0 0.223998 0.566 0.0547129 0.188 0.000283217
0 0.420639 0.02 0.0590466 0.04 0.000284665
0 0.0178765 0.786667 0.035753 0.352 0.00028569
0 0.473727 0.00466667 0.0828819 0.00933333 0.000293779
0 0.00731311 0.517333 0.0146262 0.146667 0.000295865
0 0.68987 0.0106667 0.0861322 0.0213333 0.000297721
0 0.487811 0.0173333 0.0926327 0.0346667 0.000297934
0 0.460455 0.02 0.0834236 0.04 0.000298021
0 0.0067714 0.908 0.0135428 0.184 0.000301562
0 0.380823 0.012 0.0476706 0.024 0.000304756
0 0.971289 0.0986667 0.0574215 0.176 0.000308813
0 0.738895 0.585333 0.52221 0.829333 0.000308937
0 0.692849 0.0206667 0.0520043 0.0413333 0.000310582
0 0.0278982 1 0.052546 0 0.000311551
0 0.836132 0.988667 0.106717 0.0226667 0.000312014
0 0.768147 0.5 0.463705 1 0.000314449
0 0.289816 0 0.113759 0 0.000315004
0 0.812026 0 0.108342 0 0.000315542
0 0.247291 0.276 0.052546 0.165333 0.000316382
0 0.161972 0.756667 0.0725894 0.190667 0.000318879
0 0.387595 0 0.121885 0 0.000321228
0 0.765439 0 0.056338 0 0.000322854
0 0.985374 0.0513333 0.0292524 0.102667 0.000325324
0 0.510834 0.00333333 0.0834236 0.00666667 0.000328015
0 0.990249 0.639333 0.0140845 0.132 0.000330624
0 0.99052 0.331333 0.0178765 0.121333 0.000332741
0 0.0176056 0.66 0.0352113 0.312 0.000337895
0 0.0983207 0.004 0.106717 0.008 0.000342577
0 0.544691 0.0233333 0.0752979 0.0466667 0.000345604
0 0.320964 0.340667 0.641928 0.681333 0.000349534
0 0.530065 0.522 0.06013 0.188 0.000353146
0 0.164951 0 0.131636 0 0.000356931
0 0.978332 0.998667 0.0433369 0.00266667 0.000358329
0 0.988082 1 0.0227519 0 0.000360071
0 0.198267 0.004 0.0866739 0.008 0.00036079
0 0.00785482 0.370667 0.0135428 0.218667 0.000363092
0 0.0335861 0.0473333 0.0671723 0.0946667 0.000366556
0 0.990249 0.424667 0.0151679 0.126667 0.000375984
0 0.0311484 0.149333 0.0612134 0.293333 0.000379253
0 0.0170639 0.403333 0.0341278 0.169333 0.000381665
0 0.0108342 0.71 0.0184182 0.225333 0.00038528
0 0.0170639 0.348667 0.0254605 0.188 0.000387048
0 0.783586 0.0246667 0.0774648 0.0493333 0.000388683
0 0.0904659 0.554 0.0476706 0.150667 0.000390235
0 0.234561 0.432667 0.0314193 0.0946667 0.000393467
0 0.644637 0.036 0.0520043 0.0533333 0.000394066
0 0.162514 0.862667 0.0660888 0.248 0.000395014
0 0.15493 0.636 0.0790899 0.192 0.000403569
0 0.989978 0.546 0.0157096 0.137333 0.000403676
0 0.00650054 0.298667 0.0119177 0.184 0.00040795
0 0.222373 0.426 0.0449621 0.121333 0.000410529
0 0.364301 0.0133333 0.0850488 0.0266667 0.00041119
0 0.588299 0.028 0.0888407 0.056 0.000411242
0 0.421723 0.646667 0.554171 0.706667 0.000411852
0 0.295233 0.117333 0.0422535 0.101333 0.000414769
0 0.309859 0.952667 0.0433369 0.068 0.000422691
0 0.0731311 0.524667 0.0985916 0.366667 0.000423025
0 0.587757 0.002 0.106176 0.004 0.000430683
0 0.56961 0.0546667 0.0482123 0.064 0.000432443
0 0.339382 0 0.121885 0 0.000441399
0 0.983478 0.106667 0.0330444 0.213333 0.000452427
0 0.239707 0.738 0.0384615 0.108 0.000453213
0 0.00595883 0.795333 0.0119177 0.252 0.00045481
0 0.92389 0.157333 0.124052 0.314667 0.000454819
0 0.052546 0.423333 0.0725894 0.214667 0.000462067
0 0.837486 1 0.0910076 0 0.000462123
0 0.978061 1 0.0438787 0 0.000467271
0 0.28169 0.05 0.0823402 0.1 0.000477997
0 0.0189599 0.536 0.0379198 0.277333 0.000480885
0 0.439328 0 0.130011 0 0.000502779
0 0.0343987 0.00466667 0.0687974 0.00933333 0.000503341
0 0.43987 0.0126667 0.0931744 0.0253333 0.000506619
0 0.0113759 0.589333 0.0195016 0.213333 0.000507694
0 0.751625 0.034 0.0633803 0.068 0.000534752
0 0.487811 0 0.128386 0 0.000543066
0 0.0303359 0.356 0.0574215 0.146667 0.000547092
0 0.697725 0.028 0.084507 0.056 0.000547373
0 0.153575 0.474 0.06013 0.148 0.000549288
0 0.991333 0.0386667 0.0162514 0.0773333 0.000560449
0 0.235915 0.664 0.0774648 0.277333 0.000571478
0 0.00893824 0.527333 0.0135428 0.252 0.00058614
0 0.0067714 0.640667 0.0124594 0.233333 0.00059354
0 0.711809 0.004 0.099675 0.008 0.000594867
0 0.419285 0.0126667 0.0487541 0.0253333 0.000613015
0 0.655742 0.0253333 0.0926327 0.0506667 0.000632416
0 0.761105 0.00533333 0.099675 0.0106667 0.000636321
0 0.537649 0 0.113218 0 0.000643752
0 0.111051 0.638 0.0975081 0.321333 0.000649437
0 0.663055 0.004 0.110509 0.008 0.00065625
0 0.622156 0.0253333 0.0742145 0.0506667 0.000676688
0 0.854009 0.732 0.291983 0.536 0.000684524
0 0.568797 0.028 0.0476706 0.0453333 0.000715057
0 0.104009 0.638 0.0498375 0.105333 0.000717693
0 0.0850488 0.480667 0.0455038 0.22 0.000733036
0 0.0728602 0.533333 0.0687974 0.224 0.000743519
0 0.56961 0.51 0.439328 0.98 0.000753981
0 0.0151679 0.468667 0.0227519 0.217333 0.000764839
0 0.986457 0.101333 0.0227519 0.173333 0.000768288
0 0.986728 0.152667 0.0167931 0.118667 0.000791746
0 0.0208559 0 0.0417118 0 0.000804262
0 0.814193 0.874667 0.166847 0.250667 0.000819866
0 0.181203 0.526667 0.362405 0.946667 0.000833372
0 0.735645 0.0113333 0.0910076 0.0226667 0.000875854
0 0.106446 0.536 0.0785482 0.216 0.000890897
0 0.722644 0.034 0.0585049 0.068 0.000915695
0 0.030065 0.468 0.0503792 0.288 0.000966562
0 0.989978 0.482667 0.0178765 0.133333 0.00104045
0 0.637053 0.0113333 0.105092 0.0226667 0.00104636
0 0.315005 0.967333 0.0460455 0.0333333 0.00116327
0 0.116468 0.69 0.0682557 0.188 0.0011784
0 0.228602 0.724 0.035753 0.122667 0.00121556
0 0.857801 0.215333 0.284399 0.430667 0.00134273
0 0.264085 0.0686667 0.0622969 0.129333 0.00147243
0 0.720206 0.0486667 0.0492958 0.0573333 0.00151635
0 0.752438 0.0293333 0.0465872 0.048 0.00155177
0 0.762188 0.756667 0.430119 0.486667 0.00158063
0 0.608072 0.0206667 0.052546 0.0333333 0.00161636
0 0.718852 0.928667 0.092091 0.118667 0.00176048
0 0.164951 0.894 0.0427952 0.142667 0.0017859
0 0.988895 0.0593333 0.0157096 0.1 0.00187823
0 0.386241 0.312 0.0195016 0.0746667 0.00201456
0 0.0937161 0.611333 0.0520043 0.116 0.00221434
0 0.875406 0.123333 0.0595883 0.150667 0.00231669
0 0.105905 0.638 0.0666305 0.185333 0.00242759
0 0.374323 0.300667 0.0390032 0.166667 0.00289433
0 0.277086 0.101333 0.0698808 0.136 0.00304334
0 0.351571 0.701333 0.0520043 0.154667 0.00330776
0 0.236457 0.619333 0.0427952 0.174667 0.00342918
0 0.929307 0.884 0.0937161 0.202667 0.00498817
0 0.73104 0.036 0.0471289 0.0506667 0.00738276
0 0.635157 0.022 0.0720477 0.0413333 0.00767105
0 0.914951 0.110667 0.108342 0.154667 0.0130058
0 0.238082 0.686667 0.0460455 0.165333 0.013159
0 0.719393 0.808 0.217768 0.384 0.0194353
0 0.532503 0.597333 0.200433 0.730667 0.0221009
0 0.380011 0.310667 0.0232936 0.096 0.0369645
0 0.239707 0.692667 0.0330444 0.0866667 0.204242
0 0.354821 0.704 0.0335861 0.0746667 0.294678
0 0.71506 0.877333 0.102925 0.245333 0.67751
0 0.536836 0.53 0.0671723 0.348 0.716537
