0 0.498375 0.024 0.0671723 0.048 1.38338e-05
0 0.663597 0.627333 0.0931744 0.166667 1.38986e-05
0 0.369989 0.14 0.0411701 0.106667 1.40171e-05
0 0.365926 0.876 0.0828819 0.138667 1.40291e-05
0 0.970748 0.41 0.0585049 0.161333 1.41383e-05
0 0.18662 0.202667 0.0752979 0.293333 1.42665e-05
0 0.734561 0.0333333 0.0769231 0.0666667 1.4355e-05
0 0.815818 0.174667 0.071506 0.197333 1.4412e-05
0 0.217497 0.971333 0.095883 0.0573333 1.44141e-05
0 0.310401 0.400667 0.0520043 0.121333 1.44212e-05
0 0.220477 0.934 0.0368364 0.084 1.44298e-05
0 0.71831 0.642667 0.0812568 0.181333 1.4446e-05
0 0.294962 0.201333 0.0503792 0.12 1.44935e-05
0 0.923077 0.907333 0.113759 0.124 1.45467e-05
0 0.265439 0.727333 0.0628386 0.129333 1.45552e-05
0 0.469393 0.932 0.0482123 0.0853333 1.46192e-05
0 0.158992 0.086 0.0460455 0.1 1.46266e-05
0 0.717497 0.572667 0.0817985 0.172 1.4628e-05
0 0.17091 0.112667 0.0492958 0.116 1.46434e-05
0 0.896533 0.0833333 0.0487541 0.0973333 1.4651e-05
0 0.165764 0.284667 0.192849 0.569333 1.46718e-05
0 0.270856 0.984 0.0368364 0.032 1.46865e-05
0 0.732123 0.624667 0.147887 0.537333 1.4692e-05
0 0.370531 0.364667 0.0541712 0.121333 1.47203e-05
0 0.0308776 0.121333 0.0520043 0.149333 1.47319e-05
0 0.596154 0.516667 0.0492958 0.113333 1.48388e-05
0 0.295233 0.262 0.0498375 0.121333 1.48516e-05
0 0.518689 0.7 0.052546 0.109333 1.49029e-05
0 0.215601 0.793333 0.0433369 0.205333 1.49322e-05
0 0.179307 0.57 0.0530878 0.121333 1.49483e-05
0 0.723185 0.172667 0.182015 0.345333 1.49591e-05
0 0.358072 0.991333 0.0628386 0.0173333 1.49672e-05
0 0.941766 0.998 0.0492958 0.004 1.4985e-05
0 0.862676 1 0.0503792 0 1.50059e-05
0 0.407638 0.702667 0.0449621 0.0986667 1.50677e-05
0 0.615655 0.780667 0.105634 0.225333 1.5148e-05
0 0.420368 0.227333 0.0487541 0.102667 1.52261e-05
0 0.533315 0.388667 0.0536295 0.118667 1.53079e-05
0 0.113489 0.112667 0.117551 0.225333 1.54068e-05
0 0.985915 0.483333 0.0173348 0.196 1.54469e-05
0 0.587486 0.194667 0.095883 0.28 1.54489e-05
0 0.504605 0.399333 0.0633803 0.134667 1.55236e-05
0 0.730498 0.026 0.0482123 0.052 1.55333e-05
0 0.270314 0.328 0.0498375 0.117333 1.55411e-05
0 0.826381 0.672667 0.052546 0.113333 1.56194e-05
0 0.305796 0.110667 0.0417118 0.088 1.56564e-05
0 0.216956 0.930667 0.0774648 0.138667 1.56588e-05
0 0.749458 0.96 0.0438787 0.08 1.57281e-05
0 0.700704 0.915333 0.0817985 0.169333 1.58296e-05
0 0.881094 0.984 0.0774648 0.032 1.5872e-05
0 0.291441 0.964667 0.0964247 0.0706667 1.59213e-05
0 0.130553 0.0153333 0.0498375 0.0306667 1.5933e-05
0 0.986728 0.751333 0.0167931 0.145333 1.59387e-05
0 0.400867 0.515333 0.0671723 0.182667 1.59397e-05
0 0.369989 0.484 0.0487541 0.109333 1.59753e-05
0 0.433911 0.908667 0.0509209 0.0866667 1.60288e-05
0 0.306338 0.638 0.0547129 0.124 1.60823e-05
0 0.031961 0.438667 0.0433369 0.285333 1.61895e-05
0 0.248104 0.426 0.0498375 0.108 1.6248e-05
0 0.358342 0.576667 0.0947996 0.134667 1.62592e-05
0 0.543879 0.934667 0.0509209 0.0746667 1.63429e-05
0 0.358884 0.330667 0.052546 0.117333 1.63434e-05
0 0.875677 0.282 0.118635 0.214667 1.64321e-05
0 0.643824 0.888667 0.0796316 0.222667 1.65391e-05
0 0.37026 0.294667 0.0514626 0.106667 1.66387e-05
0 0.790899 0.612 0.12026 0.197333 1.66425e-05
0 0.23104 0.694667 0.0330444 0.218667 1.68374e-05
0 0.199079 0.698 0.0893824 0.241333 1.68378e-05
0 0.975352 0.134 0.0417118 0.116 1.69123e-05
0 0.334507 0.261333 0.0492958 0.106667 1.69293e-05
0 0.785482 0.0553333 0.0877573 0.084 1.70743e-05
0 0.398971 0.229333 0.0417118 0.0986667 1.7146e-05
0 0.0660888 0.199333 0.132178 0.398667 1.72035e-05
0 0.98429 0.269333 0.0216685 0.232 1.72766e-05
0 0.439057 0.906667 0.0937161 0.122667 1.7348e-05
0 0.407638 0.908667 0.0514626 0.0866667 1.73553e-05
0 0.948267 0.54 0.0915493 0.210667 1.74598e-05
0 0.183369 0.492667 0.0503792 0.124 1.7483e-05
0 0.982123 0.627333 0.035753 0.142667 1.75459e-05
0 0.40818 0.991333 0.0622969 0.0173333 1.75796e-05
0 0.171993 0.522 0.0536295 0.110667 1.76094e-05
0 0.198537 0.665333 0.039545 0.133333 1.765e-05
0 0.333424 0.4 0.052546 0.12 1.77042e-05
0 0.156826 0.028 0.0612134 0.056 1.77548e-05
0 0.557151 0.913333 0.0503792 0.088 1.77704e-05
0 0.0270856 0.824 0.0335861 0.272 1.77832e-05
0 0.383261 0.396667 0.052546 0.116 1.78566e-05
0 0.947454 0.972 0.102925 0.056 1.78793e-05
0 0.0297941 0.565333 0.0433369 0.288 1.79715e-05
0 0.235645 0.146667 0.0433369 0.112 1.79906e-05
0 0.485645 0.43 0.0503792 0.108 1.81083e-05
0 0.0866739 0.0806667 0.121343 0.161333 1.81687e-05
0 0.582611 0.704667 0.10455 0.156 1.81978e-05
0 0.235645 0.332667 0.0476706 0.105333 1.82145e-05
0 0.906555 0.048 0.0492958 0.0666667 1.82329e-05
0 0.459913 0.434667 0.0476706 0.072 1.82695e-05
0 0.369718 0.908667 0.052546 0.092 1.83096e-05
0 0.137595 0.648 0.172264 0.392 1.83481e-05
0 0.520043 0.082 0.0400867 0.0866667 1.83584e-05
0 0.796316 0.052 0.0509209 0.064 1.8367e-05
0 0.444475 0.932 0.0482123 0.0826667 1.84817e-05
0 0.258126 0.980667 0.031961 0.0386667 1.85011e-05
0 0.715601 0.728667 0.0942579 0.166667 1.85473e-05
0 0.0579632 0.880667 0.101842 0.238667 1.86148e-05
0 0.207476 0.0826667 0.0335861 0.0853333 1.86236e-05
0 0.717768 0.459333 0.0953413 0.164 1.86559e-05
0 0.824485 0.924667 0.166847 0.150667 1.86592e-05
0 0.49052 0.273333 0.0872156 0.24 1.87414e-05
0 0.358884 0.398667 0.0536295 0.122667 1.88336e-05
0 0.1552 0.426667 0.0904659 0.176 1.88526e-05
0 0.195287 0.510667 0.0384615 0.112 1.89925e-05
0 0.197725 0.576 0.0411701 0.125333 1.90036e-05
0 0.697996 0.149333 0.0460455 0.109333 1.90639e-05
0 0.98727 0.959333 0.0254605 0.0813333 1.90807e-05
0 0.750813 0.986 0.0411701 0.028 1.91859e-05
0 0.22156 0.114 0.0346696 0.0946667 1.92359e-05
0 0.539274 0.218 0.112134 0.193333 1.92674e-05
0 0.605634 0.146667 0.0520043 0.0933333 1.93747e-05
0 0.0858613 0.507333 0.106717 0.246667 1.93833e-05
0 0.030065 0.265333 0.06013 0.314667 1.94804e-05
0 0.398971 0.173333 0.0341278 0.109333 1.95394e-05
0 0.747291 0.884667 0.0763814 0.196 1.9572e-05
0 0.723185 0.238667 0.16143 0.477333 1.95916e-05
0 0.409534 0.0846667 0.0346696 0.0813333 1.96163e-05
0 0.322589 0.076 0.0362947 0.0826667 1.97639e-05
0 0.260022 0.292667 0.0487541 0.108 1.97822e-05
0 0.288462 0.83 0.0861322 0.206667 1.98357e-05
0 0.368635 0.232 0.0503792 0.0986667 1.9851e-05
0 0.269231 0.172 0.0628386 0.138667 1.98868e-05
0 0.332882 0.208667 0.0471289 0.1 1.99102e-05
0 0.27221 0.137333 0.0471289 0.106667 1.99353e-05
0 0.0173348 0.659333 0.0346696 0.14 1.99529e-05
0 0.0200433 0.917333 0.0400867 0.165333 2.00703e-05
0 0.480228 0.538667 0.0557963 0.117333 2.01853e-05
0 0.302004 0.695333 0.0742145 0.156 2.02237e-05
0 0.530607 0 0.0514626 0 2.02597e-05
0 0.370531 0.426667 0.0530878 0.122667 2.02661e-05
0 0.817985 0.110667 0.0487541 0.122667 2.02802e-05
0 0.259209 0.361333 0.0503792 0.117333 2.05189e-05
0 0.716956 0.0313333 0.108884 0.0626667 2.05239e-05
0 0.494854 0.0193333 0.0427952 0.0386667 2.06168e-05
0 0.160347 0.206 0.102925 0.412 2.06531e-05
0 0.630011 0.142 0.0509209 0.0706667 2.07133e-05
0 0.00839653 0.960667 0.00812568 0.0786667 2.07729e-05
0 0.675244 0.897333 0.024377 0.162667 2.085e-05
0 0.543879 0.515333 0.0530878 0.121333 2.09379e-05
0 0.21831 0.988667 0.063922 0.0226667 2.09518e-05
0 0.469393 0.162 0.0514626 0.121333 2.09845e-05
0 0.472644 0.455333 0.0503792 0.105333 2.10327e-05
0 0.768689 0.112 0.0520043 0.088 2.106e-05
0 0.620802 0.194 0.110509 0.172 2.11065e-05
0 0.343987 0.542667 0.0530878 0.0986667 2.11369e-05
0 0.111322 1 0.0536295 0 2.1231e-05
0 0.11701 0 0.056338 0 2.12614e-05
0 0.519231 0.0253333 0.0417118 0.0506667 2.12928e-05
0 0.767064 0.197333 0.156013 0.394667 2.13167e-05
0 0.761376 0.27 0.124052 0.169333 2.13298e-05
0 0.445016 0.440667 0.0222102 0.092 2.14037e-05
0 0.884345 0.0486667 0.0482123 0.0733333 2.14122e-05
0 0.235374 0.392667 0.0482123 0.113333 2.14205e-05
0 0.81338 0.108 0.102384 0.216 2.1515e-05
0 0.472644 0.706 0.0850488 0.153333 2.15613e-05
0 0.839112 0.999333 0.0509209 0.00133333 2.15625e-05
0 0.940953 0.88 0.111593 0.221333 2.16678e-05
0 0.874323 0.577333 0.135428 0.176 2.16832e-05
0 0.0585049 0.589333 0.11701 0.317333 2.16868e-05
0 0.442308 0.418667 0.0709642 0.125333 2.1728e-05
0 0.0815276 0.630667 0.163055 0.613333 2.19029e-05
0 0.478061 0.998667 0.0482123 0.00266667 2.20226e-05
0 0.329902 0.610667 0.0541712 0.096 2.2059e-05
0 0.520585 0.422667 0.0520043 0.114667 2.20598e-05
0 0.509209 0.908667 0.0498375 0.0813333 2.21599e-05
0 0.708559 0.818 0.0812568 0.164 2.22051e-05
0 0.0227519 0.2 0.0346696 0.253333 2.2211e-05
0 0.111863 0.210667 0.160888 0.421333 2.22436e-05
0 0.184453 0.088 0.0471289 0.104 2.24142e-05
0 0.531961 0.356 0.0758397 0.149333 2.25e-05
0 0.252979 0.693333 0.0595883 0.138667 2.2527e-05
0 0.293608 0.138667 0.0455038 0.109333 2.25949e-05
0 0.232394 0.186 0.135428 0.372 2.26343e-05
0 0.128927 0.482 0.122427 0.209333 2.27627e-05
0 0.333424 0.802667 0.10455 0.168 2.27697e-05
0 0.772481 0.727333 0.113759 0.22 2.28182e-05
0 0.482665 0.908 0.0509209 0.088 2.28909e-05
0 0.272481 0.43 0.0509209 0.113333 2.29595e-05
0 0.67416 0.0933333 0.0655471 0.0746667 2.31384e-05
0 0.738895 0.507333 0.0769231 0.225333 2.31715e-05
0 0.568256 0.0286667 0.101842 0.0573333 2.3181e-05
0 0.832069 0.0766667 0.0455038 0.102667 2.32945e-05
0 0.609967 0.278 0.102925 0.26 2.33192e-05
0 0.736999 1 0.0807151 0 2.3393e-05
0 0.559859 0.42 0.0568797 0.0906667 2.34416e-05
0 0.789545 1 0.0807151 0 2.34849e-05
0 0.720206 0.143333 0.0503792 0.1 2.34979e-05
0 0.98727 0.964667 0.0157096 0.0573333 2.3499e-05
0 0.397346 0.111333 0.0352113 0.0946667 2.35012e-05
0 0.668202 0.000666667 0.0547129 0.00133333 2.36033e-05
0 0.983749 0.562667 0.0325027 0.144 2.36601e-05
0 0.170098 0.056 0.0498375 0.0666667 2.3685e-05
0 0.507584 0.1 0.0368364 0.112 2.37645e-05
0 0.223456 0.365333 0.0417118 0.106667 2.38857e-05
0 0.188516 0.882 0.101842 0.236 2.40681e-05
0 0.51598 0.0273333 0.1013 0.0546667 2.42204e-05
0 0.156284 0.0146667 0.0482123 0.0293333 2.4224e-05
0 0.744854 0.648 0.0628386 0.290667 2.4277e-05
0 0.520856 0.632667 0.0514626 0.110667 2.43792e-05
0 0.532774 0.91 0.0503792 0.0866667 2.44292e-05
0 0.726706 0.317333 0.0579632 0.0453333 2.44432e-05
0 0.394637 0.57 0.113218 0.198667 2.45077e-05
0 0.148429 0.668 0.104009 0.194667 2.46944e-05
0 0.670368 0.175333 0.17714 0.350667 2.4734e-05
0 0.892741 0.129333 0.0747562 0.168 2.47546e-05
0 0.0197725 0.356 0.039545 0.133333 2.48997e-05
0 0.0303359 0.0653333 0.0498375 0.112 2.50965e-05
0 0.4526 0.998 0.0492958 0.004 2.53536e-05
0 0.137324 1 0.0536295 0 2.53616e-05
0 0.358884 0.110667 0.039545 0.0933333 2.53792e-05
0 0.25948 0.111333 0.0465872 0.092 2.54354e-05
0 0.684453 0.405333 0.117551 0.152 2.5452e-05
0 0.665764 0.0273333 0.11701 0.0546667 2.54831e-05
0 0.536024 0.825333 0.1013 0.138667 2.55948e-05
0 0.353196 0.998 0.0487541 0.004 2.56066e-05
0 0.217768 0.695333 0.0260022 0.228 2.5641e-05
0 0.150596 0.999333 0.0530878 0.00133333 2.5685e-05
0 0.24377 0.264667 0.063922 0.137333 2.57321e-05
0 0.666847 0.875333 0.0314193 0.156 2.57516e-05
0 0.188516 0.419333 0.0834236 0.38 2.57531e-05
0 0.694745 0.002 0.0536295 0.004 2.57683e-05
0 0.185536 0.417333 0.0666305 0.152 2.57741e-05
0 0.516251 0.997333 0.0509209 0.00533333 2.59787e-05
0 0.86078 0.0506667 0.092091 0.0986667 2.60686e-05
0 0.766522 0.028 0.110509 0.056 2.61589e-05
0 0.539816 0.998667 0.052546 0.00266667 2.62853e-05
0 0.558505 0.286667 0.0975081 0.272 2.63312e-05
0 0.706392 0.0306667 0.0520043 0.0613333 2.63502e-05
0 0.13597 0.022 0.0888407 0.044 2.65693e-05
0 0.765439 0.35 0.128927 0.14 2.68383e-05
0 0.985645 0.812667 0.0178765 0.148 2.68702e-05
0 0.686891 0.514667 0.112676 0.144 2.69293e-05
0 0.877031 0.214667 0.197183 0.429333 2.70067e-05
0 0.494583 0.601333 0.0585049 0.130667 2.70485e-05
0 0.493229 0 0.0514626 0 2.71582e-05
0 0.965872 0.998 0.0465872 0.004 2.71613e-05
0 0.528169 0.169333 0.140845 0.338667 2.71814e-05
0 0.442579 0.492 0.0487541 0.181333 2.72721e-05
0 0.918743 0.957333 0.138678 0.0853333 2.72996e-05
0 0.0861322 1 0.0541712 0 2.74208e-05
0 0.641116 0 0.0536295 0 2.75526e-05
0 0.243229 0.936667 0.0292524 0.0973333 2.75586e-05
0 0.458017 0.908 0.0514626 0.088 2.77436e-05
0 0.0105634 0.0413333 0.0157096 0.0826667 2.77752e-05
0 0.842904 0.988 0.0942579 0.024 2.78802e-05
0 0.906013 0.978667 0.0742145 0.0426667 2.7907e-05
0 0.91766 0 0.0541712 0 2.79123e-05
0 0.345341 0.232 0.0514626 0.104 2.79524e-05
0 0.583965 0.642 0.099675 0.150667 2.79802e-05
0 0.211809 0.466667 0.0433369 0.114667 2.80821e-05
0 0.358613 0.261333 0.0520043 0.106667 2.8246e-05
0 0.807963 0.356667 0.052546 0.102667 2.85204e-05
0 0.617281 0.0266667 0.116468 0.0533333 2.86112e-05
0 0.457205 0.134667 0.0498375 0.122667 2.87484e-05
0 0.234561 0.0846667 0.0368364 0.0866667 2.88196e-05
0 0.66143 0.34 0.125677 0.162667 2.88439e-05
0 0.812839 0.997333 0.0915493 0.00533333 2.89484e-05
0 0.913597 1 0.0514626 0 2.90211e-05
0 0.437703 0.999333 0.0790899 0.00133333 2.91791e-05
0 0.378115 0.998667 0.0487541 0.00266667 2.93022e-05
0 0.422806 0.09 0.0341278 0.0866667 2.9377e-05
0 0.296858 0.432667 0.0509209 0.118667 2.94819e-05
0 0.0181473 0.537333 0.0362947 0.144 2.96353e-05
0 0.427681 0.998667 0.0482123 0.00266667 2.99558e-05
0 0.0650054 0 0.0541712 0 3.02212e-05
0 0.147346 0.886 0.104009 0.172 3.03601e-05
0 0.960184 0.254667 0.0742145 0.157333 3.04091e-05
0 0.511105 0.004 0.0720477 0.008 3.04431e-05
0 0.373239 0.206667 0.144095 0.413333 3.05284e-05
0 0.940141 1 0.0514626 0 3.07022e-05
0 0.742687 0.404667 0.0985916 0.150667 3.08298e-05
0 0.217497 0.880667 0.0492958 0.182667 3.08397e-05
0 0.19312 0.115333 0.0449621 0.116 3.08854e-05
0 0.0460455 0.971333 0.092091 0.0573333 3.09407e-05
0 0.770856 0.744667 0.137595 0.46 3.11396e-05
0 0.508667 0.137333 0.0985916 0.226667 3.11534e-05
0 0.659805 0.563333 0.107259 0.153333 3.11943e-05
0 0.837216 0.754 0.134886 0.353333 3.13349e-05
0 0.113489 0.971333 0.151138 0.0573333 3.14229e-05
0 0.429307 0.704667 0.0449621 0.113333 3.14296e-05
0 0.0896533 0 0.0557963 0 3.14877e-05
0 0.90493 0.568 0.0547129 0.0986667 3.14941e-05
0 0.29442 0.0853333 0.0406284 0.0826667 3.16534e-05
0 0.0197725 0.854 0.0178765 0.252 3.17313e-05
0 0.593445 0 0.052546 0 3.17865e-05
0 0.158451 0.604667 0.0872156 0.174667 3.19025e-05
0 0.158722 0.54 0.0780065 0.176 3.19653e-05
0 0.614572 0.583333 0.151138 0.462667 3.19923e-05
0 0.213705 0.146667 0.052546 0.173333 3.20224e-05
0 0.986999 0.690667 0.0162514 0.144 3.20969e-05
0 0.554984 0.768 0.106717 0.2 3.21191e-05
0 0.564193 0.998 0.0514626 0.004 3.21717e-05
0 0.190953 0.960667 0.108884 0.0786667 3.21984e-05
0 0.982665 0.233333 0.0346696 0.138667 3.22198e-05
0 0.771668 0.486667 0.150054 0.544 3.2359e-05
0 0.358072 0.204667 0.0509209 0.092 3.2421e-05
0 0.945829 0.024 0.0476706 0.048 3.2444e-05
0 0.952329 0.227333 0.0953413 0.454667 3.25187e-05
0 0.310943 0.0413333 0.063922 0.0746667 3.2558e-05
0 0.0622969 1 0.0541712 0 3.2562e-05
0 0.982936 0.384 0.0341278 0.138667 3.25866e-05
0 0.403304 0.998667 0.0482123 0.00266667 3.26832e-05
0 0.481582 0.134 0.0476706 0.118667 3.27729e-05
0 0.0517335 0.195333 0.0785482 0.3 3.28594e-05
0 0.815276 0.999333 0.0509209 0.00133333 3.29178e-05
0 0.612134 0.886 0.111593 0.190667 3.29431e-05
0 0.328277 0.998667 0.0487541 0.00266667 3.30743e-05
0 0.686349 0.066 0.0866739 0.1 3.31794e-05
0 0.346425 0.43 0.0536295 0.126667 3.3197e-05
0 0.384615 0.0753333 0.0411701 0.0813333 3.32676e-05
0 0.466143 0.0253333 0.106717 0.0506667 3.33031e-05
0 0.142199 0.00266667 0.0568797 0.00533333 3.3355e-05
0 0.356717 0.514667 0.052546 0.0986667 3.33807e-05
0 0.485915 0.505333 0.0465872 0.088 3.34964e-05
0 0.260563 0.462 0.0520043 0.105333 3.35093e-05
0 0.855092 0.0193333 0.0503792 0.0386667 3.35165e-05
0 0.0170639 0.596 0.0341278 0.144 3.36018e-05
0 0.238624 0.949333 0.067714 0.101333 3.36094e-05
0 0.990249 0.723333 0.0173348 0.257333 3.37865e-05
0 0.65818 0.489333 0.169014 0.509333 3.3889e-05
0 0.659263 0.271333 0.112676 0.228 3.39148e-05
0 0.416306 0.0253333 0.112134 0.0506667 3.42154e-05
0 0.0167931 0.667333 0.0227519 0.3 3.43029e-05
0 0.387595 1 0.0807151 0 3.43588e-05
0 0.326923 0.579333 0.0742145 0.116 3.43634e-05
0 0.786024 0.516667 0.112676 0.281333 3.4371e-05
0 0.520314 0.935333 0.0514626 0.0866667 3.43847e-05
0 0.469393 0.104 0.0492958 0.104 3.45475e-05
0 0.780336 0.02 0.0503792 0.04 3.45774e-05
0 0.48429 0.0813333 0.0671723 0.104 3.46001e-05
0 0.61701 0 0.0541712 0 3.49073e-05
0 0.810943 0.346 0.134345 0.233333 3.51412e-05
0 0.0178765 0.914 0.0335861 0.118667 3.51976e-05
0 0.467768 0 0.052546 0 3.52287e-05
0 0.729415 1 0.0492958 0 3.53852e-05
0 0.788732 0.0733333 0.099675 0.146667 3.53866e-05
0 0.956121 0.738667 0.0877573 0.437333 3.53941e-05
0 0.49052 0.344667 0.10455 0.188 3.55137e-05
0 0.91468 0.596667 0.0536295 0.108 3.55523e-05
0 0.692849 0.993333 0.0530878 0.0133333 3.59829e-05
0 0.25325 0.920667 0.031961 0.134667 3.64515e-05
0 0.270585 0.265333 0.0503792 0.122667 3.65282e-05
0 0.804984 0.680667 0.0552546 0.129333 3.65553e-05
0 0.532232 0.548 0.052546 0.125333 3.65896e-05
0 0.0184182 0.476 0.0368364 0.136 3.67676e-05
0 0.954496 0.482667 0.0910076 0.44 3.69148e-05
0 0.98402 0.165333 0.031961 0.130667 3.69887e-05
0 0.740249 0.502667 0.0612134 0.125333 3.70041e-05
0 0.468581 0.652 0.106176 0.197333 3.70609e-05
0 0.176056 0.999333 0.0520043 0.00133333 3.71258e-05
0 0.328007 0.666667 0.0774648 0.136 3.73813e-05
0 0.258126 0.988667 0.06013 0.0226667 3.76444e-05
0 0.899242 0.0506667 0.0877573 0.0906667 3.77175e-05
0 0.985103 0.445333 0.0287107 0.122667 3.78057e-05
0 0.569339 0.00133333 0.0530878 0.00266667 3.78498e-05
0 0.346425 0.074 0.039545 0.0866667 3.80667e-05
0 0.173619 0.0226667 0.0774648 0.0453333 3.80937e-05
0 0.717768 0 0.0530878 0 3.82243e-05
0 0.743499 0 0.052546 0 3.83788e-05
0 0.780065 1 0.0455038 0 3.85615e-05
0 0.581257 0.136667 0.0704225 0.1 3.86843e-05
0 0.437974 0.830667 0.1013 0.178667 3.87561e-05
0 0.389491 0.988 0.0801734 0.024 3.88129e-05
0 0.864843 0.0646667 0.0926327 0.129333 3.88918e-05
0 0.448537 0.445333 0.0184182 0.056 3.90296e-05
0 0.405471 0 0.052546 0 3.90688e-05
0 0.0184182 0.418 0.0368364 0.137333 3.92389e-05
0 0.757584 0.0486667 0.0492958 0.068 3.93517e-05
0 0.223456 0.433333 0.0438787 0.114667 3.95602e-05
0 0.0400867 0.724667 0.0801734 0.550667 3.96129e-05
0 0.368364 0.0253333 0.12351 0.0506667 3.97949e-05
0 0.35753 0.459333 0.0520043 0.118667 3.98747e-05
0 0.416306 0.0693333 0.0742145 0.138667 4.01314e-05
0 0.729957 0.058 0.0471289 0.076 4.0348e-05
0 0.733478 0.218 0.107259 0.284 4.03667e-05
0 0.216685 0.214 0.071506 0.308 4.06701e-05
0 0.202059 0.998 0.0509209 0.004 4.07326e-05
0 0.217768 0.274667 0.0552546 0.173333 4.12623e-05
0 0.418472 0.165333 0.0622969 0.125333 4.13774e-05
0 0.0991333 1 0.0574215 0 4.14089e-05
0 0.751625 1 0.0449621 0 4.14677e-05
0 0.420368 0.408 0.0866739 0.189333 4.1506e-05
0 0.261647 0.958667 0.0769231 0.0826667 4.17349e-05
0 0.982936 0.32 0.0341278 0.146667 4.18851e-05
0 0.440141 0.988 0.0807151 0.024 4.18931e-05
0 0.369718 0.834 0.185807 0.332 4.21529e-05
0 0.0972373 0.0233333 0.105634 0.0466667 4.22311e-05
0 0.408992 0.2 0.0433369 0.104 4.26137e-05
0 0.022481 0.028 0.0449621 0.056 4.29391e-05
0 0.264355 0.634667 0.0682557 0.136 4.3259e-05
0 0.420098 0.237333 0.138137 0.474667 4.35521e-05
0 0.483478 0.0833333 0.0417118 0.0706667 4.37263e-05
0 0.228602 0.998 0.0465872 0.004 4.38483e-05
0 0.414139 0.628 0.0092091 0.0266667 4.3879e-05
0 0.533315 0.452 0.052546 0.104 4.39189e-05
0 0.520314 0.277333 0.148971 0.469333 4.39323e-05
0 0.864843 0.100667 0.119718 0.201333 4.40036e-05
0 0.467497 0.0173333 0.0476706 0.0346667 4.40576e-05
0 0.97454 0.939333 0.0509209 0.121333 4.40999e-05
0 0.166035 0.102667 0.0872156 0.205333 4.41881e-05
0 0.0604009 0.975333 0.120802 0.0493333 4.41902e-05
0 0.192849 0.578 0.0790899 0.334667 4.42094e-05
0 0.288732 0.954667 0.0899242 0.0906667 4.43482e-05
0 0.207205 0.632667 0.0330444 0.145333 4.45191e-05
0 0.893824 0.0193333 0.0498375 0.0386667 4.45461e-05
0 0.413868 0.928667 0.0953413 0.142667 4.4697e-05
0 0.891928 0 0.0547129 0 4.47991e-05
0 0.610238 0.394667 0.132719 0.432 4.49202e-05
0 0.634615 0.405333 0.131636 0.218667 4.50756e-05
0 0.768147 0 0.0530878 0 4.5078e-05
0 0.670098 0.102667 0.12026 0.152 4.51157e-05
0 0.707747 0.0766667 0.052546 0.0786667 4.51604e-05
0 0.240791 0.894 0.0362947 0.150667 4.52382e-05
0 0.108884 0.474667 0.195016 0.306667 4.52418e-05
0 0.724269 0.300667 0.0530878 0.124 4.56422e-05
0 0.270314 0.0226667 0.134345 0.0453333 4.56568e-05
0 0.685536 0.175333 0.0785482 0.126667 4.5664e-05
0 0.113218 0.843333 0.156013 0.284 4.57724e-05
0 0.531961 0.598 0.0509209 0.116 4.58213e-05
0 0.412784 0.34 0.0910076 0.173333 4.66165e-05
0 0.430932 0 0.0514626 0 4.71758e-05
0 0.758667 0.101333 0.118635 0.202667 4.73236e-05
0 0.562839 0.91 0.099675 0.113333 4.7371e-05
0 0.592633 0.949333 0.126761 0.101333 4.73757e-05
0 0.918202 0.0253333 0.118093 0.0506667 4.7912e-05
0 0.46831 0.508 0.0612134 0.109333 4.79194e-05
0 0.637595 0.0786667 0.112676 0.157333 4.81994e-05
0 0.294691 0.0473333 0.0465872 0.0573333 4.8261e-05
0 0.585861 0.448 0.0872156 0.221333 4.83403e-05
0 0.271668 0.084 0.0438787 0.088 4.84622e-05
0 0.232665 0.839333 0.0373781 0.233333 4.87166e-05
0 0.324756 0.998667 0.0807151 0.00266667 4.89305e-05
0 0.273023 0.818667 0.12026 0.362667 4.89677e-05
0 0.332882 0.46 0.052546 0.122667 4.89905e-05
0 0.976165 0.054 0.0422535 0.0706667 4.91711e-05
0 0.415764 0.647333 0.0276273 0.076 4.92809e-05
0 0.43364 0.269333 0.0947996 0.253333 4.94913e-05
0 0.972102 0.02 0.0482123 0.04 4.96237e-05
0 0.0368364 0.253333 0.0736728 0.506667 5.01283e-05
0 0.170639 0.0566667 0.0888407 0.113333 5.02153e-05
0 0.941224 0.0713333 0.088299 0.142667 5.02404e-05
0 0.612676 0.574667 0.0953413 0.176 5.02722e-05
0 0.41143 0.144 0.0384615 0.106667 5.03324e-05
0 0.389762 0.213333 0.0817985 0.162667 5.04112e-05
0 0.613759 0.157333 0.146262 0.314667 5.0558e-05
0 0.977519 0.0833333 0.0362947 0.0786667 5.05907e-05
0 0.719935 0.266 0.0725894 0.132 5.06688e-05
0 0.458559 0.0826667 0.0471289 0.0826667 5.07594e-05
0 0.125135 1 0.056338 0 5.07927e-05
0 0.983749 0.506 0.0325027 0.142667 5.0823e-05
0 0.517606 0.514 0.052546 0.102667 5.08295e-05
0 0.0585049 0.272 0.11701 0.384 5.09516e-05
0 0.433911 0.058 0.0942579 0.116 5.09517e-05
0 0.0742145 1 0.0574215 0 5.09802e-05
0 0.47156 0.162667 0.0861322 0.168 5.11031e-05
0 0.54415 0.0933333 0.0947996 0.154667 5.15581e-05
0 0.0154388 0.0886667 0.0308776 0.161333 5.16971e-05
0 0.0132719 0.880667 0.0265439 0.196 5.17749e-05
0 0.888949 1 0.0520043 0 5.21014e-05
0 0.714789 0.970667 0.0991333 0.0586667 5.25752e-05
0 0.940683 0.0653333 0.0742145 0.0906667 5.26374e-05
0 0.312297 0.989333 0.0817985 0.0213333 5.28954e-05
0 0.00731311 0.781333 0.0146262 0.154667 5.2958e-05
0 0.125677 0.012 0.0780065 0.024 5.32396e-05
0 0.867281 0 0.0552546 0 5.33884e-05
0 0.790087 0.210667 0.122969 0.301333 5.34746e-05
0 0.255959 0.594 0.052546 0.116 5.34976e-05
0 0.0923619 0.985333 0.0785482 0.0293333 5.36037e-05
0 0.215872 0.347333 0.0687974 0.313333 5.36412e-05
0 0.0549837 0.101333 0.106717 0.202667 5.38566e-05
0 0.766251 0.691333 0.024377 0.110667 5.39368e-05
0 0.345883 0.488667 0.052546 0.110667 5.43348e-05
0 0.463164 0.422667 0.0910076 0.218667 5.45875e-05
0 0.792795 0 0.0547129 0 5.4727e-05
0 0.870531 0.937333 0.128927 0.125333 5.52411e-05
0 0.986728 0.876 0.0135428 0.141333 5.53678e-05
0 0.956392 0 0.0557963 0 5.53749e-05
0 0.509209 0.456 0.0660888 0.141333 5.61126e-05
0 0.283315 0.664 0.0704225 0.186667 5.62934e-05
0 0.937161 0.215333 0.125677 0.26 5.64019e-05
0 0.960726 0.0253333 0.0785482 0.0506667 5.6459e-05
0 0.303359 0.998667 0.0487541 0.00266667 5.66313e-05
0 0.463976 0.174667 0.133803 0.349333 5.71127e-05
0 0.808776 0.358667 0.0942579 0.130667 5.71346e-05
0 0.284128 0.346667 0.0991333 0.168 5.74364e-05
0 0.604009 0.995333 0.0520043 0.00933333 5.77153e-05
0 0.285211 0.0493333 0.0709642 0.088 5.77577e-05
0 0.806338 0.018 0.0503792 0.036 5.78278e-05
0 0.319068 0.0606667 0.0758397 0.121333 5.81388e-05
0 0.917118 0.814667 0.15818 0.370667 5.83906e-05
0 0.0195016 0.448 0.0249187 0.290667 5.86412e-05
0 0.21831 0.0546667 0.0736728 0.109333 5.88003e-05
0 0.556609 0.604 0.134886 0.405333 5.88969e-05
0 0.150867 1 0.0557963 0 5.92274e-05
0 0.410618 0.204 0.0758397 0.248 5.94972e-05
0 0.0116468 0.932 0.0135428 0.136 5.97676e-05
0 0.31636 0.255333 0.145179 0.510667 5.99246e-05
0 0.0392741 0.511333 0.0785482 0.617333 5.99258e-05
0 0.476165 0.418 0.126761 0.428 5.9982e-05
0 0.966414 0.639333 0.0671723 0.254667 6.0074e-05
0 0.189057 0.0866667 0.0736728 0.149333 6.00835e-05
0 0.434724 0.726 0.0742145 0.190667 6.03744e-05
0 0.924431 0.292667 0.128386 0.228 6.05114e-05
0 0.561213 0.886667 0.137595 0.192 6.07514e-05
0 0.25325 0.882 0.0622969 0.236 6.13749e-05
0 0.00839653 0.0646667 0.0113759 0.126667 6.14348e-05
0 0.328548 0.925333 0.095883 0.149333 6.17612e-05
0 0.59805 0.16 0.0942579 0.106667 6.18052e-05
0 0.0557963 0.458667 0.111593 0.293333 6.22055e-05
0 0.28494 0.461333 0.0530878 0.112 6.24999e-05
0 0.472914 0.00333333 0.0725894 0.00666667 6.25957e-05
0 0.758938 0.456667 0.104009 0.230667 6.26886e-05
0 0.977248 0.762 0.0455038 0.297333 6.30677e-05
0 0.212351 0.0893333 0.0498375 0.138667 6.33969e-05
0 0.910347 0.146667 0.152221 0.266667 6.37961e-05
0 0.231853 0.914 0.0292524 0.137333 6.42477e-05
0 0.232936 0.839333 0.0617551 0.321333 6.49375e-05
0 0.788462 0.098 0.108884 0.134667 6.49476e-05
0 0.732394 0.066 0.104009 0.132 6.5612e-05
0 0.512459 0.78 0.132178 0.176 6.56948e-05
0 0.460455 0.0753333 0.0855905 0.150667 6.6258e-05
0 0.365385 0.062 0.0807151 0.124 6.6306e-05
0 0.8513 1 0.0536295 0 6.63391e-05
0 0.498646 0.0806667 0.0373781 0.068 6.66367e-05
0 0.508667 0.0873333 0.0736728 0.134667 6.68255e-05
0 0.966143 0.986 0.067714 0.028 6.68478e-05
0 0.732394 0.952 0.0780065 0.096 6.69556e-05
0 0.220748 0.0506667 0.0384615 0.0666667 6.76186e-05
0 0.756501 0.0226667 0.0492958 0.0453333 6.77392e-05
0 0.331257 0 0.0547129 0 6.79024e-05
0 0.488624 0.995333 0.107259 0.00933333 6.84224e-05
0 0.191495 0.534 0.0579632 0.166667 6.85902e-05
0 0.383532 0.275333 0.099675 0.246667 6.86378e-05
0 0.39247 0.151333 0.0720477 0.172 6.87731e-05
0 0.397075 0.0466667 0.0595883 0.0773333 6.88605e-05
0 0.972373 1 0.0552546 0 6.8957e-05
0 0.331798 0.514667 0.052546 0.096 6.9116e-05
0 0.194475 0.0273333 0.0585049 0.0546667 6.91533e-05
0 0.811484 0.554667 0.377031 0.890667 6.96042e-05
0 0.367281 0 0.0552546 0 6.9946e-05
0 0.690953 1 0.0536295 0 7.00072e-05
0 0.743229 0.832 0.0931744 0.336 7.00189e-05
0 0.659263 0.465333 0.128927 0.144 7.04699e-05
0 0.321506 0.43 0.0514626 0.132 7.08681e-05
0 0.408722 0.044 0.0417118 0.0506667 7.0932e-05
0 0.092091 0.0573333 0.118093 0.114667 7.105e-05
0 0.318797 0.542667 0.0536295 0.0906667 7.10858e-05
0 0.842091 0 0.0557963 0 7.20445e-05
0 0.410888 0.758667 0.0904659 0.24 7.20558e-05
0 0.541441 0.94 0.116468 0.12 7.24078e-05
0 0.608613 0.986 0.0742145 0.028 7.33282e-05
0 0.538462 0.0413333 0.0942579 0.0826667 7.339e-05
0 0.194204 0.0526667 0.0471289 0.0653333 7.36529e-05
0 0.688516 0.986 0.102925 0.028 7.43892e-05
0 0.283586 0.604667 0.0850488 0.129333 7.4553e-05
0 0.523294 0.814 0.195016 0.372 7.50563e-05
0 0.233478 0.0246667 0.0552546 0.0493333 7.5073e-05
0 0.46533 0.928 0.0942579 0.133333 7.51592e-05
0 0.691766 0.074 0.101842 0.148 7.52319e-05
0 0.426056 0.518 0.116468 0.452 7.52864e-05
0 0.305255 0.158667 0.0720477 0.162667 7.55133e-05
0 0.19312 0.00133333 0.0557963 0.00266667 7.55237e-05
0 0.645991 0.998667 0.0709642 0.00266667 7.56517e-05
0 0.254605 0.996 0.0455038 0.008 7.6084e-05
0 0.636511 0.837333 0.147346 0.325333 7.62755e-05
0 0.238895 0.149333 0.0747562 0.250667 7.64317e-05
0 0.292524 0 0.0552546 0 7.64806e-05
0 0.264085 0.246 0.130553 0.492 7.653e-05
0 0.245666 0.05 0.0471289 0.068 7.65422e-05
0 0.364301 0.995333 0.103467 0.00933333 7.6561e-05
0 0.0067714 0.172667 0.0135428 0.153333 7.65795e-05
0 0.989978 0.958667 0.0124594 0.0826667 7.66241e-05
0 0.822589 0.233333 0.0969664 0.218667 7.67883e-05
0 0.669827 0.042 0.117551 0.084 7.68428e-05
0 0.989707 0.910667 0.020585 0.178667 7.71285e-05
0 0.365926 0.929333 0.102384 0.125333 7.72541e-05
0 0.590737 0.992667 0.128386 0.0146667 7.75376e-05
0 0.236457 0.608 0.472914 0.784 7.90843e-05
0 0.723185 0.144 0.102925 0.128 7.90887e-05
0 0.488353 1 0.0752979 0 7.92168e-05
0 0.433099 0.117333 0.0449621 0.096 7.9489e-05
0 0.24377 0.000666667 0.0552546 0.00133333 7.99113e-05
0 0.769231 0.666667 0.0509209 0.253333 8.02508e-05
0 0.783857 0.392 0.118093 0.16 8.05687e-05
0 0.447725 0.00466667 0.0698808 0.00933333 8.11206e-05
0 0.0143554 0.152 0.0287107 0.213333 8.13743e-05
0 0.372969 0.704667 0.109967 0.169333 8.14922e-05
0 0.123239 0.758667 0.246479 0.482667 8.17898e-05
0 0.534128 0.340667 0.105092 0.26 8.18943e-05
0 0.176327 1 0.0547129 0 8.21495e-05
0 0.589653 1 0.0536295 0 8.22025e-05
0 0.0067714 0.921333 0.0135428 0.157333 8.22278e-05
0 0.309047 0.462 0.052546 0.116 8.24107e-05
0 0.352113 1 0.0487541 0 8.29096e-05
0 0.227519 0.734 0.099675 0.406667 8.2923e-05
0 0.0501083 1 0.0568797 0 8.33297e-05
0 0.144366 0.996 0.0763814 0.008 8.34343e-05
0 0.477519 1 0.0492958 0 8.41437e-05
0 0.589382 0.529333 0.101842 0.157333 8.4285e-05
0 0.362134 0.158 0.0817985 0.172 8.43317e-05
0 0.268147 0.0606667 0.0801734 0.121333 8.4383e-05
0 0.41441 0.996 0.100758 0.008 8.44272e-05
0 0.91441 0.0953333 0.110509 0.150667 8.45148e-05
0 0.803359 1 0.0520043 0 8.45217e-05
0 0.278982 0.998 0.0487541 0.004 8.5314e-05
0 0.71533 0.464 0.569339 0.928 8.5361e-05
0 0.540087 1 0.0541712 0 8.5397e-05
0 0.411159 0.00333333 0.0736728 0.00666667 8.54892e-05
0 0.0159805 0.279333 0.031961 0.254667 8.54975e-05
0 0.826923 1 0.0536295 0 8.5535e-05
0 0.231311 0.734 0.063922 0.252 8.58819e-05
0 0.233207 0.469333 0.0471289 0.125333 8.62211e-05
0 0.377302 1 0.0482123 0 8.65299e-05
0 0.472373 0.781333 0.12026 0.224 8.78826e-05
0 0.257313 0.339333 0.0975081 0.270667 8.81505e-05
0 0.0406284 0.00666667 0.0574215 0.0133333 8.85058e-05
0 0.541712 0.993333 0.125677 0.0133333 8.88107e-05
0 0.201788 1 0.0536295 0 8.9353e-05
0 0.283857 0.112 0.0455038 0.0906667 8.99293e-05
0 0.309588 0.215333 0.088299 0.164 9.00101e-05
0 0.0392741 1 0.0557963 0 9.01592e-05
0 0.22779 1 0.0492958 0 9.061e-05
0 0.842633 0.052 0.0503792 0.072 9.10687e-05
0 0.0306067 0.962667 0.0612134 0.0746667 9.1504e-05
0 0.33857 0.216667 0.099675 0.233333 9.18978e-05
0 0.511647 0.417333 0.100217 0.216 9.2523e-05
0 0.402221 1 0.0482123 0 9.2605e-05
0 0.400867 1 0.0769231 0 9.27595e-05
0 0.883532 0.0106667 0.0769231 0.0213333 9.44357e-05
0 0.811755 0.004 0.0796316 0.008 9.44948e-05
0 0.838028 0.382 0.228602 0.5 9.45979e-05
0 0.452058 1 0.0492958 0 9.4718e-05
0 0.327194 1 0.0487541 0 9.48505e-05
0 0.428223 0 0.0547129 0 9.5077e-05
0 0.51571 1 0.0520043 0 9.51622e-05
0 0.267606 0 0.056338 0 9.5168e-05
0 0.0124594 0.018 0.0249187 0.036 9.56392e-05
0 0.450433 1 0.0774648 0 9.57354e-05
0 0.362947 1 0.0780065 0 9.60182e-05
0 0.00650054 0.687333 0.0130011 0.156 9.66867e-05
0 0.480498 0.622 0.119177 0.401333 9.67445e-05
0 0.269502 0.0486667 0.0503792 0.0653333 9.71635e-05
0 0.427411 1 0.0487541 0 9.76497e-05
0 0.978332 0.00866667 0.0433369 0.0173333 9.7655e-05
0 0.513001 0.878 0.119177 0.188 9.81016e-05
0 0.963705 1 0.0509209 0 9.81627e-05
0 0.643283 0.995333 0.0503792 0.00933333 9.87283e-05
0 0.971831 0.323333 0.056338 0.26 9.94408e-05
0 0.237541 1 0.0785482 0 9.95314e-05
0 0.456392 0.0553333 0.0460455 0.068 9.9725e-05
0 0.12649 0 0.0557963 0 9.99258e-05
0 0.867281 0.996 0.135428 0.008 0.000100501
0 0.735374 0.0986667 0.108884 0.125333 0.000100941
0 0.51273 0.652 0.095883 0.16 0.000101319
0 0.113218 0.439333 0.2026 0.705333 0.000101719
0 0.338028 0.0806667 0.0595883 0.137333 0.000102102
0 0.550379 0.601333 0.0899242 0.178667 0.00010231
0 0.642199 1 0.0514626 0 0.000102562
0 0.662514 0.991333 0.0660888 0.0173333 0.000103057
0 0.241874 0.590667 0.0460455 0.0853333 0.000103767
0 0.384345 0.467333 0.0991333 0.150667 0.000104256
0 0.283315 0.27 0.092091 0.18 0.000105024
0 0.402492 0 0.0552546 0 0.00010649
0 0.985645 0.635333 0.0287107 0.3 0.00010673
0 0.19312 0.016 0.0492958 0.032 0.000107499
0 0.510022 0.720667 0.116468 0.153333 0.000107718
0 0.564735 1 0.0547129 0 0.000107788
0 0.00812568 0.324 0.0162514 0.154667 0.000108074
0 0.96831 0.212667 0.0622969 0.316 0.000108456
0 0.460455 0.514667 0.0910076 0.253333 0.000109073
0 0.689599 0.00933333 0.0790899 0.0186667 0.000109359
0 0.0251896 0.882667 0.0471289 0.234667 0.00010939
0 0.413868 0.874 0.110509 0.212 0.000110753
0 0.25325 1 0.0482123 0 0.000111029
0 0.29415 0.542667 0.0530878 0.088 0.000111732
0 0.286566 0.998 0.0758397 0.004 0.000111755
0 0.633803 0.52 0.112676 0.154667 0.000111796
0 0.0297941 0.157333 0.0595883 0.314667 0.000112259
0 0.463164 0.875333 0.110509 0.196 0.000112655
0 0.302817 1 0.0487541 0 0.000112928
0 0.694745 0.862667 0.0547129 0.162667 0.000112978
0 0.88922 0.773333 0.158722 0.258667 0.000113988
0 0.839382 0.409333 0.166306 0.248 0.000114477
0 0.472644 0.769333 0.160888 0.405333 0.000116165
0 0.315818 0.876 0.115926 0.216 0.000116337
0 0.831528 0.0233333 0.0455038 0.0466667 0.000117432
0 0.21533 0.632667 0.0384615 0.209333 0.000117843
0 0.363218 0.348 0.1013 0.168 0.000118111
0 0.508126 0.064 0.0346696 0.08 0.000118367
0 0.98402 0.994 0.024377 0.012 0.000118691
0 0.585049 0.367333 0.0628386 0.166667 0.000119726
0 0.539003 1 0.0790899 0 0.000119797
0 0.417931 0.636 0.031961 0.032 0.000120669
0 0.232124 0.0146667 0.0471289 0.0293333 0.000122676
0 0.4526 0 0.0547129 0 0.000122684
0 0.271939 0.492 0.0530878 0.114667 0.000122828
0 0.238895 0.345333 0.0736728 0.165333 0.000122896
0 0.139491 0.996 0.157638 0.008 0.000122925
0 0.239437 0.096 0.0585049 0.144 0.000124318
0 0.30688 0.0953333 0.0633803 0.134667 0.000124434
0 0.838028 0.524667 0.151679 0.278667 0.000124855
0 0.320152 0.486667 0.0530878 0.109333 0.000125392
0 0.50948 0.0493333 0.0579632 0.0986667 0.000126425
0 0.278169 1 0.0492958 0 0.00012679
0 0.210997 0.518 0.0449621 0.110667 0.000127857
0 0.325298 1 0.0807151 0 0.000127979
0 0.333153 0.614 0.0985916 0.118667 0.00012807
0 0.629198 0.996 0.0514626 0.008 0.000128669
0 0.0874865 0 0.0547129 0 0.00012878
0 0.986186 0 0.0276273 0 0.000128977
0 0.567985 0.00733333 0.0709642 0.0146667 0.00012925
0 0.990249 0.849333 0.0173348 0.293333 0.000130228
0 0.283315 0.101333 0.0736728 0.197333 0.000130776
0 0.364843 0.678 0.599675 0.644 0.000130839
0 0.327736 0 0.0552546 0 0.00013108
0 0.641658 0.5 0.716685 1 0.00013142
0 0.972373 0.514 0.0552546 0.241333 0.000131986
0 0.320152 0.420667 0.133261 0.401333 0.00013213
0 0.364572 0.500667 0.134345 0.452 0.00013222
0 0.490249 0.00666667 0.0725894 0.0133333 0.00013305
0 0.518418 0.516 0.118093 0.384 0.0001333
0 0.486728 0.429333 0.0872156 0.144 0.000133355
0 0.607801 0.0513333 0.109426 0.102667 0.000133357
0 0.984561 0.276667 0.0308776 0.332 0.000133482
0 0.229415 0.440667 0.115385 0.449333 0.000133861
0 0.502709 0 0.0552546 0 0.00013397
0 0.358884 0.222 0.0893824 0.150667 0.000134324
0 0.152763 0.427333 0.305525 0.854667 0.00013454
0 0.179848 0.511333 0.131094 0.228 0.000134692
0 0.603738 0.408 0.0893824 0.130667 0.00013538
0 0.361322 0.277333 0.0964247 0.16 0.000135407
0 0.540358 0 0.0547129 0 0.000135426
0 0.535211 0.416667 0.105092 0.132 0.000135765
0 0.0067714 0.91 0.0092091 0.145333 0.000135945
0 0.941495 0 0.0552546 0 0.000136912
0 0.388949 0.092 0.0693391 0.138667 0.000137642
0 0.892199 0.0246667 0.108342 0.0493333 0.000137767
0 0.151679 0 0.056338 0 0.000139075
0 0.302004 0 0.0557963 0 0.000139532
0 0.790899 0.032 0.106176 0.064 0.000139609
0 0.216956 0.636667 0.0568797 0.324 0.000141282
0 0.615926 1 0.0541712 0 0.0001425
0 0.82584 1 0.0850488 0 0.000142958
0 0.820152 0.0186667 0.0823402 0.0373333 0.000143089
0 0.902763 0 0.0547129 0 0.000143757
0 0.767064 0.008 0.0790899 0.016 0.000145155
0 0.624865 0.996 0.0817985 0.008 0.000145256
0 0.821235 0.0526667 0.0465872 0.076 0.000145441
0 0.547671 0.00133333 0.0834236 0.00266667 0.000145637
0 0.482394 0.100667 0.0893824 0.201333 0.000145706
0 0.988353 0.262667 0.0189599 0.146667 0.00014582
0 0.61078 0.468 0.103467 0.136 0.000145998
0 0.377302 0 0.0557963 0 0.000146162
0 0.911159 0.415333 0.130011 0.230667 0.000146237
0 0.238082 0.272 0.0807151 0.253333 0.000146301
0 0.565276 0.451333 0.0817985 0.118667 0.000146536
0 0.976436 0.887333 0.0471289 0.209333 0.000147293
0 0.0669014 0.992 0.0785482 0.016 0.000148262
0 0.294691 0.568667 0.0888407 0.092 0.000148351
0 0.264897 0.995333 0.0964247 0.00933333 0.000148579
0 0.984832 0.405333 0.0303359 0.298667 0.000149346
0 0.829632 0.835333 0.238895 0.329333 0.000149763
0 0.98104 0 0.0379198 0 0.000150377
0 0.47779 0 0.0552546 0 0.000150723
0 0.441495 0.012 0.0769231 0.024 0.000150845
0 0.0143554 0.999333 0.0232936 0.00133333 0.000152479
0 0.863218 1 0.0850488 0 0.0001526
0 0.22481 0.00266667 0.0704225 0.00533333 0.000152646
0 0.936078 0.002 0.0985916 0.004 0.000153493
0 0.710726 0.000666667 0.084507 0.00133333 0.000153793
0 0.48727 0.0466667 0.0633803 0.0933333 0.000154059
0 0.839112 0.0313333 0.101842 0.0626667 0.00015583
0 0.0980498 0.0106667 0.0780065 0.0213333 0.000156996
0 0.988082 0.0133333 0.0195016 0.0266667 0.000159823
0 0.356988 0.0453333 0.0476706 0.0586667 0.000159857
0 0.942037 0.998 0.109426 0.004 0.000159916
0 0.762188 0.0393333 0.099675 0.0786667 0.000160096
0 0.227248 0 0.0557963 0 0.00016146
0 0.372698 0.768667 0.119177 0.193333 0.000161498
0 0.492416 0.574 0.0780065 0.241333 0.000164253
0 0.877031 0 0.0552546 0 0.000165159
0 0.352384 0 0.0557963 0 0.000165843
0 0.0176056 0.0506667 0.0352113 0.101333 0.000165904
0 0.0362947 0.06 0.071506 0.12 0.000166306
0 0.362134 0.0913333 0.0655471 0.148 0.000168432
0 0.556067 0.525333 0.107801 0.226667 0.000168661
0 0.00839653 0.112 0.0167931 0.2 0.000169548
0 0.678223 0 0.0552546 0 0.000170132
0 0.842904 0.874 0.119177 0.238667 0.000170471
0 0.433099 0.0426667 0.0460455 0.0533333 0.000171258
0 0.0111051 0.863333 0.0113759 0.252 0.000172148
0 0.612676 1 0.0866739 0 0.000173476
0 0.236186 0.423333 0.0758397 0.169333 0.000175651
0 0.00866739 0.386 0.0173348 0.156 0.000176474
0 0.382719 0.048 0.0482123 0.0586667 0.000180831
0 0.287649 1 0.0790899 0 0.000180891
0 0.446641 0.0213333 0.0731311 0.0426667 0.000181309
0 0.385699 0.004 0.0704225 0.008 0.000181481
0 0.276815 0 0.056338 0 0.000182958
0 0.248375 0.0186667 0.0666305 0.0373333 0.000187978
0 0.0498375 0 0.056338 0 0.000189368
0 0.162514 0.004 0.0812568 0.008 0.0001906
0 0.307151 0.0146667 0.0498375 0.0293333 0.000190773
0 0.18987 0.997333 0.121885 0.00533333 0.000192117
0 0.984561 0.0266667 0.0308776 0.048 0.000192415
0 0.985915 0.522667 0.028169 0.282667 0.00019266
0 0.189057 0 0.056338 0 0.000192742
0 0.586674 0.434 0.0693391 0.0866667 0.000193272
0 0.507584 0.546667 0.0444204 0.125333 0.000193819
0 0.667118 1 0.0547129 0 0.000193983
0 0.668472 0.996667 0.0509209 0.00666667 0.00019614
0 0.348862 0.00533333 0.0682557 0.0106667 0.00019718
0 0.923348 0.691333 0.126219 0.196 0.000197196
0 0.57584 1 0.0812568 0 0.000200257
0 0.945016 0.0626667 0.0417118 0.0613333 0.000200451
0 0.124865 1 0.0947996 0 0.000201062
0 0.307421 0.516667 0.052546 0.0946667 0.000201427
0 0.194204 0.0293333 0.0947996 0.0586667 0.000202325
0 0.568256 0.357333 0.743229 0.714667 0.000202397
0 0.252438 0 0.056338 0 0.000202707
0 0.237541 0.638 0.0666305 0.172 0.000204233
0 0.0192308 0.794 0.0384615 0.398667 0.000205463
0 0.181203 0.646667 0.362405 0.706667 0.000208369
0 0.261918 0.211333 0.0937161 0.26 0.00020846
0 0.174431 0.522667 0.1961 0.554667 0.000210908
0 0.991062 0.418667 0.0167931 0.224 0.00021116
0 0.814193 0 0.0552546 0 0.000211547
0 0.765439 0 0.0552546 0 0.000211671
0 0.00839653 0.627333 0.0167931 0.156 0.000212126
0 0.887324 0.88 0.157096 0.173333 0.00021233
0 0.00839653 0.234 0.0146262 0.238667 0.000212431
0 0.347779 0.00533333 0.071506 0.0106667 0.000213935
0 0.99052 0.599333 0.0167931 0.265333 0.000214391
0 0.416576 0.114 0.0541712 0.150667 0.000215459
0 0.384074 0.00466667 0.0704225 0.00933333 0.000216386
0 0.359697 0.416 0.101842 0.16 0.000217269
0 0.282503 0.519333 0.0536295 0.0973333 0.00021747
0 0.587216 0.0586667 0.0585049 0.117333 0.00021805
0 0.0227519 0.996667 0.0455038 0.00666667 0.000218069
0 0.715872 0 0.0547129 0 0.000219005
0 0.437974 0.142667 0.0872156 0.162667 0.000220992
0 0.852384 0 0.0557963 0 0.00022116
0 0.652492 0 0.0557963 0 0.000222891
0 0.00893824 0.564667 0.0178765 0.156 0.000227217
0 0.51273 0 0.0915493 0 0.000227868
0 0.357801 0.644 0.120802 0.216 0.000232331
0 0.789545 0 0.0557963 0 0.000233789
0 0.858342 0.00333333 0.0742145 0.00666667 0.000235008
0 0.900325 1 0.092091 0 0.000238187
0 0.0200433 0.364667 0.0400867 0.353333 0.000239084
0 0.261376 0.644 0.0872156 0.248 0.000240728
0 0.235915 0.00466667 0.0742145 0.00933333 0.000241756
0 0.317714 0.435333 0.0947996 0.164 0.000242204
0 0.264085 0.1 0.0698808 0.138667 0.000242959
0 0.879469 0.509333 0.234561 0.52 0.000243526
0 0.942037 0.0306667 0.0877573 0.0613333 0.000244746
0 0.0140845 0.773333 0.0227519 0.312 0.000245875
0 0.268147 0.0126667 0.0530878 0.0253333 0.000248291
0 0.74052 0 0.0552546 0 0.000248372
0 0.890845 0.344 0.185807 0.277333 0.000249417
0 0.00947996 0.506667 0.0189599 0.154667 0.000249502
0 0.862134 0.212 0.154388 0.285333 0.000250855
0 0.0100217 1 0.0200433 0 0.000253688
0 0.359426 0.498 0.0980498 0.172 0.0002546
0 0.589924 0 0.0975081 0 0.000255011
0 0.337216 0.5 0.674431 1 0.000256345
0 0.419556 0.820667 0.202059 0.358667 0.000257352
0 0.323131 0.002 0.0796316 0.004 0.00025805
0 0.380282 0.0166667 0.0509209 0.0333333 0.000258191
0 0.910618 0.00333333 0.0758397 0.00666667 0.000261727
0 0.415764 0.026 0.0763814 0.052 0.000262005
0 0.565547 0 0.0552546 0 0.000262272
0 0.573402 0.09 0.0644637 0.169333 0.000264126
0 0.99052 0.201333 0.0189599 0.232 0.000267092
0 0.979957 1 0.0368364 0 0.00026763
0 0.0067714 0.850667 0.0135428 0.277333 0.000267821
0 0.606988 0.113333 0.117551 0.144 0.000269037
0 0.71208 0.05 0.0850488 0.1 0.000270063
0 0.662784 0 0.109967 0 0.000271552
0 0.985645 0.139333 0.0287107 0.278667 0.000272508
0 0.269772 0.718667 0.0812568 0.224 0.000273859
0 0.408992 0.0166667 0.0455038 0.0333333 0.000276882
0 0.284399 0.0193333 0.0790899 0.0386667 0.000279428
0 0.747291 0 0.0893824 0 0.000281299
0 0.505417 0.492 0.0455038 0.104 0.000281721
0 0.486728 0.476667 0.0720477 0.134667 0.000283756
0 0.635157 0.144667 0.122969 0.1 0.000285012
0 0.627031 0 0.0557963 0 0.000287291
0 0.242958 0.5 0.0536295 0.125333 0.000288337
0 0.00947996 0.446 0.0189599 0.153333 0.000288339
0 0.992416 0.967333 0.0151679 0.0653333 0.000288588
0 0.297671 0.00533333 0.0731311 0.0106667 0.000290394
0 0.321506 0.742 0.120802 0.230667 0.000290646
0 0.602113 0 0.0557963 0 0.00029356
0 0.333965 0.0413333 0.0471289 0.056 0.000297005
0 0.360509 0.00266667 0.0763814 0.00533333 0.000301459
0 0.213976 0.02 0.0693391 0.04 0.000303119
0 0.797671 0.408667 0.404659 0.817333 0.000304113
0 0.00758397 0.692 0.0130011 0.277333 0.000308032
0 0.836674 0.004 0.0915493 0.008 0.00030807
0 0.460726 0.0406667 0.0872156 0.0813333 0.000310794
0 0.312568 0.629333 0.144095 0.352 0.000311725
0 0.270314 0.452 0.0855905 0.168 0.000312974
0 0.790899 0 0.111593 0 0.000315082
0 0.41143 0 0.107801 0 0.000315145
0 0.125135 0.00333333 0.104009 0.00666667 0.000316602
0 0.674973 0.996 0.0780065 0.008 0.000317769
0 0.462893 0 0.100217 0 0.000328094
0 0.680932 0.714 0.622969 0.572 0.000330765
0 0.899242 0.00266667 0.100758 0.00533333 0.000331198
0 0.99052 0.322 0.0189599 0.222667 0.000335363
0 0.992416 0.919333 0.0130011 0.161333 0.000335559
0 0.166306 0.018 0.100758 0.036 0.000337187
0 0.329902 0.530667 0.101842 0.128 0.000337541
0 0.368093 0.858 0.14247 0.190667 0.000340832
0 0.964789 0 0.0552546 0 0.000341271
0 0.0595883 0.018 0.102925 0.036 0.000347951
0 0.51273 0.580667 0.0742145 0.153333 0.000349374
0 0.0208559 0.490667 0.0417118 0.317333 0.000349883
0 0.982394 0.994 0.0352113 0.012 0.000350787
0 0.988353 0.935333 0.0102925 0.110667 0.000352446
0 0.0289816 1 0.0547129 0 0.000353627
0 0.533315 0.473333 0.0980498 0.138667 0.000354419
0 0.269231 0.545333 0.056338 0.096 0.000355184
0 0.987812 1 0.0167931 0 0.000360403
0 0.255959 0.522667 0.0536295 0.0986667 0.000365649
0 0.675244 1 0.0872156 0 0.000366325
0 0.362676 0.0273333 0.0709642 0.0546667 0.000368338
0 0.387866 0.0226667 0.084507 0.0453333 0.000372675
0 0.991603 0.508 0.0146262 0.229333 0.000372824
0 0.622698 0.00133333 0.0926327 0.00266667 0.000383596
0 0.832882 0.642 0.178223 0.324 0.000386814
0 0.775731 0.684667 0.0346696 0.153333 0.000387249
0 0.986999 0.982 0.00975081 0.036 0.000391256
0 0.518418 0.5 0.629469 1 0.000393949
0 0.88922 0.479333 0.154388 0.236 0.000394694
0 0.58559 0.0693333 0.0303359 0.122667 0.000396423
0 0.0116468 0.368 0.0189599 0.282667 0.00039654
0 0.989166 0.134 0.0184182 0.142667 0.000407481
0 0.248646 0.00266667 0.0790899 0.00533333 0.000408
0 0.0186891 0.608667 0.0373781 0.364 0.000435435
0 0.199079 0.00333333 0.0850488 0.00666667 0.000437179
0 0.285482 0.002 0.0780065 0.004 0.00043757
0 0.361863 0 0.122427 0 0.000447565
0 0.53169 0.534 0.0926327 0.158667 0.000460277
0 0.0441495 0.994667 0.088299 0.0106667 0.000461373
0 0.866468 0 0.13597 0 0.000465182
0 0.972102 0.0366667 0.0557963 0.0733333 0.000471335
0 0.461809 0.109333 0.0872156 0.144 0.000471435
0 0.421993 0.532667 0.0574215 0.196 0.000475522
0 0.888949 0.65 0.157096 0.204 0.000498167
0 0.71533 0.872667 0.0590466 0.166667 0.000502127
0 0.961268 0 0.0774648 0 0.000508935
0 0.989166 0.0373333 0.0140845 0.0746667 0.000511854
0 0.316901 0.0173333 0.0823402 0.0346667 0.000516326
0 0.0869447 1 0.102384 0 0.000522451
0 0.086403 0.01 0.114301 0.02 0.000567522
0 0.262459 0.525333 0.113218 0.365333 0.000598438
0 0.310672 0.620667 0.108884 0.182667 0.000604376
0 0.911701 0.599333 0.122427 0.121333 0.000618868
0 0.307151 0.49 0.0964247 0.134667 0.000621462
0 0.912243 0.542 0.12351 0.172 0.000628424
0 0.224269 0.500667 0.0455038 0.121333 0.000628897
0 0.163326 0 0.148971 0 0.000637628
0 0.429848 0.018 0.0482123 0.0333333 0.000638078
0 0.360509 0.764667 0.166306 0.329333 0.000661125
0 0.0100217 0.602667 0.0135428 0.285333 0.00070817
0 0.26273 0 0.135428 0 0.000710214
0 0.0100217 0.448667 0.0135428 0.270667 0.000726809
0 0.346696 0.0233333 0.071506 0.0466667 0.00074046
0 0.369177 0.686 0.418743 0.628 0.000742094
0 0.768147 0.563333 0.463705 0.873333 0.000767607
0 0.218852 0.507333 0.0650054 0.236 0.000797473
0 0.265439 0.014 0.0888407 0.028 0.000821629
0 0.91441 0 0.12026 0 0.000835989
0 0.0119177 0.523333 0.0195016 0.292 0.00089428
0 0.331528 0.0173333 0.0509209 0.0346667 0.000925669
0 0.244854 0.56 0.0455038 0.0906667 0.000940479
0 0.677681 0.886 0.0411701 0.214667 0.00107026
0 0.0644637 0 0.128927 0 0.00120524
0 0.219393 0.550667 0.0422535 0.144 0.00125763
0 0.290358 0.5 0.580715 1 0.00126643
0 0.980228 0.0806667 0.039545 0.148 0.00138359
0 0.0333153 0.00933333 0.0666305 0.0186667 0.00151147
0 0.580173 0.417333 0.0390032 0.0826667 0.00157421
0 0.281961 0.536667 0.100217 0.118667 0.00161086
0 0.0273564 0.00133333 0.0547129 0.00266667 0.00207126
0 0.820152 0.671333 0.122427 0.148 0.00215765
0 0.253792 0.533333 0.095883 0.16 0.00227302
0 0.988353 0.0866667 0.0200433 0.125333 0.00361141
0 0.233749 0.530667 0.0460455 0.122667 0.0153363
0 0.720748 0.818 0.196641 0.364 0.0292309
0 0.719935 0.879333 0.106176 0.238667 0.865187
