0 0.682828 0.924 0.0330444 0.0933333 1.71516e-05
0 0.714518 0.522 0.0780065 0.262667 1.71559e-05
0 0.533044 0.372 0.0303359 0.0853333 1.71908e-05
0 0.535753 0.496667 0.0509209 0.254667 1.71919e-05
0 0.303629 0.004 0.0503792 0.008 1.72298e-05
0 0.567172 0.637333 0.0379198 0.08 1.72348e-05
0 0.955038 0.494 0.0899242 0.508 1.73648e-05
0 0.625406 0.615333 0.0308776 0.0973333 1.73897e-05
0 0.875135 0.162667 0.186891 0.325333 1.74036e-05
0 0.247562 0.342667 0.108342 0.554667 1.74098e-05
0 0.912514 0.176667 0.0742145 0.286667 1.74296e-05
0 0.759751 0.964 0.0742145 0.0613333 1.75299e-05
0 0.528982 0.771333 0.0579632 0.137333 1.7533e-05
0 0.929036 0.461333 0.0617551 0.277333 1.75706e-05
0 0.809588 0.544667 0.052546 0.132 1.75778e-05
0 0.0148971 0.932 0.0297941 0.136 1.76023e-05
0 0.0991333 0.0886667 0.114843 0.158667 1.76133e-05
0 0.421993 0.890667 0.0422535 0.0453333 1.76748e-05
0 0.124865 0.548667 0.119718 0.252 1.77506e-05
0 0.480228 0.512 0.105634 0.210667 1.77633e-05
0 0.931473 0 0.0460455 0 1.77696e-05
0 0.492958 0.981333 0.0368364 0.0346667 1.77762e-05
0 0.449892 0.280667 0.0157096 0.0333333 1.77814e-05
0 0.202059 0.961333 0.0520043 0.0266667 1.77878e-05
0 0.259209 0.129333 0.141387 0.258667 1.78615e-05
0 0.201517 0.942 0.0509209 0.036 1.7876e-05
0 0.764626 0.275333 0.133803 0.529333 1.794e-05
0 0.163326 0.639333 0.190141 0.334667 1.79447e-05
0 0.492687 0.766667 0.0341278 0.0826667 1.8061e-05
0 0.809588 0.244 0.0254605 0.0933333 1.80636e-05
0 0.00893824 0.042 0.0167931 0.084 1.8096e-05
0 0.722644 0.366 0.132178 0.558667 1.81024e-05
0 0.532232 0.915333 0.0341278 0.06 1.83235e-05
0 0.113489 1 0.0557963 0 1.83566e-05
0 0.463705 0.352667 0.258938 0.705333 1.83926e-05
0 0.597508 0.365333 0.0335861 0.0853333 1.84421e-05
0 0.65493 0.620667 0.0693391 0.145333 1.84567e-05
0 0.45585 0.0406667 0.0514626 0.028 1.85386e-05
0 0.739707 0.958667 0.0861322 0.0826667 1.85877e-05
0 0.779794 0.512 0.0287107 0.04 1.85905e-05
0 0.985103 0.759333 0.0265439 0.102667 1.86051e-05
0 0.759209 0.844667 0.095883 0.148 1.87181e-05
0 0.8987 0.911333 0.0834236 0.134667 1.87796e-05
0 0.574756 0.842 0.0585049 0.222667 1.87888e-05
0 0.357801 0.0253333 0.0438787 0.0106667 1.87933e-05
0 0.319068 0.994 0.0455038 0.012 1.8864e-05
0 0.488895 0.595333 0.0872156 0.14 1.89326e-05
0 0.00893824 0.963333 0.0092091 0.0733333 1.89588e-05
0 0.258397 0.974667 0.0314193 0.0346667 1.90436e-05
0 0.685807 0.288 0.0574215 0.274667 1.9057e-05
0 0.409263 0.0453333 0.0492958 0.024 1.90782e-05
0 0.396262 0.983333 0.0287107 0.0333333 1.91511e-05
0 0.887324 0.942667 0.0812568 0.114667 1.91858e-05
0 0.467226 0.818667 0.18364 0.362667 1.91923e-05
0 0.479415 0.978 0.0379198 0.0333333 1.9307e-05
0 0.599404 0.334 0.0276273 0.0706667 1.935e-05
0 0.386241 0.96 0.071506 0.08 1.93506e-05
0 0.913055 0.326 0.0763814 0.161333 1.94967e-05
0 0.342633 0.0233333 0.0612134 0.0466667 1.95848e-05
0 0.41766 0.896667 0.071506 0.1 1.96464e-05
0 0.351029 0.892 0.0910076 0.216 1.96509e-05
0 0.582882 0.990667 0.0660888 0.0186667 1.9694e-05
0 0.716414 0.268 0.031961 0.0373333 1.97077e-05
0 0.833153 0.674 0.0433369 0.0866667 1.97848e-05
0 0.454225 0.286 0.0102925 0.044 1.98133e-05
0 0.907909 0.0433333 0.0422535 0.06 1.98136e-05
0 0.683369 0.391333 0.0590466 0.161333 1.98372e-05
0 0.624865 0.956 0.0947996 0.088 1.98857e-05
0 0.0530878 0.884667 0.106176 0.185333 1.99406e-05
0 0.45883 0.842 0.0444204 0.076 1.99776e-05
0 0.732665 0.654667 0.0341278 0.104 2.00106e-05
0 0.0208559 0.916 0.0417118 0.168 2.00256e-05
0 0.816901 0.959333 0.084507 0.0813333 2.01312e-05
0 0.570964 0.231333 0.187432 0.462667 2.01681e-05
0 0.908722 0.468667 0.031961 0.102667 2.01752e-05
0 0.959372 0.702 0.035753 0.0653333 2.01944e-05
0 0.411701 0.962 0.0671723 0.076 2.02583e-05
0 0.600758 0.304667 0.0249187 0.0653333 2.02619e-05
0 0.466956 0 0.0520043 0 2.03096e-05
0 0.0817985 0.876 0.146262 0.248 2.03686e-05
0 0.111322 0.967333 0.176056 0.0653333 2.03874e-05
0 0.568256 0.744667 0.124594 0.486667 2.03938e-05
0 0.483749 0.665333 0.0292524 0.0613333 2.04066e-05
0 0.223998 0.548667 0.0427952 0.182667 2.04263e-05
0 0.209913 0.604 0.0536295 0.213333 2.04737e-05
0 0.566631 0.694 0.0368364 0.0786667 2.04814e-05
0 0.939057 0.194 0.119718 0.388 2.04976e-05
0 0.542524 0.345333 0.0655471 0.248 2.05928e-05
0 0.466956 0.975333 0.0335861 0.044 2.06087e-05
0 0.660076 0.770667 0.0406284 0.0773333 2.06102e-05
0 0.656826 0.377333 0.125135 0.544 2.06918e-05
0 0.829902 0.447333 0.0834236 0.276 2.0821e-05
0 0.73402 0.763333 0.0866739 0.265333 2.10265e-05
0 0.733207 0.590667 0.0796316 0.245333 2.10538e-05
0 0.620531 0.415333 0.0362947 0.0653333 2.11913e-05
0 0.00893824 0.942667 0.0178765 0.114667 2.12051e-05
0 0.686349 0.817333 0.0682557 0.144 2.13054e-05
0 0.976706 0.576 0.0260022 0.0826667 2.13525e-05
0 0.0203142 0.569333 0.0406284 0.130667 2.13758e-05
0 0.72156 0.825333 0.132178 0.349333 2.14006e-05
0 0.859697 0.406 0.0790899 0.121333 2.14631e-05
0 0.340195 0.981333 0.0747562 0.0373333 2.15643e-05
0 0.195016 0.962 0.0855905 0.076 2.16468e-05
0 0.695287 0.785333 0.0417118 0.0826667 2.16545e-05
0 0.571235 0.954 0.100217 0.092 2.16828e-05
0 0.0823402 0.326 0.145179 0.18 2.16939e-05
0 0.383261 0.0173333 0.06013 0.0346667 2.17157e-05
0 0.791441 0.288667 0.0509209 0.105333 2.17288e-05
0 0.429307 0 0.0514626 0 2.18048e-05
0 0.900867 0.461333 0.0260022 0.0506667 2.18136e-05
0 0.117551 0.166 0.235103 0.332 2.18581e-05
0 0.270043 0.7 0.0731311 0.248 2.19252e-05
0 0.735374 0.066 0.0341278 0.0706667 2.21139e-05
0 0.584507 0.776667 0.0422535 0.124 2.22013e-05
0 0.479415 0.525333 0.172264 0.712 2.22045e-05
0 0.683369 0.385333 0.0861322 0.285333 2.22576e-05
0 0.404117 0 0.0520043 0 2.23322e-05
0 0.0869447 0.0366667 0.120802 0.0733333 2.24055e-05
0 0.613759 0.240667 0.0650054 0.121333 2.24467e-05
0 0.719664 0.720667 0.0341278 0.0813333 2.24748e-05
0 0.754334 0.323333 0.0731311 0.241333 2.25157e-05
0 0.169827 0.410667 0.21506 0.821333 2.26481e-05
0 0.757042 0.144 0.06013 0.266667 2.27623e-05
0 0.551463 0.287333 0.0411701 0.134667 2.27721e-05
0 0.684453 0.0446667 0.0427952 0.0626667 2.28039e-05
0 0.588028 0.437333 0.0557963 0.128 2.2812e-05
0 0.645991 0.766667 0.0362947 0.064 2.28465e-05
0 0.691224 0.954667 0.0314193 0.08 2.29042e-05
0 0.472914 0.669333 0.12026 0.437333 2.29172e-05
0 0.486457 0.870667 0.0953413 0.258667 2.29449e-05
0 0.715601 0.832667 0.0725894 0.156 2.30254e-05
0 0.912784 1 0.0487541 0 2.30645e-05
0 0.419285 0.97 0.0325027 0.0493333 2.32976e-05
0 0.9461 0 0.0449621 0 2.37534e-05
0 0.950433 0.00666667 0.0742145 0.0133333 2.37909e-05
0 0.812297 0.344 0.0352113 0.0933333 2.38801e-05
0 0.372698 0.997333 0.0682557 0.00533333 2.39277e-05
0 0.631907 0.743333 0.0308776 0.0813333 2.39799e-05
0 0.65818 0.962667 0.0390032 0.0426667 2.40732e-05
0 0.523294 0.996 0.0769231 0.008 2.41024e-05
0 0.166847 0.958667 0.15493 0.0826667 2.41987e-05
0 0.0725894 0.184667 0.145179 0.369333 2.42273e-05
0 0.58559 0.438 0.0216685 0.0653333 2.44304e-05
0 0.812568 0.39 0.126761 0.486667 2.45028e-05
0 0.883803 0.320667 0.0785482 0.286667 2.45564e-05
0 0.74377 0.456667 0.0325027 0.1 2.45653e-05
0 0.0503792 0.394667 0.100758 0.136 2.46137e-05
0 0.735103 0.915333 0.0368364 0.0733333 2.47257e-05
0 0.723185 0.944667 0.0314193 0.0706667 2.4923e-05
0 0.9526 0.145333 0.0947996 0.290667 2.49345e-05
0 0.9052 0.722 0.0411701 0.06 2.49946e-05
0 0.295233 0.971333 0.0390032 0.0413333 2.50366e-05
0 0.612947 0.762667 0.0568797 0.101333 2.5116e-05
0 0.782232 0.062 0.0270856 0.084 2.51752e-05
0 0.482936 0.842 0.0503792 0.0893333 2.51936e-05
0 0.942579 0.0673333 0.0747562 0.134667 2.52112e-05
0 0.331798 0.990667 0.0471289 0.0186667 2.53643e-05
0 0.131907 0.480667 0.174973 0.324 2.53682e-05
0 0.609697 0.974 0.0557963 0.0413333 2.55367e-05
0 0.209101 0.124 0.0725894 0.248 2.55805e-05
0 0.935265 0.376 0.119718 0.469333 2.56407e-05
0 0.532774 0.959333 0.0352113 0.052 2.59132e-05
0 0.512188 0.760667 0.128386 0.478667 2.59335e-05
0 0.112134 0.391333 0.174431 0.268 2.5985e-05
0 0.808776 0.296 0.0530878 0.298667 2.60213e-05
0 0.432286 0.95 0.0660888 0.1 2.61379e-05
0 0.138949 1 0.0547129 0 2.62097e-05
0 0.492416 0.994667 0.0455038 0.0106667 2.62141e-05
0 0.842362 0.692 0.0411701 0.08 2.63397e-05
0 0.190141 0.992667 0.0520043 0.0146667 2.63496e-05
0 0.862405 0.786667 0.108342 0.154667 2.64213e-05
0 0.967226 0.691333 0.0655471 0.230667 2.64516e-05
0 0.288191 0.945333 0.0693391 0.109333 2.64566e-05
0 0.856446 0.923333 0.0931744 0.153333 2.6562e-05
0 0.25948 0.544667 0.0650054 0.252 2.65843e-05
0 0.631365 0.105333 0.0839653 0.152 2.66182e-05
0 0.497562 0.992 0.0720477 0.016 2.67111e-05
0 0.458559 0.714667 0.0579632 0.064 2.67411e-05
0 0.945829 0.02 0.0476706 0.04 2.68486e-05
0 0.203413 0.950667 0.067714 0.0986667 2.69781e-05
0 0.684995 0.658 0.0742145 0.262667 2.69786e-05
0 0.546587 0.995333 0.0769231 0.00933333 2.71045e-05
0 0.768147 0.152667 0.173348 0.305333 2.71519e-05
0 0.759209 0.154 0.0438787 0.142667 2.71563e-05
0 0.597508 0.986 0.0346696 0.028 2.71863e-05
0 0.675785 0.945333 0.0817985 0.109333 2.7313e-05
0 0.866197 0.148667 0.0725894 0.148 2.73285e-05
0 0.92714 1 0.0460455 0 2.74302e-05
0 0.961538 0.366 0.0422535 0.0733333 2.74481e-05
0 0.866468 0.99 0.0471289 0.02 2.74599e-05
0 0.540087 0.986 0.0801734 0.028 2.74609e-05
0 0.455038 0.263333 0.0162514 0.036 2.74995e-05
0 0.279794 0.00266667 0.052546 0.00533333 2.77565e-05
0 0.0552546 0.078 0.100758 0.142667 2.77663e-05
0 0.715601 0.9 0.0552546 0.136 2.7797e-05
0 0.733749 0.471333 0.0644637 0.252 2.7815e-05
0 0.716143 0.474 0.0552546 0.137333 2.78189e-05
0 0.959913 0.0513333 0.0379198 0.0573333 2.78586e-05
0 0.142741 0.0766667 0.130553 0.153333 2.80372e-05
0 0.682828 0.114 0.0709642 0.228 2.80388e-05
0 0.931473 0.928 0.095883 0.144 2.8243e-05
0 0.417389 0.994667 0.0406284 0.0106667 2.84235e-05
0 0.957747 0.996667 0.0476706 0.00666667 2.84927e-05
0 0.663868 0.908667 0.0579632 0.137333 2.85732e-05
0 0.755146 0.526 0.0390032 0.0973333 2.86035e-05
0 0.63597 1 0.0650054 0 2.86233e-05
0 0.733478 0.77 0.0585049 0.150667 2.86524e-05
0 0.711538 0.322667 0.0362947 0.056 2.86531e-05
0 0.799025 0.259333 0.0238353 0.0306667 2.87009e-05
0 0.293337 0.0306667 0.14572 0.0613333 2.87571e-05
0 0.504605 0.996667 0.0449621 0.00666667 2.87685e-05
0 0.258938 0.323333 0.0574215 0.318667 2.87871e-05
0 0.889762 0.0753333 0.0893824 0.142667 2.88237e-05
0 0.638137 0.239333 0.071506 0.129333 2.89292e-05
0 0.738353 0.148667 0.0595883 0.156 2.89432e-05
0 0.744583 0.894667 0.0417118 0.0693333 2.90446e-05
0 0.540628 0.708 0.0725894 0.136 2.90576e-05
0 0.441766 0.780667 0.0850488 0.153333 2.91078e-05
0 0.239707 0.024 0.125135 0.048 2.93097e-05
0 0.928765 0 0.0514626 0 2.9421e-05
0 0.549567 0.535333 0.0482123 0.230667 2.94217e-05
0 0.985103 0.828 0.0297941 0.122667 2.94875e-05
0 0.283315 0.458667 0.15818 0.328 2.94945e-05
0 0.760022 0.6 0.0758397 0.122667 2.95045e-05
0 0.162514 0.989333 0.0985916 0.0213333 2.96264e-05
0 0.343716 0.996 0.0482123 0.008 2.96959e-05
0 0.683369 0.3 0.0330444 0.0586667 2.97253e-05
0 0.745395 0.711333 0.0444204 0.0546667 2.97458e-05
0 0.666035 0.332667 0.0276273 0.0866667 2.98309e-05
0 0.612676 0.704667 0.0660888 0.284 2.98684e-05
0 0.796316 0.718 0.0455038 0.0813333 2.99547e-05
0 0.444475 0.763333 0.121885 0.425333 2.99779e-05
0 0.882449 0.0346667 0.0693391 0.0533333 3.00651e-05
0 0.79442 0.246 0.031961 0.0893333 3.01239e-05
0 0.384345 0.024 0.0417118 0.0106667 3.04951e-05
0 0.725623 0.971333 0.06013 0.052 3.05227e-05
0 0.70558 0.758667 0.039545 0.0826667 3.07811e-05
0 0.67091 0.151333 0.0417118 0.110667 3.0788e-05
0 0.0490249 1 0.0557963 0 3.09228e-05
0 0.705038 0.286 0.031961 0.0786667 3.09358e-05
0 0.710455 0.25 0.0287107 0.0866667 3.13432e-05
0 0.502709 0.718667 0.0541712 0.141333 3.14019e-05
0 0.411159 1 0.0704225 0 3.14221e-05
0 0.392199 0.995333 0.0433369 0.00933333 3.14511e-05
0 0.245666 0.920667 0.0373781 0.124 3.15818e-05
0 0.530878 0.878 0.0335861 0.044 3.16634e-05
0 0.789003 0.150667 0.052546 0.130667 3.18338e-05
0 0.86701 0.806667 0.207476 0.386667 3.19035e-05
0 0.663326 0.736667 0.117551 0.449333 3.19982e-05
0 0.788191 0.609333 0.0769231 0.117333 3.20863e-05
0 0.781961 0.938 0.0503792 0.0813333 3.2145e-05
0 0.362676 0.474667 0.244312 0.378667 3.21869e-05
0 0.188245 1 0.0752979 0 3.24225e-05
0 0.77519 0.661333 0.128927 0.418667 3.26612e-05
0 0.78467 0.462667 0.0807151 0.237333 3.26704e-05
0 0.557151 0.588667 0.0796316 0.206667 3.27666e-05
0 0.513272 0.962 0.0893824 0.076 3.27994e-05
0 0.953684 0.256667 0.0926327 0.510667 3.29967e-05
0 0.152763 0.00333333 0.0574215 0.00666667 3.30825e-05
0 0.833694 0.612667 0.0444204 0.134667 3.32933e-05
0 0.129469 0.828 0.258938 0.344 3.33237e-05
0 0.818527 0.986667 0.0476706 0.0266667 3.34223e-05
0 0.506501 0.869333 0.0520043 0.048 3.38183e-05
0 0.439328 0.876 0.0682557 0.0613333 3.38393e-05
0 0.843174 0.987333 0.0492958 0.0253333 3.38727e-05
0 0.920639 0.437333 0.0297941 0.0666667 3.38971e-05
0 0.330444 0.0266667 0.0487541 0.016 3.39296e-05
0 0.931203 0.014 0.0422535 0.028 3.39389e-05
0 0.117551 0.0466667 0.151679 0.0933333 3.40029e-05
0 0.669014 0.789333 0.0368364 0.072 3.40533e-05
0 0.713164 0.963333 0.0763814 0.0733333 3.40737e-05
0 0.948267 0.334667 0.0752979 0.146667 3.40809e-05
0 0.850488 0.234667 0.0195016 0.0346667 3.42105e-05
0 0.1487 0.121333 0.112134 0.184 3.42905e-05
0 0.565005 0.997333 0.0476706 0.00533333 3.42907e-05
0 0.571777 0.092 0.0926327 0.144 3.43027e-05
0 0.461538 1 0.0660888 0 3.44487e-05
0 0.560401 0.69 0.0579632 0.118667 3.45066e-05
0 0.233478 0.016 0.0444204 0.032 3.4517e-05
0 0.634345 0.608667 0.0335861 0.148 3.45538e-05
0 0.433911 0.886667 0.0790899 0.154667 3.45715e-05
0 0.645991 0.316667 0.0232936 0.0733333 3.46301e-05
0 0.164139 1 0.0530878 0 3.46306e-05
0 0.332882 0.0406667 0.151138 0.0813333 3.47117e-05
0 0.354821 0.998 0.0476706 0.004 3.47373e-05
0 0.497833 0.046 0.0725894 0.052 3.49359e-05
0 0.816089 0.599333 0.0752979 0.228 3.49827e-05
0 0.984832 0.724 0.0270856 0.0826667 3.50148e-05
0 0.633532 0.512 0.0460455 0.056 3.50278e-05
0 0.915493 0.816 0.146262 0.368 3.50638e-05
0 0.510022 0.490667 0.0687974 0.0906667 3.5326e-05
0 0.540899 0.002 0.0536295 0.004 3.53815e-05
0 0.810943 0.652 0.0422535 0.0586667 3.53815e-05
0 0.611322 0.973333 0.0872156 0.0533333 3.54706e-05
0 0.763272 0.756667 0.084507 0.137333 3.55848e-05
0 0.864301 0.332667 0.0752979 0.158667 3.56532e-05
0 0.784128 0.0993333 0.0720477 0.198667 3.58845e-05
0 0.664951 0.240667 0.0373781 0.113333 3.6097e-05
0 0.49377 0.522667 0.0763814 0.12 3.61929e-05
0 0.819881 0.301333 0.0655471 0.162667 3.62352e-05
0 0.293066 0.906 0.0975081 0.174667 3.6349e-05
0 0.863489 0.272667 0.0693391 0.116 3.63752e-05
0 0.575298 0.299333 0.0411701 0.26 3.63818e-05
0 0.738082 0.248667 0.0655471 0.102667 3.63961e-05
0 0.0403575 0.00733333 0.0568797 0.0146667 3.64969e-05
0 0.292524 0.921333 0.0476706 0.104 3.65875e-05
0 0.707747 0.983333 0.0330444 0.0306667 3.66017e-05
0 0.839112 0.396 0.0292524 0.048 3.67104e-05
0 0.81338 0.147333 0.0633803 0.113333 3.67452e-05
0 0.537649 0.638667 0.0763814 0.232 3.6878e-05
0 0.586674 0.705333 0.0671723 0.141333 3.68939e-05
0 0.826381 0.996 0.0752979 0.008 3.69276e-05
0 0.948808 0.162 0.0287107 0.0866667 3.69364e-05
0 0.627573 1 0.039545 0 3.71027e-05
0 0.190953 0.0573333 0.0785482 0.114667 3.71436e-05
0 0.776002 0.827333 0.173889 0.345333 3.71698e-05
0 0.96831 0.968 0.0633803 0.064 3.71938e-05
0 0.506771 0.486 0.0514626 0.044 3.74441e-05
0 0.513814 0.658667 0.0742145 0.125333 3.75114e-05
0 0.73402 0.600667 0.0520043 0.132 3.7541e-05
0 0.611863 0.286667 0.0254605 0.032 3.80037e-05
0 0.605905 0.415333 0.0330444 0.0626667 3.83271e-05
0 0.236728 0.520667 0.185265 0.622667 3.83341e-05
0 0.331528 0.95 0.0444204 0.1 3.83666e-05
0 0.91441 0.188 0.0682557 0.122667 3.83695e-05
0 0.761105 0.515333 0.0249187 0.052 3.83835e-05
0 0.826652 0.693333 0.0780065 0.205333 3.86075e-05
0 0.602113 1 0.0482123 0 3.88238e-05
0 0.0579632 0.78 0.115926 0.392 3.8857e-05
0 0.637866 0.765333 0.0687974 0.104 3.89129e-05
0 0.985374 0.957333 0.0292524 0.0853333 3.91082e-05
0 0.561755 0.886 0.071506 0.137333 3.91269e-05
0 0.829902 0.132 0.0379198 0.0613333 3.92089e-05
0 0.757855 0.252667 0.0411701 0.0893333 3.92657e-05
0 0.657638 0.306 0.0368364 0.113333 3.9341e-05
0 0.975623 0.978 0.0325027 0.0413333 3.9466e-05
0 0.891116 0.412667 0.0704225 0.121333 3.95761e-05
0 0.380282 0.117333 0.218852 0.184 3.98136e-05
0 0.48104 0.775333 0.0758397 0.244 4.00697e-05
0 0.793879 0.990667 0.0460455 0.0186667 4.01193e-05
0 0.708559 0.604 0.0736728 0.133333 4.03259e-05
0 0.45585 0.0173333 0.0482123 0.0186667 4.06791e-05
0 0.137866 1 0.0839653 0 4.07082e-05
0 0.43662 1 0.0671723 0 4.08534e-05
0 0.830715 0.002 0.0687974 0.004 4.09038e-05
0 0.523294 0.582 0.0682557 0.249333 4.14524e-05
0 0.464518 0.0426667 0.124052 0.0853333 4.14789e-05
0 0.385699 0.994667 0.092091 0.0106667 4.15866e-05
0 0.663597 1 0.0617551 0 4.17973e-05
0 0.452329 0.29 0.0216685 0.0333333 4.19263e-05
0 0.738624 0.91 0.0763814 0.118667 4.19836e-05
0 0.973998 0.366 0.0368364 0.092 4.20133e-05
0 0.830986 0.962 0.0498375 0.052 4.20634e-05
0 0.616739 0.881333 0.0709642 0.149333 4.21122e-05
0 0.407909 0.982 0.0303359 0.036 4.21216e-05
0 0.682828 0.758 0.0417118 0.0946667 4.22166e-05
0 0.929848 0.460667 0.0622969 0.108 4.23165e-05
0 0.802546 0.254667 0.0146262 0.0213333 4.25994e-05
0 0.574485 0.854667 0.0297941 0.0986667 4.26271e-05
0 0.588299 0.631333 0.0736728 0.137333 4.27612e-05
0 0.60455 0.994667 0.0465872 0.0106667 4.27962e-05
0 0.974269 0.776 0.0449621 0.184 4.28369e-05
0 0.0381907 0.258667 0.0763814 0.485333 4.28507e-05
0 0.66441 0.0973333 0.0536295 0.149333 4.31606e-05
0 0.955038 0 0.0520043 0 4.32758e-05
0 0.188787 0.355333 0.0330444 0.153333 4.33324e-05
0 0.69312 0.727333 0.0373781 0.0786667 4.34736e-05
0 0.894637 0.484667 0.0633803 0.105333 4.35245e-05
0 0.608613 0.984667 0.0417118 0.028 4.35599e-05
0 0.716685 0.528 0.0509209 0.106667 4.35701e-05
0 0.769772 0.296 0.035753 0.0533333 4.38455e-05
0 0.831528 0.446667 0.0769231 0.114667 4.38984e-05
0 0.68987 0.231333 0.0352113 0.0946667 4.39139e-05
0 0.408992 0.02 0.063922 0.04 4.39218e-05
0 0.556067 0.476667 0.0438787 0.118667 4.40103e-05
0 0.0135428 0.889333 0.0270856 0.218667 4.40379e-05
0 0.822319 0.614667 0.0335861 0.0853333 4.40935e-05
0 0.46831 0.940667 0.088299 0.118667 4.42838e-05
0 0.112405 0.11 0.168472 0.22 4.46774e-05
0 0.641658 1 0.0352113 0 4.47663e-05
0 0.893824 0.673333 0.0476706 0.0506667 4.48723e-05
0 0.912243 0.982 0.0953413 0.036 4.50017e-05
0 0.952871 0.519333 0.0292524 0.0786667 4.5117e-05
0 0.905742 0.885333 0.119177 0.216 4.53604e-05
0 0.754875 0.991333 0.0471289 0.0173333 4.54733e-05
0 0.679848 0.969333 0.0628386 0.0613333 4.56848e-05
0 0.840737 0.632667 0.121343 0.417333 4.59701e-05
0 0.865114 0.982 0.0812568 0.036 4.60391e-05
0 0.756771 0.404667 0.0671723 0.153333 4.6206e-05
0 0.417931 0.981333 0.0265439 0.0373333 4.62149e-05
0 0.0509209 0.457333 0.101842 0.192 4.63952e-05
0 0.543337 0.877333 0.0411701 0.0346667 4.64134e-05
0 0.452329 1 0.0422535 0 4.64459e-05
0 0.706392 0.15 0.0606717 0.134667 4.64817e-05
0 0.00731311 0.0653333 0.0124594 0.130667 4.65999e-05
0 0.38922 1 0.0438787 0 4.67118e-05
0 0.560672 0.998667 0.0823402 0.00266667 4.67931e-05
0 0.632449 0.316 0.0330444 0.0586667 4.68693e-05
0 0.71533 0.651333 0.067714 0.145333 4.69008e-05
0 0.545775 0.363333 0.0406284 0.116 4.71765e-05
0 0.00650054 0.726667 0.0130011 0.146667 4.75026e-05
0 0.432015 0.02 0.0644637 0.04 4.75535e-05
0 0.671452 0.858667 0.0666305 0.162667 4.75726e-05
0 0.31013 0.992 0.095883 0.016 4.75812e-05
0 0.361863 0.0166667 0.0855905 0.0333333 4.7617e-05
0 0.493499 0.00266667 0.0498375 0.00533333 4.77753e-05
0 0.61078 1 0.0763814 0 4.79887e-05
0 0.872427 0.674667 0.0752979 0.141333 4.7989e-05
0 0.514085 0.0366667 0.107259 0.0733333 4.80035e-05
0 0.684182 0.666 0.0509209 0.150667 4.84015e-05
0 0.762188 0.522 0.0682557 0.153333 4.84562e-05
0 0.757042 0.258667 0.0211268 0.0346667 4.87445e-05
0 0.911701 0.426 0.0444204 0.0973333 4.89352e-05
0 0.638949 0.979333 0.0503792 0.0413333 4.90343e-05
0 0.70585 0.766 0.071506 0.137333 4.90716e-05
0 0.57611 1 0.0492958 0 4.90868e-05
0 0.408992 0.0253333 0.0465872 0.0133333 4.91e-05
0 0.685265 0.34 0.0758397 0.136 4.9109e-05
0 0.480769 0.787333 0.0557963 0.148 4.93075e-05
0 0.617551 0.000666667 0.0552546 0.00133333 4.93358e-05
0 0.0295233 0.772667 0.0514626 0.305333 4.93989e-05
0 0.112947 0.988667 0.161972 0.0226667 4.95792e-05
0 0.517877 0.0373333 0.0509209 0.0453333 4.96526e-05
0 0.0379198 0.998667 0.056338 0.00266667 4.97848e-05
0 0.722644 0.978667 0.0368364 0.032 4.98614e-05
0 0.177681 0.957333 0.0541712 0.0186667 5.00368e-05
0 0.655471 0.383333 0.0260022 0.0813333 5.01478e-05
0 0.314735 0 0.0552546 0 5.04579e-05
0 0.486457 1 0.0704225 0 5.07318e-05
0 0.769502 0.0613333 0.024377 0.0826667 5.07394e-05
0 0.206663 0.002 0.0547129 0.004 5.07558e-05
0 0.606988 0.0546667 0.0384615 0.048 5.07563e-05
0 0.620802 0.762667 0.0346696 0.048 5.08583e-05
0 0.880553 0.000666667 0.0492958 0.00133333 5.09874e-05
0 0.176056 0.94 0.0530878 0.0266667 5.1055e-05
0 0.735103 0.486 0.0444204 0.110667 5.21958e-05
0 0.557963 0.674 0.0400867 0.0733333 5.22177e-05
0 0.321506 0.834 0.164139 0.332 5.22884e-05
0 0.844529 0.0853333 0.0379198 0.106667 5.23695e-05
0 0.709642 0.261333 0.0227519 0.032 5.24052e-05
0 0.567985 0.744 0.0666305 0.168 5.24424e-05
0 0.427411 1 0.0444204 0 5.24657e-05
0 0.208559 0.135333 0.0520043 0.164 5.2492e-05
0 0.646533 0.042 0.0427952 0.06 5.26145e-05
0 0.0200433 0.094 0.0400867 0.124 5.26493e-05
0 0.452329 0.698667 0.0682557 0.24 5.2718e-05
0 0.972102 0.699333 0.0449621 0.132 5.27423e-05
0 0.5539 0.978 0.052546 0.044 5.28737e-05
0 0.567443 0.391333 0.0687974 0.209333 5.29679e-05
0 0.698267 0.302 0.0303359 0.0626667 5.31704e-05
0 0.557151 0.39 0.0384615 0.0626667 5.32384e-05
0 0.458288 0.846667 0.105092 0.181333 5.3336e-05
0 0.684182 0.153333 0.0379198 0.0693333 5.35069e-05
0 0.456663 0.278 0.0238353 0.044 5.36278e-05
0 0.972102 0.397333 0.0460455 0.088 5.37175e-05
0 0.568527 0.00533333 0.0720477 0.0106667 5.37451e-05
0 0.567172 0.004 0.0541712 0.008 5.38477e-05
0 0.616468 0.578667 0.0368364 0.117333 5.40643e-05
0 0.382719 0.00533333 0.0731311 0.0106667 5.4546e-05
0 0.565818 0.032 0.116468 0.064 5.46694e-05
0 0.684995 0.106 0.0438787 0.134667 5.46925e-05
0 0.810943 0.295333 0.0335861 0.124 5.48368e-05
0 0.711809 0.0973333 0.071506 0.194667 5.49323e-05
0 0.890574 0.0273333 0.109426 0.0546667 5.49951e-05
0 0.542795 0.609333 0.0433369 0.0746667 5.49998e-05
0 0.556338 0.977333 0.0899242 0.0453333 5.50123e-05
0 0.888949 0.242 0.0227519 0.052 5.5293e-05
0 0.283586 0.990667 0.0666305 0.0186667 5.53495e-05
0 0.668202 0.00333333 0.052546 0.00666667 5.57705e-05
0 0.71533 0.388 0.0817985 0.272 5.58707e-05
0 0.911972 0.946 0.0893824 0.108 5.59644e-05
0 0.745937 0.940667 0.0444204 0.0813333 5.59758e-05
0 0.557421 0.0186667 0.0520043 0.024 5.62831e-05
0 0.324215 0.018 0.0742145 0.036 5.63605e-05
0 0.842362 1 0.0487541 0 5.65373e-05
0 0.891658 0.989333 0.0476706 0.0213333 5.65587e-05
0 0.179848 0.002 0.056338 0.004 5.67374e-05
0 0.865655 1 0.0487541 0 5.67434e-05
0 0.0154388 0.0113333 0.0308776 0.0226667 5.68702e-05
0 0.819068 0.142667 0.0433369 0.0586667 5.69526e-05
0 0.575027 0.869333 0.0189599 0.064 5.70234e-05
0 0.745937 0.968667 0.0444204 0.0386667 5.70291e-05
0 0.159805 0.547333 0.101842 0.206667 5.71049e-05
0 0.0815276 0.522667 0.163055 0.498667 5.72441e-05
0 0.615655 0.0233333 0.119718 0.0466667 5.7301e-05
0 0.564464 0.288 0.0249187 0.064 5.74815e-05
0 0.663868 0.0246667 0.111051 0.0493333 5.77717e-05
0 0.535211 0.535333 0.028169 0.0893333 5.78622e-05
0 0.896533 0.238 0.0487541 0.222667 5.80087e-05
0 0.878386 0 0.052546 0 5.80125e-05
0 0.73104 0.293333 0.088299 0.176 5.8104e-05
0 0.526544 1 0.0487541 0 5.81591e-05
0 0.969664 0.332667 0.0422535 0.102667 5.83518e-05
0 0.680661 0.752667 0.0752979 0.230667 5.84141e-05
0 0.543066 0.0186667 0.0698808 0.0373333 5.85996e-05
0 0.770043 0.505333 0.0157096 0.0453333 5.86105e-05
0 0.00866739 0.329333 0.0173348 0.138667 5.86499e-05
0 0.95883 0.188 0.028169 0.0693333 5.88315e-05
0 0.815818 0.611333 0.0487541 0.137333 5.89187e-05
0 0.654659 1 0.0352113 0 5.90653e-05
0 0.647346 0.970667 0.0260022 0.032 5.93932e-05
0 0.375948 0.05 0.0899242 0.068 5.95368e-05
0 0.440683 0 0.0547129 0 5.96747e-05
0 0.756771 0.487333 0.0379198 0.092 5.98888e-05
0 0.823402 0.845333 0.148429 0.309333 6.0072e-05
0 0.711809 0.991333 0.0704225 0.0173333 6.01305e-05
0 0.0135428 0.214 0.0270856 0.201333 6.03057e-05
0 0.814735 0.106 0.0855905 0.212 6.03287e-05
0 0.555796 0.65 0.0520043 0.124 6.07353e-05
0 0.364572 0 0.0552546 0 6.07993e-05
0 0.960455 0.517333 0.0303359 0.0506667 6.08009e-05
0 0.611593 0.991333 0.0953413 0.0173333 6.13867e-05
0 0.756501 0.319333 0.0655471 0.110667 6.21653e-05
0 0.0127302 0.332667 0.0178765 0.230667 6.23419e-05
0 0.671452 0.172667 0.0352113 0.0386667 6.24139e-05
0 0.905742 0 0.0498375 0 6.24753e-05
0 0.296316 0.024 0.0498375 0.0213333 6.24963e-05
0 0.609967 0.993333 0.0650054 0.0133333 6.25117e-05
0 0.684724 0.297333 0.0541712 0.0986667 6.25372e-05
0 0.878657 0.624667 0.0433369 0.137333 6.25441e-05
0 0.392741 0.0373333 0.102925 0.0746667 6.31133e-05
0 0.610509 0.363333 0.0292524 0.084 6.32841e-05
0 0.0230228 0.512 0.0417118 0.248 6.35774e-05
0 0.432828 0.042 0.0498375 0.0173333 6.39663e-05
0 0.903304 0 0.052546 0 6.41799e-05
0 0.255146 0.00466667 0.0498375 0.00933333 6.42019e-05
0 0.477519 1 0.0449621 0 6.47166e-05
0 0.871073 0.886 0.100758 0.177333 6.47655e-05
0 0.947183 0.120667 0.0557963 0.241333 6.47806e-05
0 0.258667 0.0253333 0.0384615 0.0213333 6.49151e-05
0 0.745937 0.686667 0.0390032 0.0746667 6.54008e-05
0 0.592633 0.00133333 0.0541712 0.00266667 6.54021e-05
0 0.972914 0.510667 0.0260022 0.048 6.54858e-05
0 0.191495 1 0.052546 0 6.56796e-05
0 0.708559 0.263333 0.0108342 0.0306667 6.58705e-05
0 0.856446 0.002 0.0509209 0.004 6.59443e-05
0 0.341278 1 0.0476706 0 6.60834e-05
0 0.971018 0.836667 0.0579632 0.262667 6.65148e-05
0 0.960184 0.302 0.0417118 0.0813333 6.652e-05
0 0.630823 0.989333 0.0427952 0.0213333 6.66174e-05
0 0.971289 0.00266667 0.0465872 0.00533333 6.66302e-05
0 0.482124 0.016 0.0465872 0.0186667 6.68523e-05
0 0.760834 0.983333 0.0785482 0.0333333 6.68562e-05
0 0.571506 0.892 0.0422535 0.0826667 6.71674e-05
0 0.310943 0.00466667 0.0942579 0.00933333 6.74779e-05
0 0.641928 0.609333 0.035753 0.0906667 6.74806e-05
0 0.630553 0.514667 0.0650054 0.106667 6.78052e-05
0 0.434182 0.880667 0.0427952 0.0173333 6.7823e-05
0 0.508126 0.769333 0.0725894 0.162667 6.79921e-05
0 0.816631 1 0.0460455 0 6.80747e-05
0 0.555796 0.596 0.0530878 0.112 6.82007e-05
0 0.264626 0.99 0.0807151 0.02 6.85475e-05
0 0.960726 0.123333 0.0406284 0.129333 6.93496e-05
0 0.551733 1 0.0492958 0 6.96278e-05
0 0.0335861 0.963333 0.0671723 0.0733333 6.96323e-05
0 0.694475 0.006 0.0487541 0.012 6.96914e-05
0 0.733207 0.404 0.0514626 0.168 6.97568e-05
0 0.197454 0.962667 0.0807151 0.056 6.97656e-05
0 0.64247 0.002 0.0541712 0.004 6.98657e-05
0 0.855634 0.072 0.0731311 0.12 6.99413e-05
0 0.0869447 1 0.0947996 0 7.03579e-05
0 0.491062 0 0.0547129 0 7.03704e-05
0 0.573131 0.046 0.0877573 0.0466667 7.04928e-05
0 0.290358 0.022 0.0953413 0.044 7.12518e-05
0 0.849133 0.246667 0.0384615 0.0773333 7.13762e-05
0 0.0292524 0.876 0.0585049 0.248 7.15327e-05
0 0.922806 0.00466667 0.0828819 0.00933333 7.16668e-05
0 0.891116 1 0.0498375 0 7.19599e-05
0 0.538191 0.641333 0.0514626 0.122667 7.226e-05
0 0.00704225 0.912667 0.0108342 0.14 7.24157e-05
0 0.942308 0.408667 0.0774648 0.121333 7.24574e-05
0 0.740249 0.957333 0.0774648 0.0853333 7.24712e-05
0 0.292524 0.994667 0.0487541 0.0106667 7.2536e-05
0 0.726977 0.344667 0.0671723 0.145333 7.2643e-05
0 0.435265 0.888667 0.0427952 0.0253333 7.2706e-05
0 0.052546 0.574667 0.105092 0.272 7.28992e-05
0 0.705038 0.994 0.0449621 0.012 7.29021e-05
0 0.804442 0.254 0.0151679 0.0546667 7.29786e-05
0 0.443933 0.022 0.0460455 0.012 7.30694e-05
0 0.502167 1 0.0465872 0 7.32078e-05
0 0.707476 0.7 0.0455038 0.106667 7.39175e-05
0 0.469122 0.866667 0.0509209 0.0426667 7.40293e-05
0 0.853467 0 0.0536295 0 7.42287e-05
0 0.299025 0.0146667 0.0834236 0.0293333 7.44355e-05
0 0.638137 0.976 0.0400867 0.024 7.4774e-05
0 0.773835 0.00533333 0.0861322 0.0106667 7.48551e-05
0 0.964247 0.0293333 0.071506 0.0586667 7.54772e-05
0 0.384345 0.0526667 0.193391 0.105333 7.55719e-05
0 0.652763 0.337333 0.0509209 0.216 7.55859e-05
0 0.532232 0.866 0.0709642 0.0706667 7.59551e-05
0 0.402492 0 0.0552546 0 7.59935e-05
0 0.959101 0.275333 0.0352113 0.084 7.6268e-05
0 0.31636 0.024 0.0574215 0.032 7.65931e-05
0 0.682828 0.976 0.0373781 0.0373333 7.6626e-05
0 0.955309 1 0.0482123 0 7.677e-05
0 0.551192 0.524667 0.0200433 0.052 7.67936e-05
0 0.523564 1 0.0752979 0 7.6815e-05
0 0.651408 0.976 0.0482123 0.048 7.70347e-05
0 0.893283 0.200667 0.0379198 0.113333 7.71426e-05
0 0.840195 0.03 0.108342 0.06 7.77799e-05
0 0.547942 0.0106667 0.088299 0.0213333 7.80037e-05
0 0.290087 0 0.0557963 0 7.80208e-05
0 0.56636 0.325333 0.0211268 0.0986667 7.80852e-05
0 0.339382 0 0.0557963 0 7.88374e-05
0 0.766522 0 0.0530878 0 7.88466e-05
0 0.606717 0.022 0.0617551 0.044 7.9182e-05
0 0.945829 0.274 0.0693391 0.132 7.91977e-05
0 0.811484 0.00733333 0.0758397 0.0146667 7.92505e-05
0 0.605363 0.610667 0.100217 0.306667 7.96255e-05
0 0.586945 0.352667 0.0557963 0.241333 7.96544e-05
0 0.540087 0 0.0552546 0 7.96754e-05
0 0.307963 0.0246667 0.0427952 0.012 7.97086e-05
0 0.818527 0.004 0.0520043 0.008 7.97343e-05
0 0.281148 0.996667 0.0498375 0.00666667 7.98493e-05
0 0.056338 0.342 0.112676 0.316 7.99578e-05
0 0.510834 0.874 0.0823402 0.129333 8.00604e-05
0 0.561484 0.876 0.0427952 0.064 8.01735e-05
0 0.703142 0.268 0.0195016 0.0266667 8.02152e-05
0 0.770043 0.0113333 0.0547129 0.0226667 8.03613e-05
0 0.787649 0.987333 0.0855905 0.0253333 8.04739e-05
0 0.565547 0 0.0552546 0 8.05988e-05
0 0.0287107 0.114667 0.0574215 0.229333 8.0715e-05
0 0.661701 0.283333 0.0178765 0.0333333 8.19912e-05
0 0.00758397 0.482667 0.0151679 0.149333 8.20143e-05
0 0.547671 0.534 0.0303359 0.0946667 8.20428e-05
0 0.111863 0 0.0547129 0 8.20672e-05
0 0.731853 0.992 0.0476706 0.016 8.22658e-05
0 0.0441495 0.0213333 0.088299 0.0426667 8.34427e-05
0 0.211268 0.026 0.0682557 0.052 8.4117e-05
0 0.940683 0.218667 0.0373781 0.0693333 8.46704e-05
0 0.469122 0.02 0.0693391 0.04 8.48901e-05
0 0.619447 0.294 0.0124594 0.044 8.50768e-05
0 0.0146262 0.993333 0.0292524 0.0133333 8.51507e-05
0 0.0178765 0.234667 0.035753 0.336 8.52802e-05
0 0.00785482 0.173333 0.0157096 0.226667 8.54271e-05
0 0.714247 0.032 0.1013 0.064 8.56824e-05
0 0.766522 1 0.0455038 0 8.57401e-05
0 0.46533 0 0.0552546 0 8.57707e-05
0 0.700704 1 0.0720477 0 8.60191e-05
0 0.310672 0.00933333 0.133803 0.0186667 8.63728e-05
0 0.716143 1 0.0476706 0 8.64274e-05
0 0.0192308 0.346667 0.0373781 0.2 8.65805e-05
0 0.787107 0.0353333 0.0975081 0.0706667 8.75271e-05
0 0.371885 0.214 0.301733 0.428 8.76004e-05
0 0.302817 1 0.0476706 0 8.77113e-05
0 0.823944 0.0386667 0.0682557 0.056 8.80813e-05
0 0.0124594 0.908 0.0140845 0.184 8.85005e-05
0 0.660888 0.988 0.063922 0.024 8.86781e-05
0 0.0861322 0 0.0541712 0 8.91422e-05
0 0.755417 0.269333 0.0384615 0.032 8.91603e-05
0 0.214789 0.996 0.0514626 0.008 8.98814e-05
0 0.792253 1 0.0460455 0 8.9972e-05
0 0.908722 0.261333 0.0655471 0.136 9.04229e-05
0 0.00758397 0.603333 0.0151679 0.153333 9.08434e-05
0 0.486457 0.016 0.0834236 0.032 9.08501e-05
0 0.222644 0.632 0.445287 0.736 9.20347e-05
0 0.666847 1 0.0390032 0 9.21313e-05
0 0.786566 0.692667 0.0953413 0.174667 9.27328e-05
0 0.361593 1 0.0763814 0 9.28605e-05
0 0.758938 0.06 0.0270856 0.0746667 9.33546e-05
0 0.623781 0.716 0.0612134 0.170667 9.41684e-05
0 0.720206 0.00533333 0.0514626 0.0106667 9.45763e-05
0 0.573402 1 0.0828819 0 9.46901e-05
0 0.0985916 0.251333 0.184182 0.5 9.4714e-05
0 0.837486 0.982 0.0866739 0.036 9.54904e-05
0 0.947996 0.104667 0.0411701 0.172 9.56316e-05
0 0.668202 0.977333 0.0427952 0.0293333 9.57506e-05
0 0.747291 0.0606667 0.0308776 0.068 9.57612e-05
0 0.740791 1 0.0482123 0 9.58938e-05
0 0.656555 0.334 0.0227519 0.092 9.63663e-05
0 0.690683 0.986 0.0314193 0.028 9.661e-05
0 0.538191 0.506 0.0297941 0.084 9.72306e-05
0 0.190412 0.978 0.129469 0.044 9.7263e-05
0 0.00785482 0.664 0.0157096 0.146667 9.73681e-05
0 0.171452 0.00533333 0.0785482 0.0106667 9.75751e-05
0 0.787107 0.469333 0.0660888 0.106667 9.77024e-05
0 0.586945 0.548667 0.0731311 0.153333 9.82821e-05
0 0.180119 0.954667 0.0666305 0.0906667 9.83115e-05
0 0.687703 0.991333 0.0774648 0.0173333 9.9328e-05
0 0.789274 0.944667 0.0899242 0.102667 0.000100038
0 0.661701 0.736667 0.0622969 0.164 0.000100396
0 0.972644 0.994 0.0427952 0.012 0.000101265
0 0.692037 1 0.0449621 0 0.000101345
0 0.232936 0.00333333 0.0541712 0.00666667 0.000102593
0 0.815547 0 0.0536295 0 0.00010317
0 0.241874 0.996 0.0482123 0.008 0.000103852
0 0.255417 0.994 0.0471289 0.012 0.000103895
0 0.985915 0.888 0.0216685 0.125333 0.000104302
0 0.249729 0.997333 0.0801734 0.00533333 0.000104954
0 0.062026 0.991333 0.124052 0.0173333 0.000105499
0 0.973998 0.575333 0.0520043 0.273333 0.000105557
0 0.543066 0.389333 0.0287107 0.0533333 0.000105589
0 0.747291 0.278667 0.0471289 0.0346667 0.000105728
0 0.611051 0.317333 0.0216685 0.0693333 0.000106044
0 0.0609426 0.0626667 0.109967 0.125333 0.000106157
0 0.575027 0.299333 0.0265439 0.0866667 0.0001066
0 0.518689 0.518667 0.0590466 0.0906667 0.000106692
0 0.0303359 0.289333 0.0606717 0.370667 0.000107727
0 0.728873 0 0.0547129 0 0.000107985
0 0.261105 0.0126667 0.0758397 0.0253333 0.000108071
0 0.524106 0.589333 0.0482123 0.109333 0.000108108
0 0.97454 0.95 0.0509209 0.1 0.000108529
0 0.466685 0.684 0.0644637 0.122667 0.000109169
0 0.972644 0.46 0.0547129 0.253333 0.000109272
0 0.491062 0.0253333 0.0947996 0.0506667 0.000109323
0 0.735915 0.004 0.0861322 0.008 0.000110148
0 0.00731311 0.902667 0.0146262 0.194667 0.000110162
0 0.00975081 1 0.0195016 0 0.000110301
0 0.637324 0.024 0.0785482 0.048 0.000110542
0 0.503521 0.859333 0.0330444 0.0466667 0.000111343
0 0.348592 0.00533333 0.0947996 0.0106667 0.000111838
0 0.95883 0.018 0.0455038 0.036 0.000112446
0 0.41143 0.00466667 0.0947996 0.00933333 0.000112647
0 0.567172 0.312 0.0108342 0.0586667 0.00011276
0 0.791441 0 0.0541712 0 0.000112966
0 0.814735 0.917333 0.110509 0.125333 0.000114781
0 0.914139 0.454 0.024377 0.0573333 0.000115704
0 0.00839653 0.541333 0.0167931 0.154667 0.000116489
0 0.247021 0.022 0.0585049 0.0386667 0.000116625
0 0.703413 0 0.0547129 0 0.000116855
0 0.458017 0.0246667 0.140303 0.0493333 0.000116954
0 0.519502 0.00666667 0.0725894 0.0133333 0.000117077
0 0.669014 0.0193333 0.0455038 0.0386667 0.000117255
0 0.943662 0.0253333 0.0747562 0.0506667 0.000117674
0 0.330715 0.975333 0.039545 0.0493333 0.000117693
0 0.441766 0.0333333 0.105634 0.0666667 0.000121023
0 0.0333153 0.473333 0.0666305 0.333333 0.000121488
0 0.683369 0.706 0.0384615 0.076 0.000121908
0 0.888407 0.995333 0.0899242 0.00933333 0.000122066
0 0.84182 0.247333 0.0195016 0.036 0.00012282
0 0.696371 0.0373333 0.0362947 0.0506667 0.000123123
0 0.533857 0.973333 0.0536295 0.0373333 0.000124451
0 0.677681 0 0.0552546 0 0.000125454
0 0.00947996 0.432 0.0189599 0.133333 0.000125917
0 0.618093 0.505333 0.734561 0.989333 0.000126574
0 0.983207 0.98 0.0335861 0.04 0.00012658
0 0.975352 0.65 0.0406284 0.132 0.000126882
0 0.986728 0.688 0.0265439 0.264 0.000127528
0 0.323673 0.0513333 0.0763814 0.068 0.000127956
0 0.636241 0.984 0.0352113 0.0186667 0.000127973
0 0.711268 0.078 0.0541712 0.116 0.000129037
0 0.956663 0.21 0.0520043 0.241333 0.000129355
0 0.728332 0.68 0.0557963 0.088 0.000129385
0 0.769231 0.910667 0.0866739 0.144 0.000129413
0 0.350758 0.038 0.0817985 0.0466667 0.00012979
0 0.618093 0.342667 0.0509209 0.250667 0.000130398
0 0.0622969 0 0.0552546 0 0.000130469
0 0.136782 0 0.0568797 0 0.000130492
0 0.760293 0.0853333 0.0557963 0.170667 0.000130731
0 0.0186891 0.791333 0.0373781 0.414667 0.000131499
0 0.736999 0.992 0.0872156 0.016 0.000131651
0 0.68662 0.988 0.0536295 0.024 0.000132047
0 0.78169 0.00533333 0.0455038 0.0106667 0.000132367
0 0.433369 0.0253333 0.0444204 0.0133333 0.000132572
0 0.840737 0.628667 0.0834236 0.169333 0.000133241
0 0.163326 0 0.0568797 0 0.000134383
0 0.683099 0.718667 0.0628386 0.122667 0.000134698
0 0.815818 0.092 0.0606717 0.130667 0.000135639
0 0.0116468 0.704667 0.0232936 0.281333 0.000136489
0 0.785753 0.054 0.0568797 0.0866667 0.000137304
0 0.271939 0.0273333 0.0476706 0.0333333 0.000139003
0 0.24052 1 0.0509209 0 0.000139158
0 0.324485 0.922 0.0899242 0.156 0.000140152
0 0.987541 0.680667 0.0249187 0.148 0.000140285
0 0.612134 0.0133333 0.0931744 0.0266667 0.000141339
0 0.465872 0.733333 0.0682557 0.144 0.000142543
0 0.252979 0 0.0552546 0 0.000142613
0 0.981853 0.04 0.0362947 0.08 0.000143151
0 0.621343 0.385333 0.0346696 0.0773333 0.000143447
0 0.460997 0.00333333 0.0964247 0.00666667 0.000144482
0 0.983207 0.00533333 0.0335861 0.0106667 0.000145043
0 0.515439 0 0.0557963 0 0.000147674
0 0.0092091 0.0893333 0.0184182 0.178667 0.000147682
0 0.11701 0.014 0.119177 0.028 0.000148301
0 0.438516 0.870667 0.0482123 0.0213333 0.000148815
0 0.272752 0.004 0.0991333 0.008 0.000149422
0 0.0368364 0.646 0.0736728 0.476 0.000150405
0 0.362947 0.503333 0.318527 0.841333 0.000150874
0 0.432015 0.0213333 0.0590466 0.0426667 0.000151211
0 0.238353 0.392 0.476706 0.784 0.000152048
0 0.516522 0.00466667 0.0514626 0.00933333 0.000152879
0 0.538462 0.0213333 0.0877573 0.0426667 0.00015351
0 0.659805 0.29 0.0184182 0.0733333 0.000154656
0 0.0165222 0.058 0.0330444 0.116 0.000155699
0 0.531148 0.862667 0.0406284 0.0373333 0.00015582
0 0.796858 0.678 0.0465872 0.0733333 0.000155823
0 0.971018 0.518667 0.039545 0.12 0.000156434
0 0.8987 0.218 0.020585 0.0386667 0.000157518
0 0.328277 0.631333 0.656555 0.737333 0.000159109
0 0.0105634 0.510667 0.0189599 0.256 0.000159516
0 0.207476 0.996667 0.0704225 0.00666667 0.000161679
0 0.653034 0 0.0557963 0 0.000161947
0 0.978332 0.901333 0.0433369 0.162667 0.000163971
0 0.591008 0 0.056338 0 0.000164799
0 0.682557 0.168 0.0238353 0.0373333 0.000167787
0 0.0113759 0.833333 0.0140845 0.264 0.000168524
0 0.754605 0.296667 0.0465872 0.0653333 0.000168853
0 0.583694 0.016 0.095883 0.032 0.000169735
0 0.766793 0.0553333 0.0622969 0.110667 0.000170726
0 0.668743 0.405333 0.662514 0.810667 0.000172371
0 0.214789 1 0.0536295 0 0.000174245
0 0.935807 0.996 0.0893824 0.008 0.000174528
0 0.937432 0.218 0.0265439 0.0413333 0.000174559
0 0.835861 0.945333 0.0899242 0.101333 0.000176048
0 0.969935 0.222667 0.0330444 0.0506667 0.000178931
0 0.279523 1 0.0520043 0 0.000181343
0 0.681203 0.991333 0.0406284 0.0173333 0.00018268
0 0.188787 0 0.0557963 0 0.000182981
0 0.487811 0.865333 0.0752979 0.0666667 0.000183253
0 0.989978 0.795333 0.0200433 0.190667 0.000183705
0 0.579632 0.022 0.0541712 0.0306667 0.000183937
0 0.00947996 0.262667 0.0189599 0.224 0.000184005
0 0.684724 0.0193333 0.0433369 0.0333333 0.000184942
0 0.769772 0.008 0.0433369 0.016 0.000184987
0 0.00650054 0.82 0.0130011 0.272 0.00018576
0 0.492687 0.849333 0.0417118 0.04 0.000186587
0 0.150054 0.008 0.107259 0.016 0.000188946
0 0.0669014 0.008 0.0774648 0.016 0.000189771
0 0.614843 0 0.056338 0 0.000190198
0 0.568256 0.397333 0.0444204 0.096 0.000190286
0 0.81013 0.678667 0.0633803 0.104 0.000190795
0 0.909263 0.0153333 0.0731311 0.0306667 0.000191207
0 0.721289 0.69 0.031961 0.0653333 0.000191287
0 0.410618 0.0133333 0.135428 0.0266667 0.000195834
0 0.401138 0.0373333 0.0774648 0.048 0.000195926
0 0.894908 0.662667 0.056338 0.141333 0.000197078
0 0.97454 0.0633333 0.0509209 0.126667 0.000198361
0 0.959642 0.229333 0.0352113 0.0533333 0.000198501
0 0.157638 0.373333 0.315276 0.746667 0.000198957
0 0.817172 0.381333 0.0492958 0.0853333 0.000200727
0 0.0189599 0.602667 0.0379198 0.352 0.000203591
0 0.689057 0.014 0.0801734 0.028 0.000206182
0 0.848321 0.234667 0.0216685 0.0666667 0.000207255
0 0.764897 0.701333 0.0736728 0.072 0.000208223
0 0.693933 0.0226667 0.0736728 0.0453333 0.000211515
0 0.790899 0.400667 0.0314193 0.0386667 0.000212714
0 0.723998 0.0393333 0.0449621 0.0493333 0.000212875
0 0.228602 0 0.0552546 0 0.000212969
0 0.73429 0.516 0.0373781 0.0586667 0.000213892
0 0.662784 0.018 0.0785482 0.036 0.000214632
0 0.195016 0.5 0.390033 1 0.000214649
0 0.539816 0.540667 0.0211268 0.052 0.000219397
0 0.288191 1 0.0855905 0 0.000220138
0 0.986457 0 0.0270856 0 0.000221454
0 0.300379 0.03 0.0622969 0.0386667 0.00022496
0 0.23727 1 0.0801734 0 0.000226948
0 0.169556 0.0253333 0.109426 0.0506667 0.000227838
0 0.978873 0.585333 0.035753 0.141333 0.000228938
0 0.0121885 0.616 0.0189599 0.274667 0.00023101
0 0.913055 0.008 0.0785482 0.016 0.000231297
0 0.985645 0.974667 0.0254605 0.04 0.000232718
0 0.63922 0.0133333 0.0855905 0.0266667 0.000233434
0 0.197996 0.36 0.0536295 0.392 0.000237627
0 0.460726 0.0126667 0.124052 0.0253333 0.000245368
0 0.626761 0.312667 0.0455038 0.108 0.000247261
0 0.968852 0.992667 0.0622969 0.0146667 0.000248003
0 0.591278 0.0186667 0.0861322 0.0373333 0.000248302
0 0.732665 0.696 0.0341278 0.0533333 0.000249189
0 0.643824 0.358667 0.0352113 0.08 0.000251456
0 0.58857 0.363333 0.0373781 0.118667 0.000253139
0 0.0278982 1 0.0547129 0 0.000256174
0 0.990791 0.721333 0.0184182 0.141333 0.000258035
0 0.912514 0.463333 0.0146262 0.0413333 0.000261127
0 0.986457 0.885333 0.0270856 0.229333 0.000265484
0 0.523023 0.014 0.0763814 0.028 0.000266646
0 0.461538 0.0486667 0.0953413 0.0546667 0.000268468
0 0.620531 0.322 0.0254605 0.0626667 0.000269153
0 0.863759 0.0166667 0.0817985 0.0333333 0.000271441
0 0.814735 0.018 0.084507 0.036 0.000273143
0 0.0341278 0.0353333 0.0682557 0.0706667 0.000273765
0 0.475352 0.688667 0.0211268 0.0466667 0.000277356
0 0.938516 0 0.0850488 0 0.000284203
0 0.020585 0.412667 0.035753 0.166667 0.000290081
0 0.58532 0.401333 0.031961 0.0826667 0.000290134
0 0.815818 0.7 0.0422535 0.0933333 0.000294191
0 0.742416 0.048 0.0709642 0.096 0.000295062
0 0.533044 0.556 0.0270856 0.0346667 0.000296523
0 0.987812 0.51 0.024377 0.06 0.000297932
0 0.65818 0.987333 0.0325027 0.0253333 0.000300224
0 0.608613 0.385333 0.0427952 0.106667 0.000300401
0 0.882719 0.0173333 0.0709642 0.0346667 0.000301873
0 0.115385 0.664 0.221018 0.490667 0.000305379
0 0.75623 0.699333 0.0476706 0.0466667 0.000307455
0 0.644095 0.02 0.0455038 0.04 0.000310469
0 0.0314193 0.994 0.0628386 0.012 0.000312243
0 0.976436 0.469333 0.0384615 0.114667 0.000313805
0 0.810672 0.419333 0.0622969 0.0786667 0.000317011
0 0.511918 0.00933333 0.101842 0.0186667 0.000325222
0 0.459642 0.864 0.0742145 0.072 0.000325917
0 0.399512 0.338667 0.799025 0.677333 0.000326289
0 0.235645 0.004 0.0953413 0.008 0.000331812
0 0.966414 0.006 0.063922 0.012 0.000338541
0 0.84805 0.042 0.0449621 0.052 0.000338542
0 0.798212 0.382667 0.0492958 0.088 0.000342931
0 0.323402 0.0346667 0.0606717 0.0346667 0.000346714
0 0.744041 0.00866667 0.0503792 0.0173333 0.000347249
0 0.7974 0.516 0.4052 0.968 0.000356763
0 0.886511 0.644667 0.0947996 0.294667 0.000360596
0 0.54117 0.521333 0.0184182 0.056 0.000367974
0 0.896533 0.232667 0.0368364 0.0813333 0.000369669
0 0.857801 0.0313333 0.0752979 0.0626667 0.000372768
0 0.563651 0.00733333 0.113218 0.0146667 0.000375307
0 0.812297 0.0293333 0.0687974 0.0586667 0.000386888
0 0.73402 0.309333 0.063922 0.0773333 0.000387499
0 0.969122 0.279333 0.0411701 0.166667 0.000388159
0 0.972644 0.0213333 0.0427952 0.0426667 0.000395537
0 0.56961 0.877333 0.0178765 0.0373333 0.000400264
0 0.19935 0.00666667 0.102925 0.0133333 0.000402397
0 0.889762 0.00466667 0.103467 0.00933333 0.00041053
0 0.562568 0.302667 0.0146262 0.0613333 0.000418476
0 0.983478 0.112 0.0254605 0.109333 0.000421092
0 0.985374 0.028 0.0292524 0.056 0.000425531
0 0.788732 0.698 0.0671723 0.092 0.000435345
0 0.976165 0.344 0.0379198 0.186667 0.000438426
0 0.487541 0.0293333 0.0736728 0.04 0.000438597
0 0.097779 0.00733333 0.120802 0.0146667 0.000438861
0 0.98402 0.202 0.031961 0.124 0.000441317
0 0.945287 0.194667 0.0249187 0.0773333 0.000448098
0 0.61403 0.294667 0.0135428 0.0426667 0.0004486
0 0.531419 0.576 0.0411701 0.04 0.000486725
0 0.481582 0.857333 0.0411701 0.0453333 0.000490337
0 0.573131 0.0253333 0.092091 0.04 0.000493541
0 0.991333 0.964 0.0173348 0.072 0.000494284
0 0.662243 0.002 0.102384 0.004 0.000498268
0 0.985374 0.286667 0.0292524 0.277333 0.000504208
0 0.839112 0.00866667 0.106176 0.0173333 0.000511101
0 0.446912 0.866 0.0433369 0.0466667 0.000543492
0 0.177681 0.613333 0.355363 0.773333 0.000546648
0 0.988624 0.0166667 0.020585 0.0333333 0.000550987
0 0.819881 0.0166667 0.0514626 0.0333333 0.000551935
0 0.473185 0.5 0.946371 1 0.000565935
0 0.613759 0.000666667 0.113759 0.00133333 0.000568341
0 0.0904659 0 0.151679 0 0.000604459
0 0.824485 0.399333 0.0368364 0.0493333 0.000625095
0 0.986999 0.576667 0.0260022 0.236 0.000626761
0 0.507042 0.02 0.0509209 0.0213333 0.000628173
0 0.957205 0.207333 0.0487541 0.084 0.000637204
0 0.612405 0.585333 0.0709642 0.154667 0.000661733
0 0.165493 0 0.157638 0 0.000675147
0 0.70585 0.0246667 0.0433369 0.0333333 0.000688495
0 0.713705 0.00866667 0.0926327 0.0173333 0.000690808
0 0.786024 0.014 0.0910076 0.028 0.000698647
0 0.437432 0.036 0.0720477 0.0453333 0.000708342
0 0.762188 0.024 0.0758397 0.048 0.000713752
0 0.630011 0.348 0.0379198 0.101333 0.000747043
0 0.98402 0.144667 0.031961 0.129333 0.000771642
0 0.979415 0.402667 0.0368364 0.152 0.000773509
0 0.560672 0.878667 0.0335861 0.0266667 0.000782402
0 0.981311 0.203333 0.0265439 0.0466667 0.000812697
0 0.0216685 0 0.0433369 0 0.000815668
0 0.955309 0.206 0.0330444 0.0413333 0.000818466
0 0.650867 0.982 0.0265439 0.0253333 0.000821155
0 0.988353 0.242 0.0232936 0.134667 0.000855334
0 0.981853 1 0.0362947 0 0.000862924
0 0.984832 0.991333 0.0303359 0.0173333 0.000866461
0 0.198808 0.356667 0.035753 0.196 0.000879453
0 0.893824 0.228667 0.0162514 0.0653333 0.000885269
0 0.472102 0.679333 0.0373781 0.044 0.000887259
0 0.977519 0.0393333 0.0427952 0.0786667 0.000925019
0 0.835049 0.0233333 0.0687974 0.0466667 0.000983729
0 0.807151 0.388 0.063922 0.184 0.000992262
0 0.970206 0.204 0.0292524 0.0453333 0.00102532
0 0.990791 0.858 0.0184182 0.212 0.00102583
0 0.988895 0.173333 0.0222102 0.0986667 0.00116203
0 0.989166 0.941333 0.0162514 0.117333 0.00117286
0 0.0390032 0.002 0.0780065 0.004 0.00118092
0 0.459101 0.694667 0.0503792 0.0533333 0.00126705
0 0.967768 0.157333 0.0406284 0.117333 0.00130495
0 0.721831 0.0226667 0.0482123 0.04 0.00131451
0 0.520856 0.022 0.0720477 0.036 0.00131922
0 0.988895 1 0.0200433 0 0.00132758
0 0.943933 0.200667 0.0167931 0.052 0.0013956
0 0.989978 0.665333 0.0157096 0.117333 0.00142172
0 0.990791 0.502 0.0162514 0.110667 0.00170149
0 0.855634 0.0266667 0.0449621 0.0426667 0.0018663
0 0.988353 0.207333 0.0232936 0.084 0.00201017
0 0.97454 0.102667 0.0390032 0.173333 0.00203667
0 0.988082 0.985333 0.0151679 0.0293333 0.00204029
0 0.989166 0.440667 0.0216685 0.121333 0.00219676
0 0.937432 0.204 0.0189599 0.04 0.00224081
0 0.987812 0.397333 0.024377 0.224 0.00240681
0 0.989978 0.298667 0.0200433 0.170667 0.0027168
0 0.991603 0.626667 0.0157096 0.133333 0.00284011
0 0.99052 0.103333 0.0178765 0.116 0.00292169
0 0.991333 0.544667 0.0173348 0.124 0.0029515
0 0.738082 0.0213333 0.0752979 0.0426667 0.00335299
0 0.986186 0.0693333 0.0276273 0.138667 0.00368751
0 0.755417 0.0346667 0.0460455 0.0693333 0.00371421
0 0.989437 0.580667 0.0167931 0.118667 0.005584
0 0.767606 0.03 0.0314193 0.0493333 0.00596486
0 0.990249 0.391333 0.0184182 0.166667 0.00610847
0 0.782503 0.0313333 0.0384615 0.044 0.00729009
0 0.624052 0.5 0.411701 1 0.00781473
0 0.858072 0.574 0.283857 0.852 0.0125285
0 0.991062 0.455333 0.0146262 0.0786667 0.0218394
0 0.988895 0.0493333 0.0178765 0.088 0.023848
0 0.806609 0.398667 0.0509209 0.0453333 0.0319194
0 0.742958 0.0273333 0.0471289 0.052 0.0379674
0 0.634615 0.569333 0.0536295 0.146667 0.872892
0 0.890845 0.6 0.052546 0.178667 0.911099
