0 0.46831 0.858667 0.0482123 0.122667 1.7399e-05
0 0.983749 0.362 0.0325027 0.126667 1.74148e-05
0 0.44312 0.961333 0.0899242 0.0773333 1.74489e-05
0 0.182557 0.295333 0.0520043 0.108 1.74535e-05
0 0.138137 0.267333 0.111593 0.236 1.75097e-05
0 0.771939 0.344 0.0292524 0.0666667 1.75176e-05
0 0.345612 0.169333 0.0498375 0.117333 1.75445e-05
0 0.330715 0.143333 0.0482123 0.124 1.75496e-05
0 0.269502 0.174 0.0492958 0.105333 1.76624e-05
0 0.287649 0.717333 0.0834236 0.141333 1.76972e-05
0 0.114301 0.116667 0.102925 0.233333 1.77272e-05
0 0.624323 0.210667 0.0872156 0.112 1.7768e-05
0 0.156555 0.667333 0.0530878 0.132 1.78087e-05
0 0.56961 0.00266667 0.0482123 0.00533333 1.79232e-05
0 0.401138 0.794 0.0460455 0.0946667 1.79681e-05
0 0.905471 0 0.0503792 0 1.79755e-05
0 0.617822 0.391333 0.157638 0.566667 1.81457e-05
0 0.873781 0.272667 0.227519 0.545333 1.82097e-05
0 0.829902 0.940667 0.0487541 0.0653333 1.82122e-05
0 0.345341 0.232667 0.0492958 0.108 1.82444e-05
0 0.578277 0.775333 0.0167931 0.052 1.8277e-05
0 0.443933 0.509333 0.052546 0.138667 1.83173e-05
0 0.552275 0.106667 0.0417118 0.104 1.83575e-05
0 0.511918 0.342667 0.0866739 0.186667 1.837e-05
0 0.569339 0.951333 0.0411701 0.068 1.83737e-05
0 0.59182 0.204 0.113218 0.149333 1.84223e-05
0 0.187703 0.152 0.100217 0.264 1.84278e-05
0 0.0138137 0.934667 0.0276273 0.130667 1.84602e-05
0 0.260293 0.576667 0.0514626 0.105333 1.84775e-05
0 0.208017 0.084 0.0379198 0.0826667 1.84933e-05
0 0.0598592 0.96 0.0937161 0.08 1.84981e-05
0 0.713434 0.266 0.0942579 0.233333 1.85403e-05
0 0.0866739 0.342 0.134345 0.404 1.85576e-05
0 0.477248 0.424667 0.0866739 0.0973333 1.85669e-05
0 0.520585 0.975333 0.0465872 0.0333333 1.85792e-05
0 0.615926 0.390667 0.0931744 0.176 1.85974e-05
0 0.531419 0.002 0.0487541 0.004 1.86176e-05
0 0.784399 0.599333 0.0476706 0.0786667 1.86256e-05
0 0.0896533 0.657333 0.109967 0.365333 1.87013e-05
0 0.134886 0.514667 0.0498375 0.125333 1.87643e-05
0 0.954767 0.236 0.0904659 0.461333 1.87972e-05
0 0.982394 0.0373333 0.0352113 0.0746667 1.88379e-05
0 0.413597 0.582 0.0633803 0.222667 1.88673e-05
0 0.985103 0.628667 0.0157096 0.185333 1.88991e-05
0 0.542253 0.964667 0.0985916 0.0706667 1.90472e-05
0 0.852113 0.990667 0.0498375 0.0186667 1.90921e-05
0 0.431203 0.946667 0.0400867 0.096 1.91353e-05
0 0.673348 0.162 0.171181 0.324 1.91503e-05
0 0.00785482 0.964667 0.00812568 0.0706667 1.91604e-05
0 0.307692 0.0833333 0.0444204 0.0813333 1.93356e-05
0 0.782503 0.862 0.0969664 0.241333 1.94365e-05
0 0.829361 0.932667 0.0758397 0.134667 1.94442e-05
0 0.748375 0.628 0.0341278 0.0666667 1.94948e-05
0 0.356988 0.264667 0.0520043 0.126667 1.95018e-05
0 0.906555 1 0.0438787 0 1.95232e-05
0 0.11701 0 0.056338 0 1.95445e-05
0 0.131907 0.0586667 0.0514626 0.072 1.96304e-05
0 0.631636 0.206 0.0444204 0.0866667 1.96853e-05
0 0.143554 0.0166667 0.0498375 0.0333333 1.97446e-05
0 0.372698 0.0773333 0.0736728 0.101333 1.97706e-05
0 0.969664 0.00333333 0.0487541 0.00666667 1.97905e-05
0 0.481853 0.335333 0.0742145 0.284 1.9832e-05
0 0.503792 0.27 0.0769231 0.169333 1.99149e-05
0 0.686078 0.606 0.0352113 0.068 1.9932e-05
0 0.617822 0.852667 0.0861322 0.182667 2.00191e-05
0 0.549025 0.678667 0.0352113 0.117333 2.0367e-05
0 0.192308 0.927333 0.0780065 0.145333 2.03768e-05
0 0.482665 0.772667 0.112676 0.308 2.04992e-05
0 0.345612 0.492 0.0509209 0.0986667 2.05803e-05
0 0.0278982 0.629333 0.0417118 0.272 2.06114e-05
0 0.671993 0.604 0.116468 0.453333 2.07018e-05
0 0.134615 0.430667 0.052546 0.138667 2.07044e-05
0 0.0869447 1 0.0514626 0 2.07655e-05
0 0.086403 0.0853333 0.112134 0.16 2.08317e-05
0 0.267335 0.749333 0.0536295 0.144 2.08688e-05
0 0.665493 0.412 0.06013 0.138667 2.08791e-05
0 0.260293 0.939333 0.0406284 0.0893333 2.09678e-05
0 0.704225 0.634 0.0736728 0.278667 2.10949e-05
0 0.0203142 0.852 0.0211268 0.250667 2.11144e-05
0 0.630553 0 0.0498375 0 2.11346e-05
0 0.0184182 0.663333 0.0368364 0.129333 2.11463e-05
0 0.406826 0.938 0.0422535 0.0866667 2.11831e-05
0 0.393283 0.23 0.0498375 0.116 2.12036e-05
0 0.420639 0.113333 0.039545 0.0906667 2.12921e-05
0 0.145179 0.607333 0.0520043 0.124 2.12926e-05
0 0.759209 0.446 0.0731311 0.18 2.13424e-05
0 0.48104 0.331333 0.0292524 0.14 2.14416e-05
0 0.470748 0.970667 0.0400867 0.0426667 2.14423e-05
0 0.930119 0.371333 0.139762 0.494667 2.14834e-05
0 0.635428 0.133333 0.0476706 0.072 2.16463e-05
0 0.197996 0.292667 0.0720477 0.150667 2.1651e-05
0 0.0915493 0.986667 0.0725894 0.0266667 2.16792e-05
0 0.688245 0.202667 0.0980498 0.242667 2.16935e-05
0 0.685807 0.709333 0.0444204 0.138667 2.17343e-05
0 0.783857 0.358 0.104009 0.116 2.19084e-05
0 0.233207 0.988 0.0612134 0.024 2.19176e-05
0 0.258938 0.14 0.0465872 0.101333 2.19493e-05
0 0.0173348 0.571333 0.0346696 0.132 2.19755e-05
0 0.659263 0.991333 0.0444204 0.0173333 2.20063e-05
0 0.329632 0.568667 0.052546 0.142667 2.20235e-05
0 0.389491 0.296 0.0650054 0.154667 2.20554e-05
0 0.353467 0.996667 0.0471289 0.00666667 2.21027e-05
0 0.330986 0.425333 0.0465872 0.104 2.21278e-05
0 0.570964 0.95 0.107259 0.1 2.21302e-05
0 0.593716 0.002 0.0487541 0.004 2.2172e-05
0 0.11403 0.946667 0.120802 0.106667 2.22075e-05
0 0.34805 0.116667 0.0698808 0.132 2.22225e-05
0 0.636511 0.203333 0.0964247 0.209333 2.23949e-05
0 0.14545 0.0686667 0.0947996 0.137333 2.24124e-05
0 0.668472 0.927333 0.0769231 0.145333 2.24309e-05
0 0.763543 0.622667 0.0872156 0.218667 2.24805e-05
0 0.609426 0.982 0.0433369 0.0226667 2.25108e-05
0 0.329632 0.324667 0.0449621 0.121333 2.25635e-05
0 0.208559 0.236 0.0465872 0.096 2.25789e-05
0 0.245125 0.849333 0.0460455 0.133333 2.26525e-05
0 0.66441 0.695333 0.06013 0.318667 2.27059e-05
0 0.952058 0.149333 0.095883 0.298667 2.27859e-05
0 0.480498 0.000666667 0.0487541 0.00133333 2.28176e-05
0 0.638949 0.697333 0.0926327 0.168 2.28588e-05
0 0.693662 0.810667 0.0991333 0.128 2.29568e-05
0 0.463705 0.704 0.114843 0.218667 2.29629e-05
0 0.901138 1 0.0763814 0 2.31984e-05
0 0.114301 0.213333 0.137595 0.426667 2.31987e-05
0 0.507313 0.394 0.132719 0.505333 2.32584e-05
0 0.0539003 0.575333 0.107801 0.233333 2.32739e-05
0 0.745666 0.364667 0.0492958 0.0733333 2.33305e-05
0 0.14545 0.0866667 0.0460455 0.0986667 2.33466e-05
0 0.304171 0.994 0.0438787 0.012 2.34313e-05
0 0.13922 0.998667 0.0487541 0.00266667 2.34778e-05
0 0.299025 0.989333 0.0617551 0.0213333 2.38052e-05
0 0.984832 0.97 0.0260022 0.0493333 2.38189e-05
0 0.420639 0.510667 0.0633803 0.141333 2.38436e-05
0 0.98402 0.886667 0.0265439 0.122667 2.38616e-05
0 0.944475 0.272667 0.1013 0.174667 2.39142e-05
0 0.79442 0.576667 0.0482123 0.102667 2.39175e-05
0 0.938245 0.860667 0.12351 0.278667 2.39247e-05
0 0.883803 0.675333 0.0373781 0.052 2.39734e-05
0 0.421723 0.99 0.06013 0.02 2.40479e-05
0 0.220206 0.114667 0.0373781 0.0906667 2.40526e-05
0 0.455309 0.460667 0.052546 0.137333 2.41271e-05
0 0.193391 0.11 0.0433369 0.1 2.41323e-05
0 0.627573 0.528 0.0861322 0.197333 2.42693e-05
0 0.682557 0.433333 0.0390032 0.101333 2.44219e-05
0 0.693662 0.000666667 0.0503792 0.00133333 2.44447e-05
0 0.70558 1 0.0482123 0 2.45512e-05
0 0.815005 0.104 0.125135 0.208 2.46566e-05
0 0.245666 0.112667 0.0438787 0.092 2.47746e-05
0 0.410618 0.326667 0.0693391 0.186667 2.47796e-05
0 0.0484832 0.332667 0.0817985 0.233333 2.483e-05
0 0.0855905 0.0273333 0.107259 0.0546667 2.48577e-05
0 0.855905 0.679333 0.0552546 0.076 2.48726e-05
0 0.233749 0.36 0.052546 0.12 2.48988e-05
0 0.166576 0.773333 0.124052 0.221333 2.49467e-05
0 0.750271 0.960667 0.0476706 0.0786667 2.49587e-05
0 0.853196 0.004 0.0530878 0.008 2.4984e-05
0 0.506771 0.95 0.0373781 0.0786667 2.50148e-05
0 0.587216 0.887333 0.102925 0.22 2.50429e-05
0 0.333694 0.883333 0.0888407 0.161333 2.50686e-05
0 0.829902 0.151333 0.190683 0.302667 2.50747e-05
0 0.916847 0.024 0.113218 0.048 2.5076e-05
0 0.483478 0.99 0.0536295 0.02 2.50786e-05
0 0.0195016 0.24 0.0227519 0.226667 2.51934e-05
0 0.681473 0.998 0.0509209 0.004 2.52783e-05
0 0.152221 0.995333 0.0476706 0.00933333 2.5335e-05
0 0.194475 0.264 0.0487541 0.117333 2.53929e-05
0 0.499729 0.24 0.0330444 0.106667 2.53938e-05
0 0.247833 0.535333 0.0503792 0.092 2.54746e-05
0 0.502167 0.402667 0.0780065 0.186667 2.54858e-05
0 0.741603 0.578 0.092091 0.238667 2.54869e-05
0 0.345341 0.110667 0.0417118 0.0933333 2.55633e-05
0 0.506501 0.00133333 0.0487541 0.00266667 2.56247e-05
0 0.268147 0.326 0.0520043 0.121333 2.56732e-05
0 0.0850488 0.518667 0.118093 0.208 2.58614e-05
0 0.54442 0.974667 0.0487541 0.032 2.59367e-05
0 0.0893824 0 0.0552546 0 2.61373e-05
0 0.840195 0.333333 0.147346 0.266667 2.61733e-05
0 0.559317 0.570667 0.0622969 0.149333 2.62092e-05
0 0.574485 0.792667 0.0330444 0.028 2.6391e-05
0 0.0520043 0.194667 0.0855905 0.266667 2.64064e-05
0 0.0571506 0.874 0.0969664 0.252 2.65727e-05
0 0.45585 0.00133333 0.0492958 0.00266667 2.66064e-05
0 0.0303359 0.12 0.0498375 0.152 2.68269e-05
0 0.937974 0.115333 0.1013 0.110667 2.68862e-05
0 0.23402 0.0873333 0.0379198 0.084 2.69222e-05
0 0.260022 0.0833333 0.0411701 0.0786667 2.69223e-05
0 0.405471 0.144667 0.0471289 0.108 2.69511e-05
0 0.572048 0.646 0.0379198 0.142667 2.69531e-05
0 0.780607 0.359333 0.0433369 0.06 2.69783e-05
0 0.689599 0.421333 0.0801734 0.138667 2.70073e-05
0 0.212351 0.234 0.0682557 0.161333 2.70216e-05
0 0.655471 0.00133333 0.0509209 0.00266667 2.70715e-05
0 0.691224 0.0246667 0.110509 0.0493333 2.70996e-05
0 0.434724 0.0866667 0.0352113 0.072 2.72081e-05
0 0.026273 0.544667 0.052546 0.156 2.72108e-05
0 0.833965 0.451333 0.125135 0.190667 2.72389e-05
0 0.614301 0.0773333 0.0899242 0.154667 2.72501e-05
0 0.233207 0.818667 0.0492958 0.141333 2.72584e-05
0 0.193391 0.604667 0.0465872 0.118667 2.73199e-05
0 0.0181473 0.236667 0.0362947 0.126667 2.73277e-05
0 0.709101 0.726667 0.0877573 0.144 2.74406e-05
0 0.941766 0.772667 0.114301 0.233333 2.75217e-05
0 0.769231 0.575333 0.0671723 0.092 2.76295e-05
0 0.318527 0.194667 0.0487541 0.106667 2.7732e-05
0 0.257584 0.206 0.0514626 0.105333 2.77366e-05
0 0.76273 0.076 0.092091 0.152 2.79952e-05
0 0.46533 0.0273333 0.0975081 0.0546667 2.83098e-05
0 0.909534 0.776 0.102925 0.298667 2.84838e-05
0 0.0260022 0.450667 0.0509209 0.16 2.85173e-05
0 0.369989 0.426667 0.0498375 0.088 2.85921e-05
0 0.32909 0.996667 0.0482123 0.00666667 2.87838e-05
0 0.739166 0.206667 0.10455 0.224 2.89132e-05
0 0.738082 0.631333 0.0568797 0.134667 2.89356e-05
0 0.195287 0.388667 0.0633803 0.145333 2.8944e-05
0 0.59507 0.98 0.0438787 0.024 2.89507e-05
0 0.69935 0.162667 0.0888407 0.0773333 2.89626e-05
0 0.338299 0.995333 0.0785482 0.00933333 2.9094e-05
0 0.369718 0.231333 0.0536295 0.113333 2.92616e-05
0 0.888137 0.118 0.137053 0.116 2.94086e-05
0 0.162514 0.942 0.0910076 0.116 2.94162e-05
0 0.449621 0.639333 0.0650054 0.190667 2.95002e-05
0 0.256501 0.356667 0.0536295 0.124 2.96736e-05
0 0.591278 0.0253333 0.102384 0.0506667 2.99605e-05
0 0.244854 0.653333 0.0574215 0.12 2.99804e-05
0 0.736999 0.999333 0.0828819 0.00133333 3.00979e-05
0 0.164139 0.116667 0.0910076 0.233333 3.01307e-05
0 0.930932 1 0.0514626 0 3.01651e-05
0 0.219393 0.932 0.0444204 0.0906667 3.01683e-05
0 0.229144 0.838 0.162514 0.324 3.0361e-05
0 0.161972 0.0233333 0.0888407 0.0466667 3.04873e-05
0 0.507584 0.147333 0.0758397 0.252 3.04938e-05
0 0.9461 0.540667 0.105634 0.177333 3.05195e-05
0 0.086403 0.412667 0.117551 0.206667 3.07783e-05
0 0.111322 0.655333 0.111051 0.190667 3.07954e-05
0 0.484561 0.0893333 0.06013 0.109333 3.09704e-05
0 0.751354 0.984667 0.0422535 0.0306667 3.09909e-05
0 0.19312 0.330667 0.0492958 0.117333 3.09947e-05
0 0.370802 0.08 0.0460455 0.072 3.10173e-05
0 0.358884 0.2 0.052546 0.104 3.11449e-05
0 0.760834 0.163333 0.1013 0.0733333 3.11737e-05
0 0.0270856 0.971333 0.0541712 0.0573333 3.12249e-05
0 0.868635 0.773333 0.128386 0.218667 3.1251e-05
0 0.387595 0.994667 0.0807151 0.0106667 3.13631e-05
0 0.514897 0.026 0.095883 0.052 3.1385e-05
0 0.820693 0.602 0.071506 0.118667 3.14482e-05
0 0.823131 0.148 0.112134 0.08 3.1452e-05
0 0.309317 0.33 0.0498375 0.105333 3.15099e-05
0 0.172264 0.026 0.136511 0.052 3.1531e-05
0 0.468039 0.291333 0.0487541 0.121333 3.1689e-05
0 0.380823 0.510667 0.0498375 0.125333 3.1763e-05
0 0.420639 0.189333 0.13922 0.378667 3.18134e-05
0 0.378657 0.996667 0.0498375 0.00666667 3.18405e-05
0 0.959101 0.501333 0.0817985 0.424 3.20394e-05
0 0.177681 0.996667 0.0455038 0.00666667 3.20401e-05
0 0.479686 0.144667 0.0492958 0.0733333 3.22582e-05
0 0.686349 0.478 0.0595883 0.222667 3.22867e-05
0 0.366197 0.0266667 0.107259 0.0533333 3.23304e-05
0 0.52221 0.118667 0.0314193 0.0773333 3.24368e-05
0 0.668743 0.694667 0.0590466 0.157333 3.26112e-05
0 0.395179 0.0806667 0.0482123 0.076 3.26738e-05
0 0.481853 0.578667 0.0352113 0.0666667 3.27957e-05
0 0.285482 0.29 0.0801734 0.153333 3.28824e-05
0 0.984561 0.266667 0.0308776 0.12 3.29305e-05
0 0.295504 0.362 0.0503792 0.108 3.30007e-05
0 0.892741 0.225333 0.148429 0.154667 3.30698e-05
0 0.433099 0.054 0.0406284 0.0626667 3.3076e-05
0 0.641116 0.0233333 0.107801 0.0466667 3.32088e-05
0 0.233749 0.293333 0.0514626 0.114667 3.33933e-05
0 0.760563 0.366 0.0433369 0.0573333 3.34805e-05
0 0.641387 0.634667 0.0866739 0.130667 3.35466e-05
0 0.865655 0.02 0.132178 0.04 3.35814e-05
0 0.431744 0.849333 0.151679 0.301333 3.3642e-05
0 0.292254 0.991333 0.0406284 0.0173333 3.36646e-05
0 0.379469 0.94 0.0492958 0.072 3.37361e-05
0 0.953955 0.725333 0.092091 0.456 3.3761e-05
0 0.639491 0.104 0.107801 0.186667 3.38067e-05
0 0.440953 0.774 0.0379198 0.116 3.38193e-05
0 0.666035 0.272667 0.0947996 0.129333 3.38493e-05
0 0.00947996 0.0393333 0.0135428 0.0786667 3.38512e-05
0 0.0230228 0.328667 0.0297941 0.257333 3.40359e-05
0 0.157367 0.0553333 0.0492958 0.0706667 3.40366e-05
0 0.469935 0.0593333 0.0427952 0.0813333 3.4212e-05
0 0.36078 0.330667 0.0725894 0.197333 3.42387e-05
0 0.295233 0.141333 0.0585049 0.130667 3.42575e-05
0 0.402763 0.196667 0.0482123 0.0813333 3.43003e-05
0 0.718581 0.00133333 0.0503792 0.00266667 3.43465e-05
0 0.710997 0.0806667 0.088299 0.161333 3.44877e-05
0 0.985374 0.692667 0.0292524 0.132 3.45149e-05
0 0.910347 0.412 0.128386 0.141333 3.48451e-05
0 0.307421 0.904667 0.0492958 0.134667 3.48711e-05
0 0.537649 0.137333 0.0752979 0.125333 3.49002e-05
0 0.677681 0.116 0.0314193 0.0346667 3.5037e-05
0 0.642199 0.592667 0.0655471 0.126667 3.51306e-05
0 0.283857 0.0826667 0.0433369 0.0826667 3.52318e-05
0 0.183099 0.0833333 0.0455038 0.084 3.5375e-05
0 0.658992 0.131333 0.0471289 0.0386667 3.54148e-05
0 0.740791 0.0233333 0.117551 0.0466667 3.56575e-05
0 0.456663 0.826667 0.0509209 0.141333 3.56686e-05
0 0.0384615 0.999333 0.0530878 0.00133333 3.56726e-05
0 0.407909 0.886 0.0444204 0.118667 3.57062e-05
0 0.860238 0.976 0.0964247 0.048 3.5874e-05
0 0.0650054 0 0.0552546 0 3.59532e-05
0 0.322048 0.455333 0.0785482 0.129333 3.60843e-05
0 0.790087 0.275333 0.117551 0.158667 3.61903e-05
0 0.61078 0.766 0.120802 0.42 3.6418e-05
0 0.665222 0.214 0.109426 0.148 3.65335e-05
0 0.535482 0.0806667 0.067714 0.161333 3.66083e-05
0 0.585049 0.968 0.0736728 0.0426667 3.66886e-05
0 0.567172 0.996 0.0487541 0.008 3.68901e-05
0 0.370802 0.832 0.181473 0.336 3.68914e-05
0 0.32286 0.200667 0.144095 0.401333 3.69503e-05
0 0.41468 0.0266667 0.1013 0.0533333 3.69595e-05
0 0.963976 0.03 0.0720477 0.06 3.70237e-05
0 0.286836 0.979333 0.0655471 0.0413333 3.71355e-05
0 0.676327 0.119333 0.109967 0.134667 3.72124e-05
0 0.233207 0.208667 0.0492958 0.102667 3.72299e-05
0 0.538732 0.212 0.105634 0.146667 3.72355e-05
0 0.416847 0.998 0.0471289 0.004 3.7293e-05
0 0.469393 0.0246667 0.0438787 0.0493333 3.73503e-05
0 0.609426 0.762667 0.0877573 0.205333 3.74717e-05
0 0.384886 0.644 0.105634 0.277333 3.74748e-05
0 0.0213976 0.0253333 0.0417118 0.0506667 3.76532e-05
0 0.481582 0.479333 0.11701 0.150667 3.7819e-05
0 0.307421 0.570667 0.0514626 0.146667 3.7887e-05
0 0.535211 0.108667 0.0476706 0.092 3.7941e-05
0 0.140574 0.344667 0.088299 0.182667 3.81694e-05
0 0.478332 0.844667 0.0650054 0.204 3.82992e-05
0 0.74052 0.586667 0.0682557 0.144 3.83274e-05
0 0.356988 0.517333 0.0520043 0.12 3.84586e-05
0 0.741062 0.280667 0.0953413 0.137333 3.8577e-05
0 0.456934 0.143333 0.0590466 0.1 3.85893e-05
0 0.889762 0.0453333 0.117551 0.0906667 3.874e-05
0 0.889491 0.342 0.150596 0.214667 3.88373e-05
0 0.589924 0.116667 0.0910076 0.110667 3.89991e-05
0 0.990249 0.962667 0.0151679 0.0746667 3.93641e-05
0 0.786295 0.624667 0.0752979 0.145333 3.94371e-05
0 0.257584 0.258 0.0514626 0.121333 3.94601e-05
0 0.113218 0.879333 0.115926 0.241333 3.96356e-05
0 0.138678 0.703333 0.106176 0.196 3.98552e-05
0 0.305796 0.169333 0.0449621 0.112 4.0046e-05
0 0.267876 0.0253333 0.119718 0.0506667 4.01012e-05
0 0.420639 0.914 0.039545 0.124 4.01218e-05
0 0.538462 0.111333 0.035753 0.0493333 4.01236e-05
0 0.0216685 0.119333 0.0260022 0.204 4.01705e-05
0 0.430661 0.000666667 0.0509209 0.00133333 4.02066e-05
0 0.0200433 0.296 0.0400867 0.130667 4.03507e-05
0 0.16468 0.216667 0.119177 0.305333 4.06121e-05
0 0.00487541 0.849333 0.00975081 0.144 4.06817e-05
0 0.854821 0.638667 0.056338 0.109333 4.0828e-05
0 0.880823 1 0.0487541 0 4.08791e-05
0 0.517877 0.997333 0.0498375 0.00533333 4.11309e-05
0 0.280336 0.420667 0.0514626 0.116 4.12005e-05
0 0.594529 0.988 0.067714 0.024 4.13087e-05
0 0.729686 1 0.0520043 0 4.13444e-05
0 0.198537 0.052 0.0709642 0.0906667 4.14895e-05
0 0.203684 0.997333 0.0465872 0.00533333 4.1496e-05
0 0.646262 0.118667 0.0509209 0.0586667 4.16913e-05
0 0.270043 0.111333 0.0438787 0.092 4.17453e-05
0 0.985374 0.214 0.0292524 0.137333 4.19677e-05
0 0.829632 0.411333 0.210726 0.508 4.20004e-05
0 0.959101 0.946 0.0817985 0.108 4.2054e-05
0 0.465872 0.49 0.0465872 0.14 4.21488e-05
0 0.307421 0.116667 0.0471289 0.105333 4.21928e-05
0 0.760834 0.621333 0.0622969 0.125333 4.24442e-05
0 0.874052 0.99 0.0969664 0.02 4.26684e-05
0 0.314735 0.066 0.0834236 0.132 4.26721e-05
0 0.481311 0.257333 0.052546 0.258667 4.27232e-05
0 0.817985 0.215333 0.143012 0.153333 4.28429e-05
0 0.682828 0.134667 0.0796316 0.064 4.28448e-05
0 0.358613 0.460667 0.0498375 0.0973333 4.28614e-05
0 0.169014 0.637333 0.0520043 0.130667 4.30698e-05
0 0.169827 0.0166667 0.0514626 0.0333333 4.31012e-05
0 0.241874 0.998 0.0460455 0.004 4.32324e-05
0 0.44312 0.588667 0.107259 0.182667 4.32762e-05
0 0.365385 0.986 0.0817985 0.028 4.35942e-05
0 0.61701 0.622 0.122427 0.412 4.36626e-05
0 0.245125 0.328667 0.0514626 0.121333 4.37023e-05
0 0.15493 0.000666667 0.056338 0.00133333 4.37276e-05
0 0.113218 1 0.0530878 0 4.37548e-05
0 0.0211268 0.0913333 0.0390032 0.116 4.44743e-05
0 0.660347 0.076 0.0855905 0.152 4.45395e-05
0 0.945829 0.0493333 0.104009 0.0986667 4.47622e-05
0 0.192579 0.0653333 0.0796316 0.130667 4.49266e-05
0 0.638949 0.932667 0.0828819 0.134667 4.49407e-05
0 0.283044 0.254667 0.0514626 0.117333 4.50877e-05
0 0.521939 0.658667 0.0644637 0.146667 4.51228e-05
0 0.0628386 1 0.0541712 0 4.5201e-05
0 0.440953 0.997333 0.0498375 0.00533333 4.53141e-05
0 0.983749 0.453333 0.0325027 0.114667 4.54577e-05
0 0.190141 0.275333 0.106176 0.241333 4.54634e-05
0 0.825298 0.994 0.052546 0.012 4.5532e-05
0 0.890303 0.468 0.163055 0.184 4.56111e-05
0 0.732936 0.150667 0.111593 0.0746667 4.56477e-05
0 0.865655 1 0.0509209 0 4.57088e-05
0 0.181473 0.360667 0.0509209 0.118667 4.59743e-05
0 0.861593 0.961333 0.114301 0.0586667 4.62177e-05
0 0.370531 0.116 0.0465872 0.0906667 4.64733e-05
0 0.306609 0.421333 0.0498375 0.104 4.6512e-05
0 0.986999 0.852 0.0195016 0.144 4.66074e-05
0 0.181744 0.573333 0.0514626 0.125333 4.66911e-05
0 0.815276 0.0753333 0.107259 0.150667 4.67595e-05
0 0.574756 0.994 0.0877573 0.012 4.68279e-05
0 0.699892 1 0.0834236 0 4.68571e-05
0 0.710997 0.504667 0.13597 0.481333 4.7061e-05
0 0.794691 0.137333 0.0520043 0.0693333 4.71509e-05
0 0.562026 0.828667 0.141387 0.342667 4.73322e-05
0 0.26571 0.0646667 0.0763814 0.129333 4.75859e-05
0 0.765439 0.212667 0.111593 0.148 4.75928e-05
0 0.359155 0.145333 0.0476706 0.117333 4.78905e-05
0 0.538462 0.958667 0.0910076 0.0826667 4.80647e-05
0 0.581528 0.974 0.0460455 0.0253333 4.82698e-05
0 0.222102 0.332 0.0498375 0.109333 4.85005e-05
0 0.446371 0.06 0.0411701 0.0746667 4.87556e-05
0 0.388678 0.0686667 0.0904659 0.137333 4.88569e-05
0 0.963434 0.997333 0.0514626 0.00533333 4.88964e-05
0 0.683099 0.559333 0.0433369 0.161333 4.90387e-05
0 0.222102 0.048 0.0444204 0.0586667 4.90947e-05
0 0.223998 0.881333 0.0687974 0.178667 4.92401e-05
0 0.00568797 0.692667 0.0113759 0.145333 4.92729e-05
0 0.446912 0.259333 0.0520043 0.126667 4.92806e-05
0 0.507042 0.956 0.0725894 0.088 4.95534e-05
0 0.0869447 1 0.0547129 0 4.98515e-05
0 0.368635 0.172 0.0503792 0.112 4.98819e-05
0 0.760834 0.00466667 0.0839653 0.00933333 5.00597e-05
0 0.347237 0.0766667 0.0390032 0.068 5.00906e-05
0 0.789003 0.944667 0.173889 0.110667 5.01312e-05
0 0.613759 0.128 0.0368364 0.064 5.03461e-05
0 0.366197 0.238 0.144095 0.476 5.10051e-05
0 0.387595 0.328 0.0991333 0.266667 5.12179e-05
0 0.58857 0.969333 0.10455 0.0613333 5.12229e-05
0 0.542795 0.997333 0.0509209 0.00533333 5.13446e-05
0 0.359967 0.936 0.0807151 0.088 5.13508e-05
0 0.618093 0.904667 0.0606717 0.177333 5.14295e-05
0 0.227519 0.732667 0.0465872 0.118667 5.1436e-05
0 0.194745 0.541333 0.0460455 0.114667 5.14384e-05
0 0.985645 0.628 0.0287107 0.122667 5.16661e-05
0 0.669014 0.548 0.0812568 0.224 5.17391e-05
0 0.279523 0.99 0.0400867 0.02 5.18222e-05
0 0.416576 0.508667 0.100758 0.241333 5.18941e-05
0 0.751625 1 0.0482123 0 5.20053e-05
0 0.512459 0.994 0.0736728 0.012 5.27223e-05
0 0.319068 0.358667 0.0476706 0.109333 5.29201e-05
0 0.417389 0.849333 0.0406284 0.154667 5.30829e-05
0 0.771939 0.51 0.160347 0.46 5.31767e-05
0 0.664951 0.966 0.0817985 0.068 5.37868e-05
0 0.663597 0.628 0.0314193 0.08 5.38161e-05
0 0.702329 0.527333 0.095883 0.254667 5.41135e-05
0 0.448267 0.115333 0.0438787 0.0893333 5.43312e-05
0 0.337216 0.838667 0.143554 0.28 5.47038e-05
0 0.185265 0.0993333 0.0671723 0.166667 5.47596e-05
0 0.758667 0.606667 0.0417118 0.064 5.49093e-05
0 0.330986 0 0.0530878 0 5.52323e-05
0 0.382719 0.46 0.0687974 0.106667 5.52994e-05
0 0.460726 0.228667 0.119718 0.438667 5.53523e-05
0 0.430661 0.02 0.0455038 0.04 5.54852e-05
0 0.985374 0.879333 0.0292524 0.241333 5.5617e-05
0 0.383532 0.142 0.0509209 0.102667 5.56352e-05
0 0.441495 0.101333 0.084507 0.202667 5.56888e-05
0 0.86403 0.269333 0.143012 0.202667 5.59451e-05
0 0.330173 0.332667 0.1013 0.246667 5.60507e-05
0 0.828548 0.744667 0.143554 0.214667 5.62871e-05
0 0.484019 0.949333 0.0557963 0.101333 5.64817e-05
0 0.266522 0.994667 0.0455038 0.0106667 5.65621e-05
0 0.0184182 0.512 0.0368364 0.130667 5.66793e-05
0 0.463164 0.506 0.140845 0.481333 5.67396e-05
0 0.232936 0.928 0.0823402 0.144 5.67886e-05
0 0.467226 0.998 0.0471289 0.004 5.69749e-05
0 0.306067 0.230667 0.0498375 0.128 5.71049e-05
0 0.761105 0.126667 0.110509 0.106667 5.72232e-05
0 0.739978 0.359333 0.084507 0.118667 5.73278e-05
0 0.73727 0.453333 0.108342 0.277333 5.73857e-05
0 0.407096 0.048 0.0471289 0.056 5.74005e-05
0 0.425785 0.416 0.131094 0.381333 5.74916e-05
0 0.0186891 0.540667 0.0276273 0.265333 5.75149e-05
0 0.874865 1 0.0812568 0 5.78493e-05
0 0.161701 0.354 0.0904659 0.358667 5.78496e-05
0 0.562839 0.574 0.111593 0.390667 5.82112e-05
0 0.494583 0.976667 0.0314193 0.036 5.8616e-05
0 0.274648 0.971333 0.0379198 0.0333333 5.87379e-05
0 0.39545 0.171333 0.0465872 0.0893333 5.89249e-05
0 0.439599 0.337333 0.095883 0.186667 5.9156e-05
0 0.321506 0.291333 0.0471289 0.113333 5.91634e-05
0 0.258667 0.452 0.052546 0.117333 5.94588e-05
0 0.671993 0.126 0.0297941 0.0253333 5.99283e-05
0 0.68662 0.638667 0.0232936 0.0346667 5.99633e-05
0 0.81338 0.993333 0.052546 0.0133333 5.99726e-05
0 0.0918202 0.0626667 0.114301 0.125333 6.02154e-05
0 0.81636 0.587333 0.132178 0.198667 6.02441e-05
0 0.381636 0.199333 0.0514626 0.1 6.03689e-05
0 0.691766 1 0.0520043 0 6.03807e-05
0 0.0506501 0.466667 0.0872156 0.2 6.06599e-05
0 0.00568797 0.911333 0.0092091 0.137333 6.06679e-05
0 0.421993 0.634667 0.147346 0.426667 6.1062e-05
0 0.305525 0 0.0541712 0 6.13864e-05
0 0.271398 0.0486667 0.0476706 0.06 6.14769e-05
0 0.788462 0.044 0.0828819 0.088 6.15828e-05
0 0.270856 0.230667 0.0530878 0.112 6.17494e-05
0 0.969935 0.834 0.06013 0.297333 6.20657e-05
0 0.331798 0.415333 0.113218 0.212 6.22634e-05
0 0.0276273 0.331333 0.0520043 0.161333 6.25487e-05
0 0.986457 0.762 0.0270856 0.308 6.27164e-05
0 0.224269 0.022 0.0736728 0.044 6.29809e-05
0 0.271668 0.536 0.0861322 0.133333 6.31754e-05
0 0.0368364 0.635333 0.0736728 0.548 6.32203e-05
0 0.458017 0.179333 0.0503792 0.116 6.32234e-05
0 0.792253 1 0.052546 0 6.39295e-05
0 0.666306 0.877333 0.0368364 0.144 6.41682e-05
0 0.244312 0.234 0.0520043 0.110667 6.42082e-05
0 0.179848 0 0.056338 0 6.43184e-05
0 0.356176 0 0.0514626 0 6.45635e-05
0 0.840737 1 0.0552546 0 6.47706e-05
0 0.115114 0.472667 0.114301 0.324 6.4788e-05
0 0.27221 0.198 0.13922 0.396 6.52873e-05
0 0.420368 0.642667 0.0953413 0.218667 6.57541e-05
0 0.483749 0.971333 0.0303359 0.0386667 6.5847e-05
0 0.0557963 0.106 0.104009 0.212 6.62075e-05
0 0.739437 0.0353333 0.0975081 0.0706667 6.62934e-05
0 0.985103 0.942667 0.0254605 0.072 6.62957e-05
0 0.45585 0.416 0.0807151 0.176 6.63054e-05
0 0.380553 0 0.052546 0 6.64847e-05
0 0.27844 0.856 0.126761 0.288 6.66678e-05
0 0.826652 0.758667 0.192849 0.482667 6.69153e-05
0 0.0698808 0.02 0.134345 0.04 6.69894e-05
0 0.710455 0.117333 0.103467 0.173333 6.74267e-05
0 0.563651 0.0413333 0.0807151 0.0826667 6.80588e-05
0 0.768418 0.537333 0.105634 0.154667 6.81429e-05
0 0.493229 0.996667 0.0427952 0.00666667 6.81806e-05
0 0.789545 0.470667 0.127302 0.261333 6.82962e-05
0 0.405471 0 0.052546 0 6.83454e-05
0 0.00731311 0.064 0.0102925 0.122667 6.83529e-05
0 0.393012 0.115333 0.0482123 0.102667 6.84128e-05
0 0.983207 0.214667 0.0335861 0.274667 6.85351e-05
0 0.412243 0.272667 0.106176 0.254667 6.86222e-05
0 0.475081 0.896 0.0476706 0.146667 6.9474e-05
0 0.676598 0.648667 0.0227519 0.06 6.94743e-05
0 0.188787 1 0.0742145 0 6.95936e-05
0 0.182286 0.423333 0.0503792 0.126667 7.04825e-05
0 0.481311 0.096 0.0785482 0.192 7.05784e-05
0 0.939328 1 0.0855905 0 7.09224e-05
0 0.90818 0.615333 0.146804 0.409333 7.10913e-05
0 0.514897 0.834667 0.122969 0.330667 7.11726e-05
0 0.0308776 0.954667 0.0617551 0.0906667 7.14543e-05
0 0.941495 0 0.0541712 0 7.16362e-05
0 0.979415 0.014 0.0411701 0.028 7.18735e-05
0 0.185536 0.859333 0.107801 0.212 7.21173e-05
0 0.0514626 0.248 0.102925 0.490667 7.23277e-05
0 0.549296 0.107333 0.00975081 0.036 7.25026e-05
0 0.690683 0.05 0.104009 0.1 7.25148e-05
0 0.408992 0.159333 0.0942579 0.145333 7.27506e-05
0 0.951246 1 0.0552546 0 7.3088e-05
0 0.209642 0.102667 0.0585049 0.152 7.34196e-05
0 0.29415 0.203333 0.0498375 0.108 7.34426e-05
0 0.478602 0 0.052546 0 7.35435e-05
0 0.973456 0.693333 0.0530878 0.216 7.40702e-05
0 0.180932 0.344 0.0812568 0.186667 7.41934e-05
0 0.0113759 0.907333 0.0130011 0.185333 7.43098e-05
0 0.283315 0.394667 0.0823402 0.128 7.4578e-05
0 0.238895 0.59 0.0931744 0.265333 7.46256e-05
0 0.59182 0.995333 0.0492958 0.00933333 7.47478e-05
0 0.373239 0.925333 0.0953413 0.149333 7.47747e-05
0 0.492687 0.946 0.0287107 0.084 7.48019e-05
0 0.312839 0.397333 0.152221 0.448 7.52073e-05
0 0.331528 0.262667 0.0498375 0.122667 7.55842e-05
0 0.415764 0.877333 0.0785482 0.245333 7.60348e-05
0 0.157096 0.367333 0.0541712 0.132 7.61849e-05
0 0.5539 0 0.052546 0 7.6244e-05
0 0.903034 0 0.0530878 0 7.62949e-05
0 0.219664 0.670667 0.10455 0.157333 7.63741e-05
0 0.166576 0.255333 0.192308 0.510667 7.64953e-05
0 0.51896 0.545333 0.125677 0.386667 7.66559e-05
0 0.0999458 0 0.0547129 0 7.69327e-05
0 0.334236 0.046 0.0476706 0.0546667 7.72511e-05
0 0.842633 0.687333 0.0969664 0.164 7.73028e-05
0 0.231582 0 0.0547129 0 7.76743e-05
0 0.205309 0 0.0552546 0 7.78434e-05
0 0.687161 0.981333 0.0926327 0.0373333 7.7908e-05
0 0.802546 1 0.0904659 0 7.79111e-05
0 0.625677 0.978667 0.063922 0.04 7.79671e-05
0 0.362405 0.420667 0.0931744 0.158667 7.83335e-05
0 0.314735 0.994 0.0942579 0.012 7.86654e-05
0 0.971289 0.218667 0.0520043 0.149333 7.88511e-05
0 0.443391 0.169333 0.0872156 0.16 7.88931e-05
0 0.112676 0.996667 0.132178 0.00666667 7.90896e-05
0 0.240791 0.672 0.481582 0.656 7.91097e-05
0 0.336403 0.214667 0.0812568 0.2 7.94515e-05
0 0.0641928 0.760667 0.128386 0.478667 7.94904e-05
0 0.138949 1 0.0514626 0 7.97322e-05
0 0.820693 0.974 0.104009 0.052 7.9934e-05
0 0.482665 0.116667 0.0444204 0.076 8.00046e-05
0 0.409534 0.400667 0.0400867 0.0946667 8.02954e-05
0 0.280607 0 0.0541712 0 8.05701e-05
0 0.865114 0.407333 0.174431 0.246667 8.11185e-05
0 0.138678 0.0253333 0.0910076 0.0506667 8.1124e-05
0 0.0268147 0.884667 0.0536295 0.185333 8.12585e-05
0 0.137866 1 0.0807151 0 8.25949e-05
0 0.939057 0.651333 0.109967 0.148 8.26224e-05
0 0.333153 0.728 0.157096 0.154667 8.26782e-05
0 0.99052 0.782667 0.0157096 0.218667 8.27146e-05
0 0.537378 0.768 0.101842 0.168 8.27793e-05
0 0.864843 0 0.0547129 0 8.29294e-05
0 0.49052 0.250667 0.0254605 0.0853333 8.33563e-05
0 0.193933 0.016 0.0509209 0.032 8.35073e-05
0 0.236457 0.392667 0.0742145 0.150667 8.37856e-05
0 0.496479 0.212 0.0492958 0.125333 8.3798e-05
0 0.634615 0.954667 0.0482123 0.08 8.41471e-05
0 0.88299 0.548667 0.145179 0.244 8.43453e-05
0 0.31636 1 0.0476706 0 8.48194e-05
0 0.634615 0.841333 0.124052 0.317333 8.4963e-05
0 0.222373 0.425333 0.0503792 0.112 8.51249e-05
0 0.0373781 0.393333 0.0747562 0.485333 8.65023e-05
0 0.0140845 0.152 0.0260022 0.210667 8.70324e-05
0 0.18987 0.711333 0.114301 0.169333 8.71094e-05
0 0.789274 0.585333 0.100758 0.128 8.83463e-05
0 0.578819 0 0.0536295 0 8.83627e-05
0 0.221289 0.0166667 0.0460455 0.0333333 8.8507e-05
0 0.157909 0.576 0.052546 0.133333 8.86171e-05
0 0.984561 0.336667 0.0308776 0.316 8.89641e-05
0 0.00568797 0.991333 0.0113759 0.0173333 8.89857e-05
0 0.981853 0.166 0.0330444 0.0546667 8.90427e-05
0 0.74675 0.842 0.0872156 0.316 8.91335e-05
0 0.284399 0.452 0.084507 0.136 8.95059e-05
0 0.511105 0.107333 0.0687974 0.113333 8.97905e-05
0 0.182557 0.0526667 0.0509209 0.0653333 8.97969e-05
0 0.277898 1 0.0433369 0 8.98019e-05
0 0.375948 1 0.0736728 0 9.00273e-05
0 0.695558 0.606 0.0704225 0.150667 9.03386e-05
0 0.92091 0.144 0.0574215 0.0506667 9.04449e-05
0 0.0197725 0.231333 0.039545 0.342667 9.057e-05
0 0.246479 0.044 0.0476706 0.0586667 9.18681e-05
0 0.512188 0.0433333 0.0774648 0.0866667 9.2045e-05
0 0.990249 0.183333 0.0184182 0.105333 9.28825e-05
0 0.115655 0.755333 0.164139 0.449333 9.33581e-05
0 0.503792 0 0.0530878 0 9.34079e-05
0 0.42091 0.782667 0.102925 0.386667 9.34279e-05
0 0.614843 0.615333 0.0877573 0.166667 9.37228e-05
0 0.453413 0 0.0530878 0 9.37335e-05
0 0.528711 0 0.0530878 0 9.3949e-05
0 0.47156 0.421333 0.0514626 0.0613333 9.50384e-05
0 0.739437 0.413333 0.0931744 0.144 9.53672e-05
0 0.640845 0.883333 0.0682557 0.233333 9.54367e-05
0 0.274648 1 0.0650054 0 9.545e-05
0 0.0067714 0.900667 0.0135428 0.198667 9.63533e-05
0 0.174702 0.75 0.152221 0.414667 9.68004e-05
0 0.565818 0.452 0.753521 0.904 9.70494e-05
0 0.125948 0 0.0557963 0 9.77822e-05
0 0.3039 0.940667 0.035753 0.116 9.78015e-05
0 0.538732 0.876 0.1013 0.24 9.81053e-05
0 0.838299 0.12 0.127302 0.112 9.81088e-05
0 0.337757 0.646 0.127302 0.196 9.81704e-05
0 0.00704225 0.296 0.0140845 0.144 9.84799e-05
0 0.295775 0.0466667 0.0487541 0.056 9.85182e-05
0 0.923348 0.876 0.124052 0.248 9.87049e-05
0 0.230228 0.259333 0.0682557 0.134667 9.96158e-05
0 0.514626 0.558 0.0790899 0.214667 9.96705e-05
0 0.00785482 0.389333 0.0157096 0.146667 9.9862e-05
0 0.922535 0.13 0.0530878 0.0306667 9.99609e-05
0 0.262189 0.991333 0.0855905 0.0173333 0.000100246
0 0.238082 1 0.0709642 0 0.000100612
0 0.23727 0.105333 0.0585049 0.154667 0.00010065
0 0.365655 0.271333 0.0985916 0.18 0.000101176
0 0.969664 0.401333 0.0606717 0.258667 0.000101262
0 0.236728 0.165333 0.0975081 0.274667 0.000102066
0 0.0100217 0.833333 0.0135428 0.266667 0.000102192
0 0.339924 1 0.0482123 0 0.000102999
0 0.368906 0.484 0.0509209 0.117333 0.000103665
0 0.17714 1 0.0487541 0 0.000103754
0 0.338299 1 0.0742145 0 0.000104037
0 0.836674 0.844 0.120802 0.277333 0.000104063
0 0.398429 0.0486667 0.0807151 0.0786667 0.000104102
0 0.234561 0.440667 0.469122 0.881333 0.000104746
0 0.00785482 0.451333 0.0157096 0.145333 0.000104877
0 0.0669014 0.512667 0.133803 0.518667 0.000105089
0 0.855905 0.131333 0.056338 0.0413333 0.000105248
0 0.98727 0.02 0.0222102 0.04 0.000105789
0 0.478873 0.167333 0.0552546 0.164 0.000106188
0 0.482665 0.94 0.0270856 0.096 0.000106641
0 0.872698 0.666667 0.0498375 0.0693333 0.000106753
0 0.31961 0.924667 0.0866739 0.150667 0.000106767
0 0.195016 0.484667 0.0476706 0.121333 0.000106872
0 0.228332 1 0.0482123 0 0.000107721
0 0.295775 0.96 0.0379198 0.0533333 0.000108319
0 0.412514 1 0.0709642 0 0.000108568
0 0.378115 1 0.0498375 0 0.000108705
0 0.00731311 0.632667 0.0146262 0.150667 0.000109096
0 0.715601 0.967333 0.0985916 0.0653333 0.000109535
0 0.00731311 0.143333 0.0113759 0.148 0.00010994
0 0.641658 0.05 0.0969664 0.1 0.000110102
0 0.988082 0.390667 0.020585 0.144 0.00011031
0 0.163326 0.998 0.1013 0.004 0.000110465
0 0.361322 0.00466667 0.0780065 0.00933333 0.000110861
0 0.222914 0.510667 0.0482123 0.106667 0.000111239
0 0.446371 0.270667 0.0855905 0.181333 0.000112304
0 0.283586 0.346667 0.112134 0.248 0.000112412
0 0.457746 0.0913333 0.0433369 0.0866667 0.00011274
0 0.945016 0.974 0.1013 0.052 0.000112814
0 0.989437 0.145333 0.0200433 0.106667 0.000113497
0 0.615926 0 0.0530878 0 0.000113969
0 0.511918 0.871333 0.0855905 0.18 0.000114195
0 0.488895 0.00533333 0.0687974 0.0106667 0.000114992
0 0.270043 0.481333 0.0514626 0.0986667 0.000115176
0 0.981853 0.148667 0.031961 0.150667 0.000115528
0 0.529523 1 0.0482123 0 0.000116158
0 0.565005 0.00466667 0.0693391 0.00933333 0.000116211
0 0.0476706 1 0.0660888 0 0.000116333
0 0.889491 0.664 0.0574215 0.088 0.000116799
0 0.440141 0.934667 0.0720477 0.130667 0.000116847
0 0.415764 1 0.0492958 0 0.000117821
0 0.422264 0.430667 0.088299 0.162667 0.000117943
0 0.215872 0.347333 0.0893824 0.164 0.000118499
0 0.380553 0.515333 0.0991333 0.212 0.000118916
0 0.0130011 0.996 0.0260022 0.008 0.000119326
0 0.0203142 0.829333 0.0406284 0.341333 0.000119988
0 0.985645 0.00266667 0.0287107 0.00533333 0.000120046
0 0.538191 0.004 0.067714 0.008 0.000120394
0 0.637595 0.5 0.72481 1 0.000122237
0 0.383803 0.212 0.0915493 0.152 0.000123438
0 0.48727 0.997333 0.0850488 0.00533333 0.000123554
0 0.666035 0 0.0536295 0 0.000124111
0 0.318527 0.496667 0.0520043 0.0866667 0.000124507
0 0.309317 0.349333 0.0888407 0.146667 0.000124891
0 0.253521 1 0.0476706 0 0.00012655
0 0.429848 0.751333 0.0471289 0.166667 0.000126897
0 0.618635 1 0.0509209 0 0.000126953
0 0.182557 0.511333 0.0509209 0.126667 0.000127393
0 0.202871 1 0.0492958 0 0.000127749
0 0.428494 0 0.0541712 0 0.000128671
0 0.437161 0.00666667 0.071506 0.0133333 0.000128682
0 0.902221 0.653333 0.0915493 0.125333 0.000128813
0 0.484019 0.632667 0.143554 0.390667 0.000129079
0 0.323673 0.004 0.0731311 0.008 0.000130197
0 0.134886 0.624667 0.144095 0.404 0.000130788
0 0.990249 0.0486667 0.0195016 0.0973333 0.000130844
0 0.984832 0.468667 0.0303359 0.286667 0.000131121
0 0.243229 0.779333 0.0509209 0.148 0.000131279
0 0.282232 0.676667 0.128927 0.161333 0.000131588
0 0.587486 1 0.0796316 0 0.000131651
0 0.22454 0.252667 0.157638 0.449333 0.00013176
0 0.66468 0.00666667 0.0747562 0.0133333 0.000132217
0 0.840737 0.0453333 0.12351 0.0906667 0.000132511
0 0.0119177 0.0166667 0.0227519 0.0333333 0.000132653
0 0.440683 1 0.0492958 0 0.000132678
0 0.46533 0.657333 0.641387 0.685333 0.000133323
0 0.398158 0.006 0.0801734 0.012 0.000134193
0 0.213164 0.996 0.0937161 0.008 0.000134644
0 0.00622969 0.79 0.0124594 0.289333 0.000134869
0 0.966685 0 0.0536295 0 0.000135083
0 0.992145 0.290667 0.0157096 0.210667 0.000135101
0 0.976436 0.460667 0.0471289 0.188 0.00013719
0 0.640845 0 0.0541712 0 0.000138221
0 0.437161 0.042 0.063922 0.084 0.000138547
0 0.255146 0.509333 0.0693391 0.104 0.000138558
0 0.972373 0.155333 0.0216685 0.0306667 0.000138604
0 0.484019 0.634 0.114301 0.214667 0.000139253
0 0.355905 0.519333 0.141928 0.377333 0.000139897
0 0.513272 1 0.0709642 0 0.00014114
0 0.0349404 0.0646667 0.0687974 0.129333 0.000141371
0 0.00622969 0.568667 0.0124594 0.150667 0.000141495
0 0.337757 0.147333 0.102384 0.222667 0.000141643
0 0.117281 0.0153333 0.109967 0.0306667 0.000143521
0 0.970477 0.163333 0.0341278 0.036 0.000143577
0 0.504875 1 0.0476706 0 0.000144817
0 0.839924 0 0.0557963 0 0.000146577
0 0.66441 1 0.0557963 0 0.000146995
0 0.340466 0.0106667 0.0785482 0.0213333 0.000147473
0 0.639762 0.12 0.0931744 0.0853333 0.000147659
0 0.615926 0.006 0.0758397 0.012 0.00014829
0 0.439599 0.996 0.0915493 0.008 0.00014908
0 0.353196 0 0.0552546 0 0.000150799
0 0.670368 0.128 0.0406284 0.0533333 0.000151064
0 0.0284399 0.152 0.0557963 0.304 0.00015112
0 0.553088 1 0.0509209 0 0.000151369
0 0.269772 0.0146667 0.0509209 0.0293333 0.000151894
0 0.0124594 0.77 0.0227519 0.284 0.000152127
0 0.478602 1 0.0471289 0 0.000153876
0 0.261918 0.104667 0.0633803 0.150667 0.000154148
0 0.0195016 1 0.0390032 0 0.000155132
0 0.151138 0 0.056338 0 0.000155431
0 0.716143 0.4 0.567714 0.8 0.000156951
0 0.00866739 1 0.0173348 0 0.000157666
0 0.740791 0 0.0547129 0 0.000157919
0 0.549025 0.106667 0.0189599 0.048 0.000158171
0 0.0604009 0.995333 0.116468 0.00933333 0.000158393
0 0.357259 0.0493333 0.0438787 0.064 0.000158836
0 0.381907 0.0173333 0.0509209 0.0346667 0.00015884
0 0.378386 0 0.0547129 0 0.000158938
0 0.0742145 0 0.0541712 0 0.000158991
0 0.990791 0.905333 0.0173348 0.189333 0.000159781
0 0.159534 0.486667 0.052546 0.133333 0.000161091
0 0.716414 0.00733333 0.0763814 0.0146667 0.000161289
0 0.716143 0 0.0541712 0 0.000161309
0 0.981582 0.996 0.0303359 0.008 0.000161786
0 0.76571 0 0.0547129 0 0.000162633
0 0.286566 0.0993333 0.063922 0.150667 0.000164034
0 0.390303 0.0106667 0.0763814 0.0213333 0.000164316
0 0.63922 0.975333 0.0682557 0.0493333 0.000164635
0 0.403034 0 0.0552546 0 0.000165098
0 0.379198 0.776667 0.130011 0.326667 0.000165442
0 0.151679 0.420667 0.303359 0.841333 0.000166815
0 0.970748 0.0606667 0.0585049 0.121333 0.000167051
0 0.790358 0 0.0552546 0 0.000169386
0 0.315276 0 0.0552546 0 0.000172473
0 0.0159805 0.0513333 0.031961 0.102667 0.000172968
0 0.226436 0.412 0.141928 0.416 0.000172975
0 0.125406 0.004 0.0969664 0.008 0.000176674
0 0.539003 0.995333 0.0985916 0.00933333 0.000177949
0 0.14572 0.585333 0.0931744 0.178667 0.000179004
0 0.462622 1 0.0725894 0 0.000180472
0 0.338299 0.03 0.0666305 0.06 0.000181076
0 0.286566 0.004 0.0725894 0.008 0.000181555
0 0.290087 0 0.0557963 0 0.000183366
0 0.831798 0.517333 0.158722 0.213333 0.000184633
0 0.086403 1 0.0915493 0 0.000185594
0 0.223998 0.719333 0.0742145 0.172 0.000185607
0 0.21831 0.0206667 0.0899242 0.0413333 0.000185681
0 0.141658 0.612 0.283315 0.776 0.000185902
0 0.462893 0.000666667 0.088299 0.00133333 0.000187585
0 0.693933 0.863333 0.0552546 0.166667 0.00018781
0 0.263543 0.172667 0.0969664 0.169333 0.00018789
0 0.214518 0.83 0.0899242 0.308 0.000188189
0 0.00947996 0.292 0.0167931 0.234667 0.000188253
0 0.25 0.00466667 0.0709642 0.00933333 0.00018978
0 0.311755 0.275333 0.0785482 0.169333 0.000191174
0 0.84805 0.149333 0.0839653 0.0506667 0.000191316
0 0.344529 0.400667 0.689057 0.801333 0.000192665
0 0.176327 0 0.0568797 0 0.000194446
0 0.815818 1 0.056338 0 0.000195347
0 0.265439 0 0.056338 0 0.000198014
0 0.988624 0.241333 0.0173348 0.133333 0.000199915
0 0.988353 0.941333 0.0135428 0.112 0.000200976
0 0.0165222 0.398667 0.0330444 0.216 0.00020282
0 0.362405 0.032 0.0671723 0.064 0.000203004
0 0.455309 0.849333 0.100217 0.301333 0.000205243
0 0.955038 0.992 0.071506 0.016 0.000205759
0 0.481582 0.412 0.0270856 0.0373333 0.000205797
0 0.00947996 0.42 0.0146262 0.269333 0.000206497
0 0.814735 0 0.0552546 0 0.00020917
0 0.939057 0.002 0.0937161 0.004 0.000210525
0 0.986728 0.636 0.0265439 0.28 0.000210621
0 0.222644 0.478 0.0650054 0.132 0.000214244
0 0.975623 0.594 0.0487541 0.174667 0.000214528
0 0.51273 0 0.0828819 0 0.000216291
0 0.539274 0.642667 0.0482123 0.144 0.000216405
0 0.589382 0 0.0888407 0 0.000217076
0 0.31338 0.108 0.0850488 0.141333 0.000217163
0 0.184995 0.00533333 0.0752979 0.0106667 0.0002179
0 0.818797 0.018 0.0861322 0.036 0.000218693
0 0.239707 0 0.0557963 0 0.000218866
0 0.309317 0.00333333 0.0704225 0.00666667 0.000220577
0 0.356717 0.02 0.0471289 0.04 0.000220953
0 0.451517 0.776 0.0817985 0.210667 0.000221709
0 0.461809 0.0493333 0.0774648 0.0986667 0.000221969
0 0.00866739 0.203333 0.0162514 0.217333 0.000222022
0 0.364301 0.164667 0.0893824 0.150667 0.000222987
0 0.729144 0.952 0.0834236 0.096 0.000223298
0 0.99052 0.45 0.0178765 0.190667 0.000223938
0 0.162514 0.640667 0.0910076 0.172 0.00022927
0 0.240249 0.026 0.0698808 0.052 0.000229643
0 0.66468 0.998667 0.0541712 0.00266667 0.000230361
0 0.277086 0.508 0.14572 0.424 0.000231688
0 0.462893 0.929333 0.0633803 0.114667 0.000231915
0 0.459913 0.106 0.0725894 0.124 0.000232466
0 0.280607 0.914667 0.0671723 0.16 0.000233383
0 0.688516 0 0.0953413 0 0.000235
0 0.202059 0 0.056338 0 0.000236085
0 0.410347 0.022 0.0796316 0.044 0.000236924
0 0.357801 0.577333 0.105634 0.186667 0.000237247
0 0.730228 0.134667 0.0530878 0.0533333 0.000237761
0 0.298754 0.492 0.0828819 0.114667 0.00023959
0 0.0276273 0.348667 0.0487541 0.369333 0.000245631
0 0.00839653 0.114 0.0167931 0.193333 0.000245685
0 0.668472 0.990667 0.0736728 0.0186667 0.000245973
0 0.263001 0.59 0.0980498 0.164 0.000247766
0 0.319068 0.018 0.0498375 0.036 0.000248118
0 0.689599 0.84 0.0931744 0.306667 0.000249518
0 0.990791 0.693333 0.0140845 0.237333 0.000256201
0 0.366739 0.872667 0.106176 0.182667 0.000256682
0 0.25948 0.00466667 0.0725894 0.00933333 0.000258195
0 0.0498375 0 0.056338 0 0.000259627
0 0.976706 0.531333 0.0455038 0.188 0.00026183
0 0.386241 0.108667 0.0834236 0.132 0.000262755
0 0.971831 0.1 0.0530878 0.152 0.000263576
0 0.0593174 0.00666667 0.0893824 0.0133333 0.000265573
0 0.189328 0.0233333 0.0969664 0.0466667 0.000269121
0 0.166306 0.514 0.149512 0.497333 0.000271887
0 0.29415 0.0173333 0.0498375 0.0346667 0.000273213
0 0.97779 0.147333 0.0292524 0.0493333 0.000273862
0 0.88922 0.00266667 0.115385 0.00533333 0.000280369
0 0.67389 0.6 0.0541712 0.205333 0.00028205
0 0.385428 0.776667 0.1013 0.185333 0.000283972
0 0.638949 0 0.0937161 0 0.000285485
0 0.745395 0.638667 0.509209 0.722667 0.000287384
0 0.306067 0.421333 0.0964247 0.128 0.000287636
0 0.160076 0.420667 0.0752979 0.188 0.000289111
0 0.140303 0.474 0.0747562 0.196 0.000289755
0 0.0704225 0.00933333 0.0758397 0.0186667 0.000295345
0 0.989978 0.990667 0.0200433 0.0186667 0.000295358
0 0.847779 0.604 0.16468 0.306667 0.000295736
0 0.388949 0.0313333 0.0899242 0.0626667 0.00029626
0 0.00731311 0.604 0.0124594 0.293333 0.000297839
0 0.438245 0.818 0.0476706 0.225333 0.00029887
0 0.00758397 0.513333 0.0151679 0.152 0.00029895
0 0.313651 0.0233333 0.0910076 0.0466667 0.000299206
0 0.296046 0.525333 0.115385 0.205333 0.000303913
0 0.362405 0 0.101842 0 0.000305577
0 0.411701 0.000666667 0.0942579 0.00133333 0.000307489
0 0.28494 0.968 0.035753 0.0453333 0.00031198
0 0.710726 0.132 0.0866739 0.0826667 0.000312607
0 0.621343 0.992 0.105092 0.016 0.000318209
0 0.360509 0.496667 0.0969664 0.134667 0.000322644
0 0.622427 0.997333 0.0520043 0.00533333 0.000324694
0 0.441766 0.480667 0.0991333 0.158667 0.000328014
0 0.739166 0 0.1013 0 0.000331899
0 0.0270856 1 0.0530878 0 0.000334851
0 0.64247 1 0.0552546 0 0.000339052
0 0.213976 0.424667 0.0877573 0.156 0.000340322
0 0.162514 0.00466667 0.0910076 0.00933333 0.000341545
0 0.315005 0.602667 0.148971 0.4 0.000342065
0 0.983207 0.11 0.0335861 0.22 0.000343688
0 0.0181473 0.663333 0.0362947 0.382667 0.000349558
0 0.0295233 0.995333 0.0590466 0.00933333 0.000351788
0 0.244583 0.0166667 0.0503792 0.0333333 0.000357379
0 0.713705 0.873333 0.0590466 0.165333 0.000359269
0 0.284399 0.224667 0.0866739 0.156 0.000360711
0 0.235374 0.268667 0.0947996 0.265333 0.00036121
0 0.258397 0.353333 0.101842 0.162667 0.000371813
0 0.836132 0.988667 0.118635 0.0226667 0.000372774
0 0.98727 0.999333 0.0189599 0.00133333 0.00037471
0 0.264085 0.018 0.088299 0.036 0.000376085
0 0.460997 0.228 0.0693391 0.157333 0.00037761
0 0.97779 1 0.0411701 0 0.000382113
0 0.209101 0.520667 0.0812568 0.150667 0.00039097
0 0.986728 0.984667 0.0124594 0.0306667 0.000391773
0 0.0270856 0.478667 0.0541712 0.354667 0.000398306
0 0.790899 0.002 0.113759 0.004 0.000400511
0 0.0138137 0.474667 0.0276273 0.253333 0.000402329
0 0.979415 0.994 0.0390032 0.012 0.000411076
0 0.311755 0 0.113218 0 0.000423227
0 0.988895 0.538667 0.0222102 0.216 0.000431341
0 0.113218 0 0.15493 0 0.000433411
0 0.840195 0.004 0.126761 0.008 0.000437619
0 0.896804 0.934 0.108884 0.126667 0.000444434
0 0.0111051 0.647333 0.0222102 0.281333 0.000458348
0 0.816089 0.874667 0.226977 0.250667 0.000463738
0 0.210997 0.00333333 0.0861322 0.00666667 0.000466615
0 0.178494 0.588 0.0839653 0.173333 0.000471418
0 0.844529 0.949333 0.134345 0.101333 0.000486375
0 0.236457 0.465333 0.100217 0.213333 0.000503617
0 0.483207 0.232 0.0379198 0.112 0.00051881
0 0.262189 0 0.12026 0 0.000525865
0 0.163055 0 0.145179 0 0.00052772
0 0.753521 0.5 0.492958 1 0.000534755
0 0.259751 0.268 0.1013 0.173333 0.000535321
0 0.450704 0.875333 0.0650054 0.185333 0.00054468
0 0.301463 0.857333 0.1013 0.2 0.000584824
0 0.236999 0.820667 0.0774648 0.222667 0.000591408
0 0.644908 0.983333 0.06013 0.0333333 0.00062154
0 0.285482 0.946667 0.0400867 0.0933333 0.000653759
0 0.837216 1 0.0991333 0 0.000664474
0 0.859155 0.661333 0.102925 0.088 0.000664753
0 0.0985916 0.00266667 0.113759 0.00533333 0.000715751
0 0.0102925 0.526 0.0162514 0.268 0.000750305
0 0.158992 0.529333 0.0709642 0.192 0.000759997
0 0.416035 0.802 0.0541712 0.276 0.000781925
0 0.634345 0.989333 0.0465872 0.0186667 0.000795557
0 0.928223 0.951333 0.0991333 0.0973333 0.000795713
0 0.989166 0.0813333 0.0216685 0.16 0.000796877
0 0.182015 0.478667 0.0801734 0.162667 0.000798546
0 0.270585 0.5 0.54117 1 0.000828202
0 0.679307 0.640667 0.0195016 0.028 0.000840272
0 0.989978 0.604667 0.0146262 0.214667 0.00084238
0 0.426056 0.767333 0.0189599 0.116 0.00086437
0 0.315818 0.574667 0.105092 0.181333 0.00091908
0 0.243499 0.739333 0.095883 0.308 0.00094066
0 0.68039 0.625333 0.020585 0.101333 0.000966774
0 0.258667 0.420667 0.100217 0.150667 0.000984289
0 0.675244 0.603333 0.0373781 0.108 0.000994955
0 0.28169 0.76 0.114843 0.2 0.0010017
0 0.863759 0.616667 0.127302 0.172 0.00105937
0 0.660618 1 0.0926327 0 0.0010702
0 0.78169 0.722 0.43662 0.556 0.00115714
0 0.0647346 0 0.129469 0 0.0011681
0 0.0330444 0.01 0.0660888 0.02 0.00121256
0 0.260293 0.478667 0.095883 0.133333 0.00139399
0 0.541441 0.656667 0.0926327 0.246667 0.00158971
0 0.269772 0.600667 0.447454 0.798667 0.00170068
0 0.331257 0.530667 0.0991333 0.141333 0.00173814
0 0.268147 0.826 0.0780065 0.225333 0.00182274
0 0.0270856 0 0.0541712 0 0.00188773
0 0.310401 0.524 0.0780065 0.0986667 0.00207274
0 0.641928 0.994667 0.0552546 0.0106667 0.00213884
0 0.807151 0.911333 0.185265 0.166667 0.00275001
0 0.676869 0.881333 0.0406284 0.218667 0.00296873
0 0.52546 0.540667 0.470206 0.918667 0.00332988
0 0.757042 0.793333 0.34507 0.413333 0.00356334
0 0.91143 0.936 0.0612134 0.0666667 0.00546888
0 0.647616 0.995333 0.0796316 0.00933333 0.00547366
0 0.421181 0.787333 0.0352113 0.129333 0.0067969
0 0.249458 0.72 0.0655471 0.146667 0.023826
0 0.720477 0.822 0.195016 0.356 0.0311775
0 0.555525 0.636667 0.0438787 0.18 0.782826
0 0.718581 0.881333 0.106717 0.237333 0.853232
