0 0.518418 0.804667 0.189599 0.390667 1.10584e-05
0 0.255688 0.006 0.0476706 0.012 1.10934e-05
0 0.0176056 0.348667 0.0352113 0.137333 1.11616e-05
0 0.580986 0.0633333 0.0471289 0.092 1.11683e-05
0 0.743499 0.639333 0.0417118 0.0466667 1.122e-05
0 0.632178 0.834667 0.0855905 0.157333 1.12236e-05
0 0.642199 0.962 0.0915493 0.076 1.12399e-05
0 0.712622 0.206 0.067714 0.188 1.12572e-05
0 0.505417 0.212 0.0595883 0.168 1.126e-05
0 0.355634 0.340667 0.0904659 0.150667 1.12732e-05
0 0.669014 0.02 0.0433369 0.04 1.13396e-05
0 0.662784 0.840667 0.0850488 0.156 1.13799e-05
0 0.807421 0.978667 0.0362947 0.0373333 1.14045e-05
0 0.609426 0.462667 0.0823402 0.146667 1.14551e-05
0 0.196371 0.278667 0.067714 0.384 1.14618e-05
0 0.533857 0.0613333 0.0460455 0.0853333 1.14657e-05
0 0.286295 0.236 0.115385 0.157333 1.14796e-05
0 0.804984 0.4 0.0595883 0.168 1.15006e-05
0 0.685265 0.272667 0.0585049 0.177333 1.15087e-05
0 0.028169 0.771333 0.056338 0.334667 1.15475e-05
0 0.266251 0.646 0.0861322 0.204 1.15768e-05
0 0.634615 0.933333 0.0222102 0.0133333 1.16129e-05
0 0.897616 0.0173333 0.0498375 0.0346667 1.16168e-05
0 0.639491 0.406667 0.0785482 0.152 1.16329e-05
0 0.944745 0.163333 0.110509 0.326667 1.16563e-05
0 0.51571 0.142 0.099675 0.166667 1.16584e-05
0 0.185265 0.188 0.146262 0.376 1.16777e-05
0 0.355905 0.352667 0.0498375 0.105333 1.17097e-05
0 0.872156 0.851333 0.0552546 0.0733333 1.17175e-05
0 0.780065 0.528667 0.0270856 0.0706667 1.17342e-05
0 0.686078 0.762667 0.0698808 0.304 1.17379e-05
0 0.21831 0.006 0.0444204 0.012 1.17546e-05
0 0.581798 0.912667 0.0260022 0.0813333 1.1848e-05
0 0.751896 0.246667 0.0400867 0.112 1.18658e-05
0 0.768418 0.607333 0.0341278 0.137333 1.19174e-05
0 0.919014 0.536667 0.121885 0.124 1.19559e-05
0 0.868093 0.799333 0.039545 0.108 1.19903e-05
0 0.619447 0.028 0.0438787 0.0533333 1.20158e-05
0 0.333965 0.968667 0.0373781 0.0546667 1.20372e-05
0 0.405742 0.655333 0.11701 0.310667 1.20597e-05
0 0.627031 0.942 0.0146262 0.0306667 1.20699e-05
0 0.638949 0.934 0.0341278 0.044 1.21649e-05
0 0.124052 0.176 0.248104 0.352 1.21934e-05
0 0.733478 0.855333 0.0725894 0.156 1.22378e-05
0 0.923619 0.956 0.0704225 0.056 1.23001e-05
0 0.823944 0.979333 0.035753 0.0333333 1.23527e-05
0 0.354821 0.482 0.0411701 0.1 1.23758e-05
0 0.0966956 0.966 0.143554 0.068 1.24234e-05
0 0.669285 0.477333 0.0330444 0.122667 1.24443e-05
0 0.620531 0.626 0.0200433 0.0626667 1.24566e-05
0 0.472102 0.088 0.0492958 0.072 1.24772e-05
0 0.228061 0.994667 0.0520043 0.0106667 1.24952e-05
0 0.406826 0.554 0.0433369 0.121333 1.25262e-05
0 0.103738 0.735333 0.052546 0.142667 1.25641e-05
0 0.831528 0.534667 0.0682557 0.306667 1.2585e-05
0 0.471831 0.182667 0.0964247 0.170667 1.26491e-05
0 0.845883 0.270667 0.0536295 0.12 1.26546e-05
0 0.972914 0.760667 0.0444204 0.1 1.26726e-05
0 0.196641 0.21 0.0346696 0.177333 1.26959e-05
0 0.712622 0.713333 0.0417118 0.12 1.26995e-05
0 0.973998 0.111333 0.0455038 0.0626667 1.27288e-05
0 0.463164 0.468 0.119177 0.242667 1.27406e-05
0 0.687432 0.982 0.0260022 0.036 1.28472e-05
0 0.630011 0.639333 0.063922 0.294667 1.2853e-05
0 0.626761 0.783333 0.0801734 0.132 1.28606e-05
0 0.213164 0.294 0.0362947 0.164 1.29288e-05
0 0.761918 0.752667 0.0362947 0.126667 1.29621e-05
0 0.780607 0.754 0.0227519 0.068 1.29645e-05
0 0.695558 0.483333 0.0530878 0.0866667 1.29665e-05
0 0.0490249 0.272 0.0807151 0.256 1.2975e-05
0 0.73402 0.632 0.00758397 0.048 1.29812e-05
0 0.483478 0.847333 0.0536295 0.134667 1.29915e-05
0 0.233749 0.616 0.0514626 0.154667 1.3035e-05
0 0.749458 0.0526667 0.0796316 0.092 1.30707e-05
0 0.630823 0.328667 0.0590466 0.164 1.30891e-05
0 0.435807 0 0.0850488 0 1.323e-05
0 0.661159 0.329333 0.0796316 0.290667 1.3234e-05
0 0.745395 0.993333 0.0390032 0.0133333 1.32528e-05
0 0.472102 0.662 0.0427952 0.108 1.32668e-05
0 0.321235 0.12 0.0910076 0.170667 1.32803e-05
0 0.228061 0.412667 0.0552546 0.164 1.32888e-05
0 0.55688 0.508667 0.0346696 0.110667 1.33018e-05
0 0.524106 0.0293333 0.0796316 0.0586667 1.33551e-05
0 0.608884 0.399333 0.0790899 0.166667 1.34027e-05
0 0.720206 0.195333 0.157638 0.390667 1.34556e-05
0 0.709642 0.772 0.0476706 0.146667 1.34692e-05
0 0.404117 0 0.0509209 0 1.34693e-05
0 0.682557 1 0.035753 0 1.34819e-05
0 0.062026 0 0.0547129 0 1.34821e-05
0 0.301733 0.0593333 0.0498375 0.044 1.35462e-05
0 0.894366 0.608667 0.0487541 0.0653333 1.36367e-05
0 0.907909 0.673333 0.0411701 0.0666667 1.36606e-05
0 0.949892 0.736 0.100217 0.528 1.36642e-05
0 0.209372 0.0246667 0.031961 0.0493333 1.37194e-05
0 0.857259 0.660667 0.0687974 0.14 1.37334e-05
0 0.631094 0.519333 0.135428 0.5 1.37374e-05
0 0.685536 0.266 0.0861322 0.278667 1.37838e-05
0 0.905742 0.993333 0.0444204 0.0133333 1.37967e-05
0 0.486728 0.762 0.0644637 0.177333 1.38404e-05
0 0.459642 0.577333 0.0460455 0.106667 1.38624e-05
0 0.261376 0.1 0.0839653 0.2 1.39151e-05
0 0.432828 0.534 0.108342 0.236 1.39191e-05
0 0.0593174 0.896667 0.113218 0.156 1.39921e-05
0 0.972914 0.182 0.0487541 0.092 1.40482e-05
0 0.333153 0.285333 0.101842 0.274667 1.41071e-05
0 0.565005 0.782667 0.147346 0.434667 1.41466e-05
0 0.0249187 0.254 0.0379198 0.276 1.41603e-05
0 0.527086 0.278 0.0650054 0.193333 1.41695e-05
0 0.585049 0.268667 0.0747562 0.204 1.41742e-05
0 0.659805 0.696 0.0747562 0.146667 1.42123e-05
0 0.470206 0.264 0.0530878 0.133333 1.4226e-05
0 0.567443 0.722 0.0471289 0.126667 1.42401e-05
0 0.191495 0.928667 0.0861322 0.142667 1.42572e-05
0 0.387053 0.543333 0.1013 0.238667 1.42639e-05
0 0.960726 0.08 0.0503792 0.088 1.42677e-05
0 0.218852 0.145333 0.0335861 0.12 1.42714e-05
0 0.824756 0.786667 0.192308 0.426667 1.43233e-05
0 0.95883 0.702 0.0520043 0.0653333 1.43416e-05
0 0.215601 0.41 0.0606717 0.305333 1.44002e-05
0 0.779794 0.758 0.0633803 0.116 1.44038e-05
0 0.667931 0.988667 0.0379198 0.0226667 1.44054e-05
0 0.568256 0.649333 0.131094 0.509333 1.44107e-05
0 0.88597 0.714667 0.0861322 0.128 1.44299e-05
0 0.877844 0.518 0.158722 0.593333 1.44677e-05
0 0.280607 0.336 0.111593 0.114667 1.45119e-05
0 0.373239 0.254667 0.107259 0.186667 1.45275e-05
0 0.804984 0.393333 0.0888407 0.306667 1.45347e-05
0 0.569339 0.253333 0.153846 0.506667 1.45392e-05
0 0.723998 0.72 0.143554 0.56 1.45421e-05
0 0.967497 0.544 0.0574215 0.229333 1.45784e-05
0 0.606717 0.327333 0.0628386 0.177333 1.46101e-05
0 0.482394 0.115333 0.0503792 0.076 1.46296e-05
0 0.743499 0.326 0.0644637 0.164 1.46656e-05
0 0.583424 0.92 0.0888407 0.16 1.47268e-05
0 0.730498 0.647333 0.0254605 0.0466667 1.47504e-05
0 0.215872 0.358667 0.0373781 0.152 1.48166e-05
0 0.262189 0.0346667 0.084507 0.0693333 1.48309e-05
0 0.325027 0.992 0.0812568 0.016 1.48318e-05
0 0.517064 0.554 0.0449621 0.0893333 1.486e-05
0 0.739978 0.325333 0.0617551 0.354667 1.48671e-05
0 0.609697 0.647333 0.0373781 0.121333 1.50684e-05
0 0.953955 0.246667 0.092091 0.493333 1.50997e-05
0 0.0427952 0.774 0.0855905 0.452 1.5129e-05
0 0.817172 0.614667 0.0157096 0.0666667 1.51408e-05
0 0.513272 0.770667 0.067714 0.165333 1.515e-05
0 0.415493 0.521333 0.180932 0.688 1.51788e-05
0 0.113489 0 0.0557963 0 1.51901e-05
0 0.932557 0.000666667 0.0536295 0.00133333 1.52159e-05
0 0.551463 0.274 0.0595883 0.201333 1.52293e-05
0 0.910076 0.644 0.0801734 0.117333 1.52373e-05
0 0.580173 0.331333 0.101842 0.337333 1.52377e-05
0 0.458017 0.851333 0.0796316 0.145333 1.52489e-05
0 0.920368 0.958 0.0422535 0.0333333 1.53046e-05
0 0.9526 0.868 0.0590466 0.152 1.53358e-05
0 0.461809 0.14 0.0947996 0.0986667 1.53422e-05
0 0.00487541 0.167333 0.00975081 0.156 1.53959e-05
0 0.214247 0.201333 0.0557963 0.181333 1.54012e-05
0 0.832882 0.540667 0.0460455 0.156 1.54048e-05
0 0.708288 0.870667 0.0536295 0.253333 1.54654e-05
0 0.554442 0.581333 0.0644637 0.269333 1.5512e-05
0 0.818797 0.0506667 0.0417118 0.088 1.55435e-05
0 0.329902 0.994667 0.0476706 0.0106667 1.55484e-05
0 0.194475 0.109333 0.0866739 0.176 1.55831e-05
0 0.205038 0.002 0.0482123 0.004 1.55939e-05
0 0.067714 0.201333 0.135428 0.402667 1.5595e-05
0 0.111322 0.468667 0.160888 0.276 1.55962e-05
0 0.676869 0.414 0.132719 0.470667 1.55983e-05
0 0.942849 0.394667 0.114301 0.221333 1.5602e-05
0 0.0869447 0 0.0547129 0 1.56562e-05
0 0.0549837 0.086 0.100217 0.164 1.57103e-05
0 0.288191 0.396 0.131094 0.16 1.57526e-05
0 0.819068 0.223333 0.193933 0.446667 1.57994e-05
0 0.943933 0.656 0.0969664 0.125333 1.58376e-05
0 0.244583 0.935333 0.0536295 0.105333 1.58785e-05
0 0.807151 0.524 0.122427 0.504 1.59117e-05
0 0.822048 0.989333 0.0590466 0.0213333 1.59245e-05
0 0.57286 0.408 0.0612134 0.130667 1.59497e-05
0 0.52546 0.894 0.0292524 0.0706667 1.60053e-05
0 0.832069 1 0.0585049 0 1.60122e-05
0 0.231853 0.00733333 0.0444204 0.0146667 1.60162e-05
0 0.869989 0.848 0.100758 0.122667 1.60209e-05
0 0.570693 0.978667 0.0341278 0.0426667 1.60301e-05
0 0.853467 0.700667 0.0232936 0.0413333 1.6032e-05
0 0.734561 0.627333 0.0249187 0.0493333 1.605e-05
0 0.0671723 0.788667 0.102925 0.257333 1.60678e-05
0 0.107801 0.0953333 0.136511 0.169333 1.61693e-05
0 0.39545 0.008 0.0465872 0.016 1.61729e-05
0 0.611051 0.532667 0.071506 0.132 1.62478e-05
0 0.663597 0.465333 0.0195016 0.0426667 1.63409e-05
0 0.823944 0.233333 0.0758397 0.162667 1.64161e-05
0 0.173619 0.829333 0.2974 0.341333 1.64472e-05
0 0.758667 0.754 0.0232936 0.0626667 1.64743e-05
0 0.35455 0 0.0514626 0 1.64766e-05
0 0.590466 0.03 0.0975081 0.06 1.65058e-05
0 0.59182 0.75 0.0308776 0.0893333 1.65128e-05
0 0.432286 0.572 0.0422535 0.096 1.65588e-05
0 0.618093 0.998667 0.0433369 0.00266667 1.6567e-05
0 0.219664 0.59 0.088299 0.465333 1.67035e-05
0 0.507042 0.0206667 0.0455038 0.0413333 1.67206e-05
0 0.598862 0.006 0.0850488 0.012 1.67523e-05
0 0.794962 0.0546667 0.0449621 0.0773333 1.68317e-05
0 0.825569 0.908667 0.110509 0.18 1.68488e-05
0 0.289003 0.588667 0.0861322 0.241333 1.68944e-05
0 0.716685 0.273333 0.0866739 0.168 1.69464e-05
0 0.288732 0.136667 0.108342 0.273333 1.69509e-05
0 0.808776 0.101333 0.101842 0.202667 1.69763e-05
0 0.381094 0.991333 0.0492958 0.0173333 1.70196e-05
0 0.147346 0.678 0.0780065 0.233333 1.70327e-05
0 0.429848 0 0.0503792 0 1.70557e-05
0 0.236999 0.358 0.0633803 0.166667 1.71095e-05
0 0.588299 0.6 0.0379198 0.112 1.71624e-05
0 0.376219 0.916667 0.0893824 0.129333 1.71797e-05
0 0.786836 0.0566667 0.0774648 0.1 1.71879e-05
0 0.491333 0.323333 0.0975081 0.166667 1.72058e-05
0 0.855363 0.016 0.0455038 0.032 1.7239e-05
0 0.647616 0.974 0.067714 0.052 1.73123e-05
0 0.00595883 0.228667 0.0119177 0.156 1.73253e-05
0 0.466685 0.818 0.151138 0.364 1.7357e-05
0 0.562568 0.696 0.0157096 0.0266667 1.73782e-05
0 0.366468 0.994667 0.0503792 0.0106667 1.74489e-05
0 0.573131 0.693333 0.0270856 0.0266667 1.74602e-05
0 0.551733 0.476 0.0460455 0.112 1.75739e-05
0 0.0994041 0.024 0.107801 0.048 1.76085e-05
0 0.668743 0.729333 0.141387 0.541333 1.76167e-05
0 0.719664 0.0506667 0.0460455 0.0746667 1.76822e-05
0 0.793879 0.0193333 0.0460455 0.0386667 1.76888e-05
0 0.0631094 0.516667 0.122969 0.292 1.77463e-05
0 0.363759 0.643333 0.185807 0.553333 1.77743e-05
0 0.590737 0.196667 0.0947996 0.177333 1.78233e-05
0 0.822048 0.600667 0.024377 0.0466667 1.78783e-05
0 0.521939 0.914667 0.0330444 0.064 1.78844e-05
0 0.940412 0.0773333 0.109426 0.154667 1.78886e-05
0 0.665764 0.193333 0.0325027 0.109333 1.79576e-05
0 0.112134 1 0.0552546 0 1.79779e-05
0 0.221289 0.459333 0.0297941 0.110667 1.80037e-05
0 0.210726 0.0546667 0.028169 0.08 1.80431e-05
0 0.764626 0.253333 0.13597 0.506667 1.80674e-05
0 0.783044 0.336667 0.0763814 0.161333 1.81212e-05
0 0.929036 0.615333 0.141928 0.569333 1.81492e-05
0 0.406013 0.066 0.0482123 0.0653333 1.82767e-05
0 0.76896 0.384 0.0092091 0.0426667 1.83624e-05
0 0.935807 0.570667 0.119718 0.24 1.84072e-05
0 0.713434 0.343333 0.0877573 0.172 1.84823e-05
0 0.919014 0.322 0.132719 0.241333 1.85042e-05
0 0.253521 0 0.0509209 0 1.86158e-05
0 0.384345 0.554 0.0590466 0.161333 1.86358e-05
0 0.223727 0.265333 0.125677 0.504 1.86957e-05
0 0.314193 0.342667 0.109426 0.152 1.87004e-05
0 0.00893824 0.0153333 0.0178765 0.0306667 1.87011e-05
0 0.691224 0.768667 0.0650054 0.121333 1.88131e-05
0 0.252709 0.994667 0.0514626 0.0106667 1.88436e-05
0 0.91441 0.0306667 0.112676 0.0613333 1.89656e-05
0 0.545504 0.938 0.0238353 0.0973333 1.89711e-05
0 0.489166 0.694 0.0650054 0.188 1.89871e-05
0 0.270314 0.499333 0.0855905 0.22 1.89976e-05
0 0.532774 0.937333 0.0297941 0.08 1.89986e-05
0 0.226977 0.271333 0.0736728 0.204 1.90024e-05
0 0.801463 0.537333 0.00812568 0.0293333 1.90084e-05
0 0.939057 0.210667 0.118635 0.181333 1.90131e-05
0 0.672535 0.466 0.0135428 0.0333333 1.90294e-05
0 0.920368 0.207333 0.15818 0.414667 1.92308e-05
0 0.759751 0.718 0.0265439 0.076 1.92437e-05
0 0.738082 0.424667 0.0969664 0.137333 1.93106e-05
0 0.771398 0.754667 0.0249187 0.0693333 1.93608e-05
0 0.777627 0.574667 0.0612134 0.338667 1.93804e-05
0 0.915222 0.81 0.107801 0.121333 1.941e-05
0 0.744854 0.0506667 0.0444204 0.0693333 1.94296e-05
0 0.0289816 0.0653333 0.0482123 0.0986667 1.94705e-05
0 0.397346 0.966 0.0471289 0.052 1.9491e-05
0 0.511647 0.086 0.0417118 0.0706667 1.9496e-05
0 0.282774 0.468 0.150596 0.224 1.95012e-05
0 0.269502 0.852 0.131636 0.242667 1.95067e-05
0 0.57286 0.695333 0.0092091 0.0253333 1.95076e-05
0 0.762459 0.814 0.159805 0.372 1.95124e-05
0 0.646262 0.472667 0.0476706 0.129333 1.95227e-05
0 0.309047 0.4 0.113218 0.328 1.95488e-05
0 0.278711 0.996667 0.0514626 0.00666667 1.95611e-05
0 0.52221 0.948 0.0823402 0.104 1.97475e-05
0 0.575569 0.519333 0.0460455 0.129333 1.98161e-05
0 0.17714 0.997333 0.0509209 0.00533333 1.98168e-05
0 0.7026 0.6 0.0303359 0.0426667 1.98336e-05
0 0.58559 0.674 0.0292524 0.113333 1.98794e-05
0 0.814193 0.764667 0.0910076 0.134667 1.99719e-05
0 0.771127 0.713333 0.0254605 0.0746667 1.99774e-05
0 0.579632 0 0.0530878 0 2.00021e-05
0 0.507313 0.656667 0.0449621 0.0973333 2.00113e-05
0 0.641928 0.0273333 0.102925 0.0546667 2.00253e-05
0 0.495937 0.487333 0.0471289 0.121333 2.00694e-05
0 0.378927 0 0.052546 0 2.02351e-05
0 0.691224 0.965333 0.0238353 0.0693333 2.03856e-05
0 0.810672 0.625333 0.0308776 0.0746667 2.03862e-05
0 0.114301 0.913333 0.0541712 0.112 2.05384e-05
0 0.812297 0.625333 0.067714 0.162667 2.05542e-05
0 0.383803 0.940667 0.0471289 0.1 2.05786e-05
0 0.536024 0.0946667 0.0492958 0.0746667 2.06515e-05
0 0.637324 0.937333 0.00379198 0.0186667 2.07325e-05
0 0.859967 0.266 0.088299 0.174667 2.07404e-05
0 0.391658 0.0413333 0.0910076 0.0826667 2.0845e-05
0 0.74377 0.026 0.126761 0.052 2.08806e-05
0 0.469393 0.000666667 0.0655471 0.00133333 2.09273e-05
0 0.843445 0.928 0.0552546 0.144 2.10491e-05
0 0.615385 0.604667 0.0325027 0.092 2.10843e-05
0 0.533044 0.330667 0.0509209 0.114667 2.11023e-05
0 0.540358 0.783333 0.06013 0.142667 2.11035e-05
0 0.0289816 0.0246667 0.0482123 0.0493333 2.11195e-05
0 0.0937161 0.734667 0.12026 0.272 2.11377e-05
0 0.473727 0.945333 0.0904659 0.109333 2.1285e-05
0 0.811755 0.620667 0.0135428 0.0413333 2.13118e-05
0 0.466414 0.597333 0.0790899 0.144 2.14034e-05
0 0.530878 0.51 0.0823402 0.254667 2.14263e-05
0 0.265439 0.290667 0.0801734 0.16 2.1475e-05
0 0.623781 0.606 0.0124594 0.0226667 2.16706e-05
0 0.0571506 0.148667 0.114301 0.297333 2.16742e-05
0 0.694745 0.0493333 0.0471289 0.0746667 2.17501e-05
0 0.484561 0.115333 0.0904659 0.0973333 2.17523e-05
0 0.0593174 0.959333 0.116468 0.0813333 2.17933e-05
0 0.0143554 0.148667 0.0287107 0.196 2.18185e-05
0 0.632719 0.637333 0.0650054 0.122667 2.18404e-05
0 0.847779 0.715333 0.00433369 0.0306667 2.18624e-05
0 0.230498 0.140667 0.0622969 0.182667 2.19037e-05
0 0.978873 0.356667 0.0411701 0.161333 2.19123e-05
0 0.605363 0.874 0.0731311 0.166667 2.20064e-05
0 0.845341 0.715333 0.0438787 0.113333 2.20639e-05
0 0.84182 0.7 0.0162514 0.0213333 2.21015e-05
0 0.211268 0.0253333 0.0899242 0.0506667 2.21681e-05
0 0.020585 0.971333 0.0335861 0.0573333 2.22248e-05
0 0.530607 0.212 0.0850488 0.264 2.23196e-05
0 0.235915 0.351333 0.0850488 0.294667 2.23512e-05
0 0.0433369 0.54 0.0780065 0.192 2.23689e-05
0 0.572048 0.458 0.0834236 0.249333 2.2373e-05
0 0.508938 0.058 0.0406284 0.0813333 2.25291e-05
0 0.799567 0.530667 0.0162514 0.048 2.26589e-05
0 0.866468 0.0573333 0.0947996 0.114667 2.27172e-05
0 0.0173348 0.0866667 0.0346696 0.133333 2.27984e-05
0 0.554713 0.588 0.0400867 0.122667 2.28543e-05
0 0.635157 0.932667 0.00595883 0.0306667 2.28824e-05
0 0.274377 0.771333 0.113218 0.0866667 2.30488e-05
0 0.196641 0.162667 0.0541712 0.325333 2.31757e-05
0 0.613759 0.962 0.0801734 0.076 2.32351e-05
0 0.187161 0.889333 0.0796316 0.165333 2.33386e-05
0 0.292254 0.935333 0.0471289 0.1 2.33569e-05
0 0.0427952 0.968 0.0855905 0.064 2.35452e-05
0 0.786566 0.258667 0.0953413 0.165333 2.35622e-05
0 0.406013 0.988667 0.0503792 0.0226667 2.35725e-05
0 0.309047 0.272 0.148971 0.52 2.36313e-05
0 0.540358 0.026 0.106717 0.052 2.36561e-05
0 0.661701 0.642667 0.0763814 0.128 2.36835e-05
0 0.266522 0.488 0.166847 0.450667 2.37184e-05
0 0.656284 0.032 0.0330444 0.064 2.37645e-05
0 0.0752979 1 0.0530878 0 2.37795e-05
0 0.356176 0.926667 0.0417118 0.0933333 2.38431e-05
0 0.920639 0.582667 0.106717 0.133333 2.38458e-05
0 0.669285 0.437333 0.039545 0.096 2.40298e-05
0 0.150325 0.998667 0.0547129 0.00266667 2.40748e-05
0 0.784128 0.164667 0.1013 0.185333 2.40915e-05
0 0.706121 1 0.0417118 0 2.42111e-05
0 0.978602 0.470667 0.0427952 0.336 2.42212e-05
0 0.573402 0.864 0.00704225 0.0133333 2.42311e-05
0 0.552546 0.270667 0.0877573 0.306667 2.42513e-05
0 0.668202 0.916667 0.0742145 0.118667 2.42685e-05
0 0.131907 0.982667 0.0796316 0.0346667 2.42874e-05
0 0.471018 0.955333 0.0308776 0.0786667 2.43197e-05
0 0.020585 0.0793333 0.0411701 0.158667 2.43509e-05
0 0.400325 0.956 0.0899242 0.0773333 2.44188e-05
0 0.981311 0.634667 0.0373781 0.122667 2.44281e-05
0 0.0495666 0.598 0.0991333 0.198667 2.44953e-05
0 0.467768 0.158667 0.165222 0.317333 2.4534e-05
0 0.232124 0.0646667 0.067714 0.129333 2.46138e-05
0 0.816901 0.619333 0.0108342 0.0306667 2.46298e-05
0 0.846425 0.708667 0.0092091 0.0493333 2.4666e-05
0 0.557963 0.978667 0.0335861 0.0426667 2.48354e-05
0 0.568797 0.663333 0.063922 0.182667 2.4838e-05
0 0.106717 0.261333 0.204767 0.522667 2.48454e-05
0 0.751625 0.538667 0.0352113 0.088 2.48501e-05
0 0.700704 0.594 0.0092091 0.0306667 2.49694e-05
0 0.630553 0.927333 0.0249187 0.0253333 2.50313e-05
0 0.728061 0.982667 0.0325027 0.0346667 2.51061e-05
0 0.529523 0.511333 0.0568797 0.145333 2.51329e-05
0 0.638949 0.263333 0.0763814 0.206667 2.51516e-05
0 0.986728 0.419333 0.0265439 0.153333 2.51549e-05
0 0.385157 0.0273333 0.0465872 0.044 2.51925e-05
0 0.421723 0.269333 0.100217 0.165333 2.52609e-05
0 0.801463 0.522 0.0211268 0.0253333 2.53994e-05
0 0.56961 0.947333 0.0276273 0.084 2.54585e-05
0 0.537107 0.855333 0.0482123 0.284 2.5546e-05
0 0.729415 0.639333 0.0189599 0.0226667 2.56413e-05
0 0.508938 0.258 0.148971 0.516 2.60444e-05
0 0.544962 0.980667 0.0335861 0.0386667 2.62493e-05
0 0.666847 0.458667 0.0173348 0.024 2.63341e-05
0 0.585861 0.960667 0.0774648 0.0786667 2.6503e-05
0 0.635428 0.529333 0.071506 0.165333 2.65162e-05
0 0.508938 0.62 0.126219 0.458667 2.65364e-05
0 0.654117 0.554 0.0341278 0.0466667 2.6615e-05
0 0.565547 0.688 0.0151679 0.0266667 2.66525e-05
0 0.455038 0 0.0509209 0 2.67964e-05
0 0.774377 0.407333 0.0503792 0.281333 2.68755e-05
0 0.952871 0.490667 0.0942579 0.546667 2.68988e-05
0 0.682286 0.470667 0.0373781 0.056 2.69922e-05
0 0.747833 0.696667 0.0276273 0.076 2.70256e-05
0 0.980498 0.967333 0.0390032 0.0653333 2.70505e-05
0 0.663055 0.148 0.0379198 0.101333 2.70678e-05
0 0.675515 0.15 0.071506 0.225333 2.71323e-05
0 0.618906 0 0.052546 0 2.72205e-05
0 0.0330444 0.256 0.0660888 0.512 2.72332e-05
0 0.436078 0.984667 0.0834236 0.0306667 2.7239e-05
0 0.418472 0.264667 0.17714 0.529333 2.72396e-05
0 0.267876 0.934 0.0547129 0.110667 2.72709e-05
0 0.0067714 0.0626667 0.0124594 0.117333 2.72951e-05
0 0.0322319 0.116 0.0644637 0.232 2.73011e-05
0 0.894908 0.960667 0.0444204 0.028 2.73069e-05
0 0.762188 0.390667 0.0162514 0.032 2.73524e-05
0 0.276273 0.711333 0.112676 0.252 2.73624e-05
0 0.498375 0.399333 0.0465872 0.0733333 2.73679e-05
0 0.228332 0 0.0514626 0 2.7385e-05
0 0.0178765 0.412667 0.035753 0.132 2.7409e-05
0 0.195287 0.0993333 0.0427952 0.166667 2.744e-05
0 0.504605 0.687333 0.0655471 0.289333 2.74464e-05
0 0.481853 0.0453333 0.0482123 0.0613333 2.74562e-05
0 0.591278 0.999333 0.0482123 0.00133333 2.75845e-05
0 0.0119177 0.00266667 0.0238353 0.00533333 2.76742e-05
0 0.643283 0.996 0.0427952 0.008 2.78105e-05
0 0.305525 0.280667 0.0910076 0.172 2.78146e-05
0 0.538191 0.712 0.0622969 0.157333 2.78705e-05
0 0.894637 0.156 0.141387 0.216 2.78738e-05
0 0.486728 0.537333 0.0893824 0.221333 2.79679e-05
0 0.657638 0.214667 0.121343 0.429333 2.80242e-05
0 0.815005 0.715333 0.0763814 0.126667 2.80697e-05
0 0.0151679 0.754 0.0303359 0.158667 2.80826e-05
0 0.816901 0.02 0.0455038 0.04 2.81079e-05
0 0.651138 0.538 0.0660888 0.273333 2.8131e-05
0 0.136511 0.662 0.132178 0.342667 2.81359e-05
0 0.603738 0.759333 0.116468 0.476 2.8183e-05
0 0.958559 0.004 0.0547129 0.008 2.81905e-05
0 0.821777 0.964 0.0725894 0.072 2.82453e-05
0 0.767877 0.02 0.0471289 0.04 2.82487e-05
0 0.693662 0.862 0.0622969 0.14 2.83372e-05
0 0.570964 0.461333 0.056338 0.130667 2.83704e-05
0 0.464247 0.905333 0.0823402 0.170667 2.83738e-05
0 0.676869 0.434 0.0731311 0.158667 2.83919e-05
0 0.409263 0.016 0.0568797 0.032 2.84396e-05
0 0.166035 0.056 0.0839653 0.112 2.87441e-05
0 0.713434 0.102 0.0812568 0.204 2.87623e-05
0 0.137866 1 0.0568797 0 2.88101e-05
0 0.00947996 0.961333 0.0124594 0.0773333 2.88766e-05
0 0.314735 0.99 0.122427 0.02 2.89292e-05
0 0.170098 0.408 0.218852 0.762667 2.89984e-05
0 0.18987 0.986667 0.14572 0.0266667 2.9037e-05
0 0.700704 0.584 0.0232936 0.024 2.908e-05
0 0.782503 0.212 0.0742145 0.146667 2.91772e-05
0 0.409534 0.266 0.135428 0.273333 2.92342e-05
0 0.919014 0.0266667 0.0503792 0.0533333 2.93087e-05
0 0.554984 0.486667 0.125135 0.445333 2.93522e-05
0 0.212622 0.916 0.0655471 0.136 2.94594e-05
0 0.862947 0.955333 0.0498375 0.0786667 2.95128e-05
0 0.222102 0.611333 0.0498375 0.244 2.95841e-05
0 0.262189 0.993333 0.0942579 0.0133333 2.96268e-05
0 0.824215 0.0286667 0.088299 0.0573333 2.97152e-05
0 0.72779 0.739333 0.0687974 0.174667 2.98939e-05
0 0.580715 0.89 0.0682557 0.121333 2.99276e-05
0 0.676598 0.590667 0.0530878 0.0986667 2.99318e-05
0 0.517335 0.414 0.100758 0.137333 2.9945e-05
0 0.817443 0.609333 0.0140845 0.0213333 3.02885e-05
0 0.802004 0.533333 0.0709642 0.165333 3.03937e-05
0 0.365385 0.984667 0.120802 0.0306667 3.04556e-05
0 0.470206 0.610667 0.0433369 0.114667 3.06146e-05
0 0.22454 0.415333 0.0308776 0.116 3.06219e-05
0 0.564193 0.848 0.0568797 0.125333 3.07256e-05
0 0.533315 0.356 0.0926327 0.178667 3.07754e-05
0 0.505417 0 0.0520043 0 3.07833e-05
0 0.523835 0.638 0.0595883 0.249333 3.09755e-05
0 0.947996 0.711333 0.0888407 0.118667 3.10442e-05
0 0.626219 0.603333 0.0216685 0.0306667 3.11325e-05
0 0.362676 0.0193333 0.0785482 0.0386667 3.1164e-05
0 0.749458 0.670667 0.0265439 0.0773333 3.12035e-05
0 0.0899242 0.942 0.112676 0.116 3.12679e-05
0 0.671723 0.745333 0.0769231 0.170667 3.14755e-05
0 0.360238 0.932 0.071506 0.136 3.15324e-05
0 0.934724 0.988 0.0612134 0.024 3.1607e-05
0 0.152763 0 0.0552546 0 3.16338e-05
0 0.881094 0.823333 0.0297941 0.0573333 3.1686e-05
0 0.570152 0.678667 0.0222102 0.088 3.17376e-05
0 0.636511 0.19 0.0509209 0.1 3.17675e-05
0 0.304442 0.996 0.0509209 0.008 3.17751e-05
0 0.921452 0.848 0.0693391 0.088 3.18433e-05
0 0.761376 0.0266667 0.0828819 0.0533333 3.1914e-05
0 0.773835 0.410667 0.0373781 0.146667 3.19162e-05
0 0.901138 0.0946667 0.052546 0.0826667 3.19205e-05
0 0.98402 0.264 0.031961 0.157333 3.20167e-05
0 0.112676 1 0.0574215 0 3.21248e-05
0 0.492687 0 0.0514626 0 3.21492e-05
0 0.764626 0.0673333 0.0828819 0.134667 3.22008e-05
0 0.0923619 0.987333 0.0807151 0.0253333 3.2207e-05
0 0.711268 0.91 0.0444204 0.0466667 3.22451e-05
0 0.778982 0.576667 0.0660888 0.142667 3.23249e-05
0 0.00866739 0.319333 0.0173348 0.145333 3.25678e-05
0 0.871073 0.785333 0.0855905 0.170667 3.26973e-05
0 0.837757 0.210667 0.141387 0.242667 3.30007e-05
0 0.669014 0.958667 0.0812568 0.0826667 3.30645e-05
0 0.182015 0.994667 0.0736728 0.0106667 3.30716e-05
0 0.00541712 0.113333 0.0108342 0.152 3.32265e-05
0 0.330715 0.092 0.052546 0.0826667 3.33303e-05
0 0.203413 1 0.0536295 0 3.36068e-05
0 0.503521 0.542667 0.0579632 0.152 3.36109e-05
0 0.770043 0.0533333 0.0460455 0.0746667 3.39486e-05
0 0.246208 0.056 0.0384615 0.0693333 3.42386e-05
0 0.716956 0.016 0.0492958 0.032 3.42501e-05
0 0.765439 0.379333 0.0119177 0.0333333 3.44351e-05
0 0.830444 1 0.0411701 0 3.45053e-05
0 0.82611 0.942 0.0335861 0.0333333 3.45625e-05
0 0.733478 0.508667 0.124594 0.484 3.46809e-05
0 0.819339 0.606667 0.0373781 0.242667 3.47552e-05
0 0.96208 0.042 0.0758397 0.084 3.49806e-05
0 0.711809 0.988 0.0585049 0.024 3.5064e-05
0 0.985374 0.969333 0.0292524 0.04 3.51341e-05
0 0.644637 0 0.0520043 0 3.51484e-05
0 0.842904 0.706 0.020585 0.0386667 3.51685e-05
0 0.767335 0.382667 0.0200433 0.048 3.522e-05
0 0.861863 0.0253333 0.102925 0.0506667 3.53872e-05
0 0.882449 0.96 0.084507 0.08 3.55661e-05
0 0.981582 0.677333 0.0368364 0.101333 3.56127e-05
0 0.484832 0.0673333 0.0975081 0.134667 3.56842e-05
0 0.248375 0.573333 0.138137 0.232 3.57392e-05
0 0.51896 0.946 0.0390032 0.0733333 3.58266e-05
0 0.485103 0.916 0.0785482 0.12 3.60276e-05
0 0.712893 0.506 0.0931744 0.276 3.605e-05
0 0.51598 0.888667 0.0655471 0.222667 3.60507e-05
0 0.976977 0.522 0.0460455 0.142667 3.63912e-05
0 0.520314 0.853333 0.0406284 0.122667 3.65172e-05
0 0.176327 1 0.0547129 0 3.6528e-05
0 0.736728 0.0913333 0.0736728 0.158667 3.65982e-05
0 0.413597 0.980667 0.0991333 0.0386667 3.67534e-05
0 0.308234 0.791333 0.124594 0.0813333 3.68117e-05
0 0.531961 0.978667 0.0346696 0.04 3.69041e-05
0 0.461538 0.965333 0.0660888 0.0693333 3.69563e-05
0 0.705309 1 0.0346696 0 3.72228e-05
0 0.732665 0.978 0.0774648 0.044 3.72724e-05
0 0.73727 0.998 0.0617551 0.004 3.73652e-05
0 0.430119 0.988667 0.0509209 0.0226667 3.73793e-05
0 0.550108 0.881333 0.0449621 0.237333 3.75066e-05
0 0.87351 0.232 0.17714 0.464 3.76015e-05
0 0.743229 0.016 0.0476706 0.032 3.76089e-05
0 0.214247 0.11 0.0547129 0.22 3.77497e-05
0 0.255688 0.909333 0.0520043 0.106667 3.83886e-05
0 0.91766 1 0.0433369 0 3.84147e-05
0 0.0650054 0.406667 0.130011 0.618667 3.86264e-05
0 0.494854 0.269333 0.0763814 0.178667 3.86625e-05
0 0.815276 0.062 0.0834236 0.124 3.87877e-05
0 0.61078 0.256 0.0980498 0.288 3.88671e-05
0 0.199892 1 0.0801734 0 3.90462e-05
0 0.462351 0.0426667 0.0937161 0.0853333 3.90526e-05
0 0.591008 0.127333 0.110509 0.196 3.93095e-05
0 0.820423 0.993333 0.0438787 0.0133333 3.954e-05
0 0.962622 0.973333 0.0747562 0.0533333 3.96011e-05
0 0.523023 0.644667 0.0417118 0.137333 3.96174e-05
0 0.757584 0.914 0.0937161 0.161333 3.96759e-05
0 0.627844 0.137333 0.0509209 0.0746667 3.97794e-05
0 0.485645 0.988 0.0774648 0.024 3.98703e-05
0 0.500542 1 0.0725894 0 3.99523e-05
0 0.520585 0.968 0.0595883 0.0533333 4.01573e-05
0 0.0517335 1 0.0536295 0 4.02195e-05
0 0.0747562 1 0.056338 0 4.04202e-05
0 0.0189599 0.172667 0.0379198 0.326667 4.05376e-05
0 0.0100217 0.0866667 0.0189599 0.173333 4.06528e-05
0 0.587486 0.815333 0.0222102 0.068 4.06632e-05
0 0.67091 0.467333 0.0222102 0.0573333 4.13735e-05
0 0.690141 0.0673333 0.0780065 0.134667 4.16845e-05
0 0.965872 0.340667 0.0541712 0.254667 4.17354e-05
0 0.315276 0.828 0.224269 0.344 4.19612e-05
0 0.765439 0.952 0.11701 0.096 4.20833e-05
0 0.232124 0.0833333 0.0492958 0.134667 4.21061e-05
0 0.288732 0.0133333 0.107259 0.0266667 4.21923e-05
0 0.184453 0.94 0.0427952 0.101333 4.21988e-05
0 0.643554 0.6 0.0585049 0.0933333 4.2403e-05
0 0.240249 0.985333 0.124052 0.0293333 4.25542e-05
0 0.557151 0.946 0.0254605 0.0813333 4.26627e-05
0 0.260022 0.0106667 0.0617551 0.0213333 4.26855e-05
0 0.615385 1 0.0465872 0 4.27352e-05
0 0.463976 0.102 0.112134 0.204 4.2896e-05
0 0.455309 0.944667 0.0373781 0.0893333 4.33747e-05
0 0.228061 1 0.0541712 0 4.34077e-05
0 0.906555 0.000666667 0.0547129 0.00133333 4.35885e-05
0 0.306609 0.88 0.127844 0.24 4.3702e-05
0 0.413055 0.0933333 0.100217 0.186667 4.37167e-05
0 0.881636 0.858667 0.155471 0.282667 4.37759e-05
0 0.354821 0.082 0.0520043 0.0626667 4.38168e-05
0 0.0148971 0.0533333 0.0297941 0.106667 4.39257e-05
0 0.744312 1 0.0476706 0 4.40053e-05
0 0.553359 0.888 0.0330444 0.0346667 4.44017e-05
0 0.574215 0.996 0.0769231 0.008 4.45904e-05
0 0.724269 0.960667 0.0314193 0.0786667 4.46987e-05
0 0.93987 0.0426667 0.0910076 0.0853333 4.47207e-05
0 0.554171 0 0.0552546 0 4.52012e-05
0 0.549567 0.992667 0.0752979 0.0146667 4.54103e-05
0 0.842362 0 0.0552546 0 4.57227e-05
0 0.0154388 0.274 0.0308776 0.249333 4.59426e-05
0 0.723727 0.926667 0.0390032 0.0773333 4.59999e-05
0 0.946371 0 0.071506 0 4.60053e-05
0 0.529252 0 0.0541712 0 4.60967e-05
0 0.519231 0.992 0.0460455 0.016 4.63229e-05
0 0.706934 0.436667 0.0866739 0.113333 4.67424e-05
0 0.582882 0.869333 0.0325027 0.0533333 4.73467e-05
0 0.485915 0.969333 0.0595883 0.0613333 4.73543e-05
0 0.028169 0.556667 0.0530878 0.134667 4.73916e-05
0 0.0192308 0.473333 0.0384615 0.130667 4.75499e-05
0 0.252709 1 0.0536295 0 4.76915e-05
0 0.881094 0 0.0547129 0 4.78209e-05
0 0.615926 0.0793333 0.101842 0.158667 4.80377e-05
0 0.257313 0.038 0.0422535 0.06 4.80853e-05
0 0.553088 0.908 0.0260022 0.048 4.81136e-05
0 0.00947996 0.167333 0.0167931 0.254667 4.83327e-05
0 0.328548 1 0.0514626 0 4.85265e-05
0 0.0121885 0.932 0.024377 0.136 4.8717e-05
0 0.456121 0.970667 0.0335861 0.048 4.8756e-05
0 0.567172 0.998 0.0465872 0.004 4.8767e-05
0 0.772752 0.49 0.0622969 0.14 4.88758e-05
0 0.0698808 0.776 0.139762 0.437333 4.89527e-05
0 0.549837 0.112667 0.0520043 0.084 4.92366e-05
0 0.161972 0.889333 0.112676 0.221333 4.93884e-05
0 0.761376 0.606667 0.0287107 0.0826667 4.94759e-05
0 0.233749 0.997333 0.0752979 0.00533333 4.95769e-05
0 0.0912784 0.0573333 0.128386 0.114667 5.00055e-05
0 0.332611 0.0173333 0.0541712 0.0346667 5.00991e-05
0 0.51598 0.0866667 0.0861322 0.130667 5.06623e-05
0 0.267335 0.058 0.0438787 0.0706667 5.06885e-05
0 0.21533 0.0986667 0.0362947 0.154667 5.0741e-05
0 0.985374 0.828667 0.0292524 0.190667 5.09091e-05
0 0.395179 0.581333 0.0449621 0.112 5.09628e-05
0 0.945016 0.0313333 0.0557963 0.0546667 5.12226e-05
0 0.00893824 0.382 0.0178765 0.145333 5.12694e-05
0 0.768147 0 0.0541712 0 5.14111e-05
0 0.711809 0.874667 0.0509209 0.114667 5.15868e-05
0 0.765439 0.1 0.0866739 0.16 5.16212e-05
0 0.600488 0.741333 0.0373781 0.138667 5.16362e-05
0 0.745125 0.666667 0.0471289 0.125333 5.19138e-05
0 0.221831 0.05 0.0297941 0.068 5.20154e-05
0 0.413597 1 0.0839653 0 5.21126e-05
0 0.836403 0.949333 0.0476706 0.0533333 5.26766e-05
0 0.943662 0 0.0541712 0 5.30281e-05
0 0.970477 0.665333 0.0590466 0.149333 5.3043e-05
0 0.0159805 0.847333 0.031961 0.158667 5.33389e-05
0 0.654388 1 0.0476706 0 5.34704e-05
0 0.874865 0.826667 0.0238353 0.0426667 5.36514e-05
0 0.236457 0.85 0.191224 0.3 5.36704e-05
0 0.54442 0.996 0.0465872 0.008 5.38491e-05
0 0.468852 0.992667 0.0438787 0.0146667 5.41489e-05
0 0.786566 0.974 0.126761 0.052 5.44055e-05
0 0.136511 0.992667 0.160347 0.0146667 5.45407e-05
0 0.985645 0.939333 0.0287107 0.121333 5.45916e-05
0 0.573131 0.778667 0.0552546 0.264 5.46448e-05
0 0.338299 0.0693333 0.052546 0.0773333 5.48236e-05
0 0.521668 0.593333 0.0433369 0.112 5.50495e-05
0 0.730498 0 0.0547129 0 5.51968e-05
0 0.980498 0.0166667 0.0390032 0.0333333 5.53157e-05
0 0.512459 0.462 0.0704225 0.166667 5.56172e-05
0 0.576381 0.849333 0.028169 0.0426667 5.62795e-05
0 0.932015 0.993333 0.0471289 0.0133333 5.6572e-05
0 0.911701 0.0306667 0.0953413 0.0613333 5.68248e-05
0 0.900054 0.877333 0.0742145 0.16 5.70073e-05
0 0.980498 0.876 0.0390032 0.248 5.71424e-05
0 0.557421 0.956 0.0736728 0.088 5.76083e-05
0 0.742145 0.584667 0.063922 0.321333 5.76373e-05
0 0.478873 0 0.0530878 0 5.77079e-05
0 0.24377 0.611333 0.0660888 0.278667 5.80662e-05
0 0.0501083 0.0193333 0.100217 0.0386667 5.80806e-05
0 0.728602 1 0.0411701 0 5.80866e-05
0 0.21506 0.900667 0.113759 0.198667 5.86515e-05
0 0.671723 0.531333 0.0617551 0.225333 5.89323e-05
0 0.0991333 0.894667 0.137595 0.205333 5.89658e-05
0 0.722373 0.931333 0.0612134 0.116 5.94875e-05
0 0.929848 0.830667 0.118635 0.328 5.97111e-05
0 0.650054 1 0.0834236 0 5.99277e-05
0 0.0446912 0.464667 0.088299 0.18 6.01652e-05
0 0.552546 0.424667 0.0498375 0.137333 6.01862e-05
0 0.897616 0.101333 0.104009 0.202667 6.05298e-05
0 0.477519 1 0.0449621 0 6.09456e-05
0 0.966143 0.768 0.0655471 0.32 6.10545e-05
0 0.589924 1 0.0498375 0 6.12425e-05
0 0.981853 0.581333 0.0362947 0.28 6.1759e-05
0 0.392199 1 0.0509209 0 6.20031e-05
0 0.552275 0.486 0.067714 0.182667 6.30651e-05
0 0.26273 1 0.084507 0 6.31592e-05
0 0.137595 0.946667 0.138678 0.106667 6.32181e-05
0 0.511647 0.989333 0.0850488 0.0213333 6.34471e-05
0 0.173619 0.00333333 0.0817985 0.00666667 6.35716e-05
0 0.497833 0.987333 0.0498375 0.0253333 6.37019e-05
0 0.116468 0.844 0.213434 0.312 6.37514e-05
0 0.0157096 0.662667 0.0314193 0.146667 6.38702e-05
0 0.0408992 0.632667 0.0817985 0.574667 6.39823e-05
0 0.35455 1 0.0536295 0 6.44451e-05
0 0.790628 0.998 0.0503792 0.004 6.47089e-05
0 0.752979 0.27 0.0476706 0.212 6.5322e-05
0 0.260563 0.0466667 0.0812568 0.0906667 6.56611e-05
0 0.669556 0 0.0530878 0 6.67384e-05
0 0.980498 0.344 0.0390032 0.365333 6.67442e-05
0 0.268418 0.308 0.0492958 0.0773333 6.83589e-05
0 0.470206 0.00466667 0.0487541 0.00933333 6.8371e-05
0 0.988895 0.632 0.0222102 0.186667 6.92402e-05
0 0.87974 0.976667 0.0411701 0.0306667 7.00281e-05
0 0.622156 0.187333 0.0915493 0.150667 7.02723e-05
0 0.880282 0.964667 0.0704225 0.044 7.06296e-05
0 0.568256 0.862 0.020585 0.0253333 7.06383e-05
0 0.805255 0.996667 0.0482123 0.00666667 7.16564e-05
0 0.539545 0.866 0.0314193 0.105333 7.18049e-05
0 0.761105 0.56 0.0314193 0.0986667 7.24034e-05
0 0.30065 1 0.084507 0 7.26815e-05
0 0.710184 0.0233333 0.092091 0.0466667 7.28871e-05
0 0.0511918 1 0.0557963 0 7.3065e-05
0 0.931473 1 0.0460455 0 7.37584e-05
0 0.692579 0.0173333 0.0514626 0.0346667 7.39499e-05
0 0.323944 0.026 0.0801734 0.052 7.42235e-05
0 0.769502 0.992 0.0742145 0.016 7.43369e-05
0 0.485103 0.965333 0.0265439 0.064 7.43767e-05
0 0.988353 0.0133333 0.0232936 0.0266667 7.5154e-05
0 0.363489 1 0.0855905 0 7.53037e-05
0 0.541983 0.894667 0.0232936 0.0906667 7.61205e-05
0 0.429848 0.965333 0.0471289 0.0453333 7.62624e-05
0 0.560401 0.0713333 0.052546 0.1 7.65697e-05
0 0.923077 0.00866667 0.102925 0.0173333 7.66692e-05
0 0.219122 0.438 0.438245 0.876 7.78489e-05
0 0.232936 0.042 0.0606717 0.084 7.8139e-05
0 0.235645 0.00333333 0.0758397 0.00666667 7.82915e-05
0 0.757584 0.65 0.0492958 0.26 7.90074e-05
0 0.879469 1 0.0460455 0 7.94961e-05
0 0.416576 1 0.0520043 0 7.95635e-05
0 0.487811 0.630667 0.052546 0.146667 8.0238e-05
0 0.979144 0.00266667 0.0417118 0.00533333 8.06637e-05
0 0.536295 0.952 0.0498375 0.096 8.0687e-05
0 0.517335 1 0.0465872 0 8.07122e-05
0 0.663597 0.986 0.084507 0.028 8.13483e-05
0 0.162243 1 0.0872156 0 8.27316e-05
0 0.691766 0 0.0552546 0 8.32791e-05
0 0.576652 0.856667 0.0178765 0.0226667 8.42089e-05
0 0.381907 0.082 0.110509 0.164 8.44837e-05
0 0.111322 0 0.0547129 0 8.46076e-05
0 0.742958 0.596667 0.0417118 0.158667 8.60741e-05
0 0.738353 0.0273333 0.0834236 0.0546667 8.62157e-05
0 0.587486 1 0.0796316 0 8.62198e-05
0 0.471289 0.244 0.0866739 0.181333 8.76118e-05
0 0.457205 0.008 0.0455038 0.016 8.76901e-05
0 0.761647 0.222 0.071506 0.222667 8.83314e-05
0 0.565547 1 0.0498375 0 8.84186e-05
0 0.617551 0.006 0.0747562 0.012 8.90072e-05
0 0.38922 0.01 0.0915493 0.02 8.95352e-05
0 0.861051 0.992667 0.0698808 0.0146667 8.96279e-05
0 0.536566 0.9 0.0211268 0.048 8.98649e-05
0 0.111593 0.518667 0.223185 0.656 9.01519e-05
0 0.979144 0.576 0.0417118 0.146667 9.03937e-05
0 0.0260022 0.950667 0.0520043 0.0986667 9.11664e-05
0 0.463976 0.0933333 0.102384 0.104 9.16043e-05
0 0.00975081 0.574 0.0195016 0.145333 9.24906e-05
0 0.438787 0.0613333 0.102925 0.088 9.317e-05
0 0.927411 0.366 0.127844 0.502667 9.37595e-05
0 0.766522 0.999333 0.0509209 0.00133333 9.47983e-05
0 0.771398 0.652667 0.0509209 0.134667 9.51123e-05
0 0.0067714 0.784667 0.0135428 0.161333 9.51358e-05
0 0.887053 0.997333 0.0817985 0.00533333 9.53997e-05
0 0.570423 0.122 0.134345 0.244 9.58177e-05
0 0.70585 0.477333 0.0942579 0.114667 9.61996e-05
0 0.904388 0 0.0547129 0 9.6551e-05
0 0.0655471 0.996 0.0769231 0.008 9.74909e-05
0 0.231853 0.0353333 0.0346696 0.0573333 9.76805e-05
0 0.549567 0.902 0.0449621 0.108 9.80796e-05
0 0.0934453 0.788667 0.0763814 0.169333 9.9548e-05
0 0.575298 0.786 0.0411701 0.132 9.97924e-05
0 0.518147 0.910667 0.0482123 0.109333 0.000100301
0 0.201517 0 0.0541712 0 0.000100336
0 0.55065 1 0.0774648 0 0.000100405
0 0.404659 0.936 0.0541712 0.109333 0.000100777
0 0.614843 0.996 0.112676 0.008 0.000101015
0 0.940141 0.927333 0.0742145 0.145333 0.000101085
0 0.739707 0.494667 0.088299 0.106667 0.000101172
0 0.990791 0.964 0.0184182 0.072 0.000101557
0 0.938245 0.999333 0.0877573 0.00133333 0.000101579
0 0.981311 0.988 0.0373781 0.024 0.000102102
0 0.800379 0.00533333 0.0839653 0.0106667 0.000102102
0 0.00866739 0.991333 0.0173348 0.0173333 0.000102211
0 0.986186 0.209333 0.024377 0.210667 0.00010247
0 0.0211268 0.364667 0.0422535 0.388 0.000102557
0 0.286566 0.832667 0.12026 0.134667 0.000102804
0 0.0130011 0.29 0.0173348 0.278667 0.000103397
0 0.970477 0.213333 0.0568797 0.269333 0.000103806
0 0.0208559 0.984 0.0417118 0.032 0.000103915
0 0.981582 0.714667 0.0368364 0.237333 0.00010473
0 0.513543 0.048 0.0812568 0.096 0.000104968
0 0.136511 0 0.0552546 0 0.000105051
0 0.564464 0.00933333 0.0801734 0.0186667 0.000105237
0 0.541983 1 0.0492958 0 0.000106111
0 0.0853196 0 0.0536295 0 0.000107231
0 0.985645 0 0.0287107 0 0.000107315
0 0.948267 0.909333 0.0406284 0.133333 0.00010743
0 0.820964 0.613333 0.0092091 0.0346667 0.000107902
0 0.988353 0.88 0.0222102 0.149333 0.000108078
0 0.76896 0.389333 0.46208 0.778667 0.000110119
0 0.817714 0.608 0.0341278 0.101333 0.000110409
0 0.462893 1 0.0785482 0 0.000111226
0 0.916847 0.0513333 0.0752979 0.0973333 0.00011196
0 0.157638 0.438667 0.315276 0.877333 0.00011236
0 0.647616 0.0673333 0.0373781 0.0946667 0.000112432
0 0.839924 0.978 0.0503792 0.044 0.000113424
0 0.752709 0.278667 0.0276273 0.104 0.000113653
0 0.803629 1 0.0514626 0 0.000114233
0 0.436349 0.0166667 0.0720477 0.0333333 0.000114474
0 0.852113 0 0.0552546 0 0.000114914
0 0.382719 0.0646667 0.0460455 0.052 0.000115909
0 0.00731311 0.722667 0.0146262 0.154667 0.000116245
0 0.43364 0.942667 0.0720477 0.101333 0.000117014
0 0.577465 0 0.0552546 0 0.000117077
0 0.18662 0.012 0.0763814 0.024 0.000117116
0 0.853467 1 0.0341278 0 0.000118017
0 0.421181 0.0133333 0.0449621 0.0266667 0.000119038
0 0.0604009 0 0.0547129 0 0.000119396
0 0.453684 1 0.0492958 0 0.000120094
0 0.0132719 0.394667 0.0254605 0.293333 0.000120702
0 0.67091 0.536667 0.0590466 0.1 0.000120747
0 0.796316 0.0266667 0.092091 0.0533333 0.000120777
0 0.880553 0.990667 0.0460455 0.0186667 0.000121444
0 0.586674 0.0586667 0.104009 0.117333 0.000122247
0 0.516793 0.5 0.700975 1 0.000122273
0 0.654659 0.548667 0.0438787 0.084 0.000122357
0 0.821235 0.620667 0.0151679 0.0226667 0.0001225
0 0.615926 0 0.0541712 0 0.000122726
0 0.715601 0.976667 0.0292524 0.0466667 0.000123019
0 0.914139 0.985333 0.0980498 0.0293333 0.000127799
0 0.501354 0.604667 0.0471289 0.126667 0.000128155
0 0.0270856 0.00466667 0.0541712 0.00933333 0.000128501
0 0.386241 0.872 0.162514 0.256 0.000128845
0 0.98727 0.824 0.0189599 0.128 0.000129675
0 0.00758397 0.636 0.0151679 0.149333 0.000130537
0 0.0100217 0.445333 0.0200433 0.146667 0.000132304
0 0.587757 0 0.0953413 0 0.000133443
0 0.890303 0.0113333 0.0926327 0.0226667 0.00013512
0 0.719122 0.0153333 0.0969664 0.0306667 0.00013535
0 0.50325 0 0.0541712 0 0.000135436
0 0.840466 0.983333 0.0330444 0.028 0.000135755
0 0.208017 0.944 0.0455038 0.101333 0.000135774
0 0.115655 0.0166667 0.113218 0.0333333 0.000136248
0 0.00947996 0.508 0.0189599 0.152 0.00013632
0 0.478873 0.022 0.063922 0.044 0.000137818
0 0.0222102 0.00666667 0.0444204 0.0133333 0.000139855
0 0.817714 0.636 0.364572 0.728 0.000140142
0 0.654117 0.0453333 0.0742145 0.0906667 0.000140192
0 0.813922 0 0.0547129 0 0.000140519
0 0.776815 0 0.0552546 0 0.000141141
0 0.714518 0 0.0552546 0 0.000142031
0 0.209101 0 0.0823402 0 0.000142405
0 0.878386 0 0.0557963 0 0.000143437
0 0.0349404 0.0206667 0.0698808 0.0413333 0.000144231
0 0.434995 0.0506667 0.0790899 0.101333 0.000145546
0 0.125406 1 0.100217 0 0.00014715
0 0.669827 0.008 0.0807151 0.016 0.000147305
0 0.739707 0 0.0557963 0 0.00014744
0 0.989166 0.355333 0.0216685 0.236 0.000147693
0 0.150325 0 0.0557963 0 0.000147774
0 0.897075 0.231333 0.125677 0.22 0.000147835
0 0.972914 0.72 0.0541712 0.133333 0.000153138
0 0.50325 0.962667 0.0628386 0.0746667 0.000153255
0 0.445558 0.0113333 0.0449621 0.0226667 0.000154466
0 0.394366 0.0533333 0.0444204 0.0506667 0.000154915
0 0.0896533 0.998 0.156555 0.004 0.000156093
0 0.906013 0.0853333 0.0752979 0.130667 0.000164594
0 0.906013 0.953333 0.0341278 0.0426667 0.000165061
0 0.73727 0.00466667 0.0888407 0.00933333 0.000167947
0 0.931473 0.918667 0.039545 0.104 0.000168273
0 0.828007 0.488 0.343987 0.976 0.000168385
0 0.640845 0 0.0552546 0 0.000173724
0 0.484832 0.036 0.0964247 0.072 0.000180586
0 0.8448 0.0266667 0.100217 0.0533333 0.000181259
0 0.552004 0 0.0552546 0 0.00018286
0 0.880823 0.938 0.0953413 0.124 0.000183718
0 0.489978 0.00533333 0.095883 0.0106667 0.000184738
0 0.0108342 1 0.0216685 0 0.000185456
0 0.0219393 0.894 0.039545 0.190667 0.000188062
0 0.137053 0.00333333 0.0964247 0.00666667 0.000188966
0 0.536295 0.445333 0.0650054 0.154667 0.000191463
0 0.690412 0.0186667 0.0850488 0.0373333 0.00019257
0 0.815547 0.99 0.114301 0.02 0.000195024
0 0.474269 0.981333 0.0276273 0.0346667 0.000195271
0 0.76598 1 0.0541712 0 0.000199532
0 0.639491 0 0.0969664 0 0.000199911
0 0.200704 0.658 0.401408 0.684 0.000202898
0 0.688787 0 0.0557963 0 0.000207087
0 0.028169 0.997333 0.0520043 0.00533333 0.000207757
0 0.481582 0.988667 0.0379198 0.0226667 0.000208143
0 0.526815 0 0.0557963 0 0.000209636
0 0.0406284 0.993333 0.0812568 0.0133333 0.000216493
0 0.958288 0.991333 0.0628386 0.0173333 0.000219007
0 0.956121 0.998667 0.0520043 0.00266667 0.000222426
0 0.505959 0.977333 0.0411701 0.0346667 0.000222693
0 0.862134 0.00333333 0.0969664 0.00666667 0.000223219
0 0.962622 0.008 0.0747562 0.016 0.000225192
0 0.346425 0.945333 0.0341278 0.0933333 0.000226428
0 0.774648 0.00533333 0.092091 0.0106667 0.000229043
0 0.911159 0 0.108342 0 0.000229554
0 0.176327 0 0.0557963 0 0.000232995
0 0.825027 0.00866667 0.0931744 0.0173333 0.000233886
0 0.95558 1 0.0530878 0 0.00023548
0 0.986728 0.728667 0.0265439 0.132 0.000238832
0 0.979144 0.214 0.0417118 0.145333 0.000241132
0 0.461538 0.0173333 0.0888407 0.0346667 0.000244097
0 0.0866739 1 0.101842 0 0.000244147
0 0.00785482 0.912667 0.0157096 0.150667 0.000245058
0 0.535211 0.00133333 0.0942579 0.00266667 0.000249375
0 0.0178765 0.588 0.035753 0.229333 0.000251463
0 0.789816 0 0.145179 0 0.000251845
0 0.665222 0 0.0552546 0 0.000256835
0 0.0130011 0.442 0.0151679 0.276 0.00025847
0 0.967226 0 0.0557963 0 0.000259746
0 0.696912 0.959333 0.0362947 0.0813333 0.000263015
0 0.821506 0.616 0.0200433 0.04 0.000266511
0 0.600758 0.800667 0.0238353 0.0813333 0.000268358
0 0.852384 0.947333 0.0438787 0.105333 0.000273822
0 0.268147 0.306 0.028169 0.0413333 0.000280913
0 0.972644 0.0673333 0.0547129 0.134667 0.000282577
0 0.648158 0.129333 0.088299 0.258667 0.000282691
0 0.0295233 1 0.052546 0 0.000284814
0 0.63922 0.0673333 0.0769231 0.126667 0.000285805
0 0.739437 0 0.133261 0 0.00028583
0 0.368635 0.662667 0.667931 0.674667 0.00028595
0 0.0246479 0.473333 0.0460455 0.24 0.000292922
0 0.54442 0.0526667 0.105092 0.105333 0.000314407
0 0.880553 0.984667 0.0915493 0.0306667 0.000318164
0 0.766793 0.675333 0.0232936 0.102667 0.00032851
0 0.0260022 0.613333 0.0520043 0.152 0.000330841
0 0.065818 0.01 0.103467 0.02 0.000335208
0 0.786836 1 0.0872156 0 0.000335675
0 0.593445 0.782 0.0352113 0.18 0.000335712
0 0.690412 0 0.119718 0 0.000338889
0 0.326923 0.109333 0.126219 0.218667 0.000341577
0 0.030065 0.484 0.06013 0.389333 0.000341605
0 0.16468 0.000666667 0.126761 0.00133333 0.000341879
0 0.545504 0.899333 0.00975081 0.0333333 0.000364319
0 0.0132719 0.522 0.0222102 0.286667 0.000366376
0 0.985645 0.1 0.0287107 0.2 0.000377965
0 0.90818 0.945333 0.0232936 0.0293333 0.000384242
0 0.54415 0.899333 0.0200433 0.0386667 0.000388097
0 0.32584 0.5 0.651679 1 0.000394479
0 0.381365 0.0866667 0.0823402 0.064 0.000399479
0 0.467768 0.0206667 0.0503792 0.0333333 0.000401824
0 0.0368364 0 0.0574215 0 0.00040587
0 0.393554 0.056 0.0926327 0.08 0.00040691
0 0.263001 0.915333 0.105634 0.121333 0.000410784
0 0.989437 0.946 0.0178765 0.1 0.000416329
0 0.0119177 0.889333 0.0162514 0.221333 0.000417357
0 0.863489 0 0.138678 0 0.00043683
0 0.0113759 0.650667 0.0227519 0.28 0.000461346
0 0.0899242 0 0.165764 0 0.000470942
0 0.66468 0.393333 0.596966 0.786667 0.000486743
0 0.0227519 0.654667 0.0455038 0.341333 0.000495813
0 0.989978 0.136 0.0178765 0.125333 0.000513623
0 0.913326 0.908 0.0628386 0.101333 0.000516311
0 0.338028 0.034 0.0725894 0.044 0.000518343
0 0.122427 0.91 0.121343 0.129333 0.000576493
0 0.0186891 0.828667 0.0373781 0.342667 0.000581822
0 0.755959 0.517333 0.0492958 0.192 0.000587002
0 0.0983207 0.00466667 0.10455 0.00933333 0.00062154
0 0.0116468 0.775333 0.0200433 0.294667 0.000629616
0 0.492145 0.980667 0.0308776 0.028 0.000633411
0 0.703413 0.971333 0.0276273 0.0573333 0.00064027
0 0.970206 1 0.0595883 0 0.000648455
0 0.981582 0.998667 0.0368364 0.00266667 0.000654877
0 0.96831 0.0346667 0.052546 0.0666667 0.0006666
0 0.7026 0.902667 0.0899242 0.194667 0.000709513
0 0.00785482 0.850667 0.0157096 0.282667 0.000710477
0 0.991603 0.988667 0.0167931 0.0226667 0.00073957
0 0.452871 0.034 0.0780065 0.0573333 0.000786622
0 0.320964 0.354 0.624594 0.708 0.000835026
0 0.914951 0.934667 0.035753 0.0453333 0.000836001
0 0.848321 0.962 0.0422535 0.06 0.000838819
0 0.653034 0.172667 0.0492958 0.124 0.000844255
0 0.0436078 0 0.0872156 0 0.000859634
0 0.410888 0.928667 0.088299 0.142667 0.000863472
0 0.55065 0.0933333 0.0817985 0.125333 0.000901023
0 0.626219 0.106 0.0780065 0.132 0.00090736
0 0.696371 0.591333 0.607259 0.817333 0.000934174
0 0.410618 0.0306667 0.0444204 0.048 0.00112127
0 0.866739 0.984667 0.0541712 0.028 0.00134953
0 0.989166 0.0593333 0.0216685 0.118667 0.00137758
0 0.987812 1 0.024377 0 0.00142731
0 0.716414 0.945333 0.0373781 0.109333 0.00149582
0 0.452871 0.024 0.0455038 0.0373333 0.00154387
0 0.356717 0.0846667 0.107801 0.0973333 0.00156687
0 0.66441 0.564 0.0362947 0.0453333 0.00167768
0 0.421181 0.036 0.0579632 0.072 0.00168237
0 0.568797 0.113333 0.0606717 0.109333 0.00170553
0 0.592362 0.794667 0.0254605 0.0826667 0.00191078
0 0.978873 1 0.0422535 0 0.00223225
0 0.274106 0.601333 0.344529 0.797333 0.00254289
0 0.989437 0.0913333 0.0167931 0.110667 0.00270293
0 0.860238 0.975333 0.0368364 0.0333333 0.00381274
0 0.320693 0.0653333 0.0780065 0.130667 0.00474955
0 0.854009 0.976 0.0352113 0.048 0.00613412
0 0.272752 0.592 0.116468 0.408 0.00745559
0 0.872427 0.698667 0.255146 0.602667 0.00923362
0 0.641658 0.128 0.0514626 0.101333 0.00948157
0 0.761105 0.519333 0.0314193 0.0893333 0.0113736
0 0.430932 0.0293333 0.0482123 0.0453333 0.0136591
0 0.8513 0.986 0.031961 0.028 0.171816
0 0.324215 0.0526667 0.0807151 0.0706667 0.193736
0 0.928494 0.884 0.0758397 0.141333 0.828172
0 0.70558 0.945333 0.0362947 0.106667 0.900046
