0 0.755959 0.764667 0.108884 0.276 1.35076e-05
0 0.440141 0.280667 0.0861322 0.164 1.36248e-05
0 0.10428 0.294667 0.208559 0.589333 1.36724e-05
0 0.816089 0.976667 0.103467 0.0466667 1.36908e-05
0 0.371614 0.1 0.0314193 0.0773333 1.37258e-05
0 0.0655471 0 0.0530878 0 1.37678e-05
0 0.129469 0.178667 0.0411701 0.0693333 1.37794e-05
0 0.138678 0.997333 0.0509209 0.00533333 1.37995e-05
0 0.965872 0.996 0.0487541 0.008 1.38065e-05
0 0.432286 0.098 0.0379198 0.092 1.38068e-05
0 0.741333 0.201333 0.0503792 0.109333 1.38149e-05
0 0.632178 0.997333 0.0628386 0.00533333 1.38511e-05
0 0.320423 0.306667 0.0362947 0.096 1.38708e-05
0 0.0815276 0.167333 0.163055 0.334667 1.39056e-05
0 0.165493 0.784 0.120802 0.248 1.39231e-05
0 0.168472 0.917333 0.0465872 0.106667 1.39962e-05
0 0.0173348 0.822 0.020585 0.26 1.40123e-05
0 0.885428 0.392667 0.0547129 0.118667 1.40295e-05
0 0.213976 0.274667 0.0704225 0.152 1.41465e-05
0 0.635428 0.0753333 0.0520043 0.0786667 1.42202e-05
0 0.621614 0.16 0.148971 0.32 1.43981e-05
0 0.909534 0.918667 0.111593 0.162667 1.44804e-05
0 0.465872 0.634 0.170098 0.732 1.45911e-05
0 0.569881 0.476667 0.12026 0.438667 1.46421e-05
0 0.588841 0.946667 0.0390032 0.0906667 1.4694e-05
0 0.0173348 0.796 0.0346696 0.122667 1.47803e-05
0 0.316631 0.13 0.0200433 0.0813333 1.47861e-05
0 0.169556 0.05 0.0444204 0.068 1.4831e-05
0 0.540358 0.336667 0.0633803 0.196 1.48893e-05
0 0.523835 0.274667 0.147346 0.549333 1.4891e-05
0 0.113759 0.986667 0.109426 0.0266667 1.49151e-05
0 0.709101 0.82 0.0140845 0.165333 1.49341e-05
0 0.284399 0.982 0.0379198 0.028 1.49777e-05
0 0.468852 0.359333 0.095883 0.188 1.49797e-05
0 0.87649 0.172 0.182015 0.344 1.498e-05
0 0.140303 0.918 0.0465872 0.129333 1.50954e-05
0 0.258397 0.634667 0.0747562 0.229333 1.51065e-05
0 0.790087 0.207333 0.100217 0.268 1.51793e-05
0 0.155471 0.216667 0.0617551 0.118667 1.52004e-05
0 0.27546 0.159333 0.150054 0.318667 1.52492e-05
0 0.576381 0.331333 0.0747562 0.214667 1.52637e-05
0 0.979144 0.658667 0.0417118 0.138667 1.52842e-05
0 0.290899 0.964 0.0877573 0.072 1.5312e-05
0 0.647887 0.022 0.0595883 0.044 1.53499e-05
0 0.292795 0.458 0.0709642 0.156 1.53862e-05
0 0.876219 0.136 0.0579632 0.0426667 1.54199e-05
0 0.270585 0.0406667 0.0373781 0.0573333 1.54932e-05
0 0.565818 0.791333 0.0720477 0.252 1.54999e-05
0 0.220477 0.358667 0.0736728 0.149333 1.55888e-05
0 0.346425 0.721333 0.0612134 0.112 1.57402e-05
0 0.619447 0.104 0.0265439 0.0853333 1.57793e-05
0 0.952329 0.194 0.0953413 0.388 1.57819e-05
0 0.778982 0.794667 0.212351 0.410667 1.58285e-05
0 0.82909 0.136667 0.0579632 0.068 1.5953e-05
0 0.735915 0.956667 0.0872156 0.0866667 1.59609e-05
0 0.390574 0.199333 0.0758397 0.310667 1.61144e-05
0 0.253521 0.69 0.056338 0.158667 1.61804e-05
0 0.985645 0.448 0.0287107 0.112 1.62139e-05
0 0.769231 0.266 0.159263 0.532 1.63517e-05
0 0.32909 0.142667 0.0492958 0.162667 1.63948e-05
0 0.963705 0.776 0.063922 0.325333 1.65292e-05
0 0.859967 0.0913333 0.0785482 0.129333 1.66141e-05
0 0.629198 0.954667 0.0482123 0.0586667 1.6676e-05
0 0.61701 0.620667 0.16468 0.617333 1.67948e-05
0 0.117822 0.633333 0.0590466 0.229333 1.6828e-05
0 0.482124 0.268667 0.0693391 0.174667 1.68396e-05
0 0.601571 0.874667 0.0763814 0.0986667 1.68841e-05
0 0.254063 0.128667 0.020585 0.068 1.6887e-05
0 0.57584 0.971333 0.0195016 0.0546667 1.69004e-05
0 0.235915 0.421333 0.039545 0.104 1.6922e-05
0 0.768418 0.990667 0.0492958 0.0186667 1.69495e-05
0 0.24052 0.382 0.0433369 0.265333 1.69545e-05
0 0.86078 0.964667 0.0888407 0.0706667 1.69854e-05
0 0.790628 0.703333 0.194475 0.238667 1.69876e-05
0 0.845341 0.094 0.0460455 0.1 1.69886e-05
0 0.962622 0.951333 0.0747562 0.0973333 1.70467e-05
0 0.371343 0.506 0.0893824 0.217333 1.70992e-05
0 0.204225 0 0.0498375 0 1.71216e-05
0 0.638678 0.726667 0.0552546 0.16 1.7176e-05
0 0.266251 0.252667 0.0460455 0.273333 1.72174e-05
0 0.823131 1 0.0785482 0 1.72986e-05
0 0.272481 0.262667 0.0184182 0.04 1.73024e-05
0 0.804442 0.0833333 0.0595883 0.084 1.73131e-05
0 0.517064 0.125333 0.0752979 0.157333 1.73151e-05
0 0.406555 0.139333 0.0536295 0.129333 1.73635e-05
0 0.332069 0.273333 0.0335861 0.0666667 1.7397e-05
0 0.348592 0.284 0.0417118 0.125333 1.74255e-05
0 0.689328 0.842667 0.039545 0.205333 1.74708e-05
0 0.535753 0.200667 0.0303359 0.0813333 1.75009e-05
0 0.697996 0.785333 0.0503792 0.346667 1.75693e-05
0 0.734561 0.521333 0.0790899 0.133333 1.76247e-05
0 0.507042 0.967333 0.118093 0.0653333 1.76924e-05
0 0.329632 0.148 0.0666305 0.296 1.77133e-05
0 0.338299 0.515333 0.0817985 0.134667 1.77349e-05
0 0.321235 0.967333 0.0541712 0.0493333 1.77913e-05
0 0.143283 0.204 0.0438787 0.0826667 1.77962e-05
0 0.0812568 0.47 0.114843 0.14 1.78619e-05
0 0.114843 0 0.0541712 0 1.79035e-05
0 0.167931 0.0173333 0.0465872 0.0346667 1.80084e-05
0 0.70585 0.995333 0.0455038 0.00933333 1.80416e-05
0 0.939328 0.218667 0.11701 0.221333 1.81105e-05
0 0.73429 0.102667 0.0352113 0.0826667 1.81734e-05
0 0.609155 0.578667 0.0666305 0.133333 1.82068e-05
0 0.281419 0.62 0.0406284 0.104 1.82096e-05
0 0.707205 0.574 0.0850488 0.222667 1.82486e-05
0 0.361051 0.614667 0.0590466 0.248 1.82508e-05
0 0.990249 0.747333 0.0195016 0.276 1.82858e-05
0 0.18364 0.148 0.056338 0.16 1.82898e-05
0 0.230498 0.776667 0.0774648 0.393333 1.84059e-05
0 0.739978 0.284667 0.084507 0.156 1.84062e-05
0 0.280607 0.655333 0.0476706 0.06 1.84481e-05
0 0.0124594 0.951333 0.0162514 0.0973333 1.85251e-05
0 0.250813 0.887333 0.0747562 0.225333 1.85605e-05
0 0.760293 0.388 0.114301 0.224 1.85779e-05
0 0.197454 0.528667 0.06013 0.345333 1.85935e-05
0 0.542524 0.265333 0.0850488 0.181333 1.86206e-05
0 0.772752 0.638 0.243229 0.689333 1.86263e-05
0 0.221831 0.140667 0.0178765 0.0786667 1.86389e-05
0 0.534399 0.745333 0.0590466 0.416 1.87037e-05
0 0.716956 0.204 0.0666305 0.144 1.87242e-05
0 0.791983 0.993333 0.0509209 0.0133333 1.88041e-05
0 0.252979 0.442667 0.0346696 0.109333 1.88069e-05
0 0.82286 0.196667 0.163597 0.393333 1.88421e-05
0 0.732123 0.64 0.0785482 0.237333 1.88568e-05
0 0.774106 0.136667 0.0390032 0.0786667 1.90003e-05
0 0.837216 0.152667 0.0991333 0.137333 1.90073e-05
0 0.262459 0.743333 0.133803 0.513333 1.90506e-05
0 0.362947 0.385333 0.124594 0.490667 1.90884e-05
0 0.685807 0.991333 0.0812568 0.0173333 1.91026e-05
0 0.86701 0.973333 0.114301 0.0533333 1.91801e-05
0 0.722644 0.846 0.0704225 0.289333 1.9192e-05
0 0.661701 0.718667 0.0731311 0.157333 1.92003e-05
0 0.109967 0.737333 0.144095 0.269333 1.92913e-05
0 0.738895 0.396667 0.0801734 0.142667 1.94209e-05
0 0.0904659 0 0.0530878 0 1.95042e-05
0 0.710726 0.750667 0.0162514 0.0293333 1.95552e-05
0 0.197996 0.538667 0.039545 0.181333 1.95785e-05
0 0.937161 0.478 0.125677 0.494667 1.96744e-05
0 0.709372 0.650667 0.0720477 0.157333 1.97506e-05
0 0.789274 0.948667 0.122427 0.102667 1.97808e-05
0 0.105905 0.999333 0.0742145 0.00133333 1.98195e-05
0 0.184724 0.138667 0.0747562 0.277333 1.99078e-05
0 0.84805 0.316 0.0265439 0.032 1.99727e-05
0 0.570964 0.902667 0.0628386 0.194667 1.99876e-05
0 0.565005 0.2 0.125677 0.4 2.00038e-05
0 0.256771 0.946667 0.0303359 0.096 2.00254e-05
0 0.735915 0.342667 0.0807151 0.138667 2.00437e-05
0 0.665493 0.493333 0.161972 0.512 2.0055e-05
0 0.628927 0.980667 0.0487541 0.0306667 2.00746e-05
0 0.220206 0.0206667 0.0330444 0.0413333 2.01447e-05
0 0.982936 0.876 0.0341278 0.248 2.02075e-05
0 0.170098 0.404 0.186349 0.602667 2.021e-05
0 0.232124 0.002 0.0427952 0.004 2.02534e-05
0 0.249187 0.00733333 0.0606717 0.0146667 2.02572e-05
0 0.69312 0.998667 0.0482123 0.00266667 2.02614e-05
0 0.391387 0.142 0.0492958 0.190667 2.03232e-05
0 0.413055 0.294 0.088299 0.134667 2.0414e-05
0 0.565005 0.938667 0.0162514 0.0986667 2.04207e-05
0 0.305796 0.635333 0.0850488 0.18 2.04237e-05
0 0.6013 0.994667 0.0780065 0.0106667 2.05529e-05
0 0.358342 0.072 0.0362947 0.0693333 2.05624e-05
0 0.293879 0.00466667 0.0449621 0.00933333 2.06493e-05
0 0.940141 0.98 0.100217 0.04 2.06912e-05
0 0.606988 0.521333 0.0850488 0.154667 2.06917e-05
0 0.260834 0.743333 0.0817985 0.193333 2.06968e-05
0 0.295504 0.02 0.0362947 0.04 2.07204e-05
0 0.0557963 0.0906667 0.102925 0.133333 2.07497e-05
0 0.0284399 0.398 0.0492958 0.142667 2.09667e-05
0 0.586945 0.66 0.0536295 0.165333 2.10061e-05
0 0.23429 0.138667 0.052546 0.261333 2.10593e-05
0 0.443933 0.2 0.0460455 0.165333 2.11077e-05
0 0.559317 0.0426667 0.039545 0.064 2.11218e-05
0 0.245666 0.280667 0.0579632 0.284 2.12196e-05
0 0.183099 0.218667 0.0725894 0.133333 2.12587e-05
0 0.654659 0.971333 0.0514626 0.0386667 2.12788e-05
0 0.223185 0.054 0.0260022 0.0706667 2.13386e-05
0 0.240249 0.22 0.0644637 0.136 2.13391e-05
0 0.709372 0.837333 0.0406284 0.184 2.13516e-05
0 0.43662 0.562 0.0379198 0.406667 2.13791e-05
0 0.110509 0.209333 0.11701 0.141333 2.13835e-05
0 0.710726 0.501333 0.063922 0.096 2.14015e-05
0 0.714518 0.14 0.0530878 0.170667 2.15695e-05
0 0.92714 0.144667 0.14572 0.289333 2.17345e-05
0 0.423889 0.806667 0.095883 0.149333 2.17939e-05
0 0.0327736 0.32 0.0438787 0.245333 2.1835e-05
0 0.0571506 0.152667 0.0991333 0.164 2.19463e-05
0 0.631365 0.0246667 0.0330444 0.0493333 2.2005e-05
0 0.969393 0.608 0.052546 0.125333 2.20165e-05
0 0.411701 0.874667 0.0422535 0.152 2.20212e-05
0 0.589924 0.73 0.056338 0.182667 2.21409e-05
0 0.367551 0.634667 0.161972 0.706667 2.21421e-05
0 0.53467 0.162 0.0238353 0.084 2.21455e-05
0 0.443662 0.737333 0.0390032 0.112 2.21574e-05
0 0.210997 0.214667 0.0644637 0.141333 2.22762e-05
0 0.0953413 0.0266667 0.132178 0.0533333 2.22764e-05
0 0.788191 0.889333 0.118093 0.210667 2.22874e-05
0 0.356988 0.688667 0.0433369 0.108 2.23176e-05
0 0.53169 0.775333 0.122969 0.233333 2.2341e-05
0 0.57611 0.982667 0.0633803 0.0346667 2.23426e-05
0 0.144095 0.0273333 0.128927 0.0546667 2.23478e-05
0 0.462351 0.951333 0.0297941 0.0786667 2.24405e-05
0 0.260293 0.952667 0.0742145 0.0946667 2.2467e-05
0 0.689057 0.516667 0.0736728 0.132 2.25201e-05
0 0.53169 0.508 0.13922 0.565333 2.25886e-05
0 0.100488 1 0.0547129 0 2.26311e-05
0 0.19312 0.0526667 0.0384615 0.0706667 2.26608e-05
0 0.631365 0.064 0.0287107 0.064 2.27149e-05
0 0.514085 0.158667 0.15818 0.317333 2.2729e-05
0 0.0289816 0.216667 0.0471289 0.129333 2.27527e-05
0 0.640574 0.874667 0.0926327 0.136 2.28012e-05
0 0.00866739 0.964 0.0108342 0.072 2.28392e-05
0 0.986728 0.686667 0.0189599 0.149333 2.28447e-05
0 0.112676 0.911333 0.071506 0.164 2.28606e-05
0 0.784399 0.515333 0.105092 0.236 2.29328e-05
0 0.0961538 0.666 0.0785482 0.270667 2.30141e-05
0 0.271398 0.151333 0.0585049 0.294667 2.30349e-05
0 0.246479 0.115333 0.0379198 0.0573333 2.32189e-05
0 0.0200433 0.924 0.0335861 0.112 2.34422e-05
0 0.773564 0.149333 0.15493 0.298667 2.34928e-05
0 0.479957 0.718 0.0834236 0.177333 2.34952e-05
0 0.365926 0.479333 0.0287107 0.036 2.35143e-05
0 0.971018 1 0.0579632 0 2.35465e-05
0 0.758938 0.576667 0.11701 0.217333 2.35912e-05
0 0.327736 0.236667 0.0400867 0.108 2.36042e-05
0 0.760834 0.214667 0.0947996 0.152 2.36893e-05
0 0.359155 0.380667 0.0790899 0.182667 2.37746e-05
0 0.614843 0.805333 0.102925 0.136 2.38038e-05
0 0.722373 0.721333 0.0644637 0.141333 2.39658e-05
0 0.415764 0.961333 0.0763814 0.0773333 2.39717e-05
0 0.59805 0.01 0.0465872 0.02 2.40445e-05
0 0.75948 0.102667 0.0325027 0.088 2.40758e-05
0 0.679577 0.996 0.0449621 0.008 2.41023e-05
0 0.0823402 0.47 0.137595 0.318667 2.41283e-05
0 0.763814 0.912 0.11701 0.130667 2.42716e-05
0 0.869447 0.0966667 0.0379198 0.108 2.43376e-05
0 0.891658 0.0726667 0.0975081 0.145333 2.43548e-05
0 0.440141 0.828667 0.0460455 0.148 2.43804e-05
0 0.687432 0.660667 0.056338 0.156 2.44626e-05
0 0.556067 0.156667 0.0287107 0.0466667 2.45737e-05
0 0.932286 0.742 0.135428 0.516 2.47099e-05
0 0.638407 0.137333 0.0557963 0.162667 2.47447e-05
0 0.204767 0.894667 0.0801734 0.152 2.47696e-05
0 0.568256 0.482667 0.0682557 0.181333 2.48797e-05
0 0.630553 1 0.0455038 0 2.49307e-05
0 0.0552546 0.218 0.108342 0.172 2.5027e-05
0 0.464518 0.558 0.0536295 0.390667 2.50604e-05
0 0.636241 0.0853333 0.0297941 0.0693333 2.50679e-05
0 0.659534 0.0253333 0.0449621 0.0506667 2.5106e-05
0 0.152763 0 0.0541712 0 2.5108e-05
0 0.384345 0.100667 0.0287107 0.0813333 2.51193e-05
0 0.16441 0.998 0.0514626 0.004 2.51575e-05
0 0.109967 0.527333 0.0530878 0.076 2.52287e-05
0 0.463434 0.268667 0.0915493 0.254667 2.53075e-05
0 0.374052 0.723333 0.0720477 0.142667 2.53246e-05
0 0.457205 0.978667 0.0487541 0.0426667 2.5386e-05
0 0.166847 0.821333 0.254605 0.357333 2.54279e-05
0 0.0436078 0.800667 0.0872156 0.398667 2.55177e-05
0 0.601029 0.378667 0.0579632 0.141333 2.55805e-05
0 0.755688 0.970667 0.0433369 0.0346667 2.5849e-05
0 0.98402 0.938667 0.0265439 0.088 2.58697e-05
0 0.774106 0.970667 0.0866739 0.0506667 2.59251e-05
0 0.415222 0.366667 0.088299 0.170667 2.5956e-05
0 0.588841 0.170667 0.0249187 0.04 2.60068e-05
0 0.437703 0.144667 0.0585049 0.201333 2.60944e-05
0 0.934182 0.042 0.0471289 0.0493333 2.60986e-05
0 0.669827 0.123333 0.0330444 0.06 2.61101e-05
0 0.356717 0.721333 0.0287107 0.072 2.61222e-05
0 0.732123 0.469333 0.0850488 0.112 2.61248e-05
0 0.510022 0.52 0.0807151 0.181333 2.66527e-05
0 0.192579 0.0213333 0.0427952 0.0426667 2.6846e-05
0 0.187161 0.068 0.0807151 0.136 2.68752e-05
0 0.564464 0.186 0.0238353 0.0626667 2.6931e-05
0 0.520585 0.950667 0.125677 0.0986667 2.69711e-05
0 0.73402 0.204 0.028169 0.0853333 2.70151e-05
0 0.664139 0.499333 0.0931744 0.161333 2.71564e-05
0 0.407096 0.100667 0.039545 0.0946667 2.72905e-05
0 0.936349 0.0753333 0.0763814 0.134667 2.73791e-05
0 0.738895 1 0.084507 0 2.74047e-05
0 0.466956 0.25 0.140845 0.5 2.74211e-05
0 0.736186 0.148 0.0530878 0.16 2.7555e-05
0 0.471289 0.994 0.0444204 0.012 2.76094e-05
0 0.71208 0.754667 0.0352113 0.032 2.76828e-05
0 0.87974 1 0.0530878 0 2.77036e-05
0 0.666576 0.992 0.0482123 0.016 2.77425e-05
0 0.233478 0.134 0.0173348 0.0733333 2.77801e-05
0 0.520314 0.00466667 0.0579632 0.00933333 2.77854e-05
0 0.212622 0.148 0.039545 0.138667 2.81713e-05
0 0.0146262 0.734 0.0292524 0.118667 2.82819e-05
0 0.0398158 0.997333 0.0536295 0.00533333 2.8355e-05
0 0.0211268 0.117333 0.0335861 0.0773333 2.8463e-05
0 0.458559 0.094 0.0449621 0.0813333 2.84912e-05
0 0.442037 0.661333 0.0530878 0.248 2.85203e-05
0 0.165764 0.757333 0.192849 0.485333 2.85296e-05
0 0.12974 0.512667 0.118635 0.105333 2.85692e-05
0 0.0752979 1 0.0552546 0 2.86128e-05
0 0.0138137 0.726667 0.0189599 0.250667 2.86783e-05
0 0.324215 0.0466667 0.0709642 0.0933333 2.88368e-05
0 0.966143 0.642 0.0644637 0.281333 2.91072e-05
0 0.586403 0.072 0.024377 0.08 2.9155e-05
0 0.520043 0.0646667 0.0335861 0.0706667 2.92526e-05
0 0.558776 0.993333 0.0384615 0.0133333 2.93977e-05
0 0.163055 0.106667 0.0931744 0.213333 2.94324e-05
0 0.213434 0.0253333 0.0899242 0.0506667 2.95933e-05
0 0.797942 0.136667 0.0433369 0.0653333 2.97519e-05
0 0.0303359 0.0286667 0.0487541 0.0573333 2.98174e-05
0 0.0184182 0.367333 0.0368364 0.116 2.99141e-05
0 0.839112 0.361333 0.141928 0.202667 2.99263e-05
0 0.244583 0.00333333 0.0417118 0.00666667 2.99395e-05
0 0.510022 0.673333 0.0492958 0.213333 2.99554e-05
0 0.223727 0.716 0.0682557 0.202667 2.99632e-05
0 0.0273564 0.494 0.0449621 0.1 2.99697e-05
0 0.326923 0.0746667 0.0211268 0.096 3.00782e-05
0 0.0195016 0.268 0.0390032 0.112 3.00797e-05
0 0.48104 0.171333 0.0487541 0.116 3.01077e-05
0 0.282774 0.0193333 0.0530878 0.0386667 3.0504e-05
0 0.988895 0.572 0.0189599 0.136 3.05317e-05
0 0.308234 0.123333 0.0606717 0.161333 3.05658e-05
0 0.584507 0.712 0.092091 0.274667 3.07048e-05
0 0.265981 0.268 0.0195016 0.064 3.08058e-05
0 0.0251896 0.969333 0.0503792 0.0613333 3.09145e-05
0 0.719393 0.0973333 0.0303359 0.088 3.09946e-05
0 0.237811 0.0753333 0.0585049 0.150667 3.10467e-05
0 0.324756 0.348667 0.0536295 0.302667 3.11853e-05
0 0.331257 0.58 0.0926327 0.213333 3.1335e-05
0 0.50948 0.08 0.0330444 0.0506667 3.1389e-05
0 0.020585 0.148667 0.0346696 0.084 3.14044e-05
0 0.228061 0 0.0509209 0 3.14256e-05
0 0.856176 1 0.052546 0 3.15747e-05
0 0.55065 0.181333 0.024377 0.0773333 3.15764e-05
0 0.931473 0.00133333 0.0514626 0.00266667 3.16969e-05
0 0.991874 0.919333 0.0162514 0.161333 3.17791e-05
0 0.817985 1 0.0509209 0 3.18222e-05
0 0.837486 0.842 0.157096 0.228 3.20915e-05
0 0.927952 0.344 0.102925 0.232 3.20957e-05
0 0.98429 0.507333 0.0314193 0.233333 3.21393e-05
0 0.571506 0.551333 0.0780065 0.174667 3.21411e-05
0 0.960997 0.893333 0.0758397 0.210667 3.22015e-05
0 0.673077 0.142667 0.140303 0.285333 3.22438e-05
0 0.954496 0.346 0.0910076 0.478667 3.23192e-05
0 0.43987 0.657333 0.0335861 0.133333 3.23251e-05
0 0.0092091 0.042 0.0140845 0.084 3.2359e-05
0 0.702329 0.784 0.0330444 0.136 3.2368e-05
0 0.593987 1 0.0406284 0 3.24951e-05
0 0.308234 0.23 0.0400867 0.105333 3.25242e-05
0 0.842633 0.325333 0.0352113 0.072 3.26139e-05
0 0.412243 0.142 0.0671723 0.26 3.30369e-05
0 0.41766 0.73 0.0725894 0.134667 3.30996e-05
0 0.654659 0.960667 0.0698808 0.068 3.31612e-05
0 0.586674 0.162667 0.0433369 0.12 3.32469e-05
0 0.460997 0.612 0.0433369 0.184 3.33176e-05
0 0.218852 0.109333 0.0541712 0.218667 3.34361e-05
0 0.839382 0.335333 0.0211268 0.0413333 3.35521e-05
0 0.540087 0.0326667 0.0910076 0.0653333 3.3709e-05
0 0.182557 0.0893333 0.056338 0.154667 3.38694e-05
0 0.592904 0.97 0.0742145 0.06 3.39392e-05
0 0.335861 0.666667 0.0758397 0.144 3.39535e-05
0 0.545775 0.00666667 0.0590466 0.0133333 3.40185e-05
0 0.239166 0.612 0.0406284 0.088 3.41385e-05
0 0.346966 0.958 0.0449621 0.0573333 3.42171e-05
0 0.865114 0.0286667 0.106176 0.0573333 3.42508e-05
0 0.738624 0.99 0.114301 0.02 3.43016e-05
0 0.263272 0.344 0.0650054 0.309333 3.44209e-05
0 0.15493 0.588 0.115926 0.181333 3.45531e-05
0 0.254063 0 0.0498375 0 3.45916e-05
0 0.844258 0.32 0.0124594 0.04 3.46583e-05
0 0.505959 0.0586667 0.0390032 0.0693333 3.46818e-05
0 0.565276 0.645333 0.0655471 0.157333 3.46988e-05
0 0.256501 0.0433333 0.0352113 0.06 3.49104e-05
0 0.604821 0 0.0482123 0 3.49411e-05
0 0.880823 0.00133333 0.0498375 0.00266667 3.50365e-05
0 0.600758 0.156 0.0379198 0.261333 3.50894e-05
0 0.0536295 0.758667 0.107259 0.338667 3.52972e-05
0 0.32286 0.978 0.0379198 0.036 3.53763e-05
0 0.505959 0.707333 0.146262 0.310667 3.54384e-05
0 0.696912 0.733333 0.0514626 0.122667 3.55026e-05
0 0.820423 0.0953333 0.0427952 0.102667 3.55473e-05
0 0.247021 0.389333 0.020585 0.0346667 3.5714e-05
0 0.0826111 0.272 0.151138 0.381333 3.57268e-05
0 0.242958 0.0866667 0.0265439 0.0853333 3.59414e-05
0 0.3039 0 0.0509209 0 3.60513e-05
0 0.732394 0.947333 0.0411701 0.084 3.60711e-05
0 0.874052 0.152667 0.0687974 0.0626667 3.60784e-05
0 0.636511 0.324 0.0422535 0.0906667 3.62999e-05
0 0.640574 0.942667 0.0709642 0.114667 3.66523e-05
0 0.0782774 0.338667 0.108884 0.210667 3.67594e-05
0 0.23402 0.138 0.0335861 0.118667 3.67713e-05
0 0.0387324 0.275333 0.0774648 0.529333 3.68726e-05
0 0.0604009 0.942 0.1013 0.116 3.68884e-05
0 0.248375 0.286 0.0655471 0.132 3.69282e-05
0 0.246479 0.922 0.0325027 0.124 3.69958e-05
0 0.963705 1 0.0520043 0 3.70234e-05
0 0.1487 0.544 0.0796316 0.106667 3.70829e-05
0 0.632178 0.644667 0.0790899 0.244 3.71806e-05
0 0.72779 1 0.0482123 0 3.73851e-05
0 0.255417 0.0953333 0.0709642 0.134667 3.75398e-05
0 0.541983 0.126 0.0287107 0.076 3.75524e-05
0 0.535482 0.652 0.0731311 0.170667 3.76405e-05
0 0.612134 0.717333 0.0780065 0.152 3.76479e-05
0 0.744041 0.966667 0.0547129 0.056 3.7741e-05
0 0.657367 0.58 0.0817985 0.213333 3.77938e-05
0 0.587757 0.0393333 0.0769231 0.0786667 3.79e-05
0 0.478873 0.649333 0.0606717 0.149333 3.80778e-05
0 0.663597 0.0306667 0.0877573 0.0613333 3.81463e-05
0 0.225623 0.427333 0.0709642 0.134667 3.82832e-05
0 0.814464 0.036 0.0980498 0.072 3.84964e-05
0 0.786024 0.110667 0.0444204 0.088 3.85962e-05
0 0.812297 0.11 0.0807151 0.217333 3.86656e-05
0 0.62026 0.396667 0.0682557 0.0973333 3.87371e-05
0 0.0807151 0.832667 0.16143 0.334667 3.88128e-05
0 0.0124594 0.938 0.0249187 0.124 3.89036e-05
0 0.309317 0.00933333 0.0390032 0.0186667 3.8926e-05
0 0.331798 0.308 0.0308776 0.117333 3.89766e-05
0 0.588299 0.248667 0.0812568 0.108 3.90539e-05
0 0.179307 0 0.0530878 0 3.93477e-05
0 0.834507 0.356667 0.192308 0.465333 3.93689e-05
0 0.907096 0.104667 0.102384 0.209333 3.93977e-05
0 0.668472 0.0993333 0.0433369 0.084 3.94498e-05
0 0.24675 0.592 0.100217 0.408 3.94548e-05
0 0.643554 0.984 0.0509209 0.0213333 3.96384e-05
0 0.0501083 1 0.0536295 0 4.06564e-05
0 0.530336 0.016 0.0444204 0.032 4.11255e-05
0 0.372698 0.484 0.035753 0.146667 4.13183e-05
0 0.832882 0.0473333 0.0492958 0.0706667 4.1493e-05
0 0.569339 0.0713333 0.0747562 0.142667 4.15124e-05
0 0.606446 0.986 0.0417118 0.0253333 4.1536e-05
0 0.942308 0.066 0.0980498 0.132 4.15613e-05
0 0.98429 0.640667 0.0314193 0.34 4.16149e-05
0 0.28792 0.028 0.0850488 0.056 4.1648e-05
0 0.888678 0.99 0.165222 0.02 4.20623e-05
0 0.57909 0 0.0498375 0 4.2253e-05
0 0.836945 0.0706667 0.0953413 0.141333 4.23716e-05
0 0.672264 0.032 0.0422535 0.056 4.28295e-05
0 0.710997 0.00333333 0.0785482 0.00666667 4.28644e-05
0 0.511376 0.107333 0.0303359 0.0733333 4.29817e-05
0 0.223998 0.110667 0.0200433 0.072 4.30025e-05
0 0.661159 0.646 0.0666305 0.153333 4.30235e-05
0 0.982936 0.991333 0.0287107 0.0173333 4.30398e-05
0 0.992416 0.532 0.0151679 0.266667 4.3252e-05
0 0.71208 0.764 0.0287107 0.0693333 4.3326e-05
0 0.345341 0.965333 0.0189599 0.056 4.33781e-05
0 0.763001 0.142 0.0828819 0.150667 4.34249e-05
0 0.484561 0.588667 0.0926327 0.193333 4.34845e-05
0 0.790087 0.988 0.122969 0.024 4.35125e-05
0 0.873239 0.00733333 0.0790899 0.0146667 4.36147e-05
0 0.507584 0.650667 0.0931744 0.224 4.36819e-05
0 0.841549 0.321333 0.0232936 0.0213333 4.41947e-05
0 0.224269 0.502 0.0520043 0.142667 4.43475e-05
0 0.410618 0.564667 0.0379198 0.356 4.47296e-05
0 0.190412 0.997333 0.0514626 0.00533333 4.51548e-05
0 0.513001 0.587333 0.0682557 0.148 4.52647e-05
0 0.66441 0.118667 0.0687974 0.128 4.5282e-05
0 0.344529 0.048 0.0368364 0.0666667 4.53517e-05
0 0.571506 0.99 0.0325027 0.02 4.53636e-05
0 0.316901 0.811333 0.118093 0.233333 4.55702e-05
0 0.767064 1 0.0498375 0 4.58044e-05
0 0.465601 0.141333 0.0893824 0.24 4.60231e-05
0 0.410076 0.646 0.0725894 0.177333 4.60473e-05
0 0.0176056 0.641333 0.0352113 0.125333 4.62236e-05
0 0.0533586 0.526667 0.100217 0.162667 4.64675e-05
0 0.854821 0.00333333 0.0509209 0.00666667 4.6523e-05
0 0.84182 0.328667 0.0162514 0.0226667 4.66533e-05
0 0.594529 0.00666667 0.039545 0.0133333 4.67242e-05
0 0.261647 0.996 0.0628386 0.008 4.6952e-05
0 0.657638 0.00666667 0.0487541 0.0133333 4.7427e-05
0 0.126761 1 0.0552546 0 4.74831e-05
0 0.278711 0 0.0514626 0 4.82343e-05
0 0.895991 0.61 0.119177 0.129333 4.84537e-05
0 0.992145 0.966 0.0157096 0.068 4.87654e-05
0 0.503521 0.0706667 0.0796316 0.141333 4.90367e-05
0 0.686891 0.587333 0.0704225 0.156 4.93587e-05
0 0.5539 0 0.0503792 0 4.94309e-05
0 0.0899242 0.588 0.137595 0.192 4.94476e-05
0 0.245937 0.133333 0.020585 0.0533333 4.96153e-05
0 0.562568 1 0.0774648 0 4.97624e-05
0 0.361593 0.987333 0.067714 0.0253333 5.00129e-05
0 0.274106 0.00933333 0.0650054 0.0186667 5.00315e-05
0 0.990791 0.508 0.0151679 0.128 5.07867e-05
0 0.877302 0.394 0.100217 0.158667 5.08535e-05
0 0.913055 0.420667 0.0492958 0.1 5.08791e-05
0 0.632719 0.006 0.0444204 0.012 5.09542e-05
0 0.260834 0.642 0.0644637 0.102667 5.10486e-05
0 0.611593 0.644667 0.0682557 0.142667 5.11175e-05
0 0.71506 0.0433333 0.0790899 0.0866667 5.11288e-05
0 0.202871 0.592667 0.0384615 0.134667 5.11612e-05
0 0.0176056 0.427333 0.0352113 0.116 5.12261e-05
0 0.225623 0.0846667 0.0222102 0.0733333 5.16544e-05
0 0.484561 0.202667 0.0774648 0.184 5.16778e-05
0 0.654388 0.988667 0.0530878 0.0226667 5.16834e-05
0 0.273835 0.154 0.0427952 0.116 5.17411e-05
0 0.393283 0.119333 0.146262 0.238667 5.19457e-05
0 0.28467 0.199333 0.0362947 0.092 5.21098e-05
0 0.791712 1 0.052546 0 5.21733e-05
0 0.563651 0.714667 0.0861322 0.189333 5.21758e-05
0 0.269231 0.00533333 0.0455038 0.0106667 5.2191e-05
0 0.576652 0.941333 0.0341278 0.117333 5.22379e-05
0 0.696641 0.00733333 0.0444204 0.0146667 5.23057e-05
0 0.906013 0.00266667 0.0514626 0.00533333 5.23602e-05
0 0.0612134 1 0.0780065 0 5.25552e-05
0 0.338841 0.0306667 0.0839653 0.0613333 5.26268e-05
0 0.383532 0.588 0.118093 0.213333 5.26387e-05
0 0.550921 0.476 0.0552546 0.258667 5.29096e-05
0 0.967768 0.461333 0.0644637 0.290667 5.29103e-05
0 0.464518 0.508 0.10455 0.24 5.29738e-05
0 0.020585 0.388 0.0260022 0.245333 5.30409e-05
0 0.915493 0 0.0530878 0 5.30872e-05
0 0.915222 0.0313333 0.106717 0.0626667 5.38049e-05
0 0.190412 0.611333 0.0904659 0.214667 5.40916e-05
0 0.294962 0.186 0.0167931 0.044 5.41727e-05
0 0.793879 0.134667 0.0731311 0.125333 5.42601e-05
0 0.305255 0.307333 0.0666305 0.196 5.43242e-05
0 0.562297 0.144667 0.0671723 0.150667 5.46583e-05
0 0.173889 0.006 0.0801734 0.012 5.47444e-05
0 0.886241 0.024 0.0682557 0.048 5.48448e-05
0 0.0105634 0.0166667 0.0211268 0.0333333 5.48665e-05
0 0.658451 0.982 0.0839653 0.036 5.49659e-05
0 0.988082 0.939333 0.0130011 0.113333 5.5013e-05
0 0.505146 0.00266667 0.0471289 0.00533333 5.50933e-05
0 0.384886 0.655333 0.0926327 0.22 5.53527e-05
0 0.7026 1 0.0476706 0 5.57283e-05
0 0.234561 0.022 0.0325027 0.044 5.58348e-05
0 0.705038 0 0.0503792 0 5.62748e-05
0 0.245395 0.384 0.0335861 0.106667 5.6716e-05
0 0.307421 0.0686667 0.0276273 0.068 5.68975e-05
0 0.986457 0.112667 0.0249187 0.113333 5.69189e-05
0 0.806609 0.0553333 0.0487541 0.0706667 5.69466e-05
0 0.255688 0.998 0.0400867 0.004 5.70097e-05
0 0.378657 0.555333 0.0400867 0.262667 5.71451e-05
0 0.542253 0.996667 0.0476706 0.00666667 5.7216e-05
0 0.861593 0.104 0.112134 0.208 5.73487e-05
0 0.888949 0.2 0.106176 0.229333 5.78689e-05
0 0.990249 0.628667 0.0195016 0.241333 5.81701e-05
0 0.695016 0.0746667 0.0379198 0.0826667 5.81855e-05
0 0.925785 1 0.102925 0 5.82397e-05
0 0.314464 0.098 0.0492958 0.196 5.82834e-05
0 0.742145 0.966667 0.0390032 0.0346667 5.84768e-05
0 0.852384 1 0.0947996 0 5.85296e-05
0 0.957747 0.99 0.084507 0.02 5.87058e-05
0 0.991603 0.384667 0.0146262 0.137333 5.90368e-05
0 0.90818 0.0393333 0.052546 0.052 5.91184e-05
0 0.679577 0 0.0514626 0 5.97571e-05
0 0.485103 0.0373333 0.0937161 0.0746667 5.98236e-05
0 0.878115 0 0.0530878 0 5.98258e-05
0 0.0379198 0.643333 0.0758397 0.470667 6.01224e-05
0 0.235915 0.994 0.0687974 0.012 6.01399e-05
0 0.328007 1 0.0427952 0 6.01783e-05
0 0.0406284 0.004 0.0552546 0.008 6.0342e-05
0 0.192308 0.931333 0.102925 0.137333 6.07409e-05
0 0.0316901 0.52 0.0633803 0.237333 6.07786e-05
0 0.878386 0.816 0.230228 0.368 6.08415e-05
0 0.62974 0.078 0.0612134 0.156 6.10027e-05
0 0.40818 0.996667 0.0471289 0.00666667 6.11164e-05
0 0.0606717 0.062 0.0942579 0.124 6.12538e-05
0 0.266793 0.258 0.0373781 0.0893333 6.18681e-05
0 0.201788 0 0.0536295 0 6.1975e-05
0 0.511647 0.886667 0.148971 0.197333 6.27984e-05
0 0.531148 0.00133333 0.0471289 0.00266667 6.29164e-05
0 0.418472 0.510667 0.095883 0.24 6.29497e-05
0 0.332069 0.988667 0.0422535 0.0226667 6.37046e-05
0 0.630282 0 0.0492958 0 6.39751e-05
0 0.562568 0.46 0.0178765 0.072 6.40873e-05
0 0.177411 0.534 0.129469 0.492 6.41414e-05
0 0.460726 0.984 0.0785482 0.032 6.46246e-05
0 0.0195016 0.509333 0.0184182 0.146667 6.50591e-05
0 0.729686 0 0.0509209 0 6.51212e-05
0 0.699892 0.022 0.035753 0.044 6.51911e-05
0 0.609426 0.115333 0.0400867 0.230667 6.52047e-05
0 0.0138137 0.002 0.0276273 0.004 6.52794e-05
0 0.789545 1 0.0947996 0 6.55237e-05
0 0.762188 0.04 0.0899242 0.08 6.5906e-05
0 0.274648 0.290667 0.0465872 0.106667 6.59469e-05
0 0.502979 0 0.0514626 0 6.60544e-05
0 0.329632 0 0.0514626 0 6.62633e-05
0 0.511105 0.836667 0.185807 0.326667 6.64985e-05
0 0.283044 0.644 0.0276273 0.0693333 6.78701e-05
0 0.838299 0.214 0.124052 0.228 6.79211e-05
0 0.570152 0.00533333 0.0460455 0.0106667 6.80639e-05
0 0.554171 0.514667 0.0119177 0.106667 6.80764e-05
0 0.481582 0.0933333 0.0498375 0.072 6.81788e-05
0 0.852925 0.0213333 0.0492958 0.0426667 6.83013e-05
0 0.503792 0.0213333 0.0433369 0.0426667 6.88219e-05
0 0.528711 0 0.0509209 0 6.88706e-05
0 0.852925 0 0.0536295 0 6.97596e-05
0 0.803359 0 0.0520043 0 6.99193e-05
0 0.152221 1 0.0552546 0 7.00214e-05
0 0.559317 0.0953333 0.0752979 0.132 7.00691e-05
0 0.991333 0.446667 0.0130011 0.128 7.0421e-05
0 0.859967 0.00333333 0.0828819 0.00666667 7.04371e-05
0 0.0178765 0.170667 0.035753 0.264 7.04601e-05
0 0.00650054 0.3 0.0130011 0.136 7.06891e-05
0 0.233207 0.0906667 0.031961 0.12 7.09393e-05
0 0.687974 1 0.0834236 0 7.11796e-05
0 0.313651 0.110667 0.0173348 0.072 7.11951e-05
0 0.403575 0 0.0530878 0 7.17843e-05
0 0.748104 0.004 0.0812568 0.008 7.19098e-05
0 0.221289 0.628 0.442579 0.744 7.21422e-05
0 0.436891 0.980667 0.067714 0.0386667 7.24693e-05
0 0.138678 1 0.084507 0 7.31194e-05
0 0.0874865 0.993333 0.127302 0.0133333 7.31324e-05
0 0.65493 0 0.0509209 0 7.32163e-05
0 0.245666 0.453333 0.0449621 0.170667 7.32714e-05
0 0.216143 0.036 0.0682557 0.072 7.34779e-05
0 0.00812568 0.0653333 0.00975081 0.117333 7.42414e-05
0 0.30065 0.185333 0.0184182 0.0613333 7.44323e-05
0 0.34507 0.976667 0.0162514 0.0173333 7.45554e-05
0 0.324756 1 0.0720477 0 7.46456e-05
0 0.277898 0.407333 0.0780065 0.225333 7.48076e-05
0 0.421723 0.992 0.0492958 0.016 7.49716e-05
0 0.792524 0.004 0.0520043 0.008 7.51845e-05
0 0.323673 0.988 0.0731311 0.024 7.54774e-05
0 0.11078 0.542667 0.189057 0.522667 7.57909e-05
0 0.476706 1 0.0780065 0 7.61583e-05
0 0.785482 0.0753333 0.0476706 0.0786667 7.62664e-05
0 0.890845 0.04 0.0731311 0.08 7.62827e-05
0 0.114572 0.0193333 0.107801 0.0386667 7.65645e-05
0 0.242416 0.999333 0.0427952 0.00133333 7.67063e-05
0 0.599675 0.17 0.020585 0.0306667 7.67428e-05
0 0.448537 0.828 0.0780065 0.221333 7.68098e-05
0 0.446641 0.882667 0.100217 0.234667 7.682e-05
0 0.0249187 0.096 0.0498375 0.136 7.68351e-05
0 0.532232 0.148667 0.0471289 0.249333 7.71044e-05
0 0.218852 0.0933333 0.0346696 0.128 7.74519e-05
0 0.0157096 0.494667 0.0260022 0.0666667 7.8073e-05
0 0.356176 0.99 0.0406284 0.02 7.84483e-05
0 0.234832 0.0586667 0.0254605 0.0746667 7.87765e-05
0 0.678494 1 0.0482123 0 7.88306e-05
0 0.428765 0 0.052546 0 7.92051e-05
0 0.437974 0.996667 0.0720477 0.00666667 7.95473e-05
0 0.353467 0.974 0.0384615 0.0333333 7.99174e-05
0 0.0121885 0.889333 0.024377 0.181333 8.00264e-05
0 0.554171 1 0.0465872 0 8.00927e-05
0 0.377844 0 0.0536295 0 8.00963e-05
0 0.9052 0.328667 0.0541712 0.177333 8.09534e-05
0 0.350758 0.981333 0.024377 0.0213333 8.09903e-05
0 0.0067714 0.940667 0.0102925 0.118667 8.1216e-05
0 0.208017 0.990667 0.071506 0.0186667 8.12891e-05
0 0.0159805 0.516 0.031961 0.072 8.13054e-05
0 0.599675 0.150667 0.0400867 0.114667 8.13543e-05
0 0.592633 0.118667 0.0487541 0.237333 8.17265e-05
0 0.370802 0.06 0.0893824 0.12 8.18588e-05
0 0.0517335 0.456 0.103467 0.205333 8.20328e-05
0 0.23429 0.09 0.0200433 0.0786667 8.24422e-05
0 0.440683 0.596667 0.0828819 0.214667 8.27883e-05
0 0.884886 0.121333 0.0796316 0.152 8.31384e-05
0 0.600488 0.982 0.0612134 0.036 8.31481e-05
0 0.434995 0.004 0.0834236 0.008 8.33681e-05
0 0.297671 0.478667 0.0362947 0.088 8.34134e-05
0 0.0316901 0.953333 0.0633803 0.0933333 8.36398e-05
0 0.112134 0 0.0552546 0 8.43433e-05
0 0.316631 0.773333 0.163055 0.453333 8.48038e-05
0 0.638949 0.35 0.121885 0.294667 8.52371e-05
0 0.754334 0 0.0514626 0 8.53488e-05
0 0.236728 0.00733333 0.0585049 0.0146667 8.6087e-05
0 0.988082 1 0.0184182 0 8.62487e-05
0 0.860238 0.904667 0.104009 0.190667 8.6575e-05
0 0.747021 0.0666667 0.0314193 0.0906667 8.67133e-05
0 0.78467 0.002 0.0817985 0.004 8.72849e-05
0 0.215601 0.585333 0.0325027 0.117333 8.73085e-05
0 0.166576 0.993333 0.130553 0.0133333 8.74616e-05
0 0.384615 0.00266667 0.084507 0.00533333 8.74851e-05
0 0.383803 0.0693333 0.031961 0.0746667 8.75884e-05
0 0.648429 0.1 0.0693391 0.2 8.78112e-05
0 0.968852 0.334 0.06013 0.337333 8.79945e-05
0 0.330444 0.00666667 0.0444204 0.0133333 8.86458e-05
0 0.0235645 0.162667 0.0471289 0.138667 8.86476e-05
0 0.455038 1 0.0433369 0 8.86822e-05
0 0.0203142 1 0.0406284 0 8.8942e-05
0 0.527356 0.100667 0.0276273 0.044 8.90639e-05
0 0.981582 0.993333 0.0368364 0.0133333 8.93444e-05
0 0.851029 0.914667 0.105092 0.12 8.96489e-05
0 0.271939 0.276667 0.0216685 0.0786667 9.01069e-05
0 0.166847 0.0253333 0.0975081 0.0506667 9.01117e-05
0 0.606176 0.113333 0.020585 0.106667 9.02319e-05
0 0.367281 0.04 0.0606717 0.0746667 9.044e-05
0 0.110509 0.535333 0.131094 0.196 9.06958e-05
0 0.662514 0.998 0.0823402 0.004 9.07341e-05
0 0.356176 1 0.0427952 0 9.08794e-05
0 0.312568 0.0213333 0.0270856 0.04 9.08927e-05
0 0.778711 0 0.052546 0 9.18108e-05
0 0.733207 0.07 0.0330444 0.084 9.19771e-05
0 0.987541 0.980667 0.0130011 0.0386667 9.21814e-05
0 0.00758397 0.183333 0.0130011 0.126667 9.27944e-05
0 0.828277 0 0.0530878 0 9.33359e-05
0 0.26896 0.0186667 0.0427952 0.0373333 9.41661e-05
0 0.365926 0.995333 0.0872156 0.00933333 9.41793e-05
0 0.979415 1 0.0379198 0 9.43834e-05
0 0.993229 0.438667 0.0135428 0.234667 9.45688e-05
0 0.416847 0.512667 0.144637 0.574667 9.46174e-05
0 0.608072 0.03 0.024377 0.0546667 9.47373e-05
0 0.956934 0.00266667 0.0536295 0.00533333 9.48111e-05
0 0.637324 0.904 0.0547129 0.117333 9.58834e-05
0 0.177681 1 0.0541712 0 9.61352e-05
0 0.177952 0.528667 0.095883 0.188 9.65104e-05
0 0.888949 1 0.0942579 0 9.76196e-05
0 0.562026 0.491333 0.00704225 0.124 9.80797e-05
0 0.488353 0.138667 0.0893824 0.154667 9.86104e-05
0 0.166576 0.891333 0.120802 0.177333 9.87623e-05
0 0.871885 0.168 0.113218 0.104 9.89778e-05
0 0.986999 0.390667 0.0260022 0.368 0.000100122
0 0.129469 0.646 0.101842 0.364 0.000100971
0 0.65493 1 0.0509209 0 0.000101244
0 0.130553 0.527333 0.0552546 0.0733333 0.000101507
0 0.150325 0 0.0557963 0 0.000102034
0 0.962351 0.03 0.0752979 0.06 0.000102211
0 0.859155 0.0453333 0.0769231 0.0906667 0.000102956
0 0.216685 0.998667 0.0509209 0.00266667 0.000103171
0 0.304171 0.084 0.0157096 0.0426667 0.000103396
0 0.905742 0.379333 0.0682557 0.150667 0.00010377
0 0.0186891 0.984667 0.0373781 0.0306667 0.000104747
0 0.598862 0.920667 0.0568797 0.116 0.000105071
0 0.611593 0.012 0.056338 0.024 0.00010515
0 0.488895 0.0546667 0.0547129 0.0746667 0.000105448
0 0.223456 0.432 0.446912 0.864 0.000105549
0 0.70883 0.0746667 0.0308776 0.0853333 0.0001066
0 0.0877573 0 0.0541712 0 0.000107195
0 0.449892 0.920667 0.0287107 0.153333 0.000107244
0 0.221289 0.652 0.0287107 0.0933333 0.00010774
0 0.447454 0.883333 0.0476706 0.174667 0.000108155
0 0.0154388 0.0573333 0.0308776 0.114667 0.000108718
0 0.43039 1 0.0471289 0 0.000109184
0 0.24052 0.588 0.063922 0.170667 0.00010936
0 0.224269 0.998667 0.0790899 0.00266667 0.000109388
0 0.832611 0.750667 0.273023 0.498667 0.000109426
0 0.32584 0.353333 0.0384615 0.16 0.000109447
0 0.0650054 0.892667 0.11701 0.204 0.000110664
0 0.344258 0.00333333 0.0482123 0.00666667 0.00011123
0 0.138407 0.669333 0.06013 0.253333 0.000113193
0 0.0092091 1 0.0184182 0 0.000113388
0 0.238624 0.042 0.0406284 0.084 0.00011343
0 0.981582 0.0226667 0.0368364 0.0453333 0.000113662
0 0.866197 0.272667 0.121343 0.318667 0.000115211
0 0.353738 0 0.0530878 0 0.000116503
0 0.595341 0.988667 0.0411701 0.0226667 0.000116533
0 0.0138137 0.221333 0.0254605 0.184 0.000116829
0 0.988353 0.286 0.0232936 0.150667 0.000116948
0 0.136782 0.004 0.0926327 0.008 0.000117295
0 0.0222102 0.767333 0.0390032 0.230667 0.00011754
0 0.443662 0.985333 0.0444204 0.0293333 0.000118012
0 0.187703 0.0113333 0.0709642 0.0226667 0.000118489
0 0.957205 0.0393333 0.0509209 0.0466667 0.000118531
0 0.257584 0.0333333 0.0666305 0.0666667 0.000119395
0 0.832069 0.00533333 0.0509209 0.0106667 0.00011943
0 0.0590466 0.642 0.099675 0.222667 0.000120952
0 0.387866 0.994667 0.0758397 0.0106667 0.000121692
0 0.282774 0.997333 0.0476706 0.00533333 0.000121698
0 0.453684 0 0.052546 0 0.000122859
0 0.47779 0 0.0530878 0 0.000122913
0 0.00541712 0.85 0.0108342 0.236 0.000122977
0 0.0276273 0.890667 0.0552546 0.218667 0.000124991
0 0.3448 0.0213333 0.0557963 0.0426667 0.000125489
0 0.294691 0.164667 0.0368364 0.238667 0.000125889
0 0.300921 0.096 0.0276273 0.130667 0.000125921
0 0.0181473 0.295333 0.0362947 0.324 0.000126717
0 0.538732 0.01 0.0644637 0.02 0.000126983
0 0.176598 0 0.0552546 0 0.000127719
0 0.662243 0.00933333 0.0666305 0.0186667 0.000128609
0 0.0953413 0.01 0.0725894 0.02 0.000129416
0 0.586674 0.0153333 0.0574215 0.0306667 0.000130214
0 0.781961 0.0606667 0.095883 0.121333 0.000130356
0 0.262459 0.00733333 0.0612134 0.0146667 0.00013076
0 0.495125 1 0.0530878 0 0.0001308
0 0.232936 0.458667 0.0910076 0.352 0.000130956
0 0.322589 0.0766667 0.0417118 0.137333 0.000131094
0 0.245666 0.0246667 0.0341278 0.044 0.000131367
0 0.305525 0.380667 0.0975081 0.374667 0.000131821
0 0.462622 0.114 0.136511 0.228 0.000133348
0 0.33857 0.974667 0.0400867 0.0293333 0.000133371
0 0.0111051 0.911333 0.0146262 0.177333 0.000133383
0 0.419285 0.006 0.0498375 0.012 0.000133404
0 0.954225 0 0.0547129 0 0.00013403
0 0.539274 0.032 0.0752979 0.064 0.000134675
0 0.305255 0.449333 0.0406284 0.12 0.000135737
0 0.890574 0.0133333 0.0780065 0.0266667 0.000135859
0 0.0587757 0.0226667 0.0926327 0.0453333 0.000138062
0 0.809317 0.122667 0.0682557 0.0773333 0.000138541
0 0.0314193 0.064 0.0628386 0.128 0.000139706
0 0.295775 0.038 0.0455038 0.076 0.000140331
0 0.689599 0.408 0.620802 0.816 0.000142319
0 0.710997 0.0753333 0.0644637 0.110667 0.000144108
0 0.991603 0.317333 0.0135428 0.149333 0.000144302
0 0.241333 0.396667 0.0189599 0.0653333 0.000144439
0 0.4052 1 0.0498375 0 0.000145844
0 0.981311 0.0133333 0.0373781 0.0266667 0.000146147
0 0.382449 0.996667 0.0487541 0.00666667 0.000148244
0 0.00785482 0.086 0.0157096 0.148 0.000148251
0 0.91441 0.0286667 0.0964247 0.0573333 0.000148603
0 0.557963 0.0186667 0.0444204 0.0373333 0.00014998
0 0.985103 0.0706667 0.0297941 0.141333 0.000151014
0 0.0100217 0.338 0.0178765 0.26 0.000153277
0 0.677681 0.0853333 0.0866739 0.170667 0.000157459
0 0.0501083 0 0.0557963 0 0.000157594
0 0.369447 0.00533333 0.0520043 0.0106667 0.000157708
0 0.831528 0.107333 0.106176 0.110667 0.000158089
0 0.307151 0.994667 0.0487541 0.0106667 0.000158589
0 0.0132719 0.47 0.0265439 0.158667 0.000159392
0 0.00758397 0.238 0.0151679 0.185333 0.000159786
0 0.600758 0.154 0.00975081 0.0706667 0.00016133
0 0.0530878 0.349333 0.106176 0.328 0.000162089
0 0.516793 0.997333 0.0520043 0.00533333 0.000163013
0 0.210726 0 0.0823402 0 0.000163635
0 0.602654 0.149333 0.0222102 0.0666667 0.000166697
0 0.304984 1 0.0487541 0 0.000167818
0 0.973456 0.0786667 0.0520043 0.141333 0.000168938
0 0.0381907 0.991333 0.0763814 0.0173333 0.000169606
0 0.812568 0.0126667 0.0758397 0.0253333 0.000169634
0 0.00650054 0.913333 0.0130011 0.173333 0.000170786
0 0.394095 0.00733333 0.0514626 0.0146667 0.00017181
0 0.637053 0.00733333 0.0769231 0.0146667 0.00017212
0 0.834507 0.038 0.0687974 0.076 0.000172402
0 0.311755 0.0873333 0.0308776 0.0653333 0.000172439
0 0.757855 0.603333 0.48429 0.793333 0.000173246
0 0.34507 0.986667 0.0292524 0.0266667 0.000174478
0 0.479415 0.00666667 0.0520043 0.0133333 0.00017511
0 0.599133 0.158667 0.0216685 0.0346667 0.000178129
0 0.59805 0.163333 0.00758397 0.0386667 0.000178202
0 0.687432 0.00933333 0.084507 0.0186667 0.000180643
0 0.00704225 0.46 0.0140845 0.130667 0.000180883
0 0.976977 0.218 0.0460455 0.286667 0.000182732
0 0.300108 0.995333 0.0790899 0.00933333 0.000183805
0 0.06961 0.652 0.13922 0.384 0.000185104
0 0.493229 0.0766667 0.0438787 0.0546667 0.000185251
0 0.175244 1 0.0839653 0 0.000186188
0 0.286836 0.00533333 0.0763814 0.0106667 0.000188956
0 0.791441 0.022 0.0520043 0.044 0.000192833
0 0.769502 0.00733333 0.052546 0.0146667 0.000193984
0 0.935807 0.0246667 0.0752979 0.0466667 0.000195544
0 0.00487541 0.732 0.00975081 0.144 0.000196524
0 0.43662 0.0133333 0.0769231 0.0266667 0.000197768
0 0.652492 0.0973333 0.0297941 0.04 0.00019796
0 0.511376 0.00466667 0.084507 0.00933333 0.000200122
0 0.979415 0.000666667 0.0411701 0.00133333 0.000201375
0 0.0219393 0.59 0.0417118 0.177333 0.000201678
0 0.628386 0.0453333 0.0595883 0.088 0.000202691
0 0.736999 0.07 0.0666305 0.124 0.000202911
0 0.41468 0.990667 0.0796316 0.0186667 0.000204202
0 0.662243 0.492 0.58234 0.984 0.000204494
0 0.0276273 1 0.0530878 0 0.000205635
0 0.115114 0.869333 0.197725 0.261333 0.000206507
0 0.621343 0.945333 0.0747562 0.109333 0.000206732
0 0.593716 0.0753333 0.0325027 0.124 0.000209784
0 0.55065 0.204 0.0460455 0.261333 0.0002179
0 0.563109 0.00866667 0.0785482 0.0173333 0.000218394
0 0.203684 1 0.0541712 0 0.000220596
0 0.721289 0.00933333 0.0406284 0.0186667 0.000221171
0 0.560401 0.530667 0.0113759 0.144 0.000221726
0 0.31961 0.014 0.028169 0.028 0.000223213
0 0.00785482 0.522 0.0157096 0.0946667 0.00022343
0 0.314464 0.012 0.0655471 0.024 0.00022921
0 0.467226 0.5 0.627844 1 0.000229667
0 0.280336 1 0.0482123 0 0.000231797
0 0.714518 0.042 0.0574215 0.076 0.000233546
0 0.530878 0.135333 0.0346696 0.0973333 0.000235499
0 0.261918 1 0.0709642 0 0.000235523
0 0.21533 0.628 0.0265439 0.0906667 0.000237298
0 0.307963 0.101333 0.0189599 0.0586667 0.000237535
0 0.0980498 0.002 0.0985916 0.004 0.000239845
0 0.00758397 0.641333 0.0151679 0.149333 0.000243519
0 0.148971 0.48 0.297942 0.96 0.000245126
0 0.519502 0.127333 0.035753 0.0893333 0.000247082
0 0.240791 1 0.0471289 0 0.000247389
0 0.429848 0.936 0.067714 0.109333 0.000247404
0 0.31636 0.0526667 0.0238353 0.105333 0.00024781
0 0.0162514 0.780667 0.0325027 0.369333 0.000250838
0 0.33857 0.0126667 0.0617551 0.0253333 0.000250875
0 0.504605 0.04 0.0731311 0.08 0.000254243
0 0.35753 0.0173333 0.0487541 0.0346667 0.000257929
0 0.813109 0.455333 0.373781 0.910667 0.000260514
0 0.745395 0.008 0.0465872 0.016 0.000260918
0 0.0067714 0.39 0.0135428 0.217333 0.000261654
0 0.399783 1 0.0801734 0 0.000262823
0 0.618635 0.04 0.0173348 0.0586667 0.000265135
0 0.78467 0.0113333 0.0752979 0.0226667 0.000268094
0 0.838299 0.00866667 0.0926327 0.0173333 0.000272231
0 0.493499 1 0.0541712 0 0.000273565
0 0.00866739 0.800667 0.0130011 0.273333 0.00028008
0 0.564193 0.214667 0.0222102 0.0933333 0.000281961
0 0.381094 1 0.0503792 0 0.00028763
0 0.00839653 0.518 0.0102925 0.148 0.000290998
0 0.163868 0 0.115385 0 0.000293283
0 0.288462 1 0.0785482 0 0.000294086
0 0.570964 0.0326667 0.0650054 0.0653333 0.000294284
0 0.567443 0.52 0.0352113 0.208 0.000298142
0 0.456663 0.00866667 0.0520043 0.0173333 0.000299949
0 0.0113759 0.538667 0.0216685 0.173333 0.00030078
0 0.961268 0.0273333 0.0709642 0.0546667 0.000305259
0 0.605363 0.0493333 0.0406284 0.0853333 0.000307006
0 0.115385 0.906667 0.153846 0.170667 0.000309575
0 0.535211 0.994 0.0931744 0.012 0.000314793
0 0.987812 0.0133333 0.0232936 0.0266667 0.000327566
0 0.636782 0.972667 0.0785482 0.0546667 0.000328482
0 0.762459 0.0666667 0.0666305 0.12 0.0003285
0 0.713705 0.0153333 0.0752979 0.0306667 0.000329031
0 0.589382 0.0386667 0.0465872 0.0773333 0.000330954
0 0.99377 0.313333 0.0124594 0.264 0.000331711
0 0.500271 0.996667 0.0926327 0.00666667 0.000336512
0 0.293879 0.164667 0.0330444 0.108 0.000342243
0 0.446371 0.0646667 0.0444204 0.0706667 0.000342897
0 0.0108342 0.426 0.0173348 0.238667 0.000344831
0 0.940412 0.012 0.0812568 0.024 0.000344841
0 0.408722 0.0633333 0.039545 0.0733333 0.000346612
0 0.284399 0.5 0.568797 1 0.000347716
0 0.91468 0.00666667 0.0980498 0.0133333 0.000348486
0 0.61701 0.0606667 0.0151679 0.0653333 0.000348761
0 0.738353 0.018 0.063922 0.036 0.000352542
0 0.673348 0.0693333 0.0400867 0.048 0.000356249
0 0.121614 0.551333 0.0828819 0.126667 0.000364753
0 0.650596 0.092 0.0671723 0.096 0.000376341
0 0.0295233 0.414 0.0590466 0.313333 0.000376601
0 0.609426 0.0713333 0.0227519 0.076 0.000379682
0 0.683911 0.056 0.0633803 0.0906667 0.000390455
0 0.571235 0.0233333 0.039545 0.0466667 0.000391923
0 0.247562 0.416667 0.0314193 0.0893333 0.000402306
0 0.551733 0.206 0.039545 0.126667 0.000403767
0 0.528982 1 0.0547129 0 0.000405704
0 0.987812 0.052 0.024377 0.104 0.000406164
0 0.398158 0.0153333 0.0812568 0.0306667 0.000406259
0 0.986999 0.160667 0.0260022 0.265333 0.000408144
0 0.212622 1 0.0828819 0 0.000413435
0 0.47481 0.0606667 0.0926327 0.121333 0.000418749
0 0.384074 0.0393333 0.0455038 0.0573333 0.000419158
0 0.18662 0.699333 0.373239 0.601333 0.000420239
0 0.616468 0.906 0.0585049 0.14 0.00042158
0 0.466685 0.358 0.688516 0.716 0.000429092
0 0.395991 0.0373333 0.0888407 0.0746667 0.000430459
0 0.0609426 0 0.111051 0 0.00043361
0 0.976977 0 0.0460455 0 0.000442189
0 0.00541712 0.76 0.0108342 0.245333 0.000451334
0 0.817172 0.133333 0.0222102 0.0506667 0.000458073
0 0.482394 0.012 0.0850488 0.024 0.000459824
0 0.904659 0.024 0.0476706 0.0426667 0.000460724
0 0.657096 0.0886667 0.0465872 0.0466667 0.000470149
0 0.0151679 0.659333 0.0303359 0.310667 0.000483965
0 0.00731311 0.580667 0.0135428 0.196 0.000487116
0 0.712351 0.0426667 0.028169 0.04 0.000506229
0 0.323673 0.0413333 0.0276273 0.0826667 0.000508978
0 0.809859 0.04 0.0855905 0.08 0.000526011
0 0.290899 0.176667 0.0173348 0.0733333 0.000526105
0 0.832069 0.0213333 0.0509209 0.0426667 0.000550315
0 0.989707 0.0373333 0.0162514 0.0746667 0.000555427
0 0.452329 0.961333 0.0270856 0.0693333 0.00055685
0 0.364843 0.01 0.0893824 0.02 0.000566898
0 0.321506 0.0506667 0.0167931 0.0666667 0.000572067
0 0.785211 0.0486667 0.0742145 0.0813333 0.000574947
0 0.992145 0.144 0.0157096 0.189333 0.00057943
0 0.660888 0.774667 0.426869 0.450667 0.000580241
0 0.887053 0.895333 0.141387 0.153333 0.000582043
0 0.761376 0.0146667 0.0817985 0.0293333 0.000606583
0 0.964789 0.00533333 0.0704225 0.0106667 0.000612228
0 0.391658 0.0526667 0.0595883 0.0946667 0.000626388
0 0.583153 0.0333333 0.0287107 0.0506667 0.000652779
0 0.524648 1 0.0893824 0 0.000662103
0 0.00975081 0.646667 0.0162514 0.269333 0.000663272
0 0.95585 0.0233333 0.0514626 0.036 0.000670899
0 0.987541 0.260667 0.0249187 0.3 0.000681718
0 0.435265 0.965333 0.0514626 0.0453333 0.000683099
0 0.376219 0.69 0.692849 0.62 0.000683309
0 0.0322319 0.01 0.0644637 0.02 0.000699667
0 0.888137 0.170667 0.0709642 0.0666667 0.000734568
0 0.439328 0.0486667 0.104009 0.0973333 0.000746898
0 0.326111 0.0306667 0.0249187 0.048 0.000788192
0 0.755688 0.0446667 0.0400867 0.0733333 0.000806329
0 0.66468 0.07 0.0693391 0.084 0.000840197
0 0.263001 0.5 0.45558 1 0.00086669
0 0.530878 0.126667 0.0162514 0.0773333 0.000915679
0 0.894366 0.336667 0.0985916 0.286667 0.000939141
0 0.592362 0.0373333 0.0211268 0.0586667 0.000944208
0 0.482936 0.072 0.0828819 0.0693333 0.000959733
0 0.991874 0.076 0.0162514 0.152 0.000974182
0 0.0270856 0 0.0541712 0 0.000983284
0 0.460184 0.0193333 0.0839653 0.0386667 0.00110344
0 0.735103 0.0366667 0.0606717 0.0706667 0.00113132
0 0.989166 0.184667 0.0151679 0.134667 0.00122959
0 0.611863 0.052 0.0200433 0.0533333 0.00127857
0 0.608884 0.291333 0.0682557 0.105333 0.00139392
0 0.733207 0.0213333 0.0417118 0.0373333 0.0014284
0 0.480769 0.0246667 0.067714 0.0493333 0.00152309
0 0.523835 0.121333 0.020585 0.064 0.00154181
0 0.222914 0.579333 0.0427952 0.206667 0.00157059
0 0.555525 0.207333 0.0211268 0.0973333 0.00196075
0 0.745125 0.0233333 0.0417118 0.0466667 0.00198006
0 0.558505 0.514667 0.0227519 0.152 0.00213657
0 0.717497 0.028 0.0232936 0.0373333 0.00218467
0 0.771398 0.0253333 0.0693391 0.0506667 0.00222411
0 0.432015 0.026 0.0503792 0.044 0.0025242
0 0.418743 0.0426667 0.0476706 0.056 0.00297198
0 0.386241 0.0246667 0.0725894 0.0493333 0.00301426
0 0.460997 0.743333 0.325027 0.513333 0.0030681
0 0.443662 0.946 0.0411701 0.0733333 0.00392966
0 0.992145 0.234667 0.0157096 0.192 0.00427231
0 0.304171 0.393333 0.0492958 0.221333 0.00563984
0 0.464518 0.0573333 0.0752979 0.08 0.00602389
0 0.459101 0.0293333 0.0687974 0.0586667 0.00969338
0 0.222644 0.603333 0.0270856 0.0893333 0.00993156
0 0.439599 0.0433333 0.0796316 0.0706667 0.0126313
0 0.233749 0.519333 0.0579632 0.238667 0.0153007
0 0.618635 0.364 0.255688 0.650667 0.0191453
0 0.407638 0.03 0.0644637 0.06 0.0193631
0 0.624594 0.774667 0.245937 0.450667 0.0226099
0 0.432828 0.875333 0.063922 0.236 0.133632
0 0.610509 0.342 0.0866739 0.185333 0.918585
0 0.624052 0.914 0.12026 0.172 0.94485
