0 0.411701 0.118667 0.0877573 0.237333 1.27856e-05
0 0.347508 0.588667 0.0742145 0.14 1.27877e-05
0 0.119989 0.813333 0.239978 0.373333 1.28076e-05
0 0.432015 0.0566667 0.0417118 0.0946667 1.28205e-05
0 0.493499 0.0966667 0.0422535 0.06 1.28334e-05
0 0.317443 0.842 0.0790899 0.222667 1.29007e-05
0 0.785482 0.0686667 0.0455038 0.084 1.29068e-05
0 0.464247 0.598667 0.0325027 0.056 1.29493e-05
0 0.723185 0.164667 0.166847 0.329333 1.29775e-05
0 0.0173348 0.76 0.0346696 0.136 1.30025e-05
0 0.721831 0.287333 0.17714 0.574667 1.30169e-05
0 0.647616 0.953333 0.0828819 0.0933333 1.30369e-05
0 0.445829 0.963333 0.0606717 0.06 1.30932e-05
0 0.661159 0.114 0.0687974 0.228 1.31193e-05
0 0.31013 0.0526667 0.0807151 0.084 1.32618e-05
0 0.0809859 0.483333 0.122969 0.174667 1.32668e-05
0 0.432286 0.972667 0.0465872 0.0333333 1.32988e-05
0 0.900054 0.226 0.0698808 0.092 1.33052e-05
0 0.868635 0.886667 0.0211268 0.0613333 1.33555e-05
0 0.984832 0.792 0.0303359 0.0906667 1.33975e-05
0 0.494583 0.331333 0.0465872 0.116 1.34298e-05
0 0.915493 0.997333 0.0465872 0.00533333 1.35109e-05
0 0.613489 0.643333 0.0568797 0.150667 1.35156e-05
0 0.218581 0.970667 0.095883 0.0586667 1.35529e-05
0 0.0165222 0.694667 0.0330444 0.133333 1.358e-05
0 0.443933 0.852667 0.0449621 0.116 1.36479e-05
0 0.145991 0.522 0.052546 0.102667 1.36792e-05
0 0.712351 0.213333 0.056338 0.141333 1.368e-05
0 0.382719 0.645333 0.0384615 0.088 1.37038e-05
0 0.788732 0.411333 0.0888407 0.18 1.37058e-05
0 0.0330444 0.0333333 0.0498375 0.0666667 1.37332e-05
0 0.451246 0.468667 0.0704225 0.294667 1.3739e-05
0 0.271127 0.0186667 0.0579632 0.0373333 1.37878e-05
0 0.842633 0.11 0.0471289 0.121333 1.38337e-05
0 0.707205 0.465333 0.0861322 0.266667 1.38757e-05
0 0.83857 0.879333 0.0487541 0.0626667 1.38942e-05
0 0.225894 0.298 0.0433369 0.153333 1.39044e-05
0 0.41766 0.0953333 0.0422535 0.132 1.39049e-05
0 0.862405 0.878667 0.0130011 0.0426667 1.39349e-05
0 0.541983 0.674667 0.039545 0.0693333 1.40511e-05
0 0.495937 0.952667 0.024377 0.0626667 1.40582e-05
0 0.169556 0.936667 0.0422535 0.076 1.40929e-05
0 0.636241 0.551333 0.0308776 0.068 1.41829e-05
0 0.370802 0.612 0.0438787 0.08 1.41862e-05
0 0.469393 0.974667 0.039545 0.0293333 1.42801e-05
0 0.413055 0.558 0.0785482 0.108 1.43078e-05
0 0.523023 0.0706667 0.0330444 0.0986667 1.43212e-05
0 0.531961 0.854667 0.0433369 0.133333 1.43283e-05
0 0.534399 0.970667 0.0536295 0.048 1.43353e-05
0 0.108884 0.179333 0.15493 0.358667 1.43917e-05
0 0.385428 0.594 0.0796316 0.142667 1.44271e-05
0 0.723727 0.818 0.0595883 0.188 1.44457e-05
0 0.838299 0.507333 0.0449621 0.028 1.44701e-05
0 0.88597 0.371333 0.0655471 0.148 1.45084e-05
0 0.638137 0.478667 0.0520043 0.168 1.45131e-05
0 0.482124 0.386667 0.0650054 0.157333 1.45395e-05
0 0.391928 0.339333 0.120802 0.316 1.46164e-05
0 0.0211268 0.206 0.0260022 0.254667 1.46453e-05
0 0.473727 0.156667 0.14572 0.313333 1.46507e-05
0 0.426869 0.200667 0.138678 0.401333 1.46767e-05
0 0.0815276 0.334667 0.129469 0.224 1.46873e-05
0 0.937432 0.310667 0.0579632 0.104 1.47032e-05
0 0.846425 0.980667 0.0341278 0.028 1.47936e-05
0 0.0799025 0.0853333 0.116468 0.162667 1.48701e-05
0 0.619989 0.476667 0.0449621 0.150667 1.48759e-05
0 0.0197725 0.206667 0.039545 0.128 1.49123e-05
0 0.219664 0.706667 0.0438787 0.12 1.49627e-05
0 0.225894 0.208667 0.0411701 0.145333 1.49999e-05
0 0.86078 0.878 0.0498375 0.102667 1.50044e-05
0 0.172806 0.525333 0.0498375 0.096 1.50501e-05
0 0.731311 0.726 0.084507 0.161333 1.50958e-05
0 0.40493 0.00333333 0.0503792 0.00666667 1.53228e-05
0 0.492416 0.958667 0.0888407 0.0826667 1.53504e-05
0 0.482124 0.928667 0.028169 0.0573333 1.53712e-05
0 0.912784 0.902 0.114843 0.137333 1.54029e-05
0 0.674973 0.582667 0.0660888 0.293333 1.54148e-05
0 0.226977 0.144667 0.0390032 0.137333 1.5424e-05
0 0.483478 0.936667 0.0135428 0.052 1.54461e-05
0 0.829632 0 0.0482123 0 1.54822e-05
0 0.535753 0.47 0.0910076 0.174667 1.5545e-05
0 0.687703 0.042 0.0839653 0.084 1.55948e-05
0 0.266793 0.97 0.0937161 0.06 1.55954e-05
0 0.264897 0.759333 0.0530878 0.132 1.56666e-05
0 0.787107 0.91 0.104009 0.18 1.56727e-05
0 0.485645 0.47 0.0980498 0.166667 1.56793e-05
0 0.574485 0.948 0.0980498 0.104 1.56924e-05
0 0.943662 0.968 0.099675 0.064 1.57022e-05
0 0.720206 0.388667 0.095883 0.246667 1.57762e-05
0 0.663868 0.883333 0.0254605 0.137333 1.57815e-05
0 0.222102 0.332667 0.0812568 0.446667 1.58482e-05
0 0.640033 0.972 0.0807151 0.056 1.59394e-05
0 0.638137 0.0386667 0.0801734 0.0773333 1.59652e-05
0 0.388137 0.0373333 0.0720477 0.0746667 1.59753e-05
0 0.371343 0.270667 0.0482123 0.088 1.60097e-05
0 0.846696 0.865333 0.0790899 0.269333 1.6034e-05
0 0.0276273 0.424667 0.0530878 0.148 1.60346e-05
0 0.937432 0.766667 0.112134 0.138667 1.60579e-05
0 0.371885 0.148 0.163055 0.296 1.60653e-05
0 0.0287107 0.627333 0.0411701 0.281333 1.60865e-05
0 0.52221 0.212667 0.0433369 0.121333 1.61161e-05
0 0.111863 0.406667 0.153304 0.234667 1.61412e-05
0 0.20883 0.791333 0.0460455 0.116 1.61488e-05
0 0.743229 0.581333 0.0888407 0.133333 1.61893e-05
0 0.736999 0.472 0.0980498 0.16 1.62054e-05
0 0.9461 0.149333 0.107801 0.298667 1.62138e-05
0 0.0216685 0.118667 0.0260022 0.213333 1.62139e-05
0 0.370531 0.194 0.0704225 0.201333 1.63327e-05
0 0.836945 0.514667 0.020585 0.0186667 1.63446e-05
0 0.414951 0.708667 0.0899242 0.158667 1.63653e-05
0 0.757855 0.98 0.0899242 0.04 1.64733e-05
0 0.0669014 0.970667 0.117551 0.0586667 1.6475e-05
0 0.720206 0.510667 0.157638 0.624 1.65162e-05
0 0.545775 0.0386667 0.0373781 0.0693333 1.65409e-05
0 0.221018 0.935333 0.0433369 0.0893333 1.65421e-05
0 0.619447 0.584 0.039545 0.125333 1.65705e-05
0 0.42416 0.847333 0.0530878 0.150667 1.66222e-05
0 0.194475 0.936 0.0444204 0.08 1.66334e-05
0 0.45585 0.968667 0.0482123 0.0306667 1.66404e-05
0 0.186349 0.09 0.0574215 0.177333 1.66507e-05
0 0.112947 1 0.0503792 0 1.67048e-05
0 0.435536 0.809333 0.100758 0.157333 1.67332e-05
0 0.608342 0.964667 0.101842 0.0706667 1.67449e-05
0 0.712351 0.977333 0.0834236 0.0453333 1.67567e-05
0 0.719935 0.234667 0.035753 0.0613333 1.67898e-05
0 0.672264 0.972667 0.0465872 0.0546667 1.68097e-05
0 0.732123 0.244 0.0362947 0.0666667 1.69478e-05
0 0.520043 0.354 0.0390032 0.102667 1.71186e-05
0 0.719664 0.246667 0.0178765 0.0613333 1.7174e-05
0 0.434453 0.451333 0.0400867 0.0973333 1.72038e-05
0 0.56961 0.0633333 0.0557963 0.102667 1.72063e-05
0 0.705309 0 0.0520043 0 1.72064e-05
0 0.137595 0.0266667 0.099675 0.0533333 1.72185e-05
0 0.878115 0.421333 0.136511 0.530667 1.72681e-05
0 0.622969 0.522 0.130011 0.58 1.73338e-05
0 0.822589 0.946 0.0482123 0.0706667 1.73559e-05
0 0.346154 0.516667 0.0422535 0.108 1.73597e-05
0 0.219393 0.767333 0.0433369 0.132 1.74043e-05
0 0.831257 0.177333 0.0449621 0.104 1.74413e-05
0 0.667931 0.964 0.0704225 0.072 1.74668e-05
0 0.681744 0.647333 0.039545 0.132 1.7495e-05
0 0.311484 0.420667 0.106176 0.156 1.75457e-05
0 0.020585 0.064 0.0390032 0.101333 1.76254e-05
0 0.733749 0.066 0.0406284 0.076 1.76455e-05
0 0.809317 0.00133333 0.0780065 0.00266667 1.77795e-05
0 0.260834 0.846 0.106717 0.174667 1.78891e-05
0 0.585049 0.07 0.0379198 0.084 1.79242e-05
0 0.283586 0.119333 0.119718 0.238667 1.79252e-05
0 0.808776 0.400667 0.0866739 0.308 1.79493e-05
0 0.900596 0.408667 0.0709642 0.118667 1.81567e-05
0 0.510022 0.922 0.0742145 0.156 1.81641e-05
0 0.0644637 0.998667 0.0509209 0.00266667 1.82063e-05
0 0.356446 0.463333 0.035753 0.132 1.82216e-05
0 0.656284 0.551333 0.0373781 0.0946667 1.83284e-05
0 0.814735 0.597333 0.100758 0.170667 1.8389e-05
0 0.62649 0.528 0.0709642 0.194667 1.84973e-05
0 0.666576 0.568 0.0222102 0.0453333 1.857e-05
0 0.757584 0.00666667 0.0503792 0.0133333 1.8582e-05
0 0.918472 0.264 0.122969 0.248 1.86397e-05
0 0.347237 0.554667 0.0487541 0.0933333 1.86501e-05
0 0.654388 0 0.0509209 0 1.8651e-05
0 0.776273 0.492 0.0184182 0.0453333 1.87257e-05
0 0.951788 0.566667 0.0953413 0.218667 1.87588e-05
0 0.618364 0.0713333 0.0287107 0.0386667 1.87611e-05
0 0.595612 0.209333 0.0384615 0.128 1.87968e-05
0 0.707747 0.986667 0.0460455 0.0266667 1.88625e-05
0 0.50623 0.212 0.0406284 0.12 1.88999e-05
0 0.369718 0.664667 0.0492958 0.1 1.89583e-05
0 0.464247 0.889333 0.0422535 0.0613333 1.89681e-05
0 0.760293 0.204667 0.0449621 0.068 1.90081e-05
0 0.739166 0.268 0.0850488 0.24 1.90405e-05
0 0.487541 0.962667 0.0693391 0.0746667 1.90779e-05
0 0.0162514 0.822 0.0325027 0.137333 1.91296e-05
0 0.559047 0.982 0.035753 0.0306667 1.91925e-05
0 0.394908 0.0253333 0.0476706 0.0506667 1.91932e-05
0 0.975623 0.67 0.0368364 0.092 1.91985e-05
0 0.254063 0.092 0.092091 0.146667 1.92733e-05
0 0.0159805 0.7 0.0222102 0.285333 1.93426e-05
0 0.736457 0.879333 0.0579632 0.156 1.93589e-05
0 0.156284 0.0533333 0.0492958 0.0773333 1.94485e-05
0 0.917389 0.331333 0.102384 0.142667 1.95076e-05
0 0.28169 0.934 0.0433369 0.0973333 1.95648e-05
0 0.63597 0.632 0.0595883 0.288 1.96653e-05
0 0.10753 0.632667 0.103467 0.246667 1.96911e-05
0 0.730769 0 0.0520043 0 1.97005e-05
0 0.756771 0.042 0.0595883 0.084 2.00898e-05
0 0.497291 0.982667 0.035753 0.0293333 2.01042e-05
0 0.627302 0.146667 0.145179 0.293333 2.01195e-05
0 0.781419 0.326667 0.0904659 0.288 2.02506e-05
0 0.680661 0 0.0514626 0 2.03948e-05
0 0.657096 0.636667 0.0411701 0.137333 2.04684e-05
0 0.540899 0.379333 0.0893824 0.161333 2.05487e-05
0 0.129469 0.002 0.056338 0.004 2.05744e-05
0 0.634615 0.982667 0.039545 0.0133333 2.06382e-05
0 0.186349 0.488 0.092091 0.194667 2.06795e-05
0 0.687432 0.961333 0.0780065 0.0773333 2.07588e-05
0 0.399242 0.958 0.0455038 0.0546667 2.07628e-05
0 0.264626 0.026 0.102384 0.052 2.07909e-05
0 0.849133 0.896667 0.0471289 0.174667 2.08092e-05
0 0.514626 0.0313333 0.0758397 0.0626667 2.0924e-05
0 0.398971 0.984667 0.06013 0.0306667 2.09617e-05
0 0.767877 0.002 0.0655471 0.004 2.10382e-05
0 0.812839 0.507333 0.144637 0.598667 2.10525e-05
0 0.0869447 0.999333 0.0514626 0.00133333 2.10972e-05
0 0.207746 0.915333 0.0427952 0.113333 2.11463e-05
0 0.456663 0.994 0.0444204 0.012 2.11766e-05
0 0.386511 0.969333 0.031961 0.0426667 2.11981e-05
0 0.1552 0.0173333 0.0503792 0.0346667 2.12752e-05
0 0.672264 0.788667 0.0660888 0.14 2.14058e-05
0 0.634886 0.142 0.0487541 0.092 2.1477e-05
0 0.313109 0.403333 0.145179 0.289333 2.14855e-05
0 0.738624 0.639333 0.0807151 0.153333 2.15162e-05
0 0.565276 0.984667 0.0828819 0.0306667 2.15347e-05
0 0.434453 0.524 0.0476706 0.088 2.15613e-05
0 0.0289816 0.976 0.0460455 0.048 2.16398e-05
0 0.270043 0.827333 0.179307 0.345333 2.16412e-05
0 0.663326 0.615333 0.119718 0.5 2.17244e-05
0 0.719935 1 0.0628386 0 2.19082e-05
0 0.620802 0.536 0.0390032 0.133333 2.1923e-05
0 0.660618 0.522667 0.0742145 0.192 2.20183e-05
0 0.346696 0.614667 0.0509209 0.0933333 2.20504e-05
0 0.812839 0.216 0.0991333 0.170667 2.20876e-05
0 0.462893 0.0873333 0.0622969 0.174667 2.21075e-05
0 0.463434 0.0293333 0.0774648 0.0586667 2.21144e-05
0 0.917931 0.026 0.0460455 0.0413333 2.21448e-05
0 0.756771 0.392 0.0801734 0.32 2.21643e-05
0 0.0555255 0.88 0.100217 0.24 2.22003e-05
0 0.630553 0 0.0509209 0 2.22312e-05
0 0.314464 0.944 0.0709642 0.112 2.22759e-05
0 0.408722 0.970667 0.0427952 0.0373333 2.22952e-05
0 0.742145 0.524 0.092091 0.138667 2.23141e-05
0 0.33559 0.0473333 0.0796316 0.0653333 2.23744e-05
0 0.267876 0.916 0.0460455 0.128 2.23747e-05
0 0.162784 0.949333 0.0893824 0.101333 2.24217e-05
0 0.699621 0.936 0.0514626 0.112 2.25303e-05
0 0.533586 0.976667 0.0368364 0.0306667 2.25347e-05
0 0.766522 0.395333 0.15818 0.617333 2.26254e-05
0 0.452329 0.468667 0.0693391 0.134667 2.26598e-05
0 0.282232 0.653333 0.106176 0.317333 2.26752e-05
0 0.666576 0.708667 0.06013 0.150667 2.26814e-05
0 0.0888407 0 0.0552546 0 2.26844e-05
0 0.30688 0.44 0.052546 0.117333 2.27669e-05
0 0.443391 0.62 0.0417118 0.0906667 2.2801e-05
0 0.468852 0.26 0.128386 0.52 2.29271e-05
0 0.427411 0.285333 0.0422535 0.109333 2.29352e-05
0 0.814193 0.252 0.160347 0.504 2.29642e-05
0 0.226706 0.0873333 0.031961 0.116 2.30127e-05
0 0.435807 0.913333 0.0969664 0.173333 2.30324e-05
0 0.431203 0.104 0.0736728 0.173333 2.30858e-05
0 0.562568 0.0353333 0.0752979 0.0706667 2.30951e-05
0 0.113218 0.956 0.12351 0.088 2.31068e-05
0 0.64572 0.602 0.0292524 0.076 2.31323e-05
0 0.130553 0.497333 0.108342 0.197333 2.31344e-05
0 0.33532 0.644 0.0509209 0.109333 2.3192e-05
0 0.571235 0.231333 0.0503792 0.137333 2.32186e-05
0 0.546587 0.126667 0.0335861 0.112 2.32607e-05
0 0.0135428 0.934 0.0270856 0.132 2.32773e-05
0 0.756501 0.044 0.0384615 0.048 2.32949e-05
0 0.306338 0.204667 0.151138 0.270667 2.33962e-05
0 0.896262 0.985333 0.0720477 0.0293333 2.34211e-05
0 0.758126 0.290667 0.0514626 0.112 2.34362e-05
0 0.580715 0.958667 0.0444204 0.0826667 2.34591e-05
0 0.975623 0.972667 0.0400867 0.036 2.35266e-05
0 0.882178 0.424 0.0514626 0.112 2.35422e-05
0 0.825569 0.967333 0.0953413 0.06 2.35551e-05
0 0.822319 0.974667 0.0498375 0.0346667 2.35665e-05
0 0.776273 0.476667 0.0292524 0.0973333 2.36325e-05
0 0.244041 0.706667 0.0731311 0.149333 2.37434e-05
0 0.339924 0.537333 0.109967 0.162667 2.37502e-05
0 0.0330444 0.094 0.0509209 0.14 2.37569e-05
0 0.258667 0.600667 0.0709642 0.217333 2.38185e-05
0 0.188787 0.899333 0.0817985 0.174667 2.38431e-05
0 0.513272 0.335333 0.0731311 0.150667 2.40552e-05
0 0.463164 0.858667 0.145179 0.282667 2.4058e-05
0 0.917389 0 0.0514626 0 2.41462e-05
0 0.15493 0.605333 0.0541712 0.128 2.41706e-05
0 0.625406 0.58 0.0178765 0.072 2.42486e-05
0 0.637866 0.636 0.0427952 0.144 2.43516e-05
0 0.281419 0.586667 0.0503792 0.133333 2.44401e-05
0 0.210726 0.477333 0.108342 0.36 2.4488e-05
0 0.00839653 0.966667 0.0102925 0.0666667 2.46836e-05
0 0.424431 0.986667 0.067714 0.0266667 2.47544e-05
0 0.244583 0.312 0.103467 0.218667 2.47894e-05
0 0.894366 0.994667 0.0465872 0.0106667 2.48206e-05
0 0.742687 0.01 0.0520043 0.02 2.48231e-05
0 0.947183 0.0253333 0.0482123 0.0373333 2.48285e-05
0 0.0425244 0.2 0.0850488 0.4 2.48564e-05
0 0.865655 0.983333 0.0866739 0.0333333 2.48835e-05
0 0.48104 0.84 0.0812568 0.258667 2.50592e-05
0 0.210184 0.767333 0.0780065 0.286667 2.50764e-05
0 0.35455 0.002 0.0514626 0.004 2.51562e-05
0 0.232665 0.918 0.0471289 0.116 2.51973e-05
0 0.329902 0.845333 0.156013 0.309333 2.52269e-05
0 0.157909 0.669333 0.0915493 0.176 2.52595e-05
0 0.338299 0.440667 0.0276273 0.126667 2.53345e-05
0 0.508938 0.976667 0.0417118 0.0306667 2.53499e-05
0 0.60428 0 0.0503792 0 2.54646e-05
0 0.783857 0.226 0.0390032 0.068 2.5489e-05
0 0.357801 0.582667 0.0460455 0.0986667 2.56209e-05
0 0.641387 0.55 0.0530878 0.108 2.58055e-05
0 0.714247 0.618 0.0807151 0.169333 2.58308e-05
0 0.15818 0.550667 0.0520043 0.104 2.60209e-05
0 0.92091 0.828667 0.15818 0.342667 2.60978e-05
0 0.354821 0.993333 0.0444204 0.0133333 2.61225e-05
0 0.359967 0.0253333 0.100217 0.0506667 2.61314e-05
0 0.140033 0.702 0.14572 0.265333 2.62015e-05
0 0.223185 0.0526667 0.035753 0.0946667 2.64641e-05
0 0.745395 0.236 0.0455038 0.072 2.65055e-05
0 0.170368 0.578667 0.0514626 0.114667 2.65753e-05
0 0.874323 0.176667 0.147346 0.353333 2.65828e-05
0 0.710997 0.145333 0.0904659 0.237333 2.66191e-05
0 0.159263 0.882667 0.099675 0.221333 2.66333e-05
0 0.0650054 0 0.0552546 0 2.67333e-05
0 0.0947996 0.548667 0.102925 0.148 2.67437e-05
0 0.711809 0.245333 0.0249187 0.0666667 2.68136e-05
0 0.304713 0.55 0.100217 0.177333 2.68185e-05
0 0.672264 0.981333 0.0292524 0.024 2.68259e-05
0 0.169014 0.817333 0.16143 0.365333 2.68379e-05
0 0.407367 0.810667 0.0455038 0.125333 2.69188e-05
0 0.41468 0.0273333 0.088299 0.0546667 2.69466e-05
0 0.406284 0.99 0.0422535 0.02 2.70088e-05
0 0.169285 0.422 0.21831 0.721333 2.70414e-05
0 0.893283 0.422667 0.0498375 0.0746667 2.70828e-05
0 0.866197 0.0613333 0.104009 0.122667 2.73933e-05
0 0.0568797 0.960667 0.107259 0.0786667 2.74718e-05
0 0.937974 0.37 0.124052 0.473333 2.76208e-05
0 0.663868 0.214667 0.0817985 0.173333 2.76308e-05
0 0.0176056 0.634 0.0352113 0.14 2.77997e-05
0 0.234832 0.766 0.0698808 0.18 2.78664e-05
0 0.0861322 0.0293333 0.112676 0.0586667 2.81202e-05
0 0.807421 0.526 0.0947996 0.225333 2.81301e-05
0 0.453142 0 0.052546 0 2.81423e-05
0 0.281961 0.984 0.0622969 0.032 2.81884e-05
0 0.804713 0 0.0536295 0 2.82368e-05
0 0.422806 0.644 0.0427952 0.0986667 2.82752e-05
0 0.788732 0.986 0.0877573 0.028 2.82807e-05
0 0.480769 0.11 0.0417118 0.1 2.84273e-05
0 0.592633 0.967333 0.0595883 0.052 2.84547e-05
0 0.870802 0.462 0.0850488 0.246667 2.85313e-05
0 0.622698 0.08 0.0536295 0.0746667 2.8577e-05
0 0.681744 0.06 0.0373781 0.048 2.87445e-05
0 0.28169 0.002 0.0509209 0.004 2.87922e-05
0 0.779794 0.486667 0.0178765 0.0213333 2.89682e-05
0 0.825298 0.79 0.130553 0.214667 2.90749e-05
0 0.549567 0.993333 0.0687974 0.0133333 2.91571e-05
0 0.354821 0.0226667 0.0509209 0.0453333 2.91607e-05
0 0.431203 0.992 0.0444204 0.016 2.91825e-05
0 0.475352 0.990667 0.0709642 0.0186667 2.9207e-05
0 0.902763 0.476 0.0406284 0.138667 2.92231e-05
0 0.741603 0.026 0.0487541 0.044 2.924e-05
0 0.83532 0.042 0.0823402 0.084 2.92929e-05
0 0.768418 0.99 0.039545 0.02 2.94512e-05
0 0.871614 0.938 0.113759 0.124 2.94663e-05
0 0.706934 0.746 0.0682557 0.121333 2.95006e-05
0 0.546045 0.98 0.035753 0.032 2.95873e-05
0 0.657096 0.566 0.0195016 0.0573333 2.96866e-05
0 0.849404 0.897333 0.0379198 0.0906667 2.97656e-05
0 0.181744 0.0513333 0.0482123 0.0733333 2.97774e-05
0 0.983749 0.452667 0.0325027 0.145333 2.97992e-05
0 0.780065 0.481333 0.0292524 0.048 2.98253e-05
0 0.95558 0.996667 0.0498375 0.00666667 2.99637e-05
0 0.302817 0.993333 0.0444204 0.0133333 3.0043e-05
0 0.138678 0.998667 0.0498375 0.00266667 3.00847e-05
0 0.371614 0.521333 0.0433369 0.117333 3.02383e-05
0 0.735645 0.215333 0.063922 0.14 3.02836e-05
0 0.381636 0.989333 0.0362947 0.0213333 3.04209e-05
0 0.47454 0.0433333 0.0725894 0.0866667 3.04341e-05
0 0.486999 0.209333 0.0790899 0.288 3.04787e-05
0 0.902221 0.459333 0.0937161 0.222667 3.04801e-05
0 0.0165222 0.571333 0.0330444 0.14 3.04926e-05
0 0.407367 0.0653333 0.0455038 0.112 3.05081e-05
0 0.416847 0.326667 0.0492958 0.165333 3.05245e-05
0 0.642741 0.572 0.031961 0.0986667 3.06068e-05
0 0.284128 0.886 0.0947996 0.228 3.06845e-05
0 0.464247 0.292 0.0855905 0.157333 3.0714e-05
0 0.792795 0.208667 0.0460455 0.0733333 3.07479e-05
0 0.623781 0.380667 0.0839653 0.254667 3.08139e-05
0 0.11701 0.52 0.184182 0.258667 3.09759e-05
0 0.985103 0.954667 0.0297941 0.0906667 3.11317e-05
0 0.635699 0.598 0.0276273 0.0733333 3.13007e-05
0 0.0100217 0.0413333 0.0157096 0.0826667 3.13475e-05
0 0.877302 0.402667 0.0265439 0.0186667 3.1418e-05
0 0.0254605 0.972667 0.0509209 0.0546667 3.14299e-05
0 0.0839653 0.342667 0.163597 0.410667 3.15691e-05
0 0.0650054 0.807333 0.130011 0.385333 3.16382e-05
0 0.0213976 0.0286667 0.0427952 0.0573333 3.19866e-05
0 0.209642 0.674 0.0455038 0.134667 3.20052e-05
0 0.0308776 0.538 0.0465872 0.241333 3.21286e-05
0 0.419827 0.243333 0.0411701 0.092 3.21573e-05
0 0.241874 0.536667 0.1013 0.212 3.23426e-05
0 0.76273 0.279333 0.084507 0.169333 3.23634e-05
0 0.882449 1 0.0693391 0 3.24429e-05
0 0.840737 0.142 0.0942579 0.201333 3.26209e-05
0 0.51896 0.211333 0.063922 0.212 3.29199e-05
0 0.780065 0 0.0541712 0 3.2923e-05
0 0.413055 0.974667 0.0666305 0.0506667 3.29283e-05
0 0.191766 0.0593333 0.0780065 0.118667 3.29414e-05
0 0.276273 0.552667 0.0736728 0.212 3.30072e-05
0 0.0178765 0.949333 0.0303359 0.0853333 3.31687e-05
0 0.516793 0.764667 0.0877573 0.198667 3.31886e-05
0 0.922806 0.0286667 0.0817985 0.0573333 3.33384e-05
0 0.50948 0.946 0.0417118 0.0786667 3.34028e-05
0 0.713705 0.05 0.0752979 0.1 3.34962e-05
0 0.868635 0.00266667 0.0655471 0.00533333 3.35157e-05
0 0.465601 0.982667 0.0720477 0.0346667 3.35537e-05
0 0.334507 0.211333 0.182557 0.422667 3.36619e-05
0 0.587757 0.992 0.0747562 0.016 3.38066e-05
0 0.516793 0.818667 0.127844 0.362667 3.38353e-05
0 0.37649 0.881333 0.0617551 0.146667 3.39012e-05
0 0.765439 0.0433333 0.0985916 0.0866667 3.39458e-05
0 0.435536 0.338 0.0541712 0.305333 3.39461e-05
0 0.878927 0.721333 0.0926327 0.165333 3.40171e-05
0 0.43039 0.00866667 0.0471289 0.0173333 3.40498e-05
0 0.550108 0.557333 0.118635 0.482667 3.40663e-05
0 0.153846 0.002 0.056338 0.004 3.41674e-05
0 0.113218 0.882667 0.115926 0.234667 3.42305e-05
0 0.557692 0.138667 0.0438787 0.197333 3.42456e-05
0 0.8448 0.0106667 0.0438787 0.0213333 3.43553e-05
0 0.414951 0.0326667 0.0747562 0.0653333 3.44424e-05
0 0.425785 0.266667 0.0216685 0.08 3.45284e-05
0 0.656826 0.562 0.0200433 0.0253333 3.45516e-05
0 0.421993 0.290667 0.0227519 0.0666667 3.46924e-05
0 0.855363 0 0.0509209 0 3.47185e-05
0 0.776002 0.998 0.0828819 0.004 3.47946e-05
0 0.11403 0.992667 0.109967 0.0146667 3.49452e-05
0 0.633261 0.102667 0.0498375 0.0826667 3.50008e-05
0 0.625948 0.604 0.067714 0.162667 3.50029e-05
0 0.174702 0.0253333 0.0904659 0.0506667 3.51041e-05
0 0.433099 0.264667 0.0178765 0.0653333 3.51216e-05
0 0.870531 0.994667 0.0433369 0.0106667 3.52034e-05
0 0.767877 0.534 0.0720477 0.281333 3.52078e-05
0 0.261376 0.00533333 0.0774648 0.0106667 3.53689e-05
0 0.0181473 0.451333 0.0200433 0.273333 3.54079e-05
0 0.808234 0.106667 0.0444204 0.0986667 3.55912e-05
0 0.47156 0.137333 0.0633803 0.149333 3.56816e-05
0 0.972914 0.492667 0.0465872 0.132 3.57399e-05
0 0.89247 0.000666667 0.052546 0.00133333 3.58699e-05
0 0.237811 0.995333 0.0834236 0.00933333 3.60152e-05
0 0.296046 0.0113333 0.0644637 0.0226667 3.60668e-05
0 0.058234 0.628 0.107801 0.253333 3.61781e-05
0 0.878927 0.423333 0.0449621 0.052 3.63889e-05
0 0.261376 0.669333 0.095883 0.192 3.6631e-05
0 0.0390032 0.998667 0.0530878 0.00266667 3.66495e-05
0 0.474269 0.126667 0.0438787 0.253333 3.67033e-05
0 0.836945 0.979333 0.0790899 0.0413333 3.67052e-05
0 0.705038 1 0.0460455 0 3.67348e-05
0 0.565818 0.758 0.024377 0.0333333 3.68515e-05
0 0.219664 0.0186667 0.039545 0.0373333 3.69168e-05
0 0.635699 0.178667 0.0492958 0.0933333 3.70227e-05
0 0.556338 0.996 0.0444204 0.008 3.7044e-05
0 0.543608 0.57 0.0774648 0.214667 3.70967e-05
0 0.766522 0.631333 0.0780065 0.150667 3.72432e-05
0 0.631636 0.877333 0.0931744 0.221333 3.73117e-05
0 0.38922 0.98 0.0752979 0.04 3.74286e-05
0 0.187703 0.996 0.0850488 0.008 3.76825e-05
0 0.911701 0.0646667 0.104009 0.129333 3.77117e-05
0 0.856988 0.877333 0.099675 0.149333 3.78093e-05
0 0.785482 0.126667 0.147346 0.253333 3.79321e-05
0 0.339653 0.0333333 0.0942579 0.0666667 3.8295e-05
0 0.365385 0.635333 0.150054 0.465333 3.85013e-05
0 0.567985 0.82 0.130553 0.36 3.85093e-05
0 0.523294 0.676 0.0455038 0.106667 3.85929e-05
0 0.214518 0.947333 0.0790899 0.105333 3.86105e-05
0 0.413326 0.483333 0.0931744 0.142667 3.87105e-05
0 0.233749 0.0226667 0.0384615 0.0453333 3.87838e-05
0 0.739437 0.156 0.0985916 0.16 3.90046e-05
0 0.695829 0.81 0.0872156 0.124 3.92103e-05
0 0.256771 0.002 0.0498375 0.004 3.94135e-05
0 0.455309 0.829333 0.039545 0.144 3.95368e-05
0 0.608613 0.072 0.0146262 0.0293333 3.95666e-05
0 0.645991 0.2 0.0449621 0.096 3.96372e-05
0 0.356988 0.640667 0.0498375 0.102667 3.97696e-05
0 0.437161 0.332 0.0379198 0.165333 3.97872e-05
0 0.754875 0.979333 0.052546 0.0413333 3.98822e-05
0 0.382449 0.642667 0.107259 0.224 3.99142e-05
0 0.940412 1 0.0509209 0 3.99268e-05
0 0.837486 0.519333 0.0346696 0.0226667 4.01298e-05
0 0.347779 0.412 0.0574215 0.125333 4.01573e-05
0 0.744041 0.052 0.0460455 0.0586667 4.01808e-05
0 0.374865 1 0.0650054 0 4.02529e-05
0 0.16441 0.997333 0.0492958 0.00533333 4.0452e-05
0 0.609967 0.216667 0.118093 0.401333 4.06093e-05
0 0.479144 0 0.0514626 0 4.0764e-05
0 0.588841 1 0.0801734 0 4.08468e-05
0 0.450163 1 0.063922 0 4.09862e-05
0 0.18039 0.018 0.0498375 0.036 4.1014e-05
0 0.337216 0.990667 0.0742145 0.0186667 4.11325e-05
0 0.66143 0.568 0.0238353 0.016 4.13058e-05
0 0.425515 1 0.0655471 0 4.13861e-05
0 0.426327 0 0.0541712 0 4.1452e-05
0 0.316631 0 0.0536295 0 4.1513e-05
0 0.432557 0.669333 0.0438787 0.112 4.15819e-05
0 0.189599 0.712 0.0855905 0.184 4.16176e-05
0 0.826381 0.519333 0.0492958 0.0386667 4.16614e-05
0 0.0184182 0.852667 0.0216685 0.241333 4.17768e-05
0 0.0178765 0.516 0.035753 0.136 4.19177e-05
0 0.637866 0.0106667 0.0622969 0.0213333 4.20299e-05
0 0.974269 0.341333 0.0482123 0.101333 4.20855e-05
0 0.45558 0.548667 0.0855905 0.14 4.21817e-05
0 0.289816 0.0253333 0.0877573 0.0506667 4.22365e-05
0 0.783586 0.184 0.0438787 0.101333 4.22456e-05
0 0.287649 0.948 0.0790899 0.104 4.22808e-05
0 0.915493 1 0.0509209 0 4.24077e-05
0 0.665222 0.387333 0.0877573 0.262667 4.26479e-05
0 0.202329 0.996 0.0492958 0.008 4.27625e-05
0 0.0176056 0.57 0.0265439 0.284 4.28544e-05
0 0.0557963 0.533333 0.111593 0.192 4.28835e-05
0 0.504334 0 0.0509209 0 4.29307e-05
0 0.985374 0.108 0.028169 0.114667 4.30339e-05
0 0.206934 0.550667 0.0790899 0.189333 4.33902e-05
0 0.155471 0.557333 0.0834236 0.157333 4.34343e-05
0 0.302546 0.602667 0.0828819 0.136 4.34826e-05
0 0.169285 0.628 0.158722 0.461333 4.35453e-05
0 0.760563 0.022 0.0400867 0.0333333 4.35872e-05
0 0.0111051 0.934 0.0157096 0.132 4.3679e-05
0 0.944204 0.359333 0.0834236 0.185333 4.39906e-05
0 0.0539003 0.204667 0.107801 0.353333 4.40475e-05
0 0.931473 0.174 0.127302 0.348 4.40708e-05
0 0.592904 0.994 0.0503792 0.012 4.41911e-05
0 0.336674 0.456 0.052546 0.202667 4.421e-05
0 0.329902 0.992667 0.0465872 0.0146667 4.4452e-05
0 0.331528 0.002 0.0671723 0.004 4.48182e-05
0 0.578819 0 0.0514626 0 4.48197e-05
0 0.613759 0.793333 0.0812568 0.216 4.49586e-05
0 0.921452 0.0533333 0.0823402 0.0746667 4.50982e-05
0 0.400596 1 0.0655471 0 4.51115e-05
0 0.470206 0.931333 0.0400867 0.044 4.53504e-05
0 0.510022 0.958667 0.0720477 0.0826667 4.53956e-05
0 0.876219 0.0893333 0.10455 0.154667 4.57328e-05
0 0.766793 0.213333 0.0752979 0.114667 4.6089e-05
0 0.982394 0.566667 0.0352113 0.154667 4.62066e-05
0 0.0368364 0.739333 0.0736728 0.521333 4.64425e-05
0 0.481853 0.328667 0.0839653 0.268 4.65034e-05
0 0.770043 0.0353333 0.0384615 0.0306667 4.68029e-05
0 0.625135 0.810667 0.136511 0.378667 4.70178e-05
0 0.245666 0.0273333 0.0406284 0.0546667 4.71265e-05
0 0.369177 0.933333 0.0698808 0.133333 4.71336e-05
0 0.421993 0.532 0.134345 0.488 4.72198e-05
0 0.277898 0.994667 0.0487541 0.0106667 4.76273e-05
0 0.62649 1 0.0785482 0 4.7797e-05
0 0.402492 0 0.0541712 0 4.78738e-05
0 0.340737 0.942 0.0769231 0.116 4.78793e-05
0 0.517335 0.877333 0.0801734 0.184 4.7931e-05
0 0.849946 0.988667 0.0790899 0.0226667 4.7956e-05
0 0.195016 0.558667 0.0465872 0.144 4.80272e-05
0 0.97156 0.784 0.0568797 0.178667 4.82806e-05
0 0.442037 0.436667 0.0108342 0.0306667 4.83105e-05
0 0.660347 0.987333 0.0390032 0.0146667 4.84424e-05
0 0.466956 0.636667 0.099675 0.116 4.84858e-05
0 0.699892 1 0.0780065 0 4.84957e-05
0 0.638678 0.151333 0.0780065 0.246667 4.86522e-05
0 0.735374 0.952 0.0709642 0.096 4.86832e-05
0 0.269231 0.490667 0.101842 0.296 4.86969e-05
0 0.682828 0.154667 0.0915493 0.152 4.87637e-05
0 0.179577 0 0.0557963 0 4.88092e-05
0 0.830173 0.0773333 0.039545 0.106667 4.88581e-05
0 0.0390032 0.388667 0.0780065 0.510667 4.89738e-05
0 0.748917 0.964 0.0406284 0.072 4.91694e-05
0 0.647887 0.982 0.056338 0.0333333 4.92516e-05
0 0.969935 0.994 0.0460455 0.012 4.93539e-05
0 0.737541 0.997333 0.0796316 0.00533333 4.96583e-05
0 0.941766 0.834 0.116468 0.332 4.98612e-05
0 0.749729 0.814667 0.113759 0.248 5.01152e-05
0 0.0148971 0.0893333 0.0297941 0.165333 5.03137e-05
0 0.530336 0.995333 0.0465872 0.00933333 5.03141e-05
0 0.459642 0.775333 0.0406284 0.0546667 5.04255e-05
0 0.463705 0.0546667 0.0476706 0.109333 5.08944e-05
0 0.0869447 1 0.0547129 0 5.09534e-05
0 0.732394 0.016 0.0422535 0.032 5.11149e-05
0 0.517877 0.084 0.0671723 0.168 5.12677e-05
0 0.533857 0.126 0.111051 0.252 5.12722e-05
0 0.623239 0.104 0.0807151 0.146667 5.12903e-05
0 0.226706 0.117333 0.0644637 0.234667 5.1296e-05
0 0.112947 1 0.0536295 0 5.13906e-05
0 0.982394 0.383333 0.0352113 0.132 5.14764e-05
0 0.913055 0.14 0.0937161 0.208 5.1559e-05
0 0.898158 0.074 0.0758397 0.110667 5.1743e-05
0 0.231311 0.842 0.124594 0.316 5.20277e-05
0 0.291983 0.610667 0.0411701 0.112 5.20408e-05
0 0.28494 0.02 0.0487541 0.0373333 5.20619e-05
0 0.937432 0.995333 0.105634 0.00933333 5.21752e-05
0 0.540899 0 0.052546 0 5.23909e-05
0 0.687161 0.0133333 0.0872156 0.0266667 5.29256e-05
0 0.240249 0.995333 0.0492958 0.00933333 5.29903e-05
0 0.536024 0.992 0.0969664 0.016 5.31403e-05
0 0.755688 0 0.0541712 0 5.31479e-05
0 0.933911 0.945333 0.0942579 0.109333 5.34079e-05
0 0.656826 0.0646667 0.0438787 0.0573333 5.35619e-05
0 0.33559 0.707333 0.115385 0.172 5.36222e-05
0 0.567443 0.880667 0.0828819 0.182667 5.36919e-05
0 0.581257 0.978 0.0433369 0.036 5.40565e-05
0 0.482394 0.996 0.0438787 0.008 5.40768e-05
0 0.550921 1 0.0747562 0 5.41003e-05
0 0.586945 0.00666667 0.06013 0.0133333 5.42817e-05
0 0.520043 0.141333 0.0790899 0.170667 5.5e-05
0 0.464247 0.942667 0.0812568 0.114667 5.518e-05
0 0.544962 0.704 0.101842 0.368 5.54022e-05
0 0.45585 0.935333 0.052546 0.0573333 5.58319e-05
0 0.294962 0.00533333 0.0460455 0.0106667 5.5894e-05
0 0.0132719 0.276 0.0265439 0.210667 5.58956e-05
0 0.483207 0.211333 0.0606717 0.158667 5.62335e-05
0 0.490791 0.117333 0.0379198 0.0586667 5.64533e-05
0 0.0208559 0.357333 0.0330444 0.237333 5.65396e-05
0 0.35455 0.427333 0.1013 0.222667 5.68273e-05
0 0.0999458 0 0.0547129 0 5.70024e-05
0 0.612134 0.00666667 0.0780065 0.0133333 5.70631e-05
0 0.627302 0.058 0.0758397 0.116 5.70744e-05
0 0.361593 0.985333 0.0817985 0.0293333 5.72622e-05
0 0.0896533 0.0626667 0.121885 0.125333 5.72928e-05
0 0.793608 0.993333 0.0465872 0.0133333 5.79245e-05
0 0.661701 0.601333 0.0622969 0.165333 5.79465e-05
0 0.364572 0 0.0541712 0 5.81017e-05
0 0.482936 0.106 0.00704225 0.0306667 5.83101e-05
0 0.437974 0.944 0.0839653 0.106667 5.85922e-05
0 0.579632 1 0.0487541 0 5.86125e-05
0 0.392199 1 0.0390032 0 5.86643e-05
0 0.959642 0.59 0.0807151 0.481333 5.87177e-05
0 0.417389 1 0.0417118 0 5.89112e-05
0 0.352113 0.391333 0.0195016 0.124 5.90501e-05
0 0.763543 0.149333 0.088299 0.229333 5.91513e-05
0 0.673348 0.879333 0.0303359 0.158667 5.92143e-05
0 0.255688 0.161333 0.0823402 0.221333 5.93927e-05
0 0.693933 0.99 0.0465872 0.02 5.95115e-05
0 0.27844 0 0.0541712 0 6.03304e-05
0 0.222373 0.658 0.088299 0.22 6.0566e-05
0 0.619447 0.997333 0.0471289 0.00533333 6.05902e-05
0 0.255959 0.389333 0.0893824 0.277333 6.09059e-05
0 0.353196 1 0.0433369 0 6.12016e-05
0 0.780607 1 0.0455038 0 6.14843e-05
0 0.858613 0.04 0.0476706 0.0506667 6.1517e-05
0 0.441766 1 0.0406284 0 6.16845e-05
0 0.111863 0.0193333 0.109967 0.0386667 6.21018e-05
0 0.730228 0.985333 0.0530878 0.0293333 6.22319e-05
0 0.071506 0.634667 0.143012 0.44 6.23395e-05
0 0.444745 0.422667 0.0325027 0.24 6.24595e-05
0 0.488895 0.004 0.0579632 0.008 6.27071e-05
0 0.947996 0.49 0.0823402 0.217333 6.30935e-05
0 0.415493 0.568 0.0455038 0.056 6.32673e-05
0 0.138949 0.592667 0.132719 0.286667 6.32848e-05
0 0.142741 0.998 0.0709642 0.004 6.3297e-05
0 0.143283 0.0246667 0.109967 0.0493333 6.33611e-05
0 0.553629 1 0.0455038 0 6.33856e-05
0 0.659805 0.571333 0.0119177 0.0173333 6.37881e-05
0 0.438245 0.982 0.0877573 0.036 6.41692e-05
0 0.63597 0.576 0.0227519 0.064 6.42125e-05
0 0.936891 0.100667 0.0893824 0.174667 6.4267e-05
0 0.0498375 1 0.0541712 0 6.4655e-05
0 0.810401 0.54 0.084507 0.112 6.4755e-05
0 0.337757 1 0.0709642 0 6.48334e-05
0 0.890574 0.0273333 0.107259 0.0546667 6.4978e-05
0 0.432828 0.0253333 0.0422535 0.048 6.50511e-05
0 0.00650054 0.266 0.0130011 0.148 6.56653e-05
0 0.610238 0.208 0.0785482 0.178667 6.57835e-05
0 0.436078 0.00866667 0.0628386 0.0173333 6.62316e-05
0 0.686078 0.09 0.0926327 0.121333 6.65938e-05
0 0.533857 0.311333 0.0731311 0.201333 6.7193e-05
0 0.216685 0.0293333 0.0628386 0.0586667 6.74703e-05
0 0.539003 0.00733333 0.0574215 0.0146667 6.75002e-05
0 0.00514626 0.849333 0.0102925 0.141333 6.79774e-05
0 0.50325 0.63 0.0541712 0.134667 6.80904e-05
0 0.24052 0.940667 0.0790899 0.118667 6.83916e-05
0 0.313109 0.992667 0.0899242 0.0146667 6.85297e-05
0 0.0549837 0.106667 0.109967 0.213333 6.86896e-05
0 0.389762 0.0133333 0.0742145 0.0266667 6.96778e-05
0 0.00622969 0.914 0.0092091 0.126667 6.97401e-05
0 0.893283 1 0.0498375 0 7.03947e-05
0 0.00785482 0.064 0.0113759 0.128 7.05056e-05
0 0.0132719 0.154667 0.0265439 0.205333 7.05575e-05
0 0.289003 1 0.0482123 0 7.07321e-05
0 0.977519 0.704 0.0417118 0.192 7.15555e-05
0 0.891928 0.695333 0.118635 0.3 7.23483e-05
0 0.0509209 0.405333 0.101842 0.325333 7.24677e-05
0 0.570152 0.0913333 0.0438787 0.0813333 7.25641e-05
0 0.253521 0 0.0541712 0 7.28691e-05
0 0.772752 0.542667 0.0568797 0.109333 7.31066e-05
0 0.239978 0.0146667 0.0812568 0.0293333 7.31153e-05
0 0.957747 0.002 0.0530878 0.004 7.32702e-05
0 0.328007 1 0.0460455 0 7.34152e-05
0 0.850488 1 0.0823402 0 7.35895e-05
0 0.219122 0.00133333 0.0536295 0.00266667 7.38258e-05
0 0.944475 0.218 0.0828819 0.222667 7.39774e-05
0 0.368635 0.504 0.126219 0.221333 7.39958e-05
0 0.868906 1 0.0455038 0 7.42039e-05
0 0.735645 0.0753333 0.0790899 0.150667 7.43683e-05
0 0.125948 0 0.0557963 0 7.46074e-05
0 0.488353 0.0633333 0.0471289 0.126667 7.51766e-05
0 0.340466 0 0.0547129 0 7.52761e-05
0 0.615926 0.993333 0.102925 0.0133333 7.57054e-05
0 0.222914 0.652667 0.125135 0.404 7.61267e-05
0 0.207476 0.614667 0.0465872 0.141333 7.63948e-05
0 0.599946 0.0826667 0.0373781 0.0533333 7.64193e-05
0 0.646262 0.984667 0.0390032 0.012 7.6606e-05
0 0.730228 1 0.0509209 0 7.68816e-05
0 0.927952 0 0.0541712 0 7.69182e-05
0 0.0192308 0.233333 0.0384615 0.344 7.70636e-05
0 0.28792 1 0.0742145 0 7.71908e-05
0 0.539003 0.0726667 0.0335861 0.0893333 7.72481e-05
0 0.922806 0.006 0.0926327 0.012 7.77397e-05
0 0.843174 0.993333 0.0438787 0.0133333 7.80656e-05
0 0.893554 0.994 0.122969 0.012 7.83383e-05
0 0.260563 0.740667 0.126761 0.404 7.95526e-05
0 0.604009 1 0.0476706 0 7.97673e-05
0 0.550921 0.282667 0.0693391 0.0986667 8.0542e-05
0 0.52844 1 0.0460455 0 8.12044e-05
0 0.0633803 0.990667 0.0985916 0.0186667 8.14792e-05
0 0.261105 0.274 0.121343 0.548 8.15672e-05
0 0.973185 0.0466667 0.0460455 0.064 8.157e-05
0 0.460997 0.342667 0.0660888 0.165333 8.18658e-05
0 0.784399 0.566667 0.0465872 0.064 8.2461e-05
0 0.448267 0.601333 0.0709642 0.0693333 8.26391e-05
0 0.937703 0.685333 0.0855905 0.186667 8.28285e-05
0 0.884345 0.46 0.0720477 0.138667 8.28413e-05
0 0.655742 0.166 0.0752979 0.137333 8.29994e-05
0 0.233478 0.882667 0.0801734 0.173333 8.37669e-05
0 0.0287107 0.956667 0.0574215 0.0866667 8.38573e-05
0 0.512188 0.994667 0.0731311 0.0106667 8.38614e-05
0 0.479957 1 0.0455038 0 8.40634e-05
0 0.751625 1 0.0449621 0 8.42703e-05
0 0.78792 0.16 0.0817985 0.157333 8.45432e-05
0 0.00541712 0.692667 0.0108342 0.145333 8.46075e-05
0 0.712351 0.0613333 0.0595883 0.112 8.46667e-05
0 0.479686 0.562667 0.113218 0.36 8.47359e-05
0 0.962622 0.028 0.0747562 0.056 8.48327e-05
0 0.878927 0 0.0536295 0 8.52599e-05
0 0.456663 0.909333 0.0498375 0.032 8.58796e-05
0 0.660888 0.388 0.140845 0.632 8.59275e-05
0 0.878115 0.726667 0.0660888 0.064 8.60494e-05
0 0.989437 0.818667 0.0211268 0.186667 8.64295e-05
0 0.53792 0.23 0.0671723 0.137333 8.66536e-05
0 0.238082 0.121333 0.0471289 0.152 8.67108e-05
0 0.21506 0.650667 0.430119 0.698667 8.67154e-05
0 0.25948 0.9 0.084507 0.154667 8.72286e-05
0 0.138949 1 0.052546 0 8.76104e-05
0 0.814464 0.826667 0.202059 0.346667 8.76309e-05
0 0.0961538 0.01 0.0785482 0.02 8.78574e-05
0 0.513001 0.000666667 0.0704225 0.00133333 8.86327e-05
0 0.321235 0.647333 0.0985916 0.188 8.87079e-05
0 0.458559 0.910667 0.0579632 0.0746667 8.87164e-05
0 0.510834 0.118667 0.0368364 0.072 8.87912e-05
0 0.540628 0.692667 0.071506 0.198667 8.92368e-05
0 0.0241062 0.885333 0.0482123 0.184 8.9824e-05
0 0.461809 0 0.0720477 0 9.11887e-05
0 0.18662 0.594 0.0709642 0.166667 9.24265e-05
0 0.751354 0.985333 0.0390032 0.0293333 9.25022e-05
0 0.636511 0.994 0.0628386 0.012 9.25768e-05
0 0.869447 0.00866667 0.0498375 0.0173333 9.2739e-05
0 0.982665 0.978 0.0346696 0.044 9.34462e-05
0 0.259751 0.744667 0.0850488 0.204 9.36425e-05
0 0.433911 0.558667 0.0520043 0.0826667 9.4334e-05
0 0.324215 0.0133333 0.0828819 0.0266667 9.45056e-05
0 0.815818 0.941333 0.111593 0.117333 9.46035e-05
0 0.0744854 0 0.0547129 0 9.46346e-05
0 0.680932 0.994 0.0476706 0.012 9.50193e-05
0 0.4052 0.829333 0.0964247 0.264 9.61704e-05
0 0.653846 0.574 0.0173348 0.0306667 9.63393e-05
0 0.315005 0.765333 0.0991333 0.205333 9.80728e-05
0 0.185265 0.592667 0.0964247 0.281333 9.81023e-05
0 0.146533 0.609333 0.102384 0.162667 9.84218e-05
0 0.669285 0.0493333 0.0200433 0.0426667 9.86323e-05
0 0.241062 0.0366667 0.0682557 0.0733333 9.8831e-05
0 0.982936 0.841333 0.0341278 0.293333 9.97469e-05
0 0.560672 0.004 0.0704225 0.008 9.98056e-05
0 0.315276 0.764 0.133261 0.381333 9.98393e-05
0 0.233478 0.432 0.466956 0.864 0.00010012
0 0.809047 0.064 0.0471289 0.0933333 0.000100185
0 0.813651 0.887333 0.145179 0.188 0.00010035
0 0.980228 0.207333 0.039545 0.156 0.000100599
0 0.776002 0.210667 0.0352113 0.064 0.000100687
0 0.264355 1 0.0498375 0 0.000100791
0 0.150596 0 0.056338 0 0.000101339
0 0.490791 0.992667 0.0866739 0.0146667 0.000101561
0 0.125135 1 0.0931744 0 0.000101909
0 0.845341 0.0253333 0.0449621 0.0373333 0.000102737
0 0.187161 0.00533333 0.0861322 0.0106667 0.000103461
0 0.00731311 0.332 0.0146262 0.149333 0.000104436
0 0.356176 0.652 0.0947996 0.136 0.000104635
0 0.287107 0.00533333 0.0899242 0.0106667 0.000106338
0 0.73727 0.024 0.071506 0.048 0.000108916
0 0.513001 1 0.0747562 0 0.000109105
0 0.601842 0.07 0.0270856 0.0386667 0.000109652
0 0.323402 0.518667 0.183099 0.514667 0.000109718
0 0.835049 0.09 0.0720477 0.18 0.000110209
0 0.885157 0.0486667 0.0725894 0.0653333 0.000110276
0 0.315818 0.0166667 0.0790899 0.0333333 0.000110425
0 0.9461 0.873333 0.0828819 0.168 0.000111274
0 0.505959 0.995333 0.0487541 0.00933333 0.000113436
0 0.113759 0.528667 0.217768 0.532 0.000114503
0 0.241874 0.0686667 0.0449621 0.118667 0.000114795
0 0.00731311 0.880667 0.0146262 0.214667 0.000115071
0 0.164139 1 0.0520043 0 0.000115344
0 0.0306067 0.155333 0.0612134 0.310667 0.0001173
0 0.0124594 0.0166667 0.0249187 0.0333333 0.000117961
0 0.412514 0.00266667 0.0817985 0.00533333 0.000118507
0 0.262189 0.000666667 0.0985916 0.00133333 0.000118766
0 0.573402 0.173333 0.0666305 0.336 0.000119014
0 0.959642 0.234 0.0807151 0.388 0.000119318
0 0.399242 0.924667 0.0498375 0.126667 0.000119397
0 0.421452 0.639333 0.0769231 0.14 0.000120156
0 0.341008 0.878667 0.0937161 0.224 0.000120351
0 0.678765 1 0.0520043 0 0.000120531
0 0.630011 1 0.0487541 0 0.000120957
0 0.0181473 0.986667 0.0362947 0.0266667 0.000123376
0 0.966414 1 0.0476706 0 0.000123592
0 0.82584 0.0433333 0.0352113 0.068 0.000123884
0 0.160888 0.444667 0.321777 0.889333 0.000124001
0 0.903575 0 0.0541712 0 0.000124727
0 0.770314 0.0793333 0.109426 0.132 0.000124987
0 0.202059 1 0.0509209 0 0.000125061
0 0.447183 0.428 0.0178765 0.0666667 0.00012538
0 0.878657 0.402 0.0346696 0.0333333 0.0001257
0 0.239978 1 0.0509209 0 0.000125855
0 0.0108342 0.861333 0.0130011 0.242667 0.00012626
0 0.982123 0.222 0.020585 0.254667 0.000127125
0 0.190412 0.02 0.0915493 0.04 0.000128404
0 0.976436 0.632667 0.0471289 0.214667 0.000129491
0 0.771668 0.038 0.0633803 0.0493333 0.000129931
0 0.163055 1 0.0823402 0 0.00012997
0 0.858884 0.878667 0.0254605 0.0773333 0.000130417
0 0.973727 0.949333 0.052546 0.101333 0.000133013
0 0.188787 0 0.0557963 0 0.000133588
0 0.105905 0.737333 0.182557 0.496 0.000134066
0 0.0067714 0.992667 0.0135428 0.0146667 0.000135658
0 0.951246 0.282667 0.0877573 0.149333 0.000135759
0 0.0127302 0.765333 0.0254605 0.269333 0.000135833
0 0.504334 1 0.0476706 0 0.000136108
0 0.684995 0.986667 0.0904659 0.0266667 0.00013655
0 0.362134 0.00466667 0.0872156 0.00933333 0.000139416
0 0.0195016 0.834 0.0390032 0.332 0.000141604
0 0.98402 0.387333 0.031961 0.326667 0.000142546
0 0.310943 0.0206667 0.0693391 0.0413333 0.000142743
0 0.984832 0.512 0.0303359 0.16 0.000142848
0 0.138949 0.006 0.109967 0.012 0.000143912
0 0.833424 0.02 0.0774648 0.04 0.000144257
0 0.248917 0.246 0.0752979 0.212 0.000144336
0 0.676327 0.0526667 0.0633803 0.0813333 0.000144627
0 0.267876 0.498 0.143554 0.612 0.000145341
0 0.440953 0.436667 0.0216685 0.044 0.000148757
0 0.0140845 0.4 0.028169 0.213333 0.00014919
0 0.582882 0.0973333 0.0682557 0.117333 0.000149327
0 0.0498375 0 0.056338 0 0.000149637
0 0.981582 0.014 0.0368364 0.028 0.000152034
0 0.98727 0.698 0.0254605 0.289333 0.000152569
0 0.714247 0.0213333 0.0774648 0.0426667 0.000153857
0 0.429036 0.562667 0.0823402 0.205333 0.000154323
0 0.213434 0.998 0.0975081 0.004 0.000157042
0 0.811213 0.0933333 0.0752979 0.186667 0.000157437
0 0.816901 0.993333 0.0520043 0.0133333 0.000159006
0 0.942849 0.03 0.0980498 0.06 0.000162174
0 0.375948 0.867333 0.084507 0.257333 0.000162939
0 0.973727 0.0773333 0.0514626 0.154667 0.000163075
0 0.262189 0.996667 0.092091 0.00666667 0.000163913
0 0.925244 1 0.100758 0 0.000165386
0 0.475894 0.118667 0.0222102 0.0746667 0.000165799
0 0.954225 0 0.0557963 0 0.000168273
0 0.214518 0 0.0552546 0 0.000168548
0 0.331257 0.00666667 0.0492958 0.0133333 0.000169089
0 0.00731311 0.632 0.0146262 0.152 0.000169114
0 0.0866739 1 0.0964247 0 0.000169576
0 0.657638 0.182667 0.0444204 0.096 0.000169662
0 0.82909 1 0.0514626 0 0.000175213
0 0.0354821 0.0646667 0.0709642 0.129333 0.000177053
0 0.504334 0.625333 0.0801734 0.24 0.000179303
0 0.48104 0.727333 0.0910076 0.201333 0.000180616
0 0.443391 0.414667 0.0287107 0.104 0.000181288
0 0.538462 0.646667 0.0476706 0.141333 0.000182063
0 0.0100217 0.739333 0.0146262 0.273333 0.00018255
0 0.00839653 0.113333 0.0167931 0.189333 0.000182814
0 0.0165222 0.0506667 0.0330444 0.101333 0.00018491
0 0.028169 0.357333 0.0530878 0.365333 0.000189572
0 0.446371 0.438 0.00650054 0.0413333 0.000189744
0 0.972914 0.38 0.0541712 0.192 0.000193557
0 0.963976 0.992667 0.0720477 0.0146667 0.000194403
0 0.0200433 1 0.0400867 0 0.000196668
0 0.633261 0.997333 0.0487541 0.00533333 0.000197153
0 0.812839 0.99 0.0980498 0.02 0.000197938
0 0.272481 0.447333 0.544962 0.894667 0.000198625
0 0.00785482 0.202 0.0157096 0.22 0.000201546
0 0.47779 0.574 0.0790899 0.156 0.000202837
0 0.00893824 0.328 0.0146262 0.248 0.000203836
0 0.211809 0.00333333 0.0942579 0.00666667 0.000204745
0 0.00731311 0.420667 0.0146262 0.150667 0.000206558
0 0.543337 0.171333 0.0877573 0.318667 0.000208137
0 0.764355 0.018 0.0975081 0.036 0.000208171
0 0.518147 0.358667 0.790358 0.717333 0.000208286
0 0.981582 0.028 0.0368364 0.056 0.000210072
0 0.00650054 0.79 0.0130011 0.268 0.000211033
0 0.347779 0.436667 0.0227519 0.132 0.000211746
0 0.338299 0.00933333 0.0850488 0.0186667 0.000212559
0 0.0092091 1 0.0184182 0 0.0002129
0 0.989437 0.758 0.0146262 0.134667 0.000218962
0 0.887053 0.0326667 0.0980498 0.0653333 0.00021904
0 0.00758397 0.479333 0.0151679 0.156 0.000222371
0 0.113759 0 0.157096 0 0.0002274
0 0.456121 0.604 0.0227519 0.0373333 0.000227422
0 0.319068 0.654667 0.605634 0.690667 0.000231582
0 0.786566 0.0386667 0.0855905 0.0773333 0.000232099
0 0.444204 0.428 0.0130011 0.0373333 0.000232793
0 0.644366 0.066 0.0698808 0.0893333 0.000233263
0 0.559588 0.289333 0.0953413 0.373333 0.000236019
0 0.813922 1 0.0850488 0 0.000240894
0 0.0579632 0.026 0.101842 0.052 0.000241244
0 0.0379198 0.994667 0.0758397 0.0106667 0.00025084
0 0.979415 0.00266667 0.0411701 0.00533333 0.000251146
0 0.690412 0.835333 0.095883 0.321333 0.000251784
0 0.804984 1 0.0520043 0 0.000252227
0 0.535753 0.100667 0.035753 0.0733333 0.000254384
0 0.0197725 0.49 0.039545 0.313333 0.000258573
0 0.98429 0.163333 0.0314193 0.326667 0.000262938
0 0.164139 0 0.146262 0 0.000263259
0 0.987541 0.635333 0.0238353 0.158667 0.000269496
0 0.968581 0.022 0.0487541 0.0413333 0.000272878
0 0.428223 0.274667 0.0178765 0.0426667 0.000273189
0 0.990249 0.448667 0.0162514 0.22 0.000281826
0 0.830715 0.016 0.031961 0.032 0.000282275
0 0.444204 0.864667 0.0855905 0.185333 0.000282591
0 0.80688 0.434667 0.386241 0.869333 0.000284699
0 0.78494 0.0193333 0.0628386 0.0386667 0.000287253
0 0.520856 0.1 0.0622969 0.106667 0.000289978
0 0.987541 0.014 0.0216685 0.028 0.000291122
0 0.974269 0.894667 0.0514626 0.173333 0.000293038
0 0.780878 0.504667 0.438245 0.990667 0.000297439
0 0.972644 0.522 0.0547129 0.326667 0.000300175
0 0.985103 0.0473333 0.0297941 0.0946667 0.000300331
0 0.969393 0.0273333 0.0612134 0.0546667 0.000301144
0 0.866468 0.0146667 0.0893824 0.0293333 0.000305217
0 0.99052 0.173333 0.0189599 0.210667 0.000305818
0 0.988624 0.888 0.0227519 0.2 0.000315707
0 0.0861322 0.01 0.115926 0.02 0.00031974
0 0.93987 0.00666667 0.0812568 0.0133333 0.000343932
0 0.984561 0.989333 0.0297941 0.0213333 0.00034853
0 0.0273564 1 0.052546 0 0.000351792
0 0.96208 0.315333 0.0671723 0.0946667 0.000354292
0 0.779523 0.582667 0.0455038 0.0213333 0.000357752
0 0.725623 0.0366667 0.0308776 0.036 0.00036014
0 0.00812568 0.542 0.0162514 0.153333 0.000368865
0 0.731853 0.970667 0.0704225 0.0586667 0.000370403
0 0.826923 0.038 0.0742145 0.0653333 0.00037282
0 0.989707 0.348667 0.020585 0.148 0.000377216
0 0.193662 0.590667 0.387324 0.818667 0.000388714
0 0.0181473 0.662 0.0362947 0.38 0.000391096
0 0.359155 0.5 0.71831 1 0.000409197
0 0.67389 0.601333 0.652221 0.797333 0.000417094
0 0.0108342 0.431333 0.0162514 0.262667 0.000417564
0 0.981582 1 0.0368364 0 0.000418348
0 0.480769 0.106667 0.0167931 0.0586667 0.000424877
0 0.726165 0.046 0.06013 0.0653333 0.000426527
0 0.991603 0.105333 0.0167931 0.154667 0.000430423
0 0.809859 0.02 0.0660888 0.04 0.000434217
0 0.78169 0.588667 0.0325027 0.0386667 0.000447773
0 0.781961 0.026 0.0449621 0.028 0.000459147
0 0.6552 1 0.0536295 0 0.000465521
0 0.541441 0.0846667 0.0503792 0.169333 0.000488805
0 0.451788 0.598667 0.0249187 0.0613333 0.000495163
0 0.0102925 0.647333 0.020585 0.276 0.000498822
0 0.890574 0.00666667 0.0985916 0.0133333 0.000531422
0 0.662784 0.0513333 0.0200433 0.052 0.000548585
0 0.976706 0 0.0465872 0 0.000572735
0 0.964518 0.00333333 0.0709642 0.00666667 0.000592206
0 0.331798 0.0206667 0.0492958 0.0306667 0.000610095
0 0.663326 0.999333 0.0817985 0.00133333 0.000627427
0 0.545233 0.176667 0.0612134 0.188 0.000664812
0 0.0628386 0.002 0.125677 0.004 0.000670197
0 0.68987 0.865333 0.0557963 0.237333 0.000681606
0 0.989437 1 0.0211268 0 0.000701464
0 0.553088 0.074 0.0444204 0.118667 0.000701722
0 0.991333 0.966 0.0162514 0.068 0.000704779
0 0.0362947 0.00933333 0.063922 0.0186667 0.000713208
0 0.872156 0.0293333 0.0704225 0.048 0.000725723
0 0.989166 0.696667 0.0184182 0.204 0.000773663
0 0.713705 0.867333 0.0579632 0.172 0.00078161
0 0.795504 0.0593333 0.0850488 0.118667 0.000796897
0 0.0105634 0.528 0.0178765 0.272 0.000863929
0 0.820152 0.0146667 0.0314193 0.0293333 0.000880436
0 0.717497 0.0413333 0.0287107 0.064 0.00088313
0 0.988082 0.983333 0.0162514 0.0333333 0.000890114
0 0.985915 0.569333 0.028169 0.352 0.00091744
0 0.989166 0.244667 0.020585 0.214667 0.0011255
0 0.656284 0.994 0.052546 0.012 0.00129771
0 0.989166 0.538 0.0162514 0.254667 0.00136043
0 0.988353 0.058 0.0167931 0.113333 0.00143554
0 0.972102 0.24 0.0557963 0.266667 0.00145756
0 0.662784 0.995333 0.0731311 0.00933333 0.00154181
0 0.987812 0.942667 0.0178765 0.114667 0.00182107
0 0.0270856 0.00133333 0.0541712 0.00266667 0.0020112
0 0.526815 0.384667 0.452329 0.769333 0.00211891
0 0.446641 0.6 0.0460455 0.0346667 0.00220448
0 0.430661 0.586667 0.0660888 0.0533333 0.00288829
0 0.816089 0.026 0.0449621 0.0413333 0.0032609
0 0.548212 0.0913333 0.0368364 0.068 0.00464915
0 0.72481 0.929333 0.0834236 0.122667 0.00927864
0 0.978332 0.282 0.0433369 0.145333 0.0100004
0 0.377573 0.710667 0.345612 0.578667 0.0102866
0 0.521127 0.588667 0.31961 0.822667 0.0109685
0 0.797942 0.032 0.0855905 0.0533333 0.0127859
0 0.89247 0.729333 0.0579632 0.0986667 0.0148466
0 0.985374 0.300667 0.0249187 0.137333 0.0163963
0 0.721289 0.81 0.202059 0.38 0.0283751
0 0.558234 0.222667 0.0612134 0.2 0.143091
0 0.400054 0.855333 0.0536295 0.201333 0.653989
0 0.523835 0.622 0.0574215 0.174667 0.830548
0 0.718581 0.877333 0.0980498 0.245333 0.843134
