0 0.843716 0.0413333 0.0362947 0.064 1.7061e-05
0 0.839924 0.899333 0.031961 0.0733333 1.71596e-05
0 0.515439 0.028 0.0872156 0.056 1.7184e-05
0 0.930932 0.0746667 0.0687974 0.0826667 1.72353e-05
0 0.373239 0.51 0.0747562 0.196 1.73021e-05
0 0.809317 0.00666667 0.0498375 0.0133333 1.73377e-05
0 0.46831 0.154667 0.150054 0.309333 1.73443e-05
0 0.318527 0.0526667 0.0476706 0.0733333 1.73539e-05
0 0.372427 0.136667 0.0471289 0.102667 1.74632e-05
0 0.0213976 0.296667 0.0254605 0.268 1.74707e-05
0 0.0509209 0.997333 0.0520043 0.00533333 1.75377e-05
0 0.35428 0.547333 0.0509209 0.129333 1.75736e-05
0 0.787378 0.984667 0.0720477 0.0306667 1.75799e-05
0 0.407367 0.698667 0.0498375 0.192 1.76525e-05
0 0.49675 0.169333 0.0455038 0.0666667 1.76911e-05
0 0.556609 0.119333 0.0330444 0.052 1.76928e-05
0 0.609967 0.691333 0.0650054 0.185333 1.77401e-05
0 0.583694 0.234667 0.0449621 0.096 1.77858e-05
0 0.672806 0.517333 0.071506 0.178667 1.77966e-05
0 0.949621 0.604 0.0498375 0.0826667 1.78322e-05
0 0.27546 0.217333 0.164139 0.434667 1.78439e-05
0 0.597779 0.539333 0.0438787 0.1 1.79009e-05
0 0.769772 0.232 0.0498375 0.12 1.79043e-05
0 0.680932 0.598667 0.0368364 0.0746667 1.79414e-05
0 0.463976 0.028 0.0850488 0.056 1.81143e-05
0 0.521668 0.559333 0.0552546 0.113333 1.81704e-05
0 0.0186891 0.238 0.0373781 0.129333 1.81995e-05
0 0.129198 0.00333333 0.0568797 0.00666667 1.82286e-05
0 0.891387 0.955333 0.125135 0.0893333 1.82591e-05
0 0.323673 0.839333 0.170639 0.321333 1.82827e-05
0 0.0138137 0.936 0.0276273 0.128 1.8295e-05
0 0.342904 0.179333 0.0422535 0.0653333 1.83074e-05
0 0.508397 0.974667 0.0449621 0.0426667 1.83211e-05
0 0.338299 0.0693333 0.0893824 0.138667 1.83497e-05
0 0.565547 0.0293333 0.0877573 0.0586667 1.83516e-05
0 0.355905 0.604667 0.0530878 0.132 1.83881e-05
0 0.148429 0.574667 0.099675 0.205333 1.84617e-05
0 0.311755 0.712667 0.154388 0.345333 1.84902e-05
0 0.352654 0.290667 0.0660888 0.144 1.84963e-05
0 0.22454 0.336 0.0471289 0.130667 1.85037e-05
0 0.235103 0.0873333 0.0390032 0.116 1.86248e-05
0 0.104821 0.987333 0.0774648 0.0253333 1.86567e-05
0 0.757042 0.108667 0.0406284 0.0653333 1.87291e-05
0 0.915493 1 0.0487541 0 1.87562e-05
0 0.726165 0.598667 0.154388 0.498667 1.87788e-05
0 0.0216685 0.118 0.0260022 0.198667 1.87833e-05
0 0.423619 0.361333 0.0444204 0.128 1.88626e-05
0 0.0552546 0.789333 0.110509 0.290667 1.89171e-05
0 0.685265 0.03 0.0465872 0.06 1.89709e-05
0 0.361322 0.846667 0.0704225 0.221333 1.89741e-05
0 0.621885 0.979333 0.0411701 0.028 1.90416e-05
0 0.737541 0.718 0.0861322 0.174667 1.91192e-05
0 0.212351 0.399333 0.0346696 0.134667 1.91285e-05
0 0.24377 0.704 0.0552546 0.125333 1.92723e-05
0 0.636241 0.949333 0.0427952 0.0853333 1.92749e-05
0 0.359155 0.452667 0.0769231 0.185333 1.93043e-05
0 0.930661 0.0786667 0.0368364 0.0613333 1.93496e-05
0 0.580715 0.696667 0.0877573 0.286667 1.93578e-05
0 0.593174 0.576 0.0931744 0.181333 1.94579e-05
0 0.91143 0.283333 0.137053 0.209333 1.94613e-05
0 0.0587757 0.926 0.10455 0.148 1.94982e-05
0 0.112405 1 0.0514626 0 1.96022e-05
0 0.223456 0.245333 0.0449621 0.138667 1.96395e-05
0 0.77844 0.33 0.071506 0.182667 1.97447e-05
0 0.250271 0.963333 0.0390032 0.0733333 1.97467e-05
0 0.278711 0.888667 0.0547129 0.161333 1.97491e-05
0 0.771668 0.00933333 0.0460455 0.0186667 1.98075e-05
0 0.706392 0.296667 0.0498375 0.126667 1.98902e-05
0 0.85428 1 0.0487541 0 1.99104e-05
0 0.836132 0.638667 0.0915493 0.261333 1.99448e-05
0 0.822589 0.213333 0.156555 0.426667 2.01406e-05
0 0.833424 0.0773333 0.0362947 0.0853333 2.02238e-05
0 0.729957 0.813333 0.117551 0.181333 2.02725e-05
0 0.463976 0.397333 0.153304 0.56 2.03133e-05
0 0.237811 0.094 0.0606717 0.172 2.03187e-05
0 0.196912 0.273333 0.0449621 0.144 2.03433e-05
0 0.193933 0.647333 0.0606717 0.206667 2.03486e-05
0 0.264897 0.076 0.11701 0.0986667 2.04678e-05
0 0.988082 0.886 0.0238353 0.166667 2.06959e-05
0 0.786295 0.700667 0.0687974 0.276 2.07252e-05
0 0.945016 0.207333 0.103467 0.225333 2.07587e-05
0 0.663597 0.701333 0.0628386 0.181333 2.0864e-05
0 0.188245 0.628667 0.181473 0.529333 2.09143e-05
0 0.229415 0.399333 0.179307 0.726667 2.11674e-05
0 0.030065 0.562667 0.0427952 0.264 2.11709e-05
0 0.318256 0.970667 0.0406284 0.04 2.1238e-05
0 0.430932 0.692 0.0557963 0.165333 2.12559e-05
0 0.324215 0.930667 0.0926327 0.138667 2.13149e-05
0 0.787649 0.708667 0.0498375 0.164 2.13172e-05
0 0.760022 0.111333 0.0801734 0.1 2.14929e-05
0 0.530336 0.14 0.0455038 0.064 2.1513e-05
0 0.516522 0.206667 0.0471289 0.101333 2.163e-05
0 0.26571 0.0286667 0.118635 0.0573333 2.16524e-05
0 0.707476 0.0366667 0.0400867 0.06 2.17007e-05
0 0.718852 0.33 0.0509209 0.124 2.1709e-05
0 0.615655 0.767333 0.0861322 0.214667 2.17532e-05
0 0.659263 0.042 0.0314193 0.0706667 2.17615e-05
0 0.0533586 0.332 0.095883 0.245333 2.182e-05
0 0.485915 0.404667 0.0953413 0.26 2.18393e-05
0 0.139762 0.951333 0.122427 0.0973333 2.188e-05
0 0.481311 0.896667 0.06013 0.206667 2.19118e-05
0 0.745125 0.008 0.0471289 0.016 2.20463e-05
0 0.656013 0.14 0.0422535 0.101333 2.20527e-05
0 0.770585 0.982667 0.052546 0.0346667 2.20546e-05
0 0.532503 0.939333 0.071506 0.084 2.20548e-05
0 0.0195016 0.330667 0.0390032 0.122667 2.20611e-05
0 0.483749 0.835333 0.0520043 0.193333 2.22629e-05
0 0.00785482 0.966667 0.0102925 0.0666667 2.23032e-05
0 0.213705 0.646 0.0330444 0.124 2.23078e-05
0 0.3987 0.539333 0.0552546 0.124 2.23231e-05
0 0.722914 0.155333 0.153304 0.310667 2.23847e-05
0 0.168743 0.983333 0.0698808 0.0333333 2.24245e-05
0 0.833965 0.578 0.0850488 0.110667 2.24258e-05
0 0.585861 0.892 0.109967 0.216 2.24418e-05
0 0.633532 0.203333 0.153304 0.406667 2.25231e-05
0 0.761376 0.617333 0.0417118 0.0586667 2.25718e-05
0 0.031961 0.122 0.0520043 0.145333 2.27538e-05
0 0.460455 0.082 0.071506 0.164 2.28016e-05
0 0.50948 0.989333 0.0622969 0.0213333 2.28336e-05
0 0.932828 0.576667 0.0487541 0.084 2.28891e-05
0 0.782503 0.552667 0.0503792 0.105333 2.28934e-05
0 0.0874865 0.998667 0.0514626 0.00266667 2.28965e-05
0 0.340737 0.578667 0.0541712 0.138667 2.29066e-05
0 0.143283 0.0653333 0.0937161 0.130667 2.29162e-05
0 0.086403 0.959333 0.117551 0.0813333 2.30321e-05
0 0.807692 0.203333 0.0671723 0.118667 2.30401e-05
0 0.0176056 0.606 0.0222102 0.276 2.30512e-05
0 0.755959 0.00266667 0.0644637 0.00533333 2.31708e-05
0 0.137866 0.999333 0.0503792 0.00133333 2.32145e-05
0 0.394637 0.00666667 0.0471289 0.0133333 2.32936e-05
0 0.224269 0.772667 0.0595883 0.166667 2.3381e-05
0 0.0186891 0.453333 0.0373781 0.117333 2.33842e-05
0 0.51571 0.654667 0.0444204 0.136 2.33878e-05
0 0.520043 0.127333 0.0400867 0.0733333 2.34832e-05
0 0.755688 0.978667 0.0801734 0.0426667 2.37219e-05
0 0.918472 0.591333 0.0438787 0.108 2.37367e-05
0 0.237811 0.936667 0.0812568 0.126667 2.3838e-05
0 0.863218 0.520667 0.0731311 0.166667 2.39005e-05
0 0.0520043 0.00133333 0.0552546 0.00266667 2.39128e-05
0 0.416576 0.163333 0.0541712 0.0626667 2.39353e-05
0 0.440412 0.952 0.0780065 0.096 2.39881e-05
0 0.478332 0.103333 0.0260022 0.0333333 2.40397e-05
0 0.0560672 0.206667 0.1013 0.293333 2.4067e-05
0 0.0184182 0.831333 0.0238353 0.26 2.419e-05
0 0.322319 0.052 0.0899242 0.0933333 2.41977e-05
0 0.614572 0.0333333 0.0752979 0.0666667 2.4248e-05
0 0.941495 0.334 0.112676 0.294667 2.42657e-05
0 0.880282 0 0.0520043 0 2.43523e-05
0 0.686078 0.718 0.0774648 0.153333 2.43929e-05
0 0.984561 0.304667 0.0167931 0.198667 2.4402e-05
0 0.678223 0.626 0.0769231 0.281333 2.45746e-05
0 0.151408 0.997333 0.0503792 0.00533333 2.46292e-05
0 0.357801 0.231333 0.0633803 0.121333 2.47746e-05
0 0.929307 0 0.0514626 0 2.47931e-05
0 0.782232 0.992667 0.0444204 0.0146667 2.49986e-05
0 0.364572 0.964667 0.0866739 0.0706667 2.5054e-05
0 0.34182 0.724 0.169014 0.184 2.51814e-05
0 0.812839 0.952667 0.095883 0.0946667 2.5208e-05
0 0.304713 0.968667 0.0406284 0.0466667 2.52143e-05
0 0.145179 0.058 0.0476706 0.0813333 2.52164e-05
0 0.195287 0.59 0.0720477 0.390667 2.5332e-05
0 0.360238 0.144 0.0693391 0.184 2.53482e-05
0 0.573131 0.154667 0.153846 0.309333 2.53489e-05
0 0.567714 0.952 0.106176 0.096 2.55346e-05
0 0.815818 0.701333 0.0834236 0.178667 2.57399e-05
0 0.60753 0.168667 0.0449621 0.0813333 2.58036e-05
0 0.0956121 0.0253333 0.151138 0.0506667 2.58288e-05
0 0.858342 0.008 0.0460455 0.016 2.58515e-05
0 0.819881 0.064 0.039545 0.0853333 2.58736e-05
0 0.886782 0.880667 0.108342 0.238667 2.5897e-05
0 0.225352 0.765333 0.0335861 0.114667 2.59216e-05
0 0.883261 0.619333 0.138137 0.476 2.60448e-05
0 0.944475 0.957333 0.0937161 0.0853333 2.60993e-05
0 0.216956 0.024 0.118635 0.048 2.61089e-05
0 0.42714 0.328667 0.0287107 0.153333 2.61496e-05
0 0.860238 0 0.0877573 0 2.61923e-05
0 0.039545 1 0.0541712 0 2.63049e-05
0 0.557692 0.159333 0.0482123 0.068 2.65038e-05
0 0.0176056 0.573333 0.0352113 0.122667 2.656e-05
0 0.59507 0.268 0.0427952 0.088 2.66166e-05
0 0.225352 0.726 0.0314193 0.105333 2.66433e-05
0 0.372427 0.750667 0.0579632 0.125333 2.66457e-05
0 0.408992 0.153333 0.071506 0.250667 2.66793e-05
0 0.531419 0.462 0.0877573 0.278667 2.67605e-05
0 0.413597 0.0353333 0.0828819 0.0706667 2.67696e-05
0 0.86078 0.012 0.0758397 0.024 2.67757e-05
0 0.459101 0.406667 0.088299 0.170667 2.6776e-05
0 0.521939 0.260667 0.148971 0.521333 2.67823e-05
0 0.941224 1 0.0482123 0 2.68595e-05
0 0.532503 0.923333 0.0964247 0.153333 2.68863e-05
0 0.260022 0.227333 0.140845 0.342667 2.7005e-05
0 0.548754 0.756667 0.0314193 0.0626667 2.70055e-05
0 0.236186 0.822 0.0444204 0.161333 2.71815e-05
0 0.763814 0.581333 0.0476706 0.0746667 2.72938e-05
0 0.245125 0.218667 0.0547129 0.136 2.72997e-05
0 0.371073 0.941333 0.0758397 0.117333 2.73113e-05
0 0.239978 0.086 0.0855905 0.172 2.76112e-05
0 0.618635 0.903333 0.092091 0.18 2.76434e-05
0 0.786024 0.138667 0.0866739 0.128 2.76672e-05
0 0.211809 0.576 0.0260022 0.136 2.77544e-05
0 0.706663 0.989333 0.0503792 0.0213333 2.77659e-05
0 0.21831 0.874 0.0693391 0.252 2.77822e-05
0 0.957205 0.749333 0.0855905 0.456 2.78089e-05
0 0.482394 0.108 0.0113759 0.0426667 2.78399e-05
0 0.409534 0.850667 0.0379198 0.192 2.79445e-05
0 0.808234 0.594667 0.137595 0.504 2.80331e-05
0 0.758667 0.267333 0.0622969 0.174667 2.80695e-05
0 0.725894 0.997333 0.0812568 0.00533333 2.81551e-05
0 0.0213976 0.389333 0.0200433 0.264 2.82336e-05
0 0.135699 0.881333 0.119718 0.237333 2.83462e-05
0 0.0197725 0.391333 0.039545 0.118667 2.83884e-05
0 0.429577 0.0573333 0.0335861 0.096 2.84521e-05
0 0.745395 0.618 0.0834236 0.129333 2.84628e-05
0 0.190141 0.0913333 0.0541712 0.174667 2.84979e-05
0 0.907096 0.628 0.0774648 0.290667 2.85728e-05
0 0.244041 0.258667 0.0763814 0.226667 2.85774e-05
0 0.23727 0.993333 0.0758397 0.0133333 2.85812e-05
0 0.506501 0.482667 0.0487541 0.0773333 2.87116e-05
0 0.378115 0.143333 0.141928 0.286667 2.88229e-05
0 0.385699 0.395333 0.107259 0.214667 2.88519e-05
0 0.687432 0.0386667 0.0855905 0.0773333 2.8897e-05
0 0.0249187 0.974 0.0498375 0.052 2.90639e-05
0 0.899512 0.738667 0.0926327 0.130667 2.90662e-05
0 0.360509 0.474 0.126219 0.310667 2.92239e-05
0 0.955038 0.365333 0.0899242 0.488 2.95477e-05
0 0.173619 0.0273333 0.0850488 0.0546667 2.95745e-05
0 0.796587 0.141333 0.0449621 0.0933333 2.96256e-05
0 0.985374 0.354 0.0292524 0.121333 2.97403e-05
0 0.617822 0.353333 0.067714 0.117333 2.97593e-05
0 0.19312 0.543333 0.0471289 0.206667 2.97869e-05
0 0.765439 0.256667 0.148429 0.513333 2.9817e-05
0 0.746208 0.233333 0.0482123 0.112 2.98186e-05
0 0.60428 0 0.0492958 0 2.9994e-05
0 0.624594 0.366 0.140845 0.518667 3.02052e-05
0 0.278982 0.00133333 0.0552546 0.00266667 3.02148e-05
0 0.6487 0.975333 0.0557963 0.0493333 3.02151e-05
0 0.317985 0.0206667 0.0509209 0.0413333 3.02987e-05
0 0.867551 0.586 0.0915493 0.153333 3.0411e-05
0 0.557421 0.533333 0.092091 0.2 3.05394e-05
0 0.654388 0 0.0498375 0 3.06511e-05
0 0.211538 0.52 0.0297941 0.141333 3.06712e-05
0 0.459101 0.838 0.0492958 0.198667 3.07983e-05
0 0.822048 0 0.0850488 0 3.08088e-05
0 0.563922 0.444667 0.101842 0.273333 3.08716e-05
0 0.757042 0.534667 0.0633803 0.125333 3.08808e-05
0 0.242958 0.0266667 0.0330444 0.0533333 3.09441e-05
0 0.411972 0.985333 0.0720477 0.0293333 3.11844e-05
0 0.48727 0.0566667 0.0557963 0.113333 3.14822e-05
0 0.869447 0.456 0.099675 0.245333 3.15519e-05
0 0.58857 0.2 0.0568797 0.12 3.15743e-05
0 0.559047 0.759333 0.028169 0.0546667 3.16804e-05
0 0.354821 0.634667 0.0888407 0.186667 3.16928e-05
0 0.763001 0.044 0.0839653 0.088 3.21147e-05
0 0.21506 0.698667 0.028169 0.0933333 3.21351e-05
0 0.734561 0.197333 0.0444204 0.117333 3.21669e-05
0 0.685265 0.988667 0.0606717 0.0226667 3.22561e-05
0 0.470477 0.122667 0.0514626 0.245333 3.22709e-05
0 0.303359 0 0.0552546 0 3.25139e-05
0 0.159805 0.510667 0.100758 0.194667 3.2588e-05
0 0.289816 0.593333 0.084507 0.181333 3.26224e-05
0 0.946912 0.006 0.0455038 0.012 3.2627e-05
0 0.0828819 0.872 0.124594 0.256 3.26791e-05
0 0.605905 0.994 0.0471289 0.012 3.27631e-05
0 0.890574 1 0.0509209 0 3.27738e-05
0 0.54415 0.106 0.0254605 0.0386667 3.28059e-05
0 0.855092 0 0.052546 0 3.28256e-05
0 0.704767 1 0.0487541 0 3.2952e-05
0 0.342362 0.0993333 0.0942579 0.132 3.29527e-05
0 0.566901 0.357333 0.14572 0.56 3.31151e-05
0 0.898429 0.00133333 0.0915493 0.00266667 3.33446e-05
0 0.570152 0.198 0.0460455 0.108 3.34339e-05
0 0.823131 0.547333 0.0590466 0.201333 3.36196e-05
0 0.590737 0.995333 0.0482123 0.00933333 3.36265e-05
0 0.812568 0.638667 0.0855905 0.138667 3.37249e-05
0 0.154659 0.00133333 0.0568797 0.00266667 3.3958e-05
0 0.483478 0.121333 0.0384615 0.101333 3.4001e-05
0 0.953955 0 0.0520043 0 3.40375e-05
0 0.610238 0.296 0.0471289 0.096 3.41198e-05
0 0.640033 0.960667 0.0752979 0.0786667 3.41394e-05
0 0.966956 0.965333 0.0660888 0.0693333 3.42529e-05
0 0.655471 0.09 0.035753 0.0626667 3.43225e-05
0 0.778982 0.0386667 0.0314193 0.048 3.43997e-05
0 0.177411 0.995333 0.0503792 0.00933333 3.44679e-05
0 0.241603 0.478 0.0823402 0.158667 3.45235e-05
0 0.903846 0 0.0514626 0 3.45366e-05
0 0.510022 0.402667 0.0828819 0.168 3.46758e-05
0 0.312297 0.99 0.0839653 0.02 3.46781e-05
0 0.766522 0.990667 0.0368364 0.0186667 3.47262e-05
0 0.48104 0.917333 0.0433369 0.122667 3.47313e-05
0 0.704767 0 0.0498375 0 3.48629e-05
0 0.0316901 0.0653333 0.0492958 0.114667 3.4934e-05
0 0.460997 0.99 0.0682557 0.02 3.50679e-05
0 0.0522752 0.0866667 0.103467 0.173333 3.51542e-05
0 0.733478 0.144667 0.0422535 0.0813333 3.52351e-05
0 0.316901 0.026 0.111593 0.052 3.53584e-05
0 0.859426 0.0373333 0.0373781 0.0453333 3.53658e-05
0 0.189057 0.956667 0.0953413 0.0866667 3.54405e-05
0 0.972914 0.0486667 0.0270856 0.068 3.54701e-05
0 0.843174 0.01 0.0482123 0.02 3.55041e-05
0 0.469664 0.219333 0.099675 0.217333 3.55099e-05
0 0.676327 0.626 0.0590466 0.142667 3.5539e-05
0 0.622156 0.323333 0.0492958 0.102667 3.55774e-05
0 0.770856 0.168 0.0476706 0.0906667 3.56752e-05
0 0.484019 0.297333 0.0460455 0.117333 3.57469e-05
0 0.918743 0.252667 0.139762 0.505333 3.58065e-05
0 0.00650054 0.927333 0.0130011 0.145333 3.593e-05
0 0.528711 0.998 0.0498375 0.004 3.59542e-05
0 0.935536 0.0993333 0.0942579 0.198667 3.6004e-05
0 0.26896 0.0233333 0.0622969 0.0466667 3.60641e-05
0 0.24377 0.38 0.0704225 0.24 3.61712e-05
0 0.589653 0.964 0.108884 0.072 3.62341e-05
0 0.054442 0.582 0.108884 0.356 3.64438e-05
0 0.672806 0.134 0.134345 0.268 3.65937e-05
0 0.593987 0.134 0.0417118 0.0813333 3.66514e-05
0 0.355905 0.00466667 0.0509209 0.00933333 3.68217e-05
0 0.457476 0.332667 0.0698808 0.161333 3.71109e-05
0 0.307692 0.954667 0.0823402 0.0906667 3.71732e-05
0 0.720748 0.17 0.0482123 0.0946667 3.71745e-05
0 0.281961 0.797333 0.119718 0.341333 3.7197e-05
0 0.819881 0.143333 0.0460455 0.113333 3.73797e-05
0 0.612405 0.0853333 0.0709642 0.170667 3.75037e-05
0 0.566089 0.996667 0.0487541 0.00666667 3.77282e-05
0 0.168202 0.0193333 0.0492958 0.0386667 3.78911e-05
0 0.532503 0.324 0.0444204 0.101333 3.79662e-05
0 0.758397 0.200667 0.0465872 0.121333 3.80383e-05
0 0.3448 0.0193333 0.0449621 0.0386667 3.81719e-05
0 0.257855 0.795333 0.107259 0.201333 3.82902e-05
0 0.233749 0.513333 0.0482123 0.264 3.83735e-05
0 0.907909 0.483333 0.0509209 0.113333 3.86337e-05
0 0.363218 0.028 0.0915493 0.056 3.86419e-05
0 0.426598 0.235333 0.0709642 0.212 3.89472e-05
0 0.0325027 0.378667 0.0476706 0.261333 3.89876e-05
0 0.928223 0.826 0.129469 0.348 3.92626e-05
0 0.805255 0.566667 0.0752979 0.274667 3.92886e-05
0 0.230228 0.996667 0.0455038 0.00666667 3.9293e-05
0 0.968852 0.997333 0.0460455 0.00533333 3.93344e-05
0 0.679848 0 0.0509209 0 3.93647e-05
0 0.76896 0.468 0.052546 0.109333 3.96448e-05
0 0.488353 0.531333 0.109967 0.166667 3.96523e-05
0 0.478873 0 0.0520043 0 3.96656e-05
0 0.232394 0.378667 0.071506 0.136 3.96808e-05
0 0.255417 0.714 0.111051 0.201333 3.96894e-05
0 0.48727 0.692 0.0915493 0.368 3.96923e-05
0 0.521398 0.0513333 0.0915493 0.102667 3.99234e-05
0 0.393554 0.991333 0.0417118 0.0173333 4.01571e-05
0 0.978873 0 0.0422535 0 4.03358e-05
0 0.429036 0.101333 0.0660888 0.202667 4.04591e-05
0 0.634886 0.298667 0.0476706 0.117333 4.06707e-05
0 0.930661 0.00466667 0.0465872 0.00933333 4.09594e-05
0 0.0365655 0.261333 0.0731311 0.522667 4.13873e-05
0 0.23727 0.479333 0.0953413 0.372 4.14685e-05
0 0.905742 0.0526667 0.0400867 0.0813333 4.16115e-05
0 0.566089 0 0.0509209 0 4.16271e-05
0 0.507584 0.317333 0.0455038 0.101333 4.18509e-05
0 0.264355 0.339333 0.143012 0.193333 4.20196e-05
0 0.631365 0.261333 0.0590466 0.125333 4.21076e-05
0 0.619989 0.235333 0.052546 0.0946667 4.21276e-05
0 0.940141 0.620667 0.095883 0.273333 4.23319e-05
0 0.0598592 0.34 0.119718 0.44 4.2747e-05
0 0.462351 0.86 0.108884 0.28 4.278e-05
0 0.427411 0.251333 0.0390032 0.1 4.29714e-05
0 0.823673 0.826 0.156555 0.348 4.2973e-05
0 0.661701 0.976667 0.0417118 0.0306667 4.31679e-05
0 0.43364 0.916667 0.0817985 0.145333 4.33996e-05
0 0.931744 0.873333 0.0910076 0.189333 4.36597e-05
0 0.827465 0.871333 0.116468 0.193333 4.37159e-05
0 0.341008 0.957333 0.0915493 0.0853333 4.3726e-05
0 0.514085 0.116667 0.0888407 0.182667 4.37789e-05
0 0.190953 0.0633333 0.0763814 0.126667 4.38263e-05
0 0.973456 0.625333 0.0422535 0.0933333 4.40318e-05
0 0.256771 0.996 0.0390032 0.008 4.4077e-05
0 0.621343 0.0853333 0.0530878 0.0506667 4.40849e-05
0 0.682828 0.104667 0.0492958 0.076 4.41106e-05
0 0.465601 0.286 0.0915493 0.148 4.41429e-05
0 0.0869447 1 0.0547129 0 4.41817e-05
0 0.242958 0.660667 0.0709642 0.153333 4.42134e-05
0 0.618906 0.630667 0.0807151 0.178667 4.43053e-05
0 0.737541 0.102 0.0915493 0.204 4.43266e-05
0 0.403304 0 0.052546 0 4.44677e-05
0 0.252438 0.068 0.0487541 0.112 4.45871e-05
0 0.308505 0.0826667 0.112134 0.117333 4.46603e-05
0 0.71831 0.116 0.092091 0.144 4.46623e-05
0 0.111051 0.762 0.222102 0.476 4.46715e-05
0 0.809317 0.171333 0.0498375 0.108 4.47533e-05
0 0.817172 0 0.052546 0 4.47641e-05
0 0.0208559 0.0906667 0.0406284 0.117333 4.53032e-05
0 0.281961 0.966 0.0482123 0.06 4.53757e-05
0 0.292524 0.0533333 0.0509209 0.0746667 4.55383e-05
0 0.0102925 0.0406667 0.0151679 0.0813333 4.55562e-05
0 0.748917 0.575333 0.0991333 0.132 4.56438e-05
0 0.623239 0.202667 0.0438787 0.109333 4.56513e-05
0 0.431473 0.991333 0.0482123 0.0173333 4.56601e-05
0 0.452871 0 0.0530878 0 4.57058e-05
0 0.888137 0.0433333 0.0947996 0.0866667 4.57323e-05
0 0.196912 0.0566667 0.0417118 0.0813333 4.5852e-05
0 0.508938 0.477333 0.0904659 0.141333 4.59555e-05
0 0.237811 0.938667 0.0303359 0.0906667 4.59638e-05
0 0.48104 0.970667 0.0238353 0.0533333 4.61134e-05
0 0.505688 0.996667 0.0471289 0.00666667 4.64229e-05
0 0.704225 0.198 0.0433369 0.116 4.65055e-05
0 0.612134 0.991333 0.0877573 0.0173333 4.66537e-05
0 0.0213976 0.03 0.0427952 0.06 4.69427e-05
0 0.741603 0.300667 0.0628386 0.153333 4.70137e-05
0 0.0322319 0.951333 0.0644637 0.0973333 4.71932e-05
0 0.872427 0.817333 0.100217 0.173333 4.72326e-05
0 0.742687 0 0.0509209 0 4.73694e-05
0 0.461538 0.0473333 0.0801734 0.0946667 4.7426e-05
0 0.595341 0.524667 0.0725894 0.153333 4.7589e-05
0 0.38299 0.267333 0.130011 0.486667 4.77105e-05
0 0.90195 0.549333 0.0498375 0.0666667 4.78009e-05
0 0.208288 0.0246667 0.0438787 0.0493333 4.79679e-05
0 0.280607 0.993333 0.0487541 0.0133333 4.80487e-05
0 0.592904 0.460667 0.102384 0.161333 4.80664e-05
0 0.113489 0.247333 0.181473 0.494667 4.8208e-05
0 0.341549 0.992667 0.0492958 0.0146667 4.82823e-05
0 0.0132719 0.884667 0.0254605 0.209333 4.85874e-05
0 0.541712 0.346667 0.0693391 0.112 4.87931e-05
0 0.0108342 0.909333 0.0140845 0.181333 4.88095e-05
0 0.180119 0 0.0557963 0 4.88956e-05
0 0.386782 0.644 0.0617551 0.194667 4.89703e-05
0 0.552817 0.886 0.0915493 0.177333 4.89824e-05
0 0.789274 1 0.0725894 0 4.91488e-05
0 0.480228 0.996667 0.0417118 0.00666667 4.92684e-05
0 0.890845 0.217333 0.163055 0.245333 4.94156e-05
0 0.169556 0.056 0.0476706 0.08 4.94599e-05
0 0.454225 0.994 0.0460455 0.012 4.95266e-05
0 0.235374 0.620667 0.114301 0.449333 4.96537e-05
0 0.938245 0.0326667 0.0975081 0.0653333 5.01215e-05
0 0.187432 0.994667 0.0931744 0.0106667 5.02881e-05
0 0.396804 0 0.0872156 0 5.0326e-05
0 0.0154388 0.0113333 0.0308776 0.0226667 5.04838e-05
0 0.767064 1 0.0444204 0 5.07605e-05
0 0.12026 0.503333 0.24052 0.734667 5.08795e-05
0 0.362947 0.284 0.0964247 0.24 5.09523e-05
0 0.387053 0.982 0.0687974 0.036 5.09697e-05
0 0.828819 0.998667 0.0509209 0.00266667 5.09896e-05
0 0.490249 0.00466667 0.0660888 0.00933333 5.11576e-05
0 0.431744 0.155333 0.0812568 0.121333 5.13473e-05
0 0.440953 0.447333 0.035753 0.076 5.17515e-05
0 0.00433369 0.852 0.00866739 0.141333 5.18465e-05
0 0.110509 0.485333 0.209101 0.370667 5.20992e-05
0 0.50325 0 0.0530878 0 5.21047e-05
0 0.542253 0.114667 0.0422535 0.0586667 5.2106e-05
0 0.24377 0.004 0.0541712 0.008 5.21485e-05
0 0.428494 0 0.0530878 0 5.24245e-05
0 0.843716 0.767333 0.102384 0.158667 5.24424e-05
0 0.729686 1 0.0509209 0 5.2469e-05
0 0.861051 0.428667 0.0471289 0.076 5.2552e-05
0 0.368364 0.00933333 0.0487541 0.0186667 5.27074e-05
0 0.00487541 0.915333 0.00758397 0.126667 5.27464e-05
0 0.718852 0.0406667 0.0260022 0.0653333 5.2832e-05
0 0.821235 0.36 0.15818 0.437333 5.28671e-05
0 0.217497 0.546 0.0612134 0.358667 5.29267e-05
0 0.0184182 0.515333 0.0368364 0.124 5.29473e-05
0 0.926327 0.413333 0.0975081 0.184 5.32909e-05
0 0.573402 0.0593333 0.088299 0.118667 5.37415e-05
0 0.509751 0.953333 0.0433369 0.072 5.3986e-05
0 0.317714 0.993333 0.0471289 0.0133333 5.41517e-05
0 0.517335 0.776667 0.0931744 0.206667 5.42129e-05
0 0.682828 0.262667 0.0687974 0.162667 5.45974e-05
0 0.635699 0.59 0.0482123 0.052 5.46195e-05
0 0.581528 0.166 0.0471289 0.092 5.4645e-05
0 0.704767 0.836667 0.0541712 0.148 5.47852e-05
0 0.0566089 0.469333 0.113218 0.261333 5.50587e-05
0 0.760834 0.999333 0.0687974 0.00133333 5.53482e-05
0 0.125406 1 0.0536295 0 5.53792e-05
0 0.0498375 1 0.0541712 0 5.53887e-05
0 0.203142 0.995333 0.0498375 0.00933333 5.56332e-05
0 0.0528169 0.88 0.0937161 0.192 5.56426e-05
0 0.918743 0.522 0.0498375 0.0866667 5.5923e-05
0 0.903034 0.756667 0.108342 0.385333 5.61125e-05
0 0.657638 0.260667 0.0520043 0.121333 5.61763e-05
0 0.884886 0.624667 0.0796316 0.172 5.64525e-05
0 0.905471 0.594667 0.0449621 0.0826667 5.65717e-05
0 0.342904 0.211333 0.0422535 0.092 5.6819e-05
0 0.555255 0.384667 0.0747562 0.150667 5.71026e-05
0 0.488353 0.155333 0.0796316 0.105333 5.71357e-05
0 0.386782 0.137333 0.084507 0.162667 5.71867e-05
0 0.449621 0.604667 0.0379198 0.052 5.7196e-05
0 0.610509 0.39 0.100758 0.236 5.74834e-05
0 0.665493 0.582667 0.0406284 0.0666667 5.75348e-05
0 0.539545 0.006 0.0682557 0.012 5.76239e-05
0 0.417931 0.117333 0.0449621 0.0773333 5.76336e-05
0 0.420098 0.00666667 0.0460455 0.0133333 5.77619e-05
0 0.527898 0 0.0536295 0 5.78055e-05
0 0.433911 0.962 0.0520043 0.0493333 5.78646e-05
0 0.639491 0.619333 0.0579632 0.276 5.78794e-05
0 0.890033 0.103333 0.100758 0.206667 5.83949e-05
0 0.112676 0 0.0552546 0 5.85443e-05
0 0.817443 0.266 0.0736728 0.132 5.86655e-05
0 0.514085 0.329333 0.0769231 0.138667 5.87482e-05
0 0.660618 0.988 0.031961 0.016 6.01295e-05
0 0.791983 0 0.0530878 0 6.02388e-05
0 0.284128 0.102667 0.119718 0.205333 6.0902e-05
0 0.907638 0.0793333 0.0579632 0.0866667 6.1448e-05
0 0.673348 0.587333 0.0790899 0.118667 6.17115e-05
0 0.329361 0 0.0541712 0 6.20838e-05
0 0.415764 0.394667 0.0579632 0.0826667 6.22363e-05
0 0.986999 0.974 0.0216685 0.052 6.29379e-05
0 0.865385 1 0.052546 0 6.30737e-05
0 0.772752 0.513333 0.129469 0.394667 6.31498e-05
0 0.828548 0.534 0.0211268 0.0626667 6.31498e-05
0 0.949892 1 0.0742145 0 6.31902e-05
0 0.681744 0.994 0.0482123 0.012 6.37707e-05
0 0.647346 0.985333 0.0422535 0.024 6.38124e-05
0 0.767335 0 0.052546 0 6.39807e-05
0 0.704225 0.146 0.0433369 0.0946667 6.40347e-05
0 0.583153 0.114 0.0417118 0.0706667 6.41665e-05
0 0.463164 0.004 0.0650054 0.008 6.41765e-05
0 0.366468 0.995333 0.0482123 0.00933333 6.4183e-05
0 0.58857 0.00666667 0.06013 0.0133333 6.42026e-05
0 0.838028 0.466667 0.0866739 0.149333 6.49443e-05
0 0.988353 0.138 0.0157096 0.116 6.53146e-05
0 0.039545 0.77 0.0790899 0.46 6.55641e-05
0 0.631907 0.838667 0.127302 0.322667 6.5614e-05
0 0.51896 0.836667 0.11701 0.326667 6.58718e-05
0 0.729686 0.985333 0.0541712 0.0293333 6.61095e-05
0 0.987812 0.696667 0.0211268 0.110667 6.61908e-05
0 0.488895 0.27 0.0817985 0.225333 6.63441e-05
0 0.259751 0.933333 0.0547129 0.133333 6.63773e-05
0 0.811755 0.108 0.0872156 0.216 6.66237e-05
0 0.97156 0.948 0.0557963 0.104 6.67063e-05
0 0.614572 0.102 0.088299 0.102667 6.6796e-05
0 0.0192308 0.515333 0.0211268 0.265333 6.69529e-05
0 0.81013 0.486 0.0937161 0.129333 6.70211e-05
0 0.916576 0.994 0.125677 0.012 6.71778e-05
0 0.98429 0.304 0.0314193 0.130667 6.72076e-05
0 0.302546 0.876 0.0991333 0.248 6.73778e-05
0 0.883532 0.344 0.130011 0.176 6.81978e-05
0 0.239978 0.034 0.0790899 0.068 6.83346e-05
0 0.389491 0.736 0.0910076 0.186667 6.83911e-05
0 0.441224 0.514667 0.0482123 0.146667 6.86244e-05
0 0.812568 0.0513333 0.0747562 0.102667 6.94008e-05
0 0.0744854 0 0.0547129 0 6.94582e-05
0 0.642741 0.876667 0.0666305 0.246667 6.95501e-05
0 0.691224 0.982 0.0964247 0.036 6.96443e-05
0 0.47779 0.934 0.0162514 0.0813333 6.98345e-05
0 0.988082 0.818 0.0227519 0.126667 7.00656e-05
0 0.68039 1 0.0509209 0 7.03101e-05
0 0.264355 0.987333 0.0682557 0.0253333 7.06028e-05
0 0.671993 0.173333 0.0514626 0.0906667 7.08396e-05
0 0.926327 0.516667 0.130011 0.409333 7.0947e-05
0 0.634074 0.136 0.0482123 0.0933333 7.09613e-05
0 0.983207 0.606667 0.0335861 0.112 7.10146e-05
0 0.578819 0.312667 0.0460455 0.0786667 7.10364e-05
0 0.918202 0.00866667 0.0411701 0.0173333 7.12613e-05
0 0.151408 0.008 0.1013 0.016 7.21311e-05
0 0.427681 0.101333 0.0471289 0.125333 7.26158e-05
0 0.0303359 0.158 0.0606717 0.316 7.28626e-05
0 0.796045 0.0686667 0.0482123 0.0626667 7.28791e-05
0 0.304442 0.470667 0.163597 0.250667 7.38683e-05
0 0.543066 0.146 0.112134 0.196 7.41042e-05
0 0.763814 0.651333 0.472373 0.697333 7.45744e-05
0 0.24377 0.769333 0.063922 0.136 7.4575e-05
0 0.861051 0.153333 0.128386 0.237333 7.48839e-05
0 0.589653 1 0.0482123 0 7.50971e-05
0 0.151408 1 0.0536295 0 7.54635e-05
0 0.0189599 0.232667 0.0379198 0.361333 7.58134e-05
0 0.988624 0.169333 0.0227519 0.152 7.58839e-05
0 0.593174 0.298667 0.0411701 0.0693333 7.61384e-05
0 0.241062 0.834 0.0671723 0.332 7.65305e-05
0 0.0641928 0.99 0.0969664 0.02 7.69667e-05
0 0.719664 0.0513333 0.0828819 0.102667 7.70738e-05
0 0.979415 0.705333 0.0411701 0.213333 7.71112e-05
0 0.745666 0.17 0.0482123 0.1 7.71873e-05
0 0.625677 1 0.0769231 0 7.75258e-05
0 0.840466 0.392 0.105634 0.165333 7.75736e-05
0 0.504605 0.230667 0.0503792 0.088 7.7919e-05
0 0.791712 0.408667 0.416576 0.817333 7.80715e-05
0 0.278169 0.344667 0.134886 0.396 7.90118e-05
0 0.592633 0.106 0.0530878 0.148 7.90784e-05
0 0.222644 0.0606667 0.0379198 0.110667 7.97348e-05
0 0.780065 0.403333 0.099675 0.268 7.98845e-05
0 0.378115 0 0.0541712 0 8.01051e-05
0 0.500542 0.635333 0.101842 0.156 8.08699e-05
0 0.581528 0.28 0.0330444 0.08 8.17924e-05
0 0.0850488 0.00933333 0.0790899 0.0186667 8.20843e-05
0 0.589112 0.992667 0.112134 0.0146667 8.23309e-05
0 0.831257 0.21 0.052546 0.108 8.23535e-05
0 0.712351 0.0133333 0.0606717 0.0266667 8.31688e-05
0 0.949892 0.0166667 0.0352113 0.0333333 8.36272e-05
0 0.0135428 0.700667 0.0270856 0.233333 8.41275e-05
0 0.912243 0.0866667 0.092091 0.130667 8.45562e-05
0 0.31338 1 0.0774648 0 8.46862e-05
0 0.836945 0.218667 0.127844 0.224 8.604e-05
0 0.454225 0.964667 0.0492958 0.0546667 8.62701e-05
0 0.412784 1 0.0660888 0 8.64911e-05
0 0.637324 0.495333 0.0655471 0.190667 8.69224e-05
0 0.0593174 0.0613333 0.10455 0.122667 8.69777e-05
0 0.511105 0.143333 0.0471289 0.0653333 8.70141e-05
0 0.72481 0.979333 0.084507 0.0413333 8.72393e-05
0 0.514085 0.954667 0.0780065 0.0906667 8.76418e-05
0 0.523023 0.664667 0.0622969 0.329333 8.82307e-05
0 0.361322 0.0213333 0.0400867 0.0426667 8.8234e-05
0 0.562568 0.002 0.0828819 0.004 8.85243e-05
0 0.437432 1 0.0644637 0 8.90297e-05
0 0.248104 0.01 0.0866739 0.02 8.9087e-05
0 0.970206 0.034 0.0585049 0.068 8.9368e-05
0 0.894095 0.00866667 0.0482123 0.0173333 8.95456e-05
0 0.71208 0.384 0.13597 0.445333 8.95502e-05
0 0.457476 0.927333 0.0687974 0.145333 8.9558e-05
0 0.222102 0.547333 0.0433369 0.174667 8.95921e-05
0 0.531961 0.672 0.0368364 0.136 8.99104e-05
0 0.758667 0.141333 0.0449621 0.08 9.02365e-05
0 0.0622969 0 0.0541712 0 9.02409e-05
0 0.51273 0.002 0.0817985 0.004 9.02484e-05
0 0.588028 0.148667 0.0872156 0.198667 9.0489e-05
0 0.612134 0.006 0.0725894 0.012 9.05282e-05
0 0.0113759 0.0173333 0.0227519 0.0346667 9.05717e-05
0 0.751625 1 0.0449621 0 9.0605e-05
0 0.282503 0.389333 0.0969664 0.216 9.09406e-05
0 0.17714 1 0.0520043 0 9.09683e-05
0 0.657367 0.513333 0.111051 0.373333 9.11103e-05
0 0.419556 0.432 0.0612134 0.064 9.14906e-05
0 0.216414 0.0413333 0.0568797 0.0826667 9.19227e-05
0 0.774106 0.074 0.071506 0.148 9.26686e-05
0 0.789274 0.217333 0.099675 0.170667 9.33736e-05
0 0.245937 0.886667 0.0476706 0.178667 9.33795e-05
0 0.307421 0.0313333 0.0872156 0.0626667 9.39828e-05
0 0.556609 0.272 0.0514626 0.0933333 9.40783e-05
0 0.151138 0 0.056338 0 9.43365e-05
0 0.870531 0.446667 0.0585049 0.0693333 9.43409e-05
0 0.637324 0.00866667 0.0742145 0.0173333 9.47273e-05
0 0.0092091 0.0646667 0.0119177 0.121333 9.47341e-05
0 0.139491 0.0206667 0.114301 0.0413333 9.60956e-05
0 0.338299 0.0253333 0.0926327 0.0506667 9.64823e-05
0 0.429307 0.044 0.0687974 0.088 9.70303e-05
0 0.394637 0.0266667 0.0482123 0.0453333 9.76095e-05
0 0.757313 0.412 0.0671723 0.189333 9.80149e-05
0 0.00704225 0.295333 0.0140845 0.150667 9.83179e-05
0 0.00650054 0.994 0.0130011 0.012 9.8401e-05
0 0.0260022 0.656 0.0520043 0.402667 9.94221e-05
0 0.884074 0.431333 0.108342 0.129333 9.97048e-05
0 0.31636 1 0.0487541 0 9.99881e-05
0 0.665764 0.249333 0.122427 0.434667 0.000100052
0 0.565276 1 0.0503792 0 0.000100286
0 0.539816 1 0.0503792 0 0.000100579
0 0.972373 0.410667 0.0552546 0.168 0.000100978
0 0.288191 0.991333 0.0866739 0.0173333 0.000101443
0 0.789003 0.284 0.107801 0.181333 0.000101533
0 0.507855 0.225333 0.0947996 0.125333 0.000102012
0 0.028169 0.469333 0.0487541 0.248 0.000102319
0 0.351842 0 0.0557963 0 0.000102508
0 0.237811 1 0.0736728 0 0.000102626
0 0.0100217 0.834667 0.0146262 0.258667 0.000102756
0 0.983478 0.980667 0.0330444 0.0386667 0.000102882
0 0.866739 0.994667 0.136511 0.0106667 0.000103194
0 0.487541 0.994667 0.0855905 0.0106667 0.000103983
0 0.907367 0.012 0.0455038 0.024 0.000104301
0 0.455309 0.645333 0.106717 0.152 0.000104847
0 0.0170639 0.986667 0.0341278 0.0266667 0.000104849
0 0.65493 0.608667 0.0400867 0.0973333 0.000104854
0 0.938245 0.0313333 0.0855905 0.0626667 0.00010492
0 0.397075 0.493333 0.056338 0.130667 0.000105882
0 0.00650054 0.236667 0.0130011 0.148 0.000106141
0 0.538732 0.705333 0.0687974 0.202667 0.000106195
0 0.763543 0.517333 0.0752979 0.234667 0.000106486
0 0.42091 0.292667 0.0509209 0.113333 0.000107823
0 0.340737 1 0.0498375 0 0.000108842
0 0.373781 0.808 0.12351 0.226667 0.000108998
0 0.863489 1 0.0823402 0 0.00010912
0 0.538191 0.995333 0.107801 0.00933333 0.000109615
0 0.00731311 0.42 0.0146262 0.144 0.000109746
0 0.641658 0.990667 0.0861322 0.0186667 0.000111484
0 0.472102 0.108667 0.0341278 0.084 0.000112263
0 0.0197725 0.362 0.039545 0.353333 0.000112376
0 0.712351 0.957333 0.0769231 0.0666667 0.000112565
0 0.758667 0.342 0.0893824 0.292 0.000112704
0 0.424702 0.334 0.063922 0.204 0.000113029
0 0.841008 1 0.052546 0 0.000113511
0 0.00839653 0.172 0.0167931 0.213333 0.000113802
0 0.462622 1 0.063922 0 0.000113864
0 0.404659 1 0.0455038 0 0.000113943
0 0.859967 0.283333 0.158722 0.289333 0.000115158
0 0.0186891 0.790667 0.0373781 0.394667 0.000115254
0 0.685536 0.0126667 0.0817985 0.0253333 0.000115281
0 0.419285 0.144 0.0346696 0.0746667 0.00011547
0 0.277356 0 0.056338 0 0.000115859
0 0.968039 0.476 0.0574215 0.16 0.000115929
0 0.187161 0.00533333 0.0872156 0.0106667 0.000116341
0 0.285482 0.935333 0.0682557 0.113333 0.000116471
0 0.439057 0.981333 0.0861322 0.0373333 0.000116907
0 0.796587 0.052 0.0709642 0.0693333 0.000117024
0 0.0197725 1 0.039545 0 0.000117078
0 0.630553 1 0.0465872 0 0.000117423
0 0.385428 0.0146667 0.0655471 0.0293333 0.000117533
0 0.276273 1 0.0671723 0 0.000117875
0 0.00650054 0.573333 0.0130011 0.144 0.000118233
0 0.563109 0.217333 0.0904659 0.154667 0.000118287
0 0.838841 0.1 0.108884 0.144 0.000118341
0 0.230769 0.648667 0.0725894 0.289333 0.000118994
0 0.911972 1 0.0872156 0 0.000119037
0 0.228873 1 0.0471289 0 0.000119442
0 0.734832 0.0733333 0.0438787 0.048 0.000119665
0 0.643283 0.615333 0.0536295 0.134667 0.000119686
0 0.435536 0.004 0.0780065 0.008 0.000119781
0 0.793337 1 0.0482123 0 0.000120084
0 0.36403 0.426 0.728061 0.852 0.000120497
0 0.00622969 0.668667 0.0124594 0.145333 0.000120623
0 0.00650054 0.850667 0.0130011 0.234667 0.000120774
0 0.966685 1 0.0482123 0 0.000120802
0 0.0067714 0.759333 0.0135428 0.252 0.000120882
0 0.669014 0.385333 0.0877573 0.152 0.000120919
0 0.46208 0.930667 0.0455038 0.106667 0.000121234
0 0.302275 0 0.056338 0 0.000121326
0 0.56961 0.134 0.0492958 0.0706667 0.000121951
0 0.124865 1 0.0937161 0 0.000122419
0 0.291441 1 0.0487541 0 0.000122666
0 0.16441 0.999333 0.119718 0.00133333 0.000122669
0 0.374594 1 0.0752979 0 0.000123124
0 0.815547 0.161333 0.0947996 0.162667 0.000123147
0 0.959642 0.0106667 0.0460455 0.0213333 0.000123801
0 0.00731311 0.116667 0.0124594 0.145333 0.000124751
0 0.893012 0.516667 0.0763814 0.156 0.000124841
0 0.632719 0.994667 0.0476706 0.0106667 0.000125275
0 0.21831 0.00133333 0.0552546 0.00266667 0.000125296
0 0.973727 0.838667 0.052546 0.301333 0.000125695
0 0.583965 0.344 0.099675 0.12 0.000126091
0 0.96208 0.0113333 0.0574215 0.0226667 0.000126459
0 0.0159805 0.0546667 0.031961 0.109333 0.000126746
0 0.987541 0.458 0.0249187 0.196 0.000127635
0 0.264897 0.537333 0.127844 0.232 0.000128318
0 0.292524 0.016 0.0910076 0.032 0.000128352
0 0.0595883 0.00933333 0.0964247 0.0186667 0.00012842
0 0.411159 0.00933333 0.0790899 0.0186667 0.000128689
0 0.507313 0.279333 0.0666305 0.148 0.000129657
0 0.0327736 0.483333 0.0655471 0.390667 0.000131467
0 0.737812 0.0113333 0.0834236 0.0226667 0.00013169
0 0.806338 0.996 0.0503792 0.008 0.000132273
0 0.2026 1 0.0509209 0 0.000132393
0 0.586132 0.4 0.0975081 0.16 0.000133667
0 0.37026 0.04 0.0785482 0.08 0.000133785
0 0.54415 0.286 0.1013 0.185333 0.00013505
0 0.423889 0.585333 0.0666305 0.0986667 0.000136319
0 0.738895 0.214667 0.0801734 0.170667 0.000138037
0 0.00731311 0.357333 0.0146262 0.152 0.000138232
0 0.575027 1 0.0796316 0 0.000138238
0 0.985645 0.02 0.0287107 0.04 0.00013825
0 0.429036 1 0.0476706 0 0.000139163
0 0.365114 1 0.0498375 0 0.00013989
0 0.503792 1 0.0476706 0 0.000139899
0 0.987812 0.910667 0.024377 0.178667 0.000140312
0 0.911159 0.0373333 0.0953413 0.0746667 0.000140604
0 0.374594 0.602 0.152221 0.417333 0.000141334
0 0.222644 0.612 0.0390032 0.178667 0.000141663
0 0.606176 0.072 0.0238353 0.0666667 0.000141775
0 0.983207 0.529333 0.0335861 0.282667 0.000142273
0 0.611593 0.0673333 0.0574215 0.0893333 0.000143617
0 0.59507 0.0673333 0.0417118 0.108 0.000144499
0 0.989437 0.384667 0.0178765 0.142667 0.00014536
0 0.280336 0.242 0.102384 0.193333 0.000145926
0 0.986186 0.39 0.0276273 0.313333 0.000146896
0 0.407367 0.244667 0.0595883 0.14 0.000147558
0 0.818256 0.539333 0.0373781 0.0786667 0.000148604
0 0.985103 0.0113333 0.0254605 0.0226667 0.000149635
0 0.734832 0.35 0.100217 0.172 0.00015104
0 0.616739 0.212667 0.0763814 0.161333 0.000151175
0 0.972102 0.208 0.0557963 0.306667 0.00015185
0 0.376219 0.590667 0.119718 0.221333 0.00015309
0 0.520314 0.136667 0.0839653 0.092 0.000153493
0 0.517064 0.888667 0.0731311 0.169333 0.000153531
0 0.685807 0.456 0.0964247 0.264 0.000154331
0 0.222373 0.426 0.0460455 0.129333 0.000154599
0 0.976977 0.336667 0.0460455 0.204 0.000154633
0 0.0869447 1 0.0926327 0 0.000154661
0 0.410076 0.866 0.0985916 0.268 0.000154882
0 0.973185 0.0993333 0.0536295 0.198667 0.000154961
0 0.811213 0.0746667 0.0655471 0.138667 0.000155526
0 0.87351 0.018 0.0482123 0.036 0.000156033
0 0.615385 0.294 0.0769231 0.137333 0.000156097
0 0.647075 0.232667 0.0503792 0.108 0.000156891
0 0.466143 0.731333 0.0817985 0.236 0.000157293
0 0.921993 0.0133333 0.0693391 0.0266667 0.000157812
0 0.751354 0.984667 0.0400867 0.0306667 0.000157951
0 0.411159 0.446667 0.0801734 0.154667 0.000158141
0 0.52519 1 0.0709642 0 0.000158898
0 0.201517 0.522 0.403034 0.956 0.000159052
0 0.239978 0.574 0.0747562 0.198667 0.000159318
0 0.336674 0.012 0.0796316 0.024 0.000159327
0 0.521127 0.568667 0.0790899 0.182667 0.00015972
0 0.70558 0.212667 0.0698808 0.174667 0.000159971
0 0.140845 0.676 0.28169 0.648 0.000160562
0 0.189599 0.0246667 0.092091 0.0493333 0.000162885
0 0.71208 0.463333 0.109967 0.177333 0.000162887
0 0.478602 1 0.0460455 0 0.000162927
0 0.267606 1 0.0444204 0 0.000164344
0 0.454225 1 0.0460455 0 0.000165221
0 0.395179 0.926667 0.0417118 0.125333 0.00016529
0 0.963705 0.536667 0.0628386 0.153333 0.000165688
0 0.188787 0 0.0557963 0 0.000165828
0 0.240791 0 0.0557963 0 0.000166232
0 0.484019 0.214 0.0482123 0.0733333 0.000166813
0 0.8987 0.582667 0.071506 0.122667 0.000167769
0 0.986999 0.536667 0.0260022 0.185333 0.00016818
0 0.776815 0.595333 0.0704225 0.18 0.000170108
0 0.813109 0.993333 0.0823402 0.0133333 0.000170321
0 0.0092091 1 0.0184182 0 0.000170916
0 0.656284 1 0.0503792 0 0.000171345
0 0.031961 0.870667 0.063922 0.258667 0.000172039
0 0.832611 0.334 0.105092 0.188 0.000172449
0 0.210726 0.997333 0.0888407 0.00533333 0.00017363
0 0.786836 0.0126667 0.0861322 0.0253333 0.000173893
0 0.674702 0.998667 0.0850488 0.00266667 0.00017406
0 0.272752 0.516 0.14247 0.512 0.000174564
0 0.760834 0.160667 0.088299 0.14 0.000175535
0 0.832069 0.234667 0.092091 0.112 0.000176823
0 0.882719 0.0346667 0.0774648 0.0506667 0.00017769
0 0.706934 0.296 0.0931744 0.162667 0.00017781
0 0.877573 0.768667 0.0758397 0.174667 0.000178083
0 0.957476 0.014 0.0287107 0.02 0.000180254
0 0.643824 0.175333 0.0492958 0.118667 0.000180331
0 0.0102925 0.259333 0.0173348 0.236 0.000180613
0 0.989166 0.938 0.0216685 0.124 0.000184436
0 0.326652 0 0.056338 0 0.000184783
0 0.615926 0.154667 0.0910076 0.149333 0.000185221
0 0.0092091 0.0853333 0.0184182 0.165333 0.000185803
0 0.0108342 0.586667 0.0216685 0.24 0.000185954
0 0.909805 0.0166667 0.0666305 0.0333333 0.000187041
0 0.749458 0.961333 0.0460455 0.0773333 0.000188238
0 0.804713 0.566 0.0698808 0.0866667 0.000189684
0 0.413868 0.5 0.827736 1 0.000192436
0 0.406826 0.0473333 0.0704225 0.0946667 0.000192998
0 0.63299 0.380667 0.73402 0.761333 0.000194537
0 0.260563 0 0.102925 0 0.000195054
0 0.0186891 0.544 0.0373781 0.328 0.000196289
0 0.968039 0.586 0.063922 0.14 0.00019797
0 0.223185 0.672 0.0346696 0.130667 0.000198105
0 0.78792 0.084 0.0937161 0.096 0.000198252
0 0.336132 0.579333 0.10455 0.182667 0.000198382
0 0.967768 0.992 0.0644637 0.016 0.000199183
0 0.0127302 0.473333 0.0254605 0.248 0.000199249
0 0.738895 0.0893333 0.0910076 0.096 0.000200173
0 0.985915 0.272667 0.028169 0.310667 0.000200855
0 0.988895 0.27 0.0189599 0.148 0.000201522
0 0.923619 0.52 0.0866739 0.157333 0.000201959
0 0.432286 0.441333 0.0487541 0.0426667 0.000204557
0 0.832611 0.018 0.0476706 0.036 0.000204906
0 0.751625 0.896 0.0796316 0.194667 0.000207312
0 0.0994041 0.00666667 0.115385 0.0133333 0.000208937
0 0.863759 0.0226667 0.039545 0.0373333 0.000209793
0 0.834778 0.0233333 0.0650054 0.0466667 0.000211192
0 0.340737 0.994667 0.0931744 0.0106667 0.000212537
0 0.992687 0.414 0.0146262 0.228 0.000214132
0 0.693662 0.167333 0.0482123 0.102667 0.000214778
0 0.63922 0.332667 0.0671723 0.142667 0.000216251
0 0.00758397 0.514667 0.0151679 0.146667 0.000216714
0 0.710184 0.398667 0.0964247 0.136 0.000217546
0 0.419014 0.0253333 0.0438787 0.0506667 0.000218303
0 0.039545 0.994667 0.0790899 0.0106667 0.000221545
0 0.668472 0.0593333 0.0736728 0.113333 0.000222962
0 0.644366 0.0813333 0.0612134 0.162667 0.000225863
0 0.984561 0.0813333 0.0308776 0.162667 0.000227008
0 0.745395 0.473333 0.071506 0.149333 0.000227138
0 0.248917 0.939333 0.0254605 0.102667 0.000228212
0 0.235915 0.0466667 0.0341278 0.0933333 0.000228566
0 0.0273564 1 0.052546 0 0.000229143
0 0.81636 1 0.0530878 0 0.000234736
0 0.360509 0.008 0.088299 0.016 0.000235569
0 0.970206 0.016 0.0303359 0.024 0.000237499
0 0.672806 0.878 0.0325027 0.166667 0.000238629
0 0.00893824 0.681333 0.0146262 0.266667 0.000240937
0 0.793608 0.5 0.412784 1 0.000244553
0 0.986186 0.640667 0.0276273 0.276 0.00024629
0 0.767335 0.600667 0.0557963 0.0306667 0.000246759
0 0.404659 0.0986667 0.056338 0.136 0.000248717
0 0.65493 0.354 0.0552546 0.108 0.000251531
0 0.937432 0.00666667 0.0861322 0.0133333 0.000253933
0 0.643554 0.209333 0.0780065 0.213333 0.000256091
0 0.418202 0.663333 0.572048 0.673333 0.000256196
0 0.825298 1 0.0796316 0 0.000256512
0 0.888137 0.468667 0.0872156 0.113333 0.000257821
0 0.0387324 0 0.0579632 0 0.000261886
0 0.708288 0.068 0.0492958 0.064 0.000262682
0 0.285211 0.0266667 0.095883 0.0533333 0.000263549
0 0.564193 0.15 0.10455 0.124 0.000265213
0 0.989707 0.854 0.0130011 0.201333 0.000267989
0 0.939599 0.579333 0.0872156 0.121333 0.000269328
0 0.992145 0.23 0.0157096 0.212 0.000275156
0 0.372969 0.0493333 0.0460455 0.0693333 0.000277104
0 0.0289816 0.008 0.0557963 0.016 0.00027845
0 0.214518 0 0.0552546 0 0.000280129
0 0.285211 0.052 0.102384 0.0933333 0.000281186
0 0.706121 0.163333 0.0893824 0.142667 0.000286684
0 0.0105634 0.356 0.0157096 0.258667 0.00028744
0 0.483207 0.234667 0.0693391 0.088 0.000288315
0 0.993229 0.910667 0.0124594 0.176 0.000294877
0 0.47779 0.118667 0.0216685 0.056 0.000297069
0 0.657367 0.5 0.685265 1 0.00029924
0 0.887595 0.0173333 0.0872156 0.0346667 0.000299643
0 0.600488 0.0953333 0.0232936 0.0573333 0.000307288
0 0.991603 0.324667 0.0167931 0.222667 0.000309824
0 0.691224 0.838667 0.0931744 0.282667 0.000315382
0 0.707747 0.368 0.0547129 0.112 0.000321111
0 0.313651 0.00333333 0.108342 0.00666667 0.000321113
0 0.390845 0.29 0.0752979 0.190667 0.000329937
0 0.77546 0.056 0.0276273 0.0346667 0.000335613
0 0.988353 0.639333 0.0167931 0.132 0.000341992
0 0.266793 0.678 0.450163 0.644 0.000342379
0 0.427411 0.284667 0.0130011 0.0573333 0.000344245
0 0.987541 0.140667 0.0249187 0.281333 0.000344706
0 0.776544 0.492 0.095883 0.12 0.000347113
0 0.429577 0.702 0.0736728 0.310667 0.000358208
0 0.662514 0.993333 0.0574215 0.0133333 0.000365683
0 0.264626 0.876667 0.088299 0.246667 0.000368331
0 0.987541 0.818667 0.0249187 0.328 0.000373731
0 0.989707 0.175333 0.0119177 0.124 0.000383906
0 0.0891116 0 0.157638 0 0.000384961
0 0.0352113 0.0306667 0.0704225 0.0613333 0.000385053
0 0.985103 0.994 0.0265439 0.012 0.00039251
0 0.41766 0.638667 0.063922 0.173333 0.000399332
0 0.446641 0.530667 0.0926327 0.184 0.000408369
0 0.382719 0.0913333 0.0633803 0.156 0.000421864
0 0.986999 0.0426667 0.020585 0.0586667 0.000431732
0 0.603467 0.0866667 0.0227519 0.0266667 0.000432048
0 0.684453 0.203333 0.0568797 0.126667 0.000436584
0 0.163868 0 0.144637 0 0.000440303
0 0.620531 0.536 0.0731311 0.133333 0.000443001
0 0.0105634 0.524667 0.0157096 0.26 0.000443635
0 0.825027 0.04 0.0595883 0.0586667 0.000445139
0 0.223185 0.00533333 0.0975081 0.0106667 0.00044885
0 0.823673 0.546667 0.031961 0.032 0.000463116
0 0.569339 0.296 0.0455038 0.0613333 0.000463891
0 0.81338 0.02 0.0720477 0.04 0.000471782
0 0.654388 0.563333 0.0346696 0.1 0.000472855
0 0.988895 0.729333 0.0135428 0.144 0.000485458
0 0.305525 0.585333 0.149512 0.264 0.000489623
0 0.657638 0.997333 0.0465872 0.00533333 0.000490992
0 0.988082 0.579333 0.0195016 0.132 0.000492637
0 0.890033 0.0146667 0.0498375 0.0293333 0.000494302
0 0.406013 0.325333 0.0568797 0.157333 0.000495394
0 0.910347 0.568667 0.0427952 0.0786667 0.000497024
0 0.37974 0.0326667 0.0465872 0.0466667 0.000506257
0 0.663326 0.291333 0.0785482 0.161333 0.000506557
0 0.408722 0.898 0.0687974 0.177333 0.000545777
0 0.812839 0.0473333 0.039545 0.0386667 0.000550203
0 0.682286 0.720667 0.594258 0.558667 0.000551069
0 0.992416 0.696 0.0130011 0.216 0.000552588
0 0.444475 0.952667 0.0655471 0.0946667 0.000564266
0 0.684995 0.350667 0.0850488 0.133333 0.000587298
0 0.648971 0.556 0.0552546 0.173333 0.000589781
0 0.557692 0.302 0.0720477 0.102667 0.000603204
0 0.666035 0.08 0.0308776 0.0346667 0.000615451
0 0.340195 0.5 0.68039 1 0.000620596
0 0.686349 0.0933333 0.0877573 0.0986667 0.000689909
0 0.664139 0.169333 0.0910076 0.146667 0.000693752
0 0.0230228 0 0.0460455 0 0.000700473
0 0.646804 0.0913333 0.0747562 0.092 0.000700845
0 0.868093 0.0326667 0.0341278 0.0306667 0.000707734
0 0.989166 0.785333 0.0140845 0.146667 0.000743079
0 0.337216 0.835333 0.122969 0.294667 0.00074897
0 0.988082 0.0846667 0.0238353 0.156 0.000751271
0 0.990249 0.943333 0.0130011 0.113333 0.000751599
0 0.988895 0.018 0.0157096 0.036 0.0007641
0 0.417118 0.520667 0.115926 0.345333 0.000773184
0 0.73727 0.0613333 0.0693391 0.072 0.000810947
0 0.982394 1 0.0352113 0 0.000859414
0 0.716414 0.876667 0.0579632 0.164 0.000877098
0 0.647616 0.585333 0.0384615 0.0773333 0.000890982
0 0.426056 0.572 0.088299 0.170667 0.000892686
0 0.992687 0.129333 0.0135428 0.194667 0.000935429
0 0.773564 0.0566667 0.056338 0.06 0.000952754
0 0.783586 0.542667 0.0937161 0.128 0.000964846
0 0.664139 0.217333 0.0780065 0.144 0.000973548
0 0.0403575 0.00133333 0.0807151 0.00266667 0.000974355
0 0.469664 0.945333 0.0260022 0.0666667 0.000996846
0 0.432828 0.617333 0.0671723 0.101333 0.00103116
0 0.422806 0.280667 0.0330444 0.0653333 0.00105271
0 0.777356 0.6 0.0585049 0.064 0.001056
0 0.993229 0.980667 0.0135428 0.0386667 0.00106561
0 0.739437 0.941333 0.056338 0.0853333 0.00126613
0 0.992416 0.786 0.0119177 0.233333 0.00137813
0 0.731582 0.968667 0.0687974 0.0626667 0.00140229
0 0.824756 0.022 0.0297941 0.0386667 0.00146308
0 0.646533 0.07 0.0438787 0.0866667 0.00152771
0 0.687432 0.066 0.0660888 0.0786667 0.00153847
0 0.989166 1 0.0195016 0 0.00165679
0 0.988082 0.986667 0.0130011 0.0266667 0.00176184
0 0.759751 0.494667 0.0471289 0.072 0.00226596
0 0.712622 0.0613333 0.0308776 0.032 0.00317007
0 0.687974 0.871333 0.0509209 0.198667 0.00322912
0 0.987541 0.0253333 0.0162514 0.04 0.00324728
0 0.638949 0.554 0.0557963 0.102667 0.00338574
0 0.990249 0.048 0.0173348 0.096 0.00398231
0 0.875948 0.0213333 0.0379198 0.024 0.00423824
0 0.650325 0.586667 0.0287107 0.04 0.00466627
0 0.764897 0.052 0.0325027 0.0426667 0.00480508
0 0.657638 0.0693333 0.0249187 0.056 0.00507224
0 0.989707 0.0893333 0.0130011 0.12 0.00655408
0 0.824215 0.0353333 0.031961 0.0333333 0.0068168
0 0.77519 0.609333 0.0411701 0.024 0.00684451
0 0.521398 0.562 0.38299 0.876 0.00723673
0 0.881094 0.757333 0.052546 0.0986667 0.00769678
0 0.376219 0.727333 0.323402 0.545333 0.00994277
0 0.433911 0.602 0.0487541 0.0546667 0.0101755
0 0.412784 0.512 0.0899242 0.186667 0.0170769
0 0.721018 0.802 0.224269 0.396 0.0215162
0 0.730228 0.936 0.092091 0.125333 0.031974
0 0.389762 0.86 0.0547129 0.242667 0.481002
0 0.715872 0.882 0.0980498 0.236 0.734088
0 0.529794 0.630667 0.0509209 0.170667 0.847334
