0 0.230769 0.00266667 0.0368364 0.00533333 1.40266e-05
0 0.28792 0.034 0.0742145 0.068 1.40541e-05
0 0.232665 0.45 0.0297941 0.0733333 1.41316e-05
0 0.460184 0.638667 0.0861322 0.250667 1.42044e-05
0 0.221018 0.649333 0.0238353 0.101333 1.42101e-05
0 0.497291 0.488667 0.0455038 0.129333 1.42579e-05
0 0.709642 0.515333 0.0400867 0.110667 1.42801e-05
0 0.084507 0.542 0.0910076 0.22 1.42809e-05
0 0.59182 0.0273333 0.0384615 0.0546667 1.42961e-05
0 0.778982 0.418 0.0455038 0.110667 1.43485e-05
0 0.423619 0.518 0.0411701 0.126667 1.4365e-05
0 0.586132 0.229333 0.0444204 0.0586667 1.43728e-05
0 0.29117 0.0753333 0.0297941 0.0573333 1.43767e-05
0 0.229686 0.65 0.0801734 0.249333 1.44197e-05
0 0.0184182 0.425333 0.0368364 0.109333 1.44785e-05
0 0.896262 0.551333 0.0492958 0.110667 1.45111e-05
0 0.563922 0.939333 0.0660888 0.121333 1.45984e-05
0 0.278982 0 0.0498375 0 1.46361e-05
0 0.20558 0.880667 0.0969664 0.230667 1.46395e-05
0 0.385699 0.156667 0.0682557 0.134667 1.47286e-05
0 0.918202 0.0126667 0.0476706 0.0253333 1.4743e-05
0 0.972644 0.0573333 0.039545 0.0773333 1.47569e-05
0 0.222644 0.364 0.0249187 0.072 1.47757e-05
0 0.859155 0.0806667 0.0444204 0.092 1.47812e-05
0 0.526002 0.989333 0.0498375 0.0213333 1.48019e-05
0 0.72779 0.169333 0.167389 0.338667 1.48451e-05
0 0.63299 0.138 0.024377 0.116 1.4902e-05
0 0.794962 0.994667 0.0427952 0.0106667 1.49124e-05
0 0.193933 0.939333 0.0530878 0.06 1.4921e-05
0 0.620802 0.157333 0.147346 0.314667 1.4928e-05
0 0.423348 0.160667 0.0373781 0.281333 1.49746e-05
0 0.0687974 0.966 0.130011 0.068 1.5221e-05
0 0.219122 0.774667 0.21831 0.450667 1.52469e-05
0 0.112947 0.915333 0.105634 0.169333 1.52583e-05
0 0.363489 0.962 0.112676 0.076 1.52932e-05
0 0.36701 0.343333 0.1013 0.121333 1.5305e-05
0 0.416847 0.163333 0.00595883 0.0253333 1.5413e-05
0 0.640574 0.901333 0.122969 0.197333 1.54959e-05
0 0.627302 1 0.0509209 0 1.54971e-05
0 0.248375 0.389333 0.0341278 0.08 1.55363e-05
0 0.521127 0.920667 0.0650054 0.158667 1.55858e-05
0 0.817172 0.0906667 0.0471289 0.117333 1.5628e-05
0 0.908722 0.617333 0.0449621 0.109333 1.56316e-05
0 0.972373 0.0953333 0.0368364 0.0893333 1.5648e-05
0 0.561213 0.871333 0.0704225 0.209333 1.56542e-05
0 0.331528 0.454667 0.035753 0.0613333 1.56608e-05
0 0.621073 0.024 0.0427952 0.048 1.56733e-05
0 0.943933 0.996 0.0492958 0.008 1.57224e-05
0 0.579632 0.849333 0.124594 0.133333 1.57486e-05
0 0.729415 0.168 0.0612134 0.186667 1.57545e-05
0 0.889491 0.972667 0.0910076 0.0546667 1.57638e-05
0 0.859426 0.600667 0.0427952 0.0706667 1.57847e-05
0 0.734561 0.576667 0.0769231 0.166667 1.58868e-05
0 0.0652763 0 0.0536295 0 1.59069e-05
0 0.536566 0.868667 0.067714 0.262667 1.59991e-05
0 0.634886 0.336667 0.0769231 0.161333 1.60318e-05
0 0.683099 0.0873333 0.0335861 0.0866667 1.60447e-05
0 0.682557 0.443333 0.0455038 0.1 1.60915e-05
0 0.195287 0.936 0.0774648 0.106667 1.61504e-05
0 0.667389 0.613333 0.138678 0.52 1.6164e-05
0 0.463164 0.0466667 0.0693391 0.0933333 1.61775e-05
0 0.190141 0.078 0.0682557 0.132 1.61993e-05
0 0.0314193 0.064 0.0433369 0.0986667 1.62197e-05
0 0.688245 0.638 0.0622969 0.172 1.63045e-05
0 0.860509 0.641333 0.0904659 0.256 1.63449e-05
0 0.220477 0.582 0.0227519 0.084 1.63481e-05
0 0.689599 0.718 0.0682557 0.161333 1.64975e-05
0 0.641116 0.712667 0.0644637 0.166667 1.65168e-05
0 0.0208559 0.448 0.0211268 0.274667 1.65308e-05
0 0.387324 0.466 0.0725894 0.129333 1.65847e-05
0 0.355363 0.678667 0.0628386 0.328 1.6613e-05
0 0.755146 0.958 0.0899242 0.084 1.66327e-05
0 0.500271 0.931333 0.0438787 0.0973333 1.66389e-05
0 0.515168 0.968 0.101842 0.064 1.66455e-05
0 0.515168 0.971333 0.0606717 0.0573333 1.66515e-05
0 0.413055 0.0446667 0.0687974 0.0893333 1.66518e-05
0 0.205309 0.066 0.0660888 0.132 1.66546e-05
0 0.0173348 0.674667 0.0346696 0.114667 1.66698e-05
0 0.100488 1 0.0557963 0 1.66896e-05
0 0.1552 0.0146667 0.0417118 0.0293333 1.67024e-05
0 0.361322 0.404667 0.0910076 0.132 1.67658e-05
0 0.0303359 0.0253333 0.0487541 0.0506667 1.69705e-05
0 0.0173348 0.548667 0.0346696 0.110667 1.69806e-05
0 0.612405 0.564 0.0352113 0.373333 1.70276e-05
0 0.149242 0.608 0.0861322 0.216 1.70307e-05
0 0.854009 0.992667 0.0492958 0.0146667 1.70446e-05
0 0.19312 0.154667 0.0622969 0.298667 1.71354e-05
0 0.215601 0.583333 0.0704225 0.236 1.71704e-05
0 0.657638 0.908667 0.0379198 0.0706667 1.72003e-05
0 0.58559 0.934667 0.124594 0.130667 1.72128e-05
0 0.983478 0.877333 0.0232936 0.128 1.72191e-05
0 0.823944 0.95 0.101842 0.0813333 1.73199e-05
0 0.228602 0.26 0.0249187 0.064 1.73527e-05
0 0.853738 0.144667 0.0682557 0.108 1.7496e-05
0 0.00785482 0.964 0.0092091 0.072 1.75244e-05
0 0.697183 0.951333 0.0260022 0.0546667 1.75478e-05
0 0.633803 0.632 0.0628386 0.152 1.7559e-05
0 0.218581 0.0166667 0.031961 0.0333333 1.75695e-05
0 0.196371 0.358667 0.0189599 0.0853333 1.75908e-05
0 0.108613 0.107333 0.0893824 0.214667 1.75971e-05
0 0.519772 0.044 0.0297941 0.0506667 1.76069e-05
0 0.922806 0.158667 0.154388 0.317333 1.76299e-05
0 0.0769231 0.339333 0.105092 0.185333 1.76825e-05
0 0.96208 0.385333 0.0541712 0.125333 1.7748e-05
0 0.615926 0.582 0.0314193 0.036 1.77777e-05
0 0.367822 0.0613333 0.0270856 0.0533333 1.81077e-05
0 0.330444 0.652 0.134345 0.189333 1.81103e-05
0 0.37351 0.092 0.0698808 0.146667 1.81303e-05
0 0.368364 0.276667 0.0823402 0.161333 1.8176e-05
0 0.268147 0.65 0.0975081 0.236 1.82486e-05
0 0.55688 0.94 0.0400867 0.0853333 1.82603e-05
0 0.701246 0.886 0.0341278 0.0866667 1.8321e-05
0 0.785482 0.204 0.0888407 0.274667 1.83477e-05
0 0.230498 0.491333 0.0254605 0.0813333 1.83541e-05
0 0.0186891 0.542 0.024377 0.273333 1.8371e-05
0 0.0176056 0.922667 0.0352113 0.117333 1.8404e-05
0 0.602113 1 0.0536295 0 1.8455e-05
0 0.368364 0.0613333 0.00975081 0.0453333 1.84776e-05
0 0.66441 0.709333 0.0612134 0.170667 1.84873e-05
0 0.544962 0.270667 0.0270856 0.08 1.84873e-05
0 0.107259 0.0933333 0.0704225 0.136 1.85264e-05
0 0.384615 0.221333 0.0671723 0.133333 1.85329e-05
0 0.557963 0.984667 0.138678 0.0306667 1.85998e-05
0 0.153575 0 0.0514626 0 1.86068e-05
0 0.859426 0.65 0.0687974 0.145333 1.86607e-05
0 0.523023 0.154667 0.0471289 0.0613333 1.87332e-05
0 0.210455 0.358 0.0167931 0.0866667 1.88534e-05
0 0.0907367 0 0.052546 0 1.89358e-05
0 0.580715 0.950667 0.146262 0.0853333 1.8945e-05
0 0.163326 0.337333 0.0904659 0.245333 1.89486e-05
0 0.307963 0.451333 0.0666305 0.118667 1.89932e-05
0 0.495395 0.16 0.0417118 0.0613333 1.90578e-05
0 0.201517 0.263333 0.0238353 0.076 1.90731e-05
0 0.562839 0.0466667 0.0693391 0.0933333 1.91579e-05
0 0.664139 0.911333 0.084507 0.137333 1.91867e-05
0 0.333424 0.526667 0.0796316 0.130667 1.92389e-05
0 0.0195016 0.911333 0.0390032 0.177333 1.92405e-05
0 0.563922 1 0.0509209 0 1.9449e-05
0 0.668743 0.385333 0.124052 0.450667 1.95039e-05
0 0.101842 0.277333 0.182015 0.554667 1.95146e-05
0 0.176869 0.998667 0.0536295 0.00266667 1.95417e-05
0 0.409534 0.353333 0.0325027 0.048 1.95805e-05
0 0.467768 0.267333 0.0644637 0.134667 1.97822e-05
0 0.236999 0.03 0.0698808 0.06 1.98809e-05
0 0.58559 0.371333 0.0390032 0.105333 1.9906e-05
0 0.163597 0.224 0.0801734 0.138667 1.99346e-05
0 0.380011 0 0.0492958 0 1.99653e-05
0 0.343174 0.452 0.0297941 0.0613333 2.00202e-05
0 0.507313 0.632 0.0579632 0.162667 2.00401e-05
0 0.622969 0.800667 0.212351 0.398667 2.00703e-05
0 0.468852 0.902 0.0471289 0.116 2.00829e-05
0 0.170368 0.042 0.0341278 0.0573333 2.0139e-05
0 0.0192308 0.120667 0.0341278 0.105333 2.02159e-05
0 0.579902 0.952667 0.0460455 0.0786667 2.03028e-05
0 0.21533 0 0.0492958 0 2.04777e-05
0 0.00812568 0.038 0.0140845 0.076 2.0478e-05
0 0.0742145 1 0.0574215 0 2.05012e-05
0 0.984832 0.960667 0.0303359 0.0786667 2.05549e-05
0 0.132719 0.434 0.0866739 0.134667 2.0572e-05
0 0.488624 0.376 0.0834236 0.122667 2.06155e-05
0 0.118364 0.0166667 0.0460455 0.0333333 2.06622e-05
0 0.66441 0.513333 0.0687974 0.28 2.06751e-05
0 0.781419 0.994 0.0427952 0.012 2.07208e-05
0 0.418472 0.280667 0.0655471 0.156 2.07253e-05
0 0.47481 0.140667 0.0406284 0.0813333 2.08452e-05
0 0.863489 0.329333 0.112676 0.221333 2.09957e-05
0 0.192308 0.000666667 0.0476706 0.00133333 2.10132e-05
0 0.325027 0.0386667 0.0758397 0.0773333 2.11189e-05
0 0.756501 0.202 0.06013 0.214667 2.12378e-05
0 0.715872 0.810667 0.0341278 0.16 2.12622e-05
0 0.567172 0 0.0498375 0 2.12776e-05
0 0.166306 0.0626667 0.0758397 0.125333 2.13156e-05
0 0.670098 0.110667 0.0346696 0.072 2.13174e-05
0 0.741603 0.0293333 0.105092 0.0586667 2.1345e-05
0 0.0503792 0.998667 0.0552546 0.00266667 2.1366e-05
0 0.62351 0.584 0.0725894 0.154667 2.139e-05
0 0.24052 0.528 0.028169 0.0666667 2.14102e-05
0 0.919285 0.722667 0.0465872 0.106667 2.14739e-05
0 0.396533 0.352667 0.0379198 0.044 2.1477e-05
0 0.118364 0.028 0.117551 0.056 2.14998e-05
0 0.418202 0.396667 0.0455038 0.305333 2.1534e-05
0 0.388137 0.385333 0.06013 0.12 2.16948e-05
0 0.507042 0.208 0.0433369 0.0906667 2.17287e-05
0 0.473727 0.208 0.0287107 0.0826667 2.17395e-05
0 0.46208 0.102 0.0173348 0.0706667 2.17666e-05
0 0.863489 0.531333 0.0985916 0.286667 2.17837e-05
0 0.876761 0.764667 0.1013 0.188 2.17972e-05
0 0.461809 0.360667 0.0817985 0.132 2.18168e-05
0 0.573131 0.224 0.0931744 0.218667 2.18813e-05
0 0.640574 0.952 0.141387 0.096 2.19078e-05
0 0.133532 0.0906667 0.0579632 0.130667 2.20259e-05
0 0.692579 0.573333 0.0460455 0.154667 2.20746e-05
0 0.781419 0.754 0.0872156 0.0973333 2.21407e-05
0 0.311755 0.587333 0.119718 0.193333 2.21549e-05
0 0.157638 0.088 0.0552546 0.125333 2.2179e-05
0 0.667118 0.0233333 0.0384615 0.0466667 2.21976e-05
0 0.817985 0.0526667 0.0465872 0.0653333 2.2235e-05
0 0.657909 0.086 0.031961 0.0786667 2.2285e-05
0 0.0755688 0.0946667 0.0752979 0.141333 2.23087e-05
0 0.0213976 0.260667 0.0308776 0.22 2.23393e-05
0 0.696641 0.987333 0.0411701 0.0253333 2.23484e-05
0 0.235915 0.421333 0.0352113 0.0613333 2.23508e-05
0 0.715872 0.49 0.131636 0.494667 2.2425e-05
0 0.253792 0.181333 0.0211268 0.08 2.24601e-05
0 0.514897 0.908 0.0222102 0.0853333 2.24635e-05
0 0.738624 0.352 0.0612134 0.242667 2.25709e-05
0 0.303088 0.150667 0.0774648 0.144 2.25946e-05
0 0.557963 0.268667 0.0346696 0.0706667 2.26232e-05
0 0.174702 0.910667 0.105634 0.141333 2.27075e-05
0 0.642741 0.028 0.1013 0.056 2.27916e-05
0 0.667389 0.863333 0.0801734 0.134667 2.2827e-05
0 0.769231 0.162667 0.056338 0.133333 2.29749e-05
0 0.432015 0.612 0.163055 0.541333 2.29911e-05
0 0.472914 0.144 0.063922 0.136 2.30374e-05
0 0.513272 0.0146667 0.052546 0.0293333 2.30554e-05
0 0.758126 0.439333 0.0471289 0.0946667 2.31641e-05
0 0.749458 0.999333 0.0796316 0.00133333 2.32053e-05
0 0.840195 0.469333 0.0953413 0.184 2.33631e-05
0 0.834507 0.535333 0.06013 0.174667 2.33768e-05
0 0.69312 0.0266667 0.109967 0.0533333 2.34764e-05
0 0.533586 0.270667 0.0617551 0.112 2.35504e-05
0 0.809047 0.465333 0.0590466 0.176 2.36167e-05
0 0.249458 0.519333 0.0514626 0.118667 2.36443e-05
0 0.10753 0.42 0.122969 0.301333 2.36556e-05
0 0.222102 0.392 0.0249187 0.072 2.37021e-05
0 0.588299 0.0373333 0.071506 0.0746667 2.37751e-05
0 0.635428 0.405333 0.0736728 0.133333 2.38157e-05
0 0.361593 0.532 0.0731311 0.122667 2.39622e-05
0 0.183099 0.982667 0.0769231 0.0346667 2.39842e-05
0 0.639762 0.455333 0.0747562 0.145333 2.40611e-05
0 0.570693 0.635333 0.160888 0.588 2.40614e-05
0 0.385428 0.0386667 0.0742145 0.0773333 2.41622e-05
0 0.209101 0.512 0.020585 0.0853333 2.42385e-05
0 0.210726 0.390667 0.0162514 0.0826667 2.43188e-05
0 0.635699 0.154 0.0666305 0.268 2.43255e-05
0 0.0617551 0.811333 0.106176 0.297333 2.43832e-05
0 0.436349 0.428667 0.115385 0.433333 2.44183e-05
0 0.254875 0.587333 0.0947996 0.198667 2.44446e-05
0 0.83857 0.938667 0.131094 0.122667 2.45482e-05
0 0.189057 0.0306667 0.0888407 0.0613333 2.4575e-05
0 0.426327 0.341333 0.0227519 0.08 2.46035e-05
0 0.38597 0.306667 0.0709642 0.109333 2.46181e-05
0 0.728602 0.791333 0.0769231 0.169333 2.46336e-05
0 0.41441 0.347333 0.0292524 0.1 2.46372e-05
0 0.234561 0.388667 0.0346696 0.0706667 2.46544e-05
0 0.684724 0.332667 0.0671723 0.265333 2.46946e-05
0 0.684724 0.813333 0.133261 0.373333 2.48062e-05
0 0.782503 0.72 0.150054 0.544 2.4814e-05
0 0.758126 0.370667 0.0438787 0.0746667 2.49622e-05
0 0.66143 0.00333333 0.0769231 0.00666667 2.50019e-05
0 0.70883 0.564667 0.0568797 0.254667 2.50305e-05
0 0.693662 1 0.0427952 0 2.51131e-05
0 0.673348 0.192667 0.128927 0.385333 2.51746e-05
0 0.429036 0.308 0.0411701 0.128 2.51854e-05
0 0.663326 0.344 0.0709642 0.165333 2.51882e-05
0 0.197725 0.168667 0.0455038 0.158667 2.52034e-05
0 0.382449 0.658 0.102925 0.190667 2.53878e-05
0 0.754875 1 0.0287107 0 2.54674e-05
0 0.462893 0.0173333 0.0503792 0.0346667 2.54979e-05
0 0.919014 1 0.0460455 0 2.55428e-05
0 0.115655 0 0.0536295 0 2.56474e-05
0 0.190412 0 0.0514626 0 2.56751e-05
0 0.669014 0.614 0.0725894 0.174667 2.5685e-05
0 0.767877 0.481333 0.130553 0.496 2.57035e-05
0 0.653846 1 0.0509209 0 2.57404e-05
0 0.709913 0.57 0.0427952 0.145333 2.57447e-05
0 0.687161 0.967333 0.0330444 0.036 2.57459e-05
0 0.729686 1 0.0433369 0 2.58376e-05
0 0.630011 0.274 0.0390032 0.0546667 2.58474e-05
0 0.612947 0.993333 0.108884 0.0133333 2.58944e-05
0 0.72454 0.929333 0.0774648 0.141333 2.60501e-05
0 0.0815276 0.215333 0.103467 0.238667 2.61343e-05
0 0.412784 0.0193333 0.0476706 0.0386667 2.64519e-05
0 0.590466 0.088 0.035753 0.0666667 2.64552e-05
0 0.221018 0.11 0.0617551 0.121333 2.64663e-05
0 0.641928 0.106667 0.0422535 0.0693333 2.65405e-05
0 0.47481 0.235333 0.0287107 0.068 2.66571e-05
0 0.358072 0.0193333 0.0227519 0.0386667 2.66584e-05
0 0.870531 0.941333 0.0520043 0.0853333 2.67425e-05
0 0.159534 0.408 0.088299 0.154667 2.69319e-05
0 0.423619 0.468667 0.0390032 0.14 2.71757e-05
0 0.497021 0.916667 0.0579632 0.166667 2.7177e-05
0 0.694204 0.02 0.0449621 0.04 2.71847e-05
0 0.657367 0.260667 0.0557963 0.156 2.72026e-05
0 0.478602 0.139333 0.124052 0.278667 2.72274e-05
0 0.689599 0.424667 0.0303359 0.052 2.72466e-05
0 0.435807 0.590667 0.0969664 0.202667 2.72771e-05
0 0.613759 0.364 0.0249187 0.0426667 2.73449e-05
0 0.210997 0.458 0.0547129 0.236 2.75149e-05
0 0.36078 0.710667 0.122427 0.312 2.75162e-05
0 0.643012 0 0.0509209 0 2.75327e-05
0 0.966414 0.970667 0.0671723 0.0586667 2.7697e-05
0 0.634615 0.154 0.0503792 0.148 2.77203e-05
0 0.974269 0.660667 0.0460455 0.126667 2.77792e-05
0 0.723185 0.444667 0.035753 0.084 2.79244e-05
0 0.164951 0.282667 0.0763814 0.130667 2.79374e-05
0 0.984832 0.724667 0.0303359 0.273333 2.79784e-05
0 0.190683 0.398667 0.0650054 0.309333 2.80602e-05
0 0.25948 0.183333 0.111593 0.366667 2.81562e-05
0 0.323131 0.868 0.132719 0.229333 2.8196e-05
0 0.290628 0.104667 0.0157096 0.0493333 2.82228e-05
0 0.714518 0.405333 0.0693391 0.218667 2.83973e-05
0 0.16441 0.337333 0.0687974 0.125333 2.84385e-05
0 0.358342 0.0613333 0.0211268 0.0373333 2.84669e-05
0 0.662784 0.155333 0.0547129 0.169333 2.85094e-05
0 0.464518 0.926667 0.0915493 0.146667 2.8639e-05
0 0.97454 0.211333 0.0368364 0.0866667 2.87037e-05
0 0.612676 0.715333 0.0682557 0.185333 2.87416e-05
0 0.669014 0.0593333 0.0325027 0.084 2.8778e-05
0 0.900596 1 0.088299 0 2.88035e-05
0 0.610509 0.494 0.063922 0.148 2.88118e-05
0 0.843445 0.118667 0.0476706 0.0986667 2.88236e-05
0 0.892199 1 0.0444204 0 2.88281e-05
0 0.619718 0.002 0.0498375 0.004 2.89371e-05
0 0.695287 0.8 0.0547129 0.138667 2.9014e-05
0 0.127031 1 0.0557963 0 2.90401e-05
0 0.933369 0.923333 0.112676 0.153333 2.90705e-05
0 0.219393 0.290667 0.0184182 0.109333 2.91313e-05
0 0.227248 0.586 0.031961 0.121333 2.92521e-05
0 0.1552 0.474 0.113218 0.185333 2.94598e-05
0 0.986186 0.971333 0.0222102 0.0466667 2.9504e-05
0 0.82584 0.68 0.088299 0.088 2.97246e-05
0 0.264897 0.096 0.0487541 0.192 2.97657e-05
0 0.421723 0.154667 0.0471289 0.122667 2.99552e-05
0 0.0195016 0.856667 0.0227519 0.252 2.99759e-05
0 0.578819 0.915333 0.14247 0.0946667 3.00853e-05
0 0.190412 0.953333 0.119718 0.0933333 3.0116e-05
0 0.613218 1 0.0975081 0 3.04015e-05
0 0.0465872 0.409333 0.0617551 0.237333 3.04346e-05
0 0.700704 1 0.0937161 0 3.05093e-05
0 0.281961 0.836667 0.130553 0.212 3.05736e-05
0 0.469393 0.0993333 0.0297941 0.0893333 3.05846e-05
0 0.131365 0.648 0.151138 0.336 3.06443e-05
0 0.662243 0.209333 0.0785482 0.242667 3.07164e-05
0 0.568256 0.904 0.145179 0.192 3.07228e-05
0 0.0498375 1 0.056338 0 3.07244e-05
0 0.892199 0.0153333 0.0498375 0.0306667 3.09561e-05
0 0.533315 0.642667 0.0644637 0.176 3.09743e-05
0 0.41468 0.990667 0.0492958 0.0186667 3.10963e-05
0 0.850758 0.046 0.0687974 0.076 3.11402e-05
0 0.888678 0.538667 0.111051 0.168 3.1284e-05
0 0.341278 0.0793333 0.0650054 0.124 3.13588e-05
0 0.0241062 0.980667 0.0482123 0.0386667 3.13703e-05
0 0.751625 0.816 0.130553 0.368 3.14579e-05
0 0.747291 0.766 0.0557963 0.102667 3.15739e-05
0 0.643283 0.0253333 0.0438787 0.0506667 3.18532e-05
0 0.719664 0.232 0.0590466 0.154667 3.18803e-05
0 0.609155 0.18 0.0937161 0.128 3.19346e-05
0 0.942849 1 0.0492958 0 3.21181e-05
0 0.791712 0.0266667 0.112134 0.0533333 3.21449e-05
0 0.312839 0.0106667 0.0557963 0.0213333 3.21514e-05
0 0.717768 0.336667 0.0520043 0.153333 3.22386e-05
0 0.81338 0.392 0.0893824 0.184 3.22402e-05
0 0.400867 0.786667 0.0693391 0.373333 3.23191e-05
0 0.433099 0.110667 0.0471289 0.221333 3.23288e-05
0 0.0869447 0.956667 0.14247 0.0866667 3.24413e-05
0 0.232936 0.546667 0.0238353 0.0666667 3.26198e-05
0 0.745937 0.380667 0.0314193 0.0653333 3.2793e-05
0 0.766251 0.25 0.131636 0.5 3.29162e-05
0 0.613759 0.780667 0.0758397 0.18 3.30076e-05
0 0.831798 0.613333 0.0937161 0.144 3.31041e-05
0 0.641928 0.984 0.147346 0.032 3.32336e-05
0 0.869177 0.581333 0.0417118 0.0906667 3.32346e-05
0 0.733749 0.00533333 0.0687974 0.0106667 3.33456e-05
0 0.690683 0.892 0.0855905 0.189333 3.35382e-05
0 0.585049 0.46 0.0335861 0.064 3.3556e-05
0 0.776273 0.750667 0.0335861 0.0533333 3.36072e-05
0 0.27844 0.114 0.0520043 0.228 3.36503e-05
0 0.482394 0.0853333 0.0297941 0.0613333 3.36518e-05
0 0.844529 0.0253333 0.0595883 0.0506667 3.40766e-05
0 0.221289 0.546667 0.0211268 0.08 3.412e-05
0 0.136241 0.00466667 0.0774648 0.00933333 3.42004e-05
0 0.970748 0.018 0.0465872 0.036 3.43111e-05
0 0.680932 0 0.0520043 0 3.45485e-05
0 0.417389 0.160667 0.0211268 0.036 3.45637e-05
0 0.0655471 0.110667 0.0411701 0.125333 3.45651e-05
0 0.757584 0.736667 0.0774648 0.206667 3.45971e-05
0 0.242958 0.0453333 0.0568797 0.0906667 3.46115e-05
0 0.757855 0.272667 0.0823402 0.188 3.46927e-05
0 0.164139 0 0.0530878 0 3.4942e-05
0 0.698267 0.954 0.0877573 0.092 3.50845e-05
0 0.501083 0.986 0.0541712 0.028 3.51234e-05
0 0.305796 0.49 0.0904659 0.182667 3.5166e-05
0 0.84805 0.0466667 0.0427952 0.0533333 3.52228e-05
0 0.426056 0.342667 0.00595883 0.0506667 3.5224e-05
0 0.530878 0.270667 0.028169 0.08 3.52963e-05
0 0.817443 0.514 0.127844 0.465333 3.53327e-05
0 0.891116 0.466667 0.128927 0.189333 3.55579e-05
0 0.675515 0.475333 0.0671723 0.148 3.56525e-05
0 0.496208 0.132 0.0693391 0.24 3.56627e-05
0 0.439599 0.428667 0.0850488 0.166667 3.56775e-05
0 0.266793 0.446667 0.126219 0.426667 3.57438e-05
0 0.738624 0.352 0.0427952 0.133333 3.57485e-05
0 0.00975081 0.0713333 0.0195016 0.142667 3.58491e-05
0 0.0872156 0.0713333 0.0910076 0.142667 3.58824e-05
0 0.484561 0.254 0.0341278 0.06 3.59161e-05
0 0.60455 0.368 0.0444204 0.266667 3.60221e-05
0 0.877031 0.186 0.174431 0.372 3.60364e-05
0 0.617822 0.0426667 0.0785482 0.0853333 3.61032e-05
0 0.501354 0.444 0.128386 0.413333 3.61208e-05
0 0.341278 0.994667 0.0541712 0.0106667 3.61941e-05
0 0.949079 0.269333 0.0520043 0.125333 3.63035e-05
0 0.31013 0.0446667 0.0763814 0.0893333 3.63847e-05
0 0.358613 0.06 0.00975081 0.04 3.65077e-05
0 0.202329 0.997333 0.0536295 0.00533333 3.65277e-05
0 0.617551 0.576667 0.00975081 0.0413333 3.6628e-05
0 0.973998 0.607333 0.0444204 0.134667 3.67279e-05
0 0.211268 0.424667 0.0173348 0.0866667 3.6945e-05
0 0.427681 0.347333 0.0102925 0.06 3.69471e-05
0 0.622969 0.544 0.0476706 0.125333 3.70105e-05
0 0.0403575 1 0.0557963 0 3.71203e-05
0 0.539274 0.991333 0.0752979 0.0173333 3.71334e-05
0 0.580986 0.376 0.114301 0.429333 3.7173e-05
0 0.692849 0.0753333 0.0823402 0.150667 3.71883e-05
0 0.491874 0.902667 0.0400867 0.117333 3.73255e-05
0 0.0362947 0.753333 0.0725894 0.493333 3.73353e-05
0 0.0799025 0.64 0.134886 0.304 3.74186e-05
0 0.535211 0.801333 0.0400867 0.264 3.76723e-05
0 0.213976 0.326 0.0433369 0.257333 3.78164e-05
0 0.242958 0.988 0.0926327 0.024 3.78577e-05
0 0.438787 0.853333 0.092091 0.2 3.78898e-05
0 0.720477 0.0186667 0.0465872 0.0373333 3.86383e-05
0 0.0728602 0.412 0.10455 0.144 3.8852e-05
0 0.170098 0.016 0.0390032 0.032 3.89911e-05
0 0.810943 0.536 0.056338 0.178667 3.89917e-05
0 0.220477 0.427333 0.0216685 0.076 3.94484e-05
0 0.539274 1 0.052546 0 3.94895e-05
0 0.985915 0.942 0.0238353 0.0786667 3.95171e-05
0 0.36078 0.594667 0.0953413 0.178667 3.97113e-05
0 0.58857 0.644 0.0720477 0.178667 3.98223e-05
0 0.838841 0.146 0.121885 0.214667 3.99038e-05
0 0.944204 0 0.0541712 0 4.02372e-05
0 0.0614843 0.199333 0.122969 0.398667 4.02986e-05
0 0.391658 0.346667 0.0650054 0.0906667 4.05235e-05
0 0.152221 1 0.0552546 0 4.05402e-05
0 0.873239 0.99 0.102925 0.02 4.06444e-05
0 0.788462 1 0.0687974 0 4.07048e-05
0 0.66143 0.0706667 0.0747562 0.141333 4.09329e-05
0 0.484832 0.0126667 0.0704225 0.0253333 4.10642e-05
0 0.904659 0 0.0541712 0 4.11444e-05
0 0.969393 0.956667 0.0612134 0.0866667 4.1188e-05
0 0.41468 0.989333 0.0709642 0.0213333 4.13302e-05
0 0.741062 1 0.0368364 0 4.14412e-05
0 0.520043 0.266667 0.0325027 0.072 4.14687e-05
0 0.153575 0.526667 0.250813 0.72 4.14855e-05
0 0.212622 0.460667 0.0362947 0.126667 4.15796e-05
0 0.695829 0.0613333 0.0427952 0.088 4.17635e-05
0 0.660618 0.0966667 0.0503792 0.145333 4.18021e-05
0 0.874865 0.507333 0.162514 0.54 4.19324e-05
0 0.768147 0.473333 0.0769231 0.181333 4.19799e-05
0 0.00622969 0.178 0.0124594 0.142667 4.19802e-05
0 0.183099 0.0393333 0.0346696 0.052 4.19825e-05
0 0.947454 0.174 0.105092 0.348 4.20342e-05
0 0.0108342 0.931333 0.0162514 0.137333 4.20897e-05
0 0.233749 0.502 0.0687974 0.166667 4.22944e-05
0 0.830444 0.326667 0.0888407 0.181333 4.23805e-05
0 0.936349 0.726 0.0850488 0.206667 4.24979e-05
0 0.209642 0.292 0.0173348 0.096 4.2574e-05
0 0.286566 0.00333333 0.0704225 0.00666667 4.2583e-05
0 0.813651 0.232667 0.100758 0.169333 4.26733e-05
0 0.426327 0.874 0.15493 0.252 4.27161e-05
0 0.987541 0.748 0.0173348 0.149333 4.31127e-05
0 0.0119177 0.0166667 0.0238353 0.0333333 4.32095e-05
0 0.487541 0.539333 0.0671723 0.150667 4.34778e-05
0 0.767064 1 0.0303359 0 4.35019e-05
0 0.833153 0.896 0.134345 0.173333 4.37626e-05
0 0.699079 0.965333 0.0503792 0.0506667 4.37849e-05
0 0.829902 0.815333 0.185265 0.369333 4.38611e-05
0 0.581528 0.721333 0.0731311 0.229333 4.40172e-05
0 0.28792 0.284667 0.052546 0.084 4.4335e-05
0 0.241603 1 0.0487541 0 4.44236e-05
0 0.0140845 0.094 0.028169 0.150667 4.44607e-05
0 0.779252 0.738 0.0124594 0.0333333 4.44978e-05
0 0.656555 0.058 0.0346696 0.0813333 4.45839e-05
0 0.78792 0.338667 0.0687974 0.165333 4.46532e-05
0 0.0622969 0.024 0.113759 0.048 4.47468e-05
0 0.86078 0.945333 0.104009 0.0986667 4.47898e-05
0 0.537107 0.00933333 0.0742145 0.0186667 4.48363e-05
0 0.434182 0.0153333 0.0709642 0.0306667 4.50998e-05
0 0.189328 0.471333 0.0417118 0.0973333 4.51109e-05
0 0.42091 0.393333 0.0335861 0.12 4.53865e-05
0 0.667389 0.402667 0.0660888 0.146667 4.55085e-05
0 0.889762 0.594 0.095883 0.156 4.55493e-05
0 0.963705 0.445333 0.0628386 0.154667 4.55986e-05
0 0.193391 0.402 0.0379198 0.116 4.57065e-05
0 0.830173 0.012 0.0482123 0.024 4.60398e-05
0 0.811484 0.533333 0.0769231 0.298667 4.6248e-05
0 0.692579 0.518 0.0503792 0.153333 4.63067e-05
0 0.731311 0 0.0520043 0 4.63311e-05
0 0.217768 0.178667 0.0520043 0.234667 4.63703e-05
0 0.938245 1 0.084507 0 4.67092e-05
0 0.979686 0.0306667 0.0406284 0.0613333 4.6801e-05
0 0.336674 0.00866667 0.0655471 0.0173333 4.69113e-05
0 0.698537 0.971333 0.0330444 0.0306667 4.71504e-05
0 0.942037 0.390667 0.0812568 0.234667 4.74622e-05
0 0.790628 0.614667 0.418743 0.770667 4.75236e-05
0 0.573131 0.353333 0.0769231 0.168 4.75619e-05
0 0.255146 0.997333 0.0476706 0.00533333 4.79173e-05
0 0.681744 0.432 0.0232936 0.048 4.79845e-05
0 0.663055 1 0.0975081 0 4.83427e-05
0 0.00650054 0.99 0.0130011 0.02 4.85462e-05
0 0.477248 0.984 0.0552546 0.032 4.87362e-05
0 0.602654 0.584 0.0568797 0.104 4.89036e-05
0 0.557421 0.65 0.0877573 0.238667 4.89966e-05
0 0.804171 1 0.0460455 0 4.90813e-05
0 0.0552546 0.103333 0.0855905 0.206667 4.92888e-05
0 0.715872 0.487333 0.0687974 0.172 4.93673e-05
0 0.768418 0.0513333 0.0417118 0.0706667 4.95189e-05
0 0.972102 0.160667 0.0330444 0.0626667 4.95963e-05
0 0.895991 0.654 0.0855905 0.145333 5.00601e-05
0 0.475081 0.0593333 0.0249187 0.0706667 5.02001e-05
0 0.738895 0.444667 0.0660888 0.134667 5.03449e-05
0 0.600758 0.435333 0.0162514 0.0893333 5.03825e-05
0 0.216143 0.522 0.0270856 0.113333 5.08565e-05
0 0.973998 0.510667 0.0476706 0.165333 5.08742e-05
0 0.884074 0.844667 0.151679 0.310667 5.10413e-05
0 0.864843 1 0.0492958 0 5.1054e-05
0 0.0327736 0.958667 0.0655471 0.0826667 5.10669e-05
0 0.241062 0.158667 0.035753 0.0693333 5.13335e-05
0 0.00595883 0.944 0.00866739 0.112 5.14111e-05
0 0.841008 1 0.0503792 0 5.14578e-05
0 0.82611 1 0.0877573 0 5.16424e-05
0 0.778982 0.988667 0.0910076 0.0226667 5.18038e-05
0 0.491603 0.442667 0.0720477 0.138667 5.18794e-05
0 0.250542 0.323333 0.0817985 0.124 5.20877e-05
0 0.887595 0.0646667 0.0969664 0.129333 5.21759e-05
0 0.621885 0.573333 0.00866739 0.032 5.22587e-05
0 0.514626 1 0.0530878 0 5.23334e-05
0 0.487811 0.972 0.0850488 0.056 5.2415e-05
0 0.487541 0.214667 0.0769231 0.197333 5.26573e-05
0 0.719122 0.944 0.0222102 0.0586667 5.31424e-05
0 0.73402 0.266 0.0660888 0.254667 5.34756e-05
0 0.618635 0.113333 0.0476706 0.226667 5.3658e-05
0 0.710997 0.252667 0.128386 0.505333 5.38139e-05
0 0.138137 0.532667 0.179848 0.3 5.40461e-05
0 0.821235 0.0633333 0.111593 0.126667 5.42428e-05
0 0.69935 0.00333333 0.0790899 0.00666667 5.43667e-05
0 0.0308776 0.348 0.0606717 0.202667 5.46042e-05
0 0.17714 1 0.056338 0 5.46623e-05
0 0.00650054 0.0666667 0.0108342 0.114667 5.50077e-05
0 0.260834 0 0.0633803 0 5.53017e-05
0 0.714789 0.412 0.0536295 0.114667 5.53397e-05
0 0.218852 0.487333 0.0195016 0.0893333 5.5526e-05
0 0.308505 0.660667 0.178223 0.633333 5.57883e-05
0 0.303088 0.995333 0.0536295 0.00933333 5.58233e-05
0 0.419556 0.318667 0.0265439 0.0826667 5.60027e-05
0 0.580986 0.148 0.0720477 0.133333 5.60527e-05
0 0.892741 0.402 0.153846 0.206667 5.60737e-05
0 0.511647 0.255333 0.0536295 0.102667 5.62283e-05
0 0.210184 0.457333 0.0173348 0.0933333 5.64015e-05
0 0.84507 0.0166667 0.0455038 0.0333333 5.65132e-05
0 0.112405 1 0.100217 0 5.65846e-05
0 0.516522 0.886667 0.13922 0.226667 5.68829e-05
0 0.732123 0.427333 0.0362947 0.0973333 5.68914e-05
0 0.389762 0.993333 0.0547129 0.0133333 5.69703e-05
0 0.384886 0.0113333 0.0687974 0.0226667 5.70142e-05
0 0.486999 0.116 0.0346696 0.0693333 5.70274e-05
0 0.248104 0.166667 0.0606717 0.16 5.7505e-05
0 0.86701 0 0.0547129 0 5.77358e-05
0 0.693391 0.985333 0.107259 0.0293333 5.82231e-05
0 0.215601 0.329333 0.0260022 0.141333 5.82319e-05
0 0.779794 0.394667 0.0915493 0.210667 5.83237e-05
0 0.755688 0 0.0520043 0 5.83309e-05
0 0.689328 0.212 0.0752979 0.197333 5.84964e-05
0 0.352384 0.078 0.0471289 0.156 5.85944e-05
0 0.982394 0.389333 0.0211268 0.205333 5.86174e-05
0 0.746208 0.870667 0.0861322 0.157333 5.86624e-05
0 0.762188 0.00466667 0.0747562 0.00933333 5.88377e-05
0 0.692579 0.0953333 0.0622969 0.161333 5.89774e-05
0 0.469935 0.126667 0.0427952 0.253333 5.90626e-05
0 0.273294 0.774 0.157638 0.452 5.90861e-05
0 0.942579 0.0253333 0.108342 0.0506667 5.93382e-05
0 0.364572 0.994 0.0552546 0.012 5.99027e-05
0 0.284399 0.076 0.0260022 0.04 5.99954e-05
0 0.95585 0.741333 0.088299 0.442667 6.03326e-05
0 0.843445 0 0.0541712 0 6.04338e-05
0 0.476165 0.217333 0.0455038 0.117333 6.06988e-05
0 0.0731311 0.469333 0.107259 0.157333 6.07108e-05
0 0.894366 0.956 0.0530878 0.0613333 6.08294e-05
0 0.247291 0.402667 0.0731311 0.216 6.09527e-05
0 0.228873 0.530667 0.0341278 0.109333 6.11257e-05
0 0.0216685 0.708 0.0411701 0.234667 6.15985e-05
0 0.0528169 0.281333 0.105634 0.336 6.17097e-05
0 0.561755 0.01 0.0693391 0.02 6.17905e-05
0 0.206934 0.028 0.0671723 0.056 6.19447e-05
0 0.00622969 0.73 0.0124594 0.142667 6.20124e-05
0 0.297942 0.096 0.0628386 0.122667 6.21601e-05
0 0.932557 0.626 0.120802 0.404 6.2314e-05
0 0.985103 0.546667 0.0157096 0.237333 6.25588e-05
0 0.0181473 0.168667 0.0362947 0.289333 6.29461e-05
0 0.49052 1 0.0536295 0 6.31181e-05
0 0.235374 0 0.06013 0 6.33435e-05
0 0.944204 0.98 0.0899242 0.04 6.36875e-05
0 0.849133 0.968667 0.102384 0.0493333 6.37256e-05
0 0.385428 0.841333 0.122969 0.173333 6.38085e-05
0 0.137866 0 0.0547129 0 6.3983e-05
0 0.504605 0.721333 0.0666305 0.242667 6.39901e-05
0 0.214789 0.406 0.0276273 0.118667 6.44251e-05
0 0.918202 0.223333 0.115926 0.158667 6.48544e-05
0 0.271668 0.984667 0.0687974 0.0306667 6.51375e-05
0 0.218039 0.455333 0.0189599 0.0893333 6.52038e-05
0 0.624323 0.577333 0.0232936 0.0373333 6.55907e-05
0 0.0430661 0.402 0.0861322 0.465333 6.57984e-05
0 0.421452 0.35 0.0151679 0.052 6.58275e-05
0 0.00568797 0.363333 0.0113759 0.14 6.59099e-05
0 0.773294 0.112667 0.0503792 0.150667 6.59523e-05
0 0.604821 0.368667 0.031961 0.145333 6.64612e-05
0 0.858884 0.174667 0.0980498 0.125333 6.6767e-05
0 0.640845 0.0866667 0.0314193 0.0693333 6.67737e-05
0 0.0130011 0.88 0.0260022 0.197333 6.7812e-05
0 0.989707 0.854 0.0119177 0.209333 6.79588e-05
0 0.0203142 1 0.0406284 0 6.90995e-05
0 0.273835 0.259333 0.0839653 0.118667 6.94204e-05
0 0.509209 0.743333 0.0379198 0.361333 6.94729e-05
0 0.72156 0.0593333 0.0455038 0.084 6.95082e-05
0 0.039545 0.002 0.056338 0.004 6.96092e-05
0 0.958559 0.318667 0.052546 0.12 6.97468e-05
0 0.560672 0.746667 0.0379198 0.386667 6.98217e-05
0 0.560672 0.785333 0.110509 0.229333 7.0007e-05
0 0.296316 0.322 0.0433369 0.14 7.01272e-05
0 0.188516 0.01 0.0650054 0.02 7.02667e-05
0 0.779523 1 0.0390032 0 7.04597e-05
0 0.280336 0.366667 0.0449621 0.0826667 7.04931e-05
0 0.0135428 0.994667 0.0270856 0.0106667 7.05417e-05
0 0.16441 1 0.088299 0 7.10801e-05
0 0.00622969 0.424 0.0124594 0.144 7.11955e-05
0 0.968039 0.998 0.0476706 0.004 7.14871e-05
0 0.514355 0.788667 0.119718 0.249333 7.16215e-05
0 0.574485 0.444 0.0612134 0.0906667 7.1781e-05
0 0.0067714 0.608 0.0135428 0.146667 7.22432e-05
0 0.810401 0.162 0.128927 0.324 7.23675e-05
0 0.902492 0.142 0.0617551 0.06 7.25391e-05
0 0.122427 0.890667 0.0628386 0.192 7.31427e-05
0 0.958559 0.112 0.0807151 0.210667 7.37965e-05
0 0.634615 0.0766667 0.0579632 0.153333 7.38274e-05
0 0.712622 0.204 0.0709642 0.28 7.46967e-05
0 0.43364 0.076 0.0373781 0.125333 7.59535e-05
0 0.817714 0 0.0536295 0 7.6107e-05
0 0.736728 0.97 0.0552546 0.06 7.62664e-05
0 0.758126 0.360667 0.0590466 0.142667 7.68726e-05
0 0.351571 0.0506667 0.020585 0.056 7.69655e-05
0 0.809588 0.0173333 0.0828819 0.0346667 7.70385e-05
0 0.341008 1 0.0557963 0 7.73959e-05
0 0.41468 1 0.0536295 0 7.74657e-05
0 0.932828 0.955333 0.0985916 0.0893333 7.75662e-05
0 0.842091 0.985333 0.117551 0.0293333 7.80751e-05
0 0.520585 0.186 0.12026 0.372 7.82745e-05
0 0.242687 0.284667 0.0693391 0.110667 7.86837e-05
0 0.139762 0.0146667 0.0823402 0.0293333 7.90307e-05
0 0.315818 1 0.056338 0 7.91217e-05
0 0.159534 0.851333 0.14247 0.230667 7.93468e-05
0 0.307421 0.983333 0.0752979 0.0333333 8.00893e-05
0 0.112676 0 0.0552546 0 8.0226e-05
0 0.530878 0.722667 0.071506 0.242667 8.04306e-05
0 0.616739 0.23 0.0742145 0.06 8.05312e-05
0 0.0130011 0.218 0.0260022 0.196 8.07279e-05
0 0.719935 0.952667 0.0400867 0.0733333 8.10588e-05
0 0.559859 0.072 0.0503792 0.104 8.10921e-05
0 0.903034 0.146 0.0390032 0.036 8.14849e-05
0 0.910618 0.678 0.0465872 0.108 8.17035e-05
0 0.362405 0.0233333 0.0400867 0.0466667 8.18592e-05
0 0.0568797 0.578 0.111593 0.233333 8.19449e-05
0 0.0135428 0.00133333 0.0270856 0.00266667 8.33069e-05
0 0.971018 0.882667 0.0557963 0.232 8.38302e-05
0 0.989166 0.686 0.0140845 0.137333 8.4142e-05
0 0.440141 0.988 0.0536295 0.024 8.44469e-05
0 0.0181473 0.361333 0.0362947 0.306667 8.45478e-05
0 0.831798 0.28 0.124052 0.165333 8.46224e-05
0 0.285211 0.07 0.0265439 0.0946667 8.54736e-05
0 0.985103 0.539333 0.0297941 0.142667 8.56114e-05
0 0.559047 0.119333 0.105092 0.238667 8.63952e-05
0 0.711809 0.839333 0.0184182 0.102667 8.64658e-05
0 0.882449 0.924 0.0520043 0.088 8.65208e-05
0 0.212622 0.994667 0.1013 0.0106667 8.67594e-05
0 0.279794 0.994667 0.0536295 0.0106667 8.73894e-05
0 0.0877573 0 0.0552546 0 8.75279e-05
0 0.00947996 1 0.0189599 0 8.75906e-05
0 0.616468 0.576 0.0184182 0.0293333 8.85373e-05
0 0.354009 0.0326667 0.0189599 0.052 8.88697e-05
0 0.98429 0.634667 0.0292524 0.133333 9.00083e-05
0 0.202871 1 0.0557963 0 9.00546e-05
0 0.861051 0.107333 0.0893824 0.156 9.03639e-05
0 0.195016 0.338 0.0368364 0.121333 9.03714e-05
0 0.986728 0.869333 0.0265439 0.261333 9.10899e-05
0 0.484832 0.744667 0.0368364 0.446667 9.10947e-05
0 0.971831 0.776667 0.056338 0.321333 9.15536e-05
0 0.0617551 1 0.0855905 0 9.18589e-05
0 0.199892 0.27 0.0498375 0.249333 9.19253e-05
0 0.210184 0 0.0660888 0 9.20591e-05
0 0.779794 0 0.0536295 0 9.22826e-05
0 0.43039 0.732 0.0796316 0.352 9.27686e-05
0 0.516251 0.762 0.222102 0.476 9.28127e-05
0 0.00704225 0.486 0.0140845 0.145333 9.35563e-05
0 0.450975 0.98 0.0850488 0.04 9.37466e-05
0 0.586945 0.00666667 0.0666305 0.0133333 9.52016e-05
0 0.320964 0.640667 0.641928 0.718667 9.56883e-05
0 0.390574 1 0.056338 0 9.58651e-05
0 0.0154388 0.0546667 0.0308776 0.109333 9.60203e-05
0 0.387053 0.982667 0.0969664 0.0346667 9.61715e-05
0 0.789816 0.0826667 0.0834236 0.165333 9.62676e-05
0 0.115926 0.794667 0.226436 0.410667 9.64439e-05
0 0.277086 0.364 0.0742145 0.133333 9.72381e-05
0 0.168743 0.993333 0.155471 0.0133333 9.786e-05
0 0.166847 0.0193333 0.0747562 0.0386667 9.84163e-05
0 0.0260022 0.880667 0.0520043 0.238667 9.92434e-05
0 0.365114 1 0.056338 0 9.96172e-05
0 0.862676 1 0.0926327 0 9.98779e-05
0 0.0636511 0.510667 0.127302 0.496 0.00010026
0 0.515168 0.0633333 0.0195016 0.036 0.000101301
0 0.932557 0.627333 0.0817985 0.193333 0.000101964
0 0.669014 0.434 0.0487541 0.0733333 0.000102361
0 0.521398 0.064 0.0189599 0.0506667 0.000102722
0 0.423619 0.344667 0.00650054 0.0493333 0.000103048
0 0.0354821 0.0986667 0.06013 0.152 0.000103205
0 0.269231 0.0653333 0.035753 0.117333 0.000103284
0 0.191224 0.0173333 0.0422535 0.0346667 0.000103349
0 0.388949 0.0693333 0.0574215 0.138667 0.000104022
0 0.460997 0.745333 0.0400867 0.48 0.000104471
0 0.464518 0.998 0.0547129 0.004 0.000104768
0 0.251625 1 0.0796316 0 0.000104877
0 0.00595883 0.673333 0.0119177 0.141333 0.000105395
0 0.966143 0.064 0.067714 0.128 0.00010551
0 0.933911 0.366 0.12026 0.398667 0.000105718
0 0.738353 0.362667 0.0270856 0.0533333 0.000105747
0 0.780607 0.0213333 0.0595883 0.0426667 0.000105864
0 0.546045 0.154 0.0422535 0.076 0.000107426
0 0.939599 0.499333 0.0872156 0.230667 0.00010766
0 0.00650054 0.386 0.0108342 0.244 0.000107736
0 0.350758 0.985333 0.10455 0.0293333 0.000108078
0 0.800921 0.648667 0.114301 0.278667 0.000108531
0 0.902221 0 0.0547129 0 0.000108941
0 0.720206 0.905333 0.0189599 0.0906667 0.000108948
0 0.612676 0.568667 0.0238353 0.0706667 0.000109048
0 0.969935 0.636667 0.06013 0.249333 0.000109939
0 0.887595 0.916667 0.115385 0.166667 0.000110437
0 0.290899 1 0.056338 0 0.000110921
0 0.362676 0.751333 0.182557 0.497333 0.000111053
0 0.864572 0 0.0552546 0 0.000111701
0 0.840195 0.0293333 0.108342 0.0586667 0.000111828
0 0.510022 0.127333 0.0417118 0.0813333 0.000112229
0 0.114301 0.0166667 0.084507 0.0333333 0.000114043
0 0.606988 0.368 0.0167931 0.0426667 0.000114481
0 0.751625 0.993333 0.024377 0.0106667 0.00011456
0 0.035753 0.068 0.071506 0.136 0.000114736
0 0.636782 0.256 0.031961 0.0773333 0.000115361
0 0.793337 0.0586667 0.052546 0.0826667 0.000115385
0 0.326111 0.996 0.0866739 0.008 0.000115493
0 0.864572 0.212 0.143012 0.16 0.000116285
0 0.028169 0.222 0.056338 0.321333 0.000116559
0 0.00704225 0.115333 0.0140845 0.156 0.000116624
0 0.668743 0.00733333 0.0807151 0.0146667 0.000117008
0 0.890303 0.268667 0.150054 0.254667 0.000117849
0 0.420368 0.5 0.747562 1 0.00011971
0 0.981582 0.387333 0.0368364 0.129333 0.00012019
0 0.0289816 1 0.0536295 0 0.00012082
0 0.240791 1 0.052546 0 0.000120976
0 0.66143 0.0366667 0.0790899 0.0733333 0.000121078
0 0.992416 0.925333 0.0151679 0.149333 0.00012212
0 0.573402 0.24 0.0828819 0.0853333 0.000122148
0 0.0105634 0.305333 0.0167931 0.264 0.000122326
0 0.982394 0.0146667 0.0352113 0.0293333 0.00012291
0 0.983478 0.273333 0.0330444 0.114667 0.000123799
0 0.792795 0.0146667 0.0514626 0.0293333 0.000124388
0 0.616739 0 0.0536295 0 0.000125198
0 0.413868 0.0466667 0.0249187 0.0533333 0.000125346
0 0.00650054 0.908667 0.0130011 0.182667 0.000126243
0 0.968852 0 0.0536295 0 0.000127
0 0.693391 0.036 0.0866739 0.072 0.000127077
0 0.571777 0.0446667 0.031961 0.076 0.000127841
0 0.991062 0.781333 0.0146262 0.306667 0.00012805
0 0.625135 0.106667 0.0249187 0.0746667 0.000128899
0 0.758126 0.976667 0.0308776 0.0466667 0.000129199
0 0.941224 0 0.0547129 0 0.00012943
0 0.613489 0.590667 0.752438 0.818667 0.000131097
0 0.716685 0.00933333 0.0823402 0.0186667 0.000131206
0 0.895179 0.151333 0.127302 0.102667 0.000133446
0 0.149512 0.398667 0.299025 0.797333 0.000133719
0 0.616739 0.05 0.0471289 0.1 0.000134202
0 0.277898 0.426 0.0346696 0.06 0.00013443
0 0.0853196 0.00133333 0.0947996 0.00266667 0.000134518
0 0.739978 0 0.0552546 0 0.000136532
0 0.162243 0 0.0937161 0 0.000136688
0 0.758667 0.409333 0.067714 0.122667 0.000137415
0 0.798754 0.00333333 0.0796316 0.00666667 0.000138437
0 0.00541712 0.73 0.0108342 0.26 0.000139001
0 0.71506 0 0.0552546 0 0.000140495
0 0.0067714 0.546667 0.0135428 0.144 0.000140771
0 0.563922 0.128 0.0303359 0.112 0.000141476
0 0.0108342 0.865333 0.0151679 0.258667 0.000142221
0 0.263543 0.208667 0.067714 0.124 0.000142405
0 0.190412 0.5 0.380823 1 0.000142814
0 0.618906 0.0873333 0.0352113 0.113333 0.000145078
0 0.0102925 0.428667 0.0173348 0.276 0.000145731
0 0.640303 0 0.0541712 0 0.000146094
0 0.893283 0.114667 0.115926 0.104 0.000146206
0 0.266793 0.116 0.0460455 0.088 0.00014644
0 0.440412 0.998667 0.0552546 0.00266667 0.000146841
0 0.466956 0.0486667 0.020585 0.0413333 0.000150596
0 0.00650054 0.264 0.0130011 0.224 0.000150944
0 0.839924 0 0.0557963 0 0.000152032
0 0.21506 0.256 0.0325027 0.248 0.000154057
0 0.776002 0.74 0.0276273 0.0293333 0.000154632
0 0.837486 0.00333333 0.0834236 0.00666667 0.000156793
0 0.987541 0.631333 0.0249187 0.3 0.000158429
0 0.664951 0 0.0547129 0 0.000160442
0 0.992687 0.684667 0.0135428 0.257333 0.000160583
0 0.767606 0.00933333 0.0780065 0.0186667 0.000161221
0 0.468852 0.780667 0.115385 0.26 0.000163253
0 0.952871 0.153333 0.0303359 0.0373333 0.000163446
0 0.419827 0.0786667 0.0390032 0.157333 0.00016359
0 0.989707 0.940667 0.0108342 0.110667 0.000164553
0 0.757855 0.756 0.0671723 0.056 0.000164699
0 0.266251 1 0.0536295 0 0.000166175
0 0.0173348 0.605333 0.0346696 0.322667 0.000166596
0 0.240249 0.187333 0.0427952 0.0626667 0.00016835
0 0.689599 0 0.0552546 0 0.000171556
0 0.086403 0.994 0.117551 0.012 0.000171711
0 0.819068 0.0166667 0.0801734 0.0333333 0.000174002
0 0.764897 0 0.0552546 0 0.000174072
0 0.639762 0 0.0931744 0 0.000176661
0 0.316631 0.724667 0.438245 0.550667 0.00017759
0 0.0306067 0.460667 0.0612134 0.228 0.000177933
0 0.0492958 0 0.056338 0 0.000180625
0 0.49377 0.132667 0.052546 0.0626667 0.000181302
0 0.00622969 0.826 0.0124594 0.26 0.000182728
0 0.719393 0.976 0.0292524 0.0213333 0.000182735
0 0.983749 0.324 0.0325027 0.146667 0.000183934
0 0.984561 0.454 0.0308776 0.164 0.000183992
0 0.273835 0.152 0.0644637 0.114667 0.000186543
0 0.965601 0.994667 0.0687974 0.0106667 0.000188455
0 0.767335 0.0186667 0.0460455 0.0373333 0.000189026
0 0.806067 0.298667 0.0650054 0.130667 0.000189754
0 0.733207 0.991333 0.0384615 0.0146667 0.000190583
0 0.867822 0.0146667 0.0866739 0.0293333 0.000192278
0 0.702871 0.854667 0.0438787 0.157333 0.000195243
0 0.814464 0 0.0557963 0 0.000195657
0 0.288462 0.998 0.0817985 0.004 0.000196089
0 0.114572 0 0.109967 0 0.000196861
0 0.867281 0.0413333 0.0476706 0.0533333 0.000197539
0 0.738895 0.0966667 0.0530878 0.193333 0.000197758
0 0.965601 1 0.0503792 0 0.000199092
0 0.0173348 0.788 0.0346696 0.376 0.000200798
0 0.266522 0.428667 0.0671723 0.142667 0.000202058
0 0.174702 0.658 0.349404 0.684 0.000203083
0 0.00893824 0.677333 0.0178765 0.277333 0.000203635
0 0.0227519 0.00333333 0.0455038 0.00666667 0.000203652
0 0.789816 0 0.0552546 0 0.000204659
0 0.241062 0.449333 0.056338 0.106667 0.00020664
0 0.985374 0.024 0.0292524 0.048 0.000208305
0 0.0111051 0.771333 0.0222102 0.26 0.000209923
0 0.985645 0 0.0287107 0 0.000210339
0 0.201517 1 0.0899242 0 0.000210723
0 0.480498 0.906 0.111593 0.172 0.000212269
0 0.738353 0 0.100758 0 0.0002132
0 0.959372 0.133333 0.0379198 0.0533333 0.000214463
0 0.8987 0.00333333 0.0964247 0.00666667 0.000214617
0 0.00622969 0.513333 0.0102925 0.250667 0.000218108
0 0.0598592 0.0333333 0.0828819 0.0666667 0.000218696
0 0.969664 0.518 0.0606717 0.294667 0.000222566
0 0.508126 0.21 0.0747562 0.124 0.00022751
0 0.494312 0.234 0.0449621 0.068 0.000227988
0 0.814193 0.462 0.371614 0.924 0.000230082
0 0.947454 0.268 0.084507 0.264 0.000232266
0 0.0547129 0.467333 0.102925 0.286667 0.00023375
0 0.716685 0.0926667 0.0628386 0.153333 0.00023979
0 0.42416 0.336667 0.0184182 0.044 0.000247277
0 0.0452329 0.990667 0.0904659 0.0186667 0.000247733
0 0.464247 0.0693333 0.0260022 0.0906667 0.000249407
0 0.689599 0 0.108342 0 0.00025152
0 0.718039 0.0446667 0.0817985 0.0893333 0.000253572
0 0.631907 0.0713333 0.0276273 0.0786667 0.000256586
0 0.716143 0.982667 0.071506 0.0346667 0.000257032
0 0.888137 0.0253333 0.109967 0.0506667 0.000262475
0 0.953955 0.148667 0.0704225 0.0813333 0.000266993
0 0.634074 0.0513333 0.0460455 0.102667 0.000273849
0 0.757855 0.0973333 0.0476706 0.162667 0.000275965
0 0.2026 0.276 0.035753 0.125333 0.000278912
0 0.0885699 0.878667 0.124052 0.242667 0.000285034
0 0.264626 0.296 0.0828819 0.258667 0.00028867
0 0.46208 0.743333 0.163597 0.513333 0.000289282
0 0.97156 0.394667 0.0568797 0.197333 0.000289452
0 0.612134 0.254 0.130011 0.302667 0.00029472
0 0.25 0.417333 0.06013 0.088 0.000298395
0 0.987812 0.0133333 0.0211268 0.0266667 0.00029867
0 0.916306 0.00666667 0.0915493 0.0133333 0.000299309
0 0.757584 0.0393333 0.0698808 0.0786667 0.000300224
0 0.0100217 0.551333 0.0178765 0.273333 0.00030447
0 0.742416 0.986 0.0622969 0.028 0.000304555
0 0.940683 0.026 0.0926327 0.052 0.000307378
0 0.462622 0.487333 0.056338 0.121333 0.000309397
0 0.278982 0.104667 0.0270856 0.0493333 0.000315656
0 0.578277 0.404667 0.0579632 0.116 0.000318948
0 0.988624 0.632667 0.0130011 0.148 0.00032677
0 0.968852 0.0306667 0.0622969 0.0613333 0.000326942
0 0.353196 0.0446667 0.0368364 0.084 0.000335115
0 0.839924 0 0.125135 0 0.000339582
0 0.726706 0.5 0.546587 1 0.000349706
0 0.984832 0.208 0.0303359 0.285333 0.000354749
0 0.474269 0.0633333 0.0438787 0.113333 0.000359364
0 0.740791 0.09 0.0427952 0.0973333 0.000360758
0 0.362676 0.0526667 0.0124594 0.0706667 0.000362214
0 0.721831 0.988 0.039545 0.0213333 0.000375994
0 0.983207 0.996 0.028169 0.008 0.000380349
0 0.464247 0.678 0.48429 0.644 0.000380718
0 0.789274 0 0.109426 0 0.000383882
0 0.712351 0.975333 0.0498375 0.0386667 0.000384933
0 0.988082 0.358 0.0227519 0.145333 0.000395319
0 0.963434 0.00533333 0.0633803 0.0106667 0.000401483
0 0.416306 0.0653333 0.00812568 0.072 0.000406589
0 0.962351 0.146667 0.0232936 0.0346667 0.000413266
0 0.988353 0.569333 0.0146262 0.154667 0.0004164
0 0.98402 0.326 0.031961 0.297333 0.000420827
0 0.488624 0.853333 0.100758 0.136 0.000424181
0 0.792253 0.0473333 0.088299 0.0946667 0.000426446
0 0.413597 0.0646667 0.00595883 0.052 0.000431351
0 0.985645 0.522667 0.0287107 0.328 0.000433323
0 0.389762 0.0513333 0.0460455 0.1 0.000434842
0 0.989166 0.170667 0.020585 0.0746667 0.000444088
0 0.285753 0.0906667 0.0189599 0.056 0.000447381
0 0.964789 0 0.0552546 0 0.000471612
0 0.528982 0.0746667 0.0384615 0.08 0.000476566
0 0.251896 0.423333 0.0368364 0.0493333 0.00047751
0 0.744041 0.0246667 0.0417118 0.0466667 0.000483963
0 0.475081 0.440667 0.783315 0.881333 0.000503632
0 0.0585049 0 0.106176 0 0.000503841
0 0.866197 0.022 0.0498375 0.044 0.0005127
0 0.890574 0 0.125677 0 0.000517571
0 0.928494 0.132667 0.0823402 0.190667 0.000533849
0 0.419014 0.05 0.0308776 0.1 0.00053579
0 0.987541 0.208667 0.0227519 0.169333 0.000546489
0 0.671452 0.428667 0.0352113 0.0413333 0.000562663
0 0.992416 0.978 0.0151679 0.044 0.000570818
0 0.913868 0.130667 0.0433369 0.0426667 0.000572648
0 0.602113 0.379333 0.0189599 0.0813333 0.000573916
0 0.711809 0.868667 0.0379198 0.262667 0.000578694
0 0.744854 0.0593333 0.0368364 0.0893333 0.000589744
0 0.497291 0.104667 0.071506 0.102667 0.000624055
0 0.871343 0.0306667 0.0796316 0.0613333 0.000635172
0 0.220206 0.230667 0.0189599 0.0853333 0.000649332
0 0.630011 0.0926667 0.020585 0.06 0.000664597
0 0.991062 0.45 0.0146262 0.212 0.000679058
0 0.989166 0.3 0.020585 0.138667 0.000695866
0 0.982123 0.997333 0.0346696 0.00533333 0.000709421
0 0.591278 0.399333 0.0503792 0.198667 0.000723271
0 0.966956 0.274667 0.0552546 0.178667 0.000723941
0 0.523835 0.159333 0.0660888 0.134667 0.000724295
0 0.584778 0.437333 0.0384615 0.0613333 0.00076066
0 0.991333 0.542667 0.0119177 0.253333 0.000781161
0 0.207205 0.232 0.0297941 0.088 0.000792228
0 0.716956 0.887333 0.0330444 0.161333 0.000831085
0 0.940412 0 0.104009 0 0.00083161
0 0.980228 1 0.0384615 0 0.00084656
0 0.752709 0.742 0.0471289 0.0546667 0.000853373
0 0.98727 0.0846667 0.0254605 0.150667 0.000878597
0 0.989437 0.0373333 0.0146262 0.0746667 0.000883181
0 0.988082 1 0.0195016 0 0.000897923
0 0.987541 0.986667 0.0130011 0.0266667 0.000937401
0 0.569881 0.0946667 0.0314193 0.168 0.000950799
0 0.817443 0.664667 0.0465872 0.0466667 0.000971921
0 0.749729 0.992667 0.035753 0.0146667 0.00102888
0 0.618093 0.245333 0.0855905 0.136 0.00102901
0 0.305525 0.479333 0.611051 0.958667 0.00107139
0 0.944475 0.144667 0.0557963 0.0333333 0.00109679
0 0.801463 0.667333 0.0839653 0.132 0.00115305
0 0.801463 0.105333 0.0807151 0.152 0.00117332
0 0.031961 0.00933333 0.063922 0.0186667 0.0013064
0 0.358342 0.0446667 0.0167931 0.076 0.00132552
0 0.991603 0.203333 0.0146262 0.110667 0.00135921
0 0.0268147 0 0.0536295 0 0.00153441
0 0.991333 0.124667 0.0173348 0.134667 0.00161914
0 0.263001 0.432667 0.0362947 0.044 0.0017982
0 0.22454 0.210667 0.0384615 0.109333 0.00181831
0 0.574756 0.0713333 0.0216685 0.084 0.00187401
0 0.989707 0.0853333 0.0151679 0.128 0.00219377
0 0.587757 0.25 0.0595883 0.0546667 0.00233589
0 0.260022 0.142 0.0303359 0.0786667 0.00267599
0 0.46533 0.068 0.0130011 0.0773333 0.00300015
0 0.716143 0.882667 0.020585 0.101333 0.00301655
0 0.5948 0.416 0.0303359 0.0986667 0.00302356
0 0.551192 0.106 0.0471289 0.105333 0.00329255
0 0.433369 0.494667 0.534128 0.757333 0.0038426
0 0.896804 0.940667 0.0893824 0.084 0.00384715
0 0.526273 0.246667 0.488082 0.493333 0.00412869
0 0.991333 0.154667 0.0108342 0.096 0.0044306
0 0.53467 0.112667 0.0942579 0.212 0.00559185
0 0.21533 0.243333 0.0200433 0.0573333 0.00561522
0 0.93039 0.136667 0.067714 0.052 0.00643298
0 0.758397 0.988667 0.0335861 0.0226667 0.00704051
0 0.249458 0.151333 0.031961 0.124 0.00719589
0 0.568527 0.0893333 0.0232936 0.0826667 0.00801463
0 0.757855 0.986 0.0227519 0.0173333 0.00858844
0 0.411701 0.0626667 0.0162514 0.0773333 0.00882218
0 0.275731 0.366 0.367281 0.732 0.0109725
0 0.472644 0.489333 0.25623 0.68 0.0189989
0 0.799025 0.668 0.0704225 0.064 0.0322998
0 0.608342 0.25 0.0855905 0.0733333 0.131294
0 0.252167 0.151333 0.0200433 0.0733333 0.183009
0 0.531419 0.11 0.0660888 0.116 0.458551
0 0.276815 0.316667 0.0650054 0.148 0.902744
0 0.478332 0.484 0.0866739 0.173333 0.910549
