0 0.304442 0.493333 0.0314193 0.0533333 1.49758e-05
0 0.301733 0.494 0.0411701 0.108 1.49766e-05
0 0.397616 0.678667 0.0216685 0.064 1.50124e-05
0 0.086403 0.03 0.126219 0.06 1.50413e-05
0 0.0330444 0.377333 0.0520043 0.296 1.50509e-05
0 0.690412 0.294667 0.0850488 0.136 1.50775e-05
0 0.463976 0.742 0.132719 0.516 1.50865e-05
0 0.506501 0.672667 0.0303359 0.0493333 1.51524e-05
0 0.437161 0.536 0.0368364 0.0506667 1.51711e-05
0 0.969393 0.0293333 0.06013 0.0586667 1.52038e-05
0 0.593174 0.448 0.0270856 0.0826667 1.52129e-05
0 0.284399 0.956667 0.035753 0.0733333 1.52426e-05
0 0.5539 0.002 0.0557963 0.004 1.52615e-05
0 0.986186 0.565333 0.024377 0.122667 1.53511e-05
0 0.732665 0.352 0.0742145 0.186667 1.53874e-05
0 0.383803 0.404667 0.088299 0.276 1.54006e-05
0 0.985374 0.837333 0.0173348 0.125333 1.54045e-05
0 0.713434 0.996 0.071506 0.008 1.54401e-05
0 0.41468 0.408 0.0644637 0.146667 1.54511e-05
0 0.767606 0.912667 0.0866739 0.174667 1.54538e-05
0 0.213434 0.404667 0.0335861 0.102667 1.54581e-05
0 0.511376 0.525333 0.134345 0.613333 1.55082e-05
0 0.167389 0.586 0.0520043 0.129333 1.55151e-05
0 0.36701 0.876667 0.0254605 0.0493333 1.55901e-05
0 0.958559 0.375333 0.0752979 0.134667 1.56365e-05
0 0.637324 0.415333 0.0785482 0.3 1.56699e-05
0 0.186078 0.874667 0.0937161 0.250667 1.56878e-05
0 0.582069 0.949333 0.0341278 0.08 1.57093e-05
0 0.374052 0.642 0.131636 0.548 1.57628e-05
0 0.608072 0.952667 0.0265439 0.068 1.57693e-05
0 0.588841 0.78 0.0736728 0.261333 1.57779e-05
0 0.382719 0.261333 0.0492958 0.0586667 1.58623e-05
0 0.562839 0.375333 0.0509209 0.121333 1.5897e-05
0 0.382449 0.720667 0.0541712 0.326667 1.59018e-05
0 0.516251 0.415333 0.0780065 0.193333 1.59763e-05
0 0.577194 0.667333 0.0362947 0.0786667 1.60106e-05
0 0.540628 0.414667 0.0628386 0.117333 1.60211e-05
0 0.605905 0.216667 0.126219 0.332 1.60294e-05
0 0.464789 0.424667 0.0660888 0.198667 1.60592e-05
0 0.385428 0.604667 0.0308776 0.06 1.60952e-05
0 0.472373 0.698 0.0227519 0.076 1.61136e-05
0 0.168472 0.640667 0.0530878 0.1 1.61431e-05
0 0.608072 0.368 0.0417118 0.125333 1.6172e-05
0 0.538191 0.363333 0.0612134 0.126667 1.62963e-05
0 0.387595 0.554667 0.024377 0.064 1.62972e-05
0 0.768418 0.996 0.0471289 0.008 1.63712e-05
0 0.660076 0.566667 0.0417118 0.072 1.64304e-05
0 0.986728 0.964 0.0178765 0.056 1.65354e-05
0 0.560672 0.77 0.0682557 0.132 1.65372e-05
0 0.292795 0.234 0.1013 0.297333 1.65517e-05
0 0.257855 0.414 0.0877573 0.132 1.66158e-05
0 0.638407 0.288 0.0763814 0.256 1.66178e-05
0 0.862405 0.108 0.108342 0.165333 1.6633e-05
0 0.242145 0.893333 0.035753 0.136 1.66344e-05
0 0.0127302 0.931333 0.0254605 0.137333 1.66483e-05
0 0.435265 0.530667 0.0547129 0.08 1.66736e-05
0 0.0197725 0.918667 0.039545 0.162667 1.67505e-05
0 0.922264 0.306667 0.114301 0.261333 1.6782e-05
0 0.947454 0.478667 0.105092 0.501333 1.67886e-05
0 0.72779 0.87 0.108884 0.188 1.68505e-05
0 0.36078 0.471333 0.0855905 0.268 1.68998e-05
0 0.511918 0.0753333 0.0877573 0.150667 1.69478e-05
0 0.179848 0.034 0.063922 0.068 1.69673e-05
0 0.562568 0.826667 0.0915493 0.245333 1.69767e-05
0 0.509209 0.569333 0.0400867 0.08 1.70161e-05
0 0.546045 0.577333 0.0368364 0.0506667 1.70169e-05
0 0.383803 0.907333 0.0427952 0.052 1.70324e-05
0 0.459642 0.955333 0.0308776 0.0653333 1.70838e-05
0 0.717226 0.284667 0.151679 0.569333 1.70965e-05
0 0.430932 0.917333 0.0633803 0.12 1.71312e-05
0 0.910888 0.655333 0.103467 0.204 1.71364e-05
0 0.0186891 0.349333 0.0373781 0.138667 1.71447e-05
0 0.404659 0.974667 0.0314193 0.04 1.71641e-05
0 0.344529 0.7 0.0249187 0.0693333 1.7178e-05
0 0.397075 0.828667 0.0335861 0.0573333 1.71912e-05
0 0.506771 0.202 0.109967 0.321333 1.71916e-05
0 0.622427 0.991333 0.0530878 0.0173333 1.72034e-05
0 0.321235 0.188 0.0834236 0.125333 1.72081e-05
0 0.530607 0.831333 0.0742145 0.26 1.72749e-05
0 0.35455 0.708 0.0622969 0.269333 1.7305e-05
0 0.944204 0.959333 0.110509 0.0813333 1.73118e-05
0 0.659805 0.64 0.0422535 0.0986667 1.73156e-05
0 0.242416 0.956 0.067714 0.088 1.73219e-05
0 0.672806 0.712667 0.0433369 0.0786667 1.73556e-05
0 0.309588 0.54 0.0406284 0.104 1.73717e-05
0 0.582611 0.409333 0.0189599 0.056 1.74683e-05
0 0.416035 0.222 0.189599 0.444 1.74693e-05
0 0.00758397 0.962 0.00866739 0.076 1.74703e-05
0 0.742145 0.996 0.0422535 0.008 1.74788e-05
0 0.134615 0.944667 0.0937161 0.092 1.74885e-05
0 0.668743 0.806 0.190141 0.388 1.75033e-05
0 0.835861 0.598 0.114843 0.182667 1.75158e-05
0 0.622156 0.639333 0.0287107 0.0813333 1.75939e-05
0 0.309588 0.109333 0.113218 0.218667 1.75944e-05
0 0.47779 0.0753333 0.105092 0.150667 1.77045e-05
0 0.478061 0.358667 0.0471289 0.288 1.77081e-05
0 0.0295233 0.0313333 0.0503792 0.0626667 1.78021e-05
0 0.609697 0.854 0.031961 0.0813333 1.78626e-05
0 0.416576 0.343333 0.071506 0.153333 1.78906e-05
0 0.533586 0.725333 0.0260022 0.0613333 1.78914e-05
0 0.986186 0.387333 0.0276273 0.105333 1.79236e-05
0 0.333424 0.702667 0.0373781 0.117333 1.79456e-05
0 0.330715 1 0.0287107 0 1.80106e-05
0 0.305796 0.71 0.0471289 0.116 1.80119e-05
0 0.618906 0.758 0.127302 0.484 1.80204e-05
0 0.893283 0.944 0.143012 0.096 1.80367e-05
0 0.714518 0.947333 0.0888407 0.105333 1.80493e-05
0 0.479957 0.209333 0.247021 0.418667 1.8095e-05
0 0.694475 0.714 0.0509209 0.0946667 1.81333e-05
0 0.563922 0.492667 0.0292524 0.06 1.8148e-05
0 0.343445 0.672667 0.0314193 0.0626667 1.82735e-05
0 0.673619 0.797333 0.031961 0.101333 1.83068e-05
0 0.618906 0.315333 0.157638 0.630667 1.83954e-05
0 0.986186 0.629333 0.024377 0.12 1.84265e-05
0 0.16441 1 0.052546 0 1.84354e-05
0 0.569068 0.418 0.129469 0.532 1.84759e-05
0 0.619177 0.498 0.0346696 0.092 1.84904e-05
0 0.297942 0.05 0.0877573 0.076 1.85413e-05
0 0.963976 0.972667 0.0720477 0.0546667 1.85965e-05
0 0.513814 0.487333 0.0373781 0.174667 1.86573e-05
0 0.21208 0.966667 0.100217 0.0666667 1.87101e-05
0 0.836674 0.0553333 0.0969664 0.092 1.87286e-05
0 0.908722 0.977333 0.0807151 0.0453333 1.88303e-05
0 0.239978 0.996667 0.0465872 0.00666667 1.88643e-05
0 0.893554 0.524 0.0568797 0.146667 1.8915e-05
0 0.569068 0.580667 0.0406284 0.110667 1.8983e-05
0 0.27844 0.71 0.0671723 0.14 1.90076e-05
0 0.355092 0.554667 0.0211268 0.0693333 1.90082e-05
0 0.198267 0.676667 0.0390032 0.0946667 1.90233e-05
0 0.795504 0.006 0.0492958 0.012 1.91e-05
0 0.309588 0.660667 0.0449621 0.1 1.92647e-05
0 0.409534 0.344 0.0964247 0.290667 1.9288e-05
0 0.942849 0.998 0.0514626 0.004 1.93194e-05
0 0.228061 0.459333 0.0260022 0.116 1.94488e-05
0 0.172264 0.704 0.0942579 0.165333 1.94702e-05
0 0.915764 1 0.0514626 0 1.9486e-05
0 0.478061 0.760667 0.0492958 0.230667 1.95611e-05
0 0.221831 0.384 0.0352113 0.0826667 1.95905e-05
0 0.612676 0.965333 0.084507 0.0693333 1.96073e-05
0 0.545775 0.521333 0.0297941 0.0613333 1.9611e-05
0 0.296316 0.373333 0.0433369 0.0826667 1.97521e-05
0 0.143283 0.984667 0.0742145 0.0306667 1.9852e-05
0 0.445016 0.275333 0.0785482 0.34 1.9869e-05
0 0.278982 0.63 0.0270856 0.06 1.99571e-05
0 0.634615 0.643333 0.0276273 0.084 2.00412e-05
0 0.209913 0.524667 0.0297941 0.0893333 2.01326e-05
0 0.241062 0.641333 0.0444204 0.0666667 2.01778e-05
0 0.429577 0.603333 0.0325027 0.0893333 2.0232e-05
0 0.315547 0.752 0.127302 0.496 2.02386e-05
0 0.483207 0.638 0.0530878 0.262667 2.02451e-05
0 0.25325 0.465333 0.114301 0.242667 2.02598e-05
0 0.115114 0.963333 0.138137 0.0733333 2.02781e-05
0 0.33559 0.482667 0.067714 0.125333 2.03457e-05
0 0.390574 0.486667 0.056338 0.130667 2.03659e-05
0 0.552817 0.022 0.0503792 0.036 2.04467e-05
0 0.563922 0.842 0.0530878 0.142667 2.06763e-05
0 0.691495 0.996667 0.0427952 0.00666667 2.07339e-05
0 0.640574 0.308667 0.0384615 0.137333 2.08516e-05
0 0.456934 0.428667 0.0222102 0.02 2.09073e-05
0 0.564464 0.971333 0.0725894 0.0573333 2.09513e-05
0 0.312026 0.616 0.0433369 0.109333 2.09617e-05
0 0.460726 0.918667 0.0471289 0.109333 2.09794e-05
0 0.578007 0.191333 0.24052 0.382667 2.10978e-05
0 0.512188 0.848667 0.0698808 0.153333 2.11006e-05
0 0.434995 0.700667 0.0790899 0.276 2.11066e-05
0 0.112947 1 0.0547129 0 2.11112e-05
0 0.0184182 0.598 0.0368364 0.134667 2.11781e-05
0 0.65818 0.222667 0.092091 0.237333 2.1187e-05
0 0.287378 0.221333 0.14247 0.157333 2.12071e-05
0 0.42091 0.98 0.0314193 0.0373333 2.12121e-05
0 0.06961 0.973333 0.121885 0.0533333 2.12576e-05
0 0.461268 0.828 0.0622969 0.133333 2.12861e-05
0 0.137595 1 0.0552546 0 2.13299e-05
0 0.838841 0.928 0.0969664 0.144 2.14509e-05
0 0.442308 0.342667 0.0622969 0.149333 2.15499e-05
0 0.0341278 0.500667 0.0498375 0.278667 2.15617e-05
0 0.365114 0.48 0.063922 0.141333 2.15757e-05
0 0.317172 0.544667 0.0817985 0.206667 2.16346e-05
0 0.315818 0.538667 0.143012 0.634667 2.16346e-05
0 0.82909 0.996 0.0471289 0.008 2.16783e-05
0 0.322319 0.918 0.0671723 0.164 2.18327e-05
0 0.529794 0.912 0.0617551 0.133333 2.1921e-05
0 0.360238 0.582 0.071506 0.257333 2.19324e-05
0 0.476706 0.410667 0.056338 0.122667 2.19774e-05
0 0.336674 0.969333 0.0200433 0.0613333 2.20344e-05
0 0.607259 0.515333 0.0346696 0.0653333 2.20607e-05
0 0.893283 0.0173333 0.0509209 0.0346667 2.20783e-05
0 0.252979 0.483333 0.0736728 0.142667 2.2086e-05
0 0.179848 0.0213333 0.0476706 0.0426667 2.21097e-05
0 0.643824 0.975333 0.039545 0.036 2.2127e-05
0 0.386782 0.580667 0.0314193 0.06 2.21423e-05
0 0.467497 0.416667 0.020585 0.121333 2.21515e-05
0 0.344258 0.57 0.0189599 0.0573333 2.22407e-05
0 0.457746 0.765333 0.0325027 0.0693333 2.23225e-05
0 0.669014 0.421333 0.126761 0.506667 2.23238e-05
0 0.482124 0.673333 0.0292524 0.0613333 2.24043e-05
0 0.447725 0.978 0.0460455 0.044 2.24181e-05
0 0.179577 0.0526667 0.0492958 0.0706667 2.24249e-05
0 0.670639 0.877333 0.0780065 0.168 2.25206e-05
0 0.582611 0.693333 0.0720477 0.272 2.25377e-05
0 0.471018 0.288667 0.0362947 0.121333 2.25447e-05
0 0.806338 0.518667 0.0839653 0.181333 2.25551e-05
0 0.639491 0.420667 0.0720477 0.137333 2.26914e-05
0 0.263814 0.276 0.0975081 0.176 2.27119e-05
0 0.0257313 0.206667 0.0384615 0.261333 2.27662e-05
0 0.296316 0.982667 0.0368364 0.0346667 2.28363e-05
0 0.803629 0.995333 0.0460455 0.00933333 2.28822e-05
0 0.433369 0.839333 0.0671723 0.14 2.29239e-05
0 0.235915 0.943333 0.024377 0.0893333 2.29245e-05
0 0.232936 0.0566667 0.0400867 0.0813333 2.30218e-05
0 0.493499 0.000666667 0.056338 0.00133333 2.30768e-05
0 0.710997 0.409333 0.0807151 0.288 2.31306e-05
0 0.196912 0.642 0.088299 0.332 2.31881e-05
0 0.344529 0.844 0.0487541 0.312 2.32403e-05
0 0.865655 0.072 0.101842 0.144 2.32427e-05
0 0.319068 0.761333 0.0736728 0.205333 2.32487e-05
0 0.054442 0.0866667 0.0926327 0.168 2.33874e-05
0 0.695016 0.0446667 0.0400867 0.0866667 2.34489e-05
0 0.365926 0.0886667 0.113218 0.118667 2.34703e-05
0 0.49052 0.759333 0.0232936 0.068 2.34903e-05
0 0.657367 0.312 0.039545 0.133333 2.35253e-05
0 0.506501 0.698 0.0249187 0.06 2.3555e-05
0 0.904659 0 0.0552546 0 2.36117e-05
0 0.715872 0.996 0.0427952 0.008 2.36398e-05
0 0.519772 0.599333 0.0308776 0.044 2.36683e-05
0 0.407909 0.629333 0.0574215 0.296 2.37057e-05
0 0.0135428 0.0933333 0.0270856 0.165333 2.38384e-05
0 0.875677 0.599333 0.0969664 0.132 2.3843e-05
0 0.421452 0.538667 0.0325027 0.0426667 2.3906e-05
0 0.356988 0.910667 0.0270856 0.072 2.39428e-05
0 0.465872 0.635333 0.0595883 0.148 2.40424e-05
0 0.46208 0.508667 0.0303359 0.084 2.41389e-05
0 0.394908 0.979333 0.056338 0.0413333 2.43329e-05
0 0.478873 0.95 0.0866739 0.1 2.43791e-05
0 0.175244 0.0693333 0.122969 0.138667 2.44015e-05
0 0.458017 0.439333 0.00812568 0.0173333 2.44416e-05
0 0.954767 0.756 0.0904659 0.488 2.44981e-05
0 0.529523 0.944 0.024377 0.0586667 2.45156e-05
0 0.218039 0.882 0.0460455 0.188 2.4613e-05
0 0.535482 0.771333 0.06013 0.142667 2.46411e-05
0 0.835049 0.647333 0.157638 0.310667 2.48433e-05
0 0.623239 0.066 0.095883 0.132 2.48702e-05
0 0.270314 0.0466667 0.0487541 0.0693333 2.48837e-05
0 0.634074 0.838667 0.067714 0.141333 2.49026e-05
0 0.410888 0.748667 0.126219 0.502667 2.49894e-05
0 0.403575 0.786 0.0422535 0.118667 2.51082e-05
0 0.686078 0.026 0.119718 0.052 2.51574e-05
0 0.436349 0.524667 0.128386 0.494667 2.51734e-05
0 0.583424 0.945333 0.0866739 0.109333 2.51772e-05
0 0.643824 0.356667 0.0297941 0.102667 2.52069e-05
0 0.216414 0.024 0.112134 0.048 2.5255e-05
0 0.482665 0.593333 0.0400867 0.114667 2.52602e-05
0 0.479144 0.0466667 0.0492958 0.0773333 2.52617e-05
0 0.448537 0.282 0.063922 0.121333 2.53076e-05
0 0.37974 0.115333 0.121343 0.230667 2.53784e-05
0 0.232936 0.212 0.0834236 0.333333 2.54543e-05
0 0.618093 0.515333 0.118093 0.486667 2.54791e-05
0 0.619177 0.0433333 0.0455038 0.052 2.55567e-05
0 0.943391 0.879333 0.108884 0.241333 2.5704e-05
0 0.561213 0.910667 0.0530878 0.144 2.57352e-05
0 0.66766 0.0206667 0.0449621 0.0413333 2.60041e-05
0 0.370802 0.788667 0.039545 0.350667 2.6062e-05
0 0.222644 0.488667 0.0346696 0.0973333 2.61476e-05
0 0.882449 0.172667 0.122427 0.270667 2.62393e-05
0 0.210726 0.79 0.0379198 0.148 2.63016e-05
0 0.402492 0.947333 0.0335861 0.0733333 2.634e-05
0 0.160347 0.636 0.105092 0.146667 2.63417e-05
0 0.769502 0.522667 0.196641 0.570667 2.63611e-05
0 0.416306 0.082 0.106717 0.153333 2.63862e-05
0 0.244854 0.713333 0.0325027 0.0853333 2.65522e-05
0 0.383803 0.250667 0.0297941 0.101333 2.65646e-05
0 0.539545 0.478667 0.0671723 0.136 2.67005e-05
0 0.514355 0.810667 0.13597 0.378667 2.68289e-05
0 0.730228 0.154667 0.141928 0.309333 2.68573e-05
0 0.188516 0.0666667 0.071506 0.133333 2.69231e-05
0 0.54442 0.548667 0.0292524 0.0573333 2.69517e-05
0 0.763543 0.757333 0.206392 0.485333 2.70859e-05
0 0.260022 0.268667 0.108342 0.366667 2.71803e-05
0 0.686891 0.956 0.0866739 0.088 2.71873e-05
0 0.276002 0.0906667 0.0969664 0.149333 2.72179e-05
0 0.874323 0.757333 0.251354 0.485333 2.7238e-05
0 0.555796 0.722 0.0270856 0.0733333 2.72389e-05
0 0.431203 0.966667 0.0671723 0.0666667 2.72781e-05
0 0.331528 0 0.0530878 0 2.75124e-05
0 0.39247 0.986 0.0373781 0.028 2.75412e-05
0 0.532774 0.528 0.024377 0.088 2.75649e-05
0 0.233207 0.0846667 0.0839653 0.153333 2.75803e-05
0 0.869718 0.984 0.095883 0.032 2.77187e-05
0 0.797942 0.578667 0.100758 0.181333 2.78261e-05
0 0.39545 0.694 0.0162514 0.0386667 2.78651e-05
0 0.189057 0.999333 0.0530878 0.00133333 2.78852e-05
0 0.631636 0.948667 0.035753 0.0626667 2.79923e-05
0 0.866739 0 0.0541712 0 2.79967e-05
0 0.545775 0.722 0.0265439 0.068 2.80182e-05
0 0.510022 0.696 0.0612134 0.261333 2.80383e-05
0 0.43987 0.711333 0.0650054 0.142667 2.80879e-05
0 0.810943 0.882 0.122427 0.236 2.82068e-05
0 0.487541 0.974667 0.0498375 0.0506667 2.82176e-05
0 0.21533 0.064 0.0633803 0.128 2.82763e-05
0 0.320423 0.650667 0.0276273 0.0586667 2.82863e-05
0 0.539816 0 0.0557963 0 2.82884e-05
0 0.327465 0.664 0.0352113 0.096 2.82897e-05
0 0.624052 0.946667 0.0812568 0.106667 2.83357e-05
0 0.985645 0.448667 0.0287107 0.110667 2.84404e-05
0 0.575569 0.819333 0.125135 0.361333 2.85164e-05
0 0.0880282 1 0.0536295 0 2.86174e-05
0 0.72156 0.632667 0.0476706 0.188 2.87827e-05
0 0.209372 0.733333 0.0287107 0.106667 2.89756e-05
0 0.708559 0.47 0.0455038 0.0866667 2.90916e-05
0 0.523564 0.670667 0.0276273 0.048 2.92241e-05
0 0.347779 0.867333 0.135428 0.265333 2.92866e-05
0 0.381094 0.12 0.0872156 0.114667 2.93272e-05
0 0.356446 0.659333 0.0433369 0.116 2.9373e-05
0 0.873781 0.0526667 0.0866739 0.0813333 2.94786e-05
0 0.47156 0.99 0.0503792 0.02 2.96666e-05
0 0.432015 0.952 0.0254605 0.0613333 2.97223e-05
0 0.491603 0.730667 0.0211268 0.072 2.97653e-05
0 0.57286 0.454667 0.0297941 0.0853333 2.97882e-05
0 0.561755 0.972667 0.0487541 0.0546667 2.9834e-05
0 0.68364 0.0233333 0.0379198 0.0466667 2.98389e-05
0 0.446641 0.427333 0.0373781 0.14 2.98513e-05
0 0.524377 0.553333 0.0216685 0.0693333 2.99125e-05
0 0.407638 0.632 0.0352113 0.130667 2.99848e-05
0 0.666306 0.995333 0.0444204 0.00933333 3.00203e-05
0 0.757042 0.01 0.0557963 0.02 3.00483e-05
0 0.0148971 0.0106667 0.0297941 0.0213333 3.01274e-05
0 0.220206 0.0233333 0.031961 0.0466667 3.01304e-05
0 0.969393 0.0146667 0.0471289 0.0293333 3.01315e-05
0 0.650054 0.994667 0.0682557 0.0106667 3.02353e-05
0 0.355363 0.722 0.0379198 0.108 3.02403e-05
0 0.0425244 0.722667 0.0850488 0.554667 3.02465e-05
0 0.403304 0.714667 0.031961 0.122667 3.02899e-05
0 0.480769 0.600667 0.0265439 0.0653333 3.04127e-05
0 0.472644 0.950667 0.0265439 0.064 3.05289e-05
0 0.758397 0.410667 0.124594 0.258667 3.05392e-05
0 0.261376 0.965333 0.0687974 0.0693333 3.06707e-05
0 0.0181473 0.535333 0.0362947 0.137333 3.07336e-05
0 0.522481 0.69 0.0265439 0.0573333 3.07656e-05
0 0.628386 0.000666667 0.0541712 0.00133333 3.08408e-05
0 0.594258 0.531333 0.0270856 0.0626667 3.10182e-05
0 0.338299 0.559333 0.0308776 0.1 3.11693e-05
0 0.788462 0.424667 0.14247 0.145333 3.13435e-05
0 0.225894 0.812 0.121343 0.376 3.13598e-05
0 0.0273564 0.972667 0.0547129 0.0546667 3.14195e-05
0 0.989707 0.702 0.0151679 0.206667 3.15434e-05
0 0.988353 0.807333 0.0102925 0.14 3.15947e-05
0 0.245666 0.0293333 0.06013 0.0586667 3.16602e-05
0 0.728332 0.554 0.0557963 0.110667 3.17061e-05
0 0.462351 0.372 0.0146262 0.0346667 3.17638e-05
0 0.113218 0.884 0.133261 0.232 3.1834e-05
0 0.399512 0.842667 0.0612134 0.128 3.20589e-05
0 0.312026 0.997333 0.0682557 0.00533333 3.21058e-05
0 0.638137 0.705333 0.063922 0.149333 3.21112e-05
0 0.508667 0.576667 0.028169 0.052 3.22445e-05
0 0.379469 0.787333 0.0167931 0.0786667 3.23258e-05
0 0.943933 0 0.0547129 0 3.23417e-05
0 0.384615 0.734 0.0303359 0.108 3.23622e-05
0 0.409805 0.605333 0.0232936 0.0613333 3.24014e-05
0 0.791983 0.0286667 0.0498375 0.0546667 3.27662e-05
0 0.88597 0.702 0.163055 0.289333 3.27776e-05
0 0.315547 0.64 0.0720477 0.176 3.28048e-05
0 0.111863 0.0733333 0.155471 0.146667 3.28719e-05
0 0.971018 0.647333 0.0579632 0.198667 3.29727e-05
0 0.213164 0.999333 0.0503792 0.00133333 3.29937e-05
0 0.108884 0.174 0.217768 0.348 3.33413e-05
0 0.508667 0.774 0.0595883 0.14 3.34713e-05
0 0.849133 0.882667 0.107801 0.154667 3.36634e-05
0 0.666306 0.769333 0.0487541 0.146667 3.37439e-05
0 0.290628 1 0.0438787 0 3.37671e-05
0 0.475623 0.89 0.071506 0.166667 3.3791e-05
0 0.20883 0.52 0.131636 0.237333 3.39471e-05
0 0.989978 0.959333 0.0102925 0.0813333 3.41193e-05
0 0.144095 0.0586667 0.121343 0.117333 3.41844e-05
0 0.429307 0.000666667 0.0547129 0.00133333 3.42447e-05
0 0.464247 0.03 0.11701 0.06 3.42804e-05
0 0.669014 0.430667 0.0725894 0.181333 3.43474e-05
0 0.609155 0.433333 0.0687974 0.168 3.4375e-05
0 0.333965 0.0193333 0.0406284 0.036 3.4419e-05
0 0.78169 0.038 0.0964247 0.076 3.44385e-05
0 0.51598 0.943333 0.0384615 0.084 3.44993e-05
0 0.578819 0 0.0557963 0 3.45219e-05
0 0.375406 0.635333 0.0650054 0.174667 3.46106e-05
0 0.73727 0.414667 0.0964247 0.152 3.48074e-05
0 0.304442 0.0166667 0.0476706 0.0333333 3.48489e-05
0 0.386511 0.642667 0.0352113 0.12 3.48682e-05
0 0.305255 1 0.0417118 0 3.49995e-05
0 0.466956 0.365333 0.0162514 0.0773333 3.5019e-05
0 0.00731311 0.068 0.0146262 0.136 3.51174e-05
0 0.268689 0.992667 0.0465872 0.0146667 3.5178e-05
0 0.565818 0.0326667 0.128386 0.0653333 3.52066e-05
0 0.0316901 0.25 0.0633803 0.5 3.53192e-05
0 0.437703 0.770667 0.0606717 0.117333 3.54478e-05
0 0.238353 1 0.0520043 0 3.5521e-05
0 0.507855 0.598 0.031961 0.0413333 3.55308e-05
0 0.713705 0.542667 0.124052 0.488 3.5584e-05
0 0.591008 0.790667 0.0660888 0.114667 3.56365e-05
0 0.504063 0.532 0.0698808 0.154667 3.56394e-05
0 0.0127302 0.886667 0.024377 0.202667 3.57602e-05
0 0.492416 0.698 0.0238353 0.06 3.58302e-05
0 0.514897 1 0.0406284 0 3.58772e-05
0 0.658722 0.959333 0.071506 0.0813333 3.59381e-05
0 0.614301 0.705333 0.056338 0.144 3.59448e-05
0 0.693391 0.00666667 0.0509209 0.0133333 3.60325e-05
0 0.558505 0.542667 0.0346696 0.0613333 3.60881e-05
0 0.0633803 1 0.0530878 0 3.61245e-05
0 0.52221 0.575333 0.0249187 0.0466667 3.62938e-05
0 0.597237 0.8 0.0384615 0.0533333 3.63088e-05
0 0.611593 0.567333 0.0270856 0.0573333 3.6325e-05
0 0.369447 0.798 0.0585049 0.190667 3.65972e-05
0 0.463705 0.712 0.0671723 0.272 3.67031e-05
0 0.679577 0.627333 0.115385 0.425333 3.67585e-05
0 0.473185 0.738 0.0211268 0.0946667 3.6861e-05
0 0.494854 0.0246667 0.0590466 0.0493333 3.69264e-05
0 0.0105634 0.0186667 0.0211268 0.0373333 3.70583e-05
0 0.765168 0.988 0.0774648 0.024 3.71109e-05
0 0.423889 0.985333 0.052546 0.0293333 3.7575e-05
0 0.618906 0.776 0.067714 0.168 3.76958e-05
0 0.0880282 0.543333 0.129469 0.276 3.77107e-05
0 0.220477 0.822 0.0270856 0.132 3.77112e-05
0 0.445829 0.986 0.028169 0.028 3.77497e-05
0 0.413326 0.505333 0.0617551 0.112 3.79657e-05
0 0.514355 0.772667 0.195558 0.454667 3.8057e-05
0 0.970206 0.954 0.0595883 0.092 3.81012e-05
0 0.291441 0 0.0530878 0 3.81972e-05
0 0.868364 0.48 0.179848 0.202667 3.83587e-05
0 0.205309 0 0.0520043 0 3.83591e-05
0 0.293337 0.992667 0.0438787 0.0146667 3.86696e-05
0 0.918743 0.0273333 0.127844 0.0546667 3.87265e-05
0 0.0108342 0.200667 0.0216685 0.244 3.87412e-05
0 0.599133 0.986 0.0725894 0.028 3.87654e-05
0 0.271398 0.974667 0.0379198 0.048 3.88293e-05
0 0.360238 0.596 0.0444204 0.112 3.89063e-05
0 0.965601 0.578 0.0687974 0.233333 3.89471e-05
0 0.695287 0.606 0.0503792 0.126667 3.89567e-05
0 0.353467 0.553333 0.0373781 0.101333 3.90338e-05
0 0.529523 0.715333 0.0633803 0.150667 3.91081e-05
0 0.592633 0.834667 0.0650054 0.122667 3.91283e-05
0 0.767064 0.568667 0.465872 0.862667 3.92276e-05
0 0.808505 0.418667 0.144637 0.277333 3.92523e-05
0 0.0208559 0.604667 0.0287107 0.294667 3.92769e-05
0 0.619989 0.977333 0.0362947 0.0373333 3.93787e-05
0 0.686078 0.518667 0.039545 0.0693333 3.94057e-05
0 0.890574 1 0.0509209 0 3.94411e-05
0 0.112947 1 0.0568797 0 3.95296e-05
0 0.578548 0.024 0.0465872 0.032 3.98219e-05
0 0.560672 0.632 0.112676 0.416 3.98265e-05
0 0.643554 0.997333 0.0444204 0.00533333 3.99281e-05
0 0.963705 0.395333 0.0725894 0.276 4.00238e-05
0 0.506501 0.355333 0.00541712 0.0173333 4.00512e-05
0 0.210184 0.694667 0.0270856 0.096 4.02412e-05
0 0.00650054 0.783333 0.0130011 0.158667 4.02915e-05
0 0.989437 0.688 0.0102925 0.138667 4.02917e-05
0 0.00650054 0.226667 0.0130011 0.154667 4.03751e-05
0 0.93039 0.0853333 0.1013 0.170667 4.03931e-05
0 0.395991 0.602 0.028169 0.052 4.06664e-05
0 0.60753 0.819333 0.0352113 0.0706667 4.08002e-05
0 0.0295233 0.155333 0.0590466 0.310667 4.08948e-05
0 0.459101 0.276 0.0146262 0.0266667 4.08975e-05
0 0.687432 0.718 0.0942579 0.209333 4.09968e-05
0 0.782232 0.929333 0.0725894 0.112 4.10461e-05
0 0.274919 0.989333 0.0785482 0.0213333 4.13154e-05
0 0.269772 0.609333 0.0530878 0.192 4.13587e-05
0 0.668202 0.715333 0.0709642 0.137333 4.1544e-05
0 0.791712 0.0113333 0.0785482 0.0226667 4.1768e-05
0 0.00541712 0.135333 0.0108342 0.158667 4.18803e-05
0 0.988624 0.105333 0.0227519 0.165333 4.18812e-05
0 0.210455 0.586 0.0287107 0.0946667 4.19211e-05
0 0.313922 0.03 0.112134 0.06 4.19226e-05
0 0.890574 0.0813333 0.0964247 0.152 4.22627e-05
0 0.987812 0.0193333 0.024377 0.0386667 4.24103e-05
0 0.814193 1 0.0769231 0 4.24881e-05
0 0.608884 0.965333 0.0693391 0.0693333 4.25503e-05
0 0.530878 0.0426667 0.0465872 0.0853333 4.25553e-05
0 0.965872 0.999333 0.0487541 0.00133333 4.26503e-05
0 0.667389 0.000666667 0.0520043 0.00133333 4.27146e-05
0 0.246479 0.946667 0.0303359 0.0853333 4.27912e-05
0 0.570423 0.420667 0.0541712 0.262667 4.29371e-05
0 0.776815 1 0.0736728 0 4.29841e-05
0 0.971289 0.215333 0.0574215 0.308 4.30576e-05
0 0.381365 0.00333333 0.0530878 0.00666667 4.30827e-05
0 0.160618 0.578667 0.088299 0.2 4.31135e-05
0 0.190683 0.607333 0.0476706 0.164 4.3243e-05
0 0.336674 0.560667 0.0167931 0.0706667 4.34157e-05
0 0.986457 0.938 0.0184182 0.0813333 4.34251e-05
0 0.73402 0.484 0.108342 0.128 4.34464e-05
0 0.583153 0.385333 0.0384615 0.109333 4.37357e-05
0 0.0945287 0.986 0.0785482 0.028 4.37737e-05
0 0.574756 0.056 0.0910076 0.112 4.39454e-05
0 0.0655471 0.468 0.121343 0.309333 4.39787e-05
0 0.343174 1 0.0287107 0 4.40731e-05
0 0.380282 0.85 0.0530878 0.108 4.41797e-05
0 0.581798 0.0233333 0.0509209 0.0466667 4.42128e-05
0 0.28494 0.968 0.0812568 0.064 4.42598e-05
0 0.607801 0.979333 0.0314193 0.0413333 4.44201e-05
0 0.212893 0.554667 0.0314193 0.0693333 4.45655e-05
0 0.654388 0.496 0.035753 0.117333 4.45782e-05
0 0.973185 0.0786667 0.0536295 0.157333 4.48588e-05
0 0.479686 0.777333 0.0167931 0.064 4.4908e-05
0 0.419556 0.608667 0.0222102 0.068 4.50831e-05
0 0.362947 0.998 0.063922 0.004 4.52162e-05
0 0.150867 1 0.0557963 0 4.52266e-05
0 0.557963 0.588667 0.0368364 0.084 4.52519e-05
0 0.986186 0 0.0276273 0 4.53784e-05
0 0.0067714 0.686667 0.0135428 0.154667 4.55784e-05
0 0.713976 1 0.0693391 0 4.58339e-05
0 0.90818 0.282667 0.18364 0.362667 4.60005e-05
0 0.201246 1 0.0774648 0 4.6157e-05
0 0.406284 0.989333 0.0379198 0.0213333 4.61972e-05
0 0.690953 0.497333 0.0742145 0.216 4.64438e-05
0 0.31636 1 0.0335861 0 4.65212e-05
0 0.483478 0.639333 0.0330444 0.121333 4.66902e-05
0 0.266793 1 0.0482123 0 4.67477e-05
0 0.24052 0.664667 0.035753 0.0653333 4.68647e-05
0 0.952871 1 0.0530878 0 4.69515e-05
0 0.0752979 1 0.056338 0 4.71037e-05
0 0.989166 0.106 0.0140845 0.110667 4.71874e-05
0 0.176598 1 0.0552546 0 4.72463e-05
0 0.258397 0.953333 0.0379198 0.088 4.74039e-05
0 0.432015 0.0466667 0.0503792 0.064 4.74558e-05
0 0.634074 0.962 0.0709642 0.076 4.76394e-05
0 0.987812 0.504667 0.024377 0.129333 4.78606e-05
0 0.244041 0.0186667 0.0471289 0.0373333 4.82981e-05
0 0.565547 0 0.0552546 0 4.83514e-05
0 0.842091 0.0166667 0.0514626 0.0333333 4.8407e-05
0 0.267064 0.026 0.110509 0.052 4.85155e-05
0 0.387324 0.998 0.0671723 0.004 4.85573e-05
0 0.988895 0.93 0.0222102 0.14 4.85915e-05
0 0.460184 0.97 0.0687974 0.06 4.90168e-05
0 0.957747 0.0246667 0.084507 0.0493333 4.92757e-05
0 0.257313 0.54 0.133261 0.592 4.94366e-05
0 0.393283 1 0.0368364 0 4.96165e-05
0 0.311484 0.319333 0.214518 0.638667 4.98639e-05
0 0.397887 0.0433333 0.0817985 0.0573333 4.98861e-05
0 0.753792 0.03 0.0687974 0.06 5.00231e-05
0 0.911701 0.401333 0.16468 0.306667 5.00625e-05
0 0.583965 0.693333 0.063922 0.122667 5.0085e-05
0 0.777627 0.0373333 0.0449621 0.0746667 5.01345e-05
0 0.502709 0.359333 0.0130011 0.0306667 5.02565e-05
0 0.0257313 0.881333 0.0503792 0.237333 5.03948e-05
0 0.473727 0.360667 0.039545 0.108 5.06159e-05
0 0.613218 0.649333 0.0595883 0.136 5.06881e-05
0 0.468039 0.77 0.028169 0.105333 5.09836e-05
0 0.818256 0.018 0.0514626 0.036 5.11855e-05
0 0.199079 0.621333 0.0330444 0.101333 5.15701e-05
0 0.537378 0.530667 0.0520043 0.122667 5.1674e-05
0 0.235915 0.866667 0.0655471 0.266667 5.17479e-05
0 0.908992 0.0846667 0.0476706 0.0973333 5.17506e-05
0 0.521127 0.94 0.0855905 0.12 5.21184e-05
0 0.639762 0.65 0.0650054 0.148 5.21565e-05
0 0.484019 0.981333 0.0308776 0.032 5.23545e-05
0 0.00866739 0.319333 0.0173348 0.156 5.23925e-05
0 0.281148 0.0173333 0.0476706 0.0346667 5.24788e-05
0 0.407638 0.756667 0.067714 0.177333 5.26969e-05
0 0.482124 0.720667 0.0270856 0.113333 5.34815e-05
0 0.267335 0 0.0547129 0 5.35072e-05
0 0.0988624 0 0.0557963 0 5.37036e-05
0 0.527627 0.972 0.0498375 0.056 5.38387e-05
0 0.866739 1 0.0509209 0 5.39552e-05
0 0.466414 0.368667 0.0119177 0.0226667 5.39661e-05
0 0.420368 0.992667 0.0390032 0.0146667 5.40391e-05
0 0.330173 0.667333 0.0287107 0.0466667 5.40548e-05
0 0.690953 0 0.0547129 0 5.40598e-05
0 0.438516 0.625333 0.0709642 0.16 5.40761e-05
0 0.987541 0.642667 0.0249187 0.312 5.43021e-05
0 0.345883 0.908667 0.0536295 0.118667 5.44283e-05
0 0.310672 0.985333 0.0557963 0.0293333 5.44465e-05
0 0.163326 1 0.0807151 0 5.4683e-05
0 0.656013 0.346 0.0216685 0.0786667 5.49466e-05
0 0.275731 1 0.0790899 0 5.55037e-05
0 0.840195 0.993333 0.109426 0.0133333 5.5945e-05
0 0.815818 0.03 0.110509 0.06 5.60049e-05
0 0.869177 0.0186667 0.0460455 0.0373333 5.60698e-05
0 0.379198 1 0.0335861 0 5.61107e-05
0 0.73727 0.092 0.108342 0.184 5.61171e-05
0 0.449079 0.991333 0.0628386 0.0173333 5.6494e-05
0 0.394637 0.570667 0.0557963 0.261333 5.68726e-05
0 0.413597 1 0.0612134 0 5.69785e-05
0 0.90195 0 0.0541712 0 5.79528e-05
0 0.986999 0.272667 0.0260022 0.334667 5.7997e-05
0 0.663055 0.990667 0.0725894 0.0186667 5.8055e-05
0 0.974269 0.51 0.0514626 0.212 5.83769e-05
0 0.254334 0.547333 0.0817985 0.196 5.85476e-05
0 0.213434 1 0.0552546 0 5.85965e-05
0 0.893554 0.584 0.0557963 0.0933333 5.88687e-05
0 0.723185 0 0.100758 0 5.88995e-05
0 0.605363 0.000666667 0.0557963 0.00133333 5.89027e-05
0 0.150054 0 0.056338 0 5.89356e-05
0 0.841549 0 0.0557963 0 5.91319e-05
0 0.677952 1 0.0438787 0 5.95605e-05
0 0.123239 0.762 0.246479 0.476 5.96306e-05
0 0.409263 0.982 0.0666305 0.036 5.98698e-05
0 0.828548 1 0.0482123 0 6.01047e-05
0 0.988353 0.008 0.0178765 0.016 6.01153e-05
0 0.54117 0.0253333 0.0455038 0.0506667 6.02455e-05
0 0.298754 0.026 0.0915493 0.052 6.03356e-05
0 0.69935 0.0233333 0.0455038 0.0466667 6.05622e-05
0 0.985374 0.404 0.0292524 0.314667 6.07771e-05
0 0.880282 0.525333 0.239437 0.530667 6.09701e-05
0 0.663055 0.0286667 0.071506 0.0573333 6.10705e-05
0 0.51598 0 0.0557963 0 6.13393e-05
0 0.382449 0.00333333 0.0682557 0.00666667 6.18486e-05
0 0.65493 0.481333 0.0780065 0.210667 6.18574e-05
0 0.031961 0.965333 0.063922 0.0693333 6.20498e-05
0 0.637053 0.991333 0.0693391 0.0173333 6.24091e-05
0 0.356446 0.004 0.0530878 0.008 6.24966e-05
0 0.238082 0.99 0.117551 0.02 6.26954e-05
0 0.35455 1 0.0362947 0 6.30234e-05
0 0.461809 0.267333 0.0178765 0.0386667 6.30454e-05
0 0.58234 0.979333 0.0368364 0.0413333 6.32781e-05
0 0.598321 0.416667 0.0330444 0.113333 6.33249e-05
0 0.137053 0 0.056338 0 6.3361e-05
0 0.562839 0.982667 0.0682557 0.0346667 6.36181e-05
0 0.993229 0.684667 0.0135428 0.265333 6.36708e-05
0 0.508126 0.920667 0.0628386 0.126667 6.36779e-05
0 0.249187 0.882667 0.0606717 0.184 6.37343e-05
0 0.741062 1 0.0444204 0 6.38107e-05
0 0.757313 0.590667 0.12351 0.224 6.38162e-05
0 0.509751 0.581333 0.0606717 0.117333 6.40076e-05
0 0.803629 1 0.0471289 0 6.42436e-05
0 0.578277 0.877333 0.067714 0.162667 6.44189e-05
0 0.615655 0.879333 0.0666305 0.164 6.46165e-05
0 0.250542 0.765333 0.100217 0.392 6.4768e-05
0 0.588841 0.417333 0.0238353 0.072 6.48046e-05
0 0.985645 0.19 0.0287107 0.228 6.50474e-05
0 0.662784 0.638 0.0633803 0.164 6.50961e-05
0 0.991333 0.237333 0.0173348 0.173333 6.52142e-05
0 0.73727 0.995333 0.0910076 0.00933333 6.54093e-05
0 0.505146 0.986 0.0471289 0.028 6.54673e-05
0 0.0246479 0.988667 0.0492958 0.0226667 6.56922e-05
0 0.0276273 0.66 0.0552546 0.44 6.57517e-05
0 0.532232 0.554 0.0178765 0.0573333 6.60863e-05
0 0.444204 0.996 0.0433369 0.008 6.63584e-05
0 0.516793 0.00466667 0.056338 0.00933333 6.66683e-05
0 0.570423 0.00266667 0.0736728 0.00533333 6.67991e-05
0 0.685265 0.738 0.0476706 0.0973333 6.68154e-05
0 0.63922 0 0.0552546 0 6.68804e-05
0 0.258938 0.622667 0.0325027 0.08 6.70265e-05
0 0.346966 0.860667 0.0308776 0.102667 6.71015e-05
0 0.767064 1 0.0465872 0 6.72379e-05
0 0.307963 0.991333 0.0406284 0.0173333 6.74814e-05
0 0.0641928 0.0153333 0.0807151 0.0306667 6.75474e-05
0 0.503792 0.350667 0.0249187 0.0293333 6.76106e-05
0 0.466956 0.73 0.035753 0.126667 6.77046e-05
0 0.818527 0 0.0530878 0 6.78362e-05
0 0.0178765 0.232667 0.035753 0.369333 6.79984e-05
0 0.536566 0.683333 0.0254605 0.052 6.80176e-05
0 0.45883 0.984 0.0303359 0.032 6.82683e-05
0 0.71533 1 0.0449621 0 6.84882e-05
0 0.530878 0.002 0.0725894 0.004 6.87031e-05
0 0.556609 0.98 0.031961 0.04 6.87811e-05
0 0.540628 0.979333 0.0260022 0.0386667 6.88257e-05
0 0.531961 0.992 0.0541712 0.016 6.95245e-05
0 0.729415 0 0.0557963 0 7.03075e-05
0 0.573944 0.424667 0.0276273 0.0653333 7.0802e-05
0 0.356717 0.00266667 0.067714 0.00533333 7.08981e-05
0 0.237811 0.00466667 0.0758397 0.00933333 7.09737e-05
0 0.0362947 0.481333 0.0725894 0.437333 7.1473e-05
0 0.244312 0 0.0541712 0 7.14913e-05
0 0.391116 0 0.0541712 0 7.17247e-05
0 0.553359 1 0.0427952 0 7.19847e-05
0 0.79117 0.481333 0.130553 0.144 7.25983e-05
0 0.414951 0.034 0.111593 0.068 7.27846e-05
0 0.605092 0.996667 0.0411701 0.00666667 7.30753e-05
0 0.471018 0.983333 0.0287107 0.0333333 7.32324e-05
0 0.865385 0.032 0.095883 0.064 7.34057e-05
0 0.353196 0.886 0.0195016 0.028 7.34422e-05
0 0.506501 0.024 0.0487541 0.0346667 7.42399e-05
0 0.162243 0.00466667 0.0926327 0.00933333 7.44937e-05
0 0.789274 0.992667 0.0931744 0.0146667 7.47366e-05
0 0.51896 0.654667 0.063922 0.0933333 7.54298e-05
0 0.625677 0.594667 0.0628386 0.141333 7.55768e-05
0 0.582069 0.969333 0.0633803 0.0613333 7.57266e-05
0 0.483207 0.698 0.020585 0.0653333 7.58489e-05
0 0.699079 0.0166667 0.0915493 0.0333333 7.59237e-05
0 0.792524 0 0.0541712 0 7.5954e-05
0 0.406013 0.002 0.052546 0.004 7.62374e-05
0 0.512459 0.984 0.0671723 0.032 7.64426e-05
0 0.989707 0.868667 0.00758397 0.148 7.67758e-05
0 0.863759 0 0.0547129 0 7.69447e-05
0 0.674702 0.00933333 0.0872156 0.0186667 7.70125e-05
0 0.0148971 0.0526667 0.0297941 0.105333 7.73113e-05
0 0.989978 0.628667 0.0113759 0.142667 7.73223e-05
0 0.00731311 0.925333 0.0146262 0.149333 7.73787e-05
0 0.766251 0.0546667 0.0482123 0.0906667 7.74069e-05
0 0.478061 0 0.0547129 0 7.78139e-05
0 0.397616 0.576667 0.0238353 0.0653333 7.78945e-05
0 0.338028 0.974667 0.0346696 0.0506667 7.79956e-05
0 0.427952 0 0.0552546 0 7.81071e-05
0 0.0135428 0.697333 0.0270856 0.277333 7.88889e-05
0 0.893824 0.995333 0.143012 0.00933333 7.90893e-05
0 0.494854 0.00266667 0.0720477 0.00533333 7.94355e-05
0 0.431203 0.980667 0.0270856 0.0386667 7.94538e-05
0 0.651138 1 0.0660888 0 7.95407e-05
0 0.527356 0.0526667 0.0926327 0.105333 8.05282e-05
0 0.653575 1 0.0438787 0 8.07271e-05
0 0.350488 0.0453333 0.0617551 0.0533333 8.08199e-05
0 0.00595883 0.0853333 0.00975081 0.149333 8.10236e-05
0 0.562839 0.513333 0.028169 0.0533333 8.11388e-05
0 0.650867 0.355333 0.0200433 0.0493333 8.1339e-05
0 0.34805 0.0426667 0.0438787 0.0293333 8.1718e-05
0 0.849133 0.0253333 0.095883 0.0506667 8.18754e-05
0 0.353467 0 0.0547129 0 8.20627e-05
0 0.458559 0.0246667 0.0482123 0.0493333 8.24037e-05
0 0.112405 0.455333 0.167389 0.388 8.24256e-05
0 0.467768 0.00133333 0.0547129 0.00266667 8.24986e-05
0 0.328277 0 0.0541712 0 8.25557e-05
0 0.220748 0.696 0.0222102 0.0853333 8.27111e-05
0 0.312297 0.018 0.117551 0.036 8.28272e-05
0 0.557692 0.0246667 0.0937161 0.0493333 8.33222e-05
0 0.975623 0.786667 0.0487541 0.312 8.34844e-05
0 0.982936 0.994 0.0287107 0.012 8.37636e-05
0 0.579902 0.49 0.0460455 0.238667 8.49587e-05
0 0.419827 0.00333333 0.0704225 0.00666667 8.52845e-05
0 0.090195 0.052 0.13922 0.104 8.57615e-05
0 0.833153 0.538 0.153846 0.270667 8.63125e-05
0 0.251354 0.634667 0.0660888 0.165333 8.65988e-05
0 0.668743 0.586667 0.0850488 0.133333 8.67521e-05
0 0.468852 0.995333 0.0417118 0.00933333 8.67854e-05
0 0.492145 1 0.0417118 0 8.6895e-05
0 0.218039 0.552 0.0514626 0.12 8.7007e-05
0 0.34507 0.026 0.0985916 0.052 8.7413e-05
0 0.885157 0.028 0.0942579 0.056 8.74269e-05
0 0.511647 0.697333 0.0547129 0.112 8.79421e-05
0 0.0365655 0.06 0.0731311 0.12 8.79475e-05
0 0.237541 1 0.0763814 0 8.81042e-05
0 0.910888 0.0586667 0.0850488 0.096 8.90984e-05
0 0.302004 0 0.0547129 0 8.93728e-05
0 0.468581 0.382 0.0216685 0.036 8.94324e-05
0 0.49052 0.0346667 0.0893824 0.0693333 8.968e-05
0 0.589653 0 0.0557963 0 8.96867e-05
0 0.576652 0.603333 0.0731311 0.126667 8.9868e-05
0 0.417931 1 0.0417118 0 8.99981e-05
0 0.0728602 0 0.0557963 0 9.02244e-05
0 0.664951 0 0.0536295 0 9.06889e-05
0 0.191495 0.992667 0.13922 0.0146667 9.07554e-05
0 0.466414 1 0.0433369 0 9.0915e-05
0 0.658451 0.542 0.0417118 0.0626667 9.27215e-05
0 0.23104 0.824 0.031961 0.221333 9.31226e-05
0 0.00812568 0.628667 0.0162514 0.153333 9.31829e-05
0 0.993229 0.295333 0.00812568 0.124 9.32319e-05
0 0.450433 1 0.0720477 0 9.36025e-05
0 0.00785482 0.722667 0.0146262 0.301333 9.45199e-05
0 0.00893824 0.382 0.0178765 0.153333 9.50247e-05
0 0.0503792 1 0.056338 0 9.51831e-05
0 0.216956 0.0193333 0.0687974 0.0386667 9.53667e-05
0 0.52221 0.0433333 0.0758397 0.0546667 9.64216e-05
0 0.429848 0.574 0.0644637 0.134667 9.71401e-05
0 0.248646 0.582667 0.497291 0.834667 9.73049e-05
0 0.476977 0.507333 0.052546 0.132 9.74924e-05
0 0.362947 0.0346667 0.102925 0.0693333 9.81648e-05
0 0.609697 0.024 0.0796316 0.0453333 9.86186e-05
0 0.441495 1 0.0444204 0 9.91741e-05
0 0.688516 0.997333 0.0888407 0.00533333 9.9269e-05
0 0.0130011 0.773333 0.0227519 0.293333 0.000100995
0 0.736999 0.01 0.109967 0.02 0.00010276
0 0.628927 1 0.0433369 0 0.000102809
0 0.125406 1 0.0861322 0 0.000103058
0 0.0192308 0.792 0.0384615 0.416 0.000103374
0 0.992416 0.316667 0.0151679 0.188 0.000103739
0 0.323131 0.969333 0.0384615 0.0613333 0.000104368
0 0.617551 0.018 0.0476706 0.0306667 0.000104557
0 0.362676 0.888667 0.0211268 0.0413333 0.000104764
0 0.47454 0.0126667 0.0834236 0.0253333 0.000105227
0 0.452871 0 0.0552546 0 0.000105337
0 0.616739 0.521333 0.06013 0.141333 0.000105733
0 0.985645 0.0186667 0.0265439 0.0373333 0.000106531
0 0.70883 0.545333 0.0720477 0.152 0.000106904
0 0.886511 0.878 0.153304 0.204 0.00010706
0 0.992416 0.232 0.00866739 0.128 0.000111219
0 0.56013 0.0146667 0.118093 0.0293333 0.000111873
0 0.990791 0.906 0.00541712 0.134667 0.000112053
0 0.0398158 1 0.0547129 0 0.000112402
0 0.940683 0 0.0547129 0 0.000112614
0 0.161972 0.52 0.312026 0.802667 0.0001127
0 0.469393 0.378667 0.0135428 0.024 0.000112768
0 0.245937 0.765333 0.0595883 0.210667 0.000112994
0 0.614572 0 0.0557963 0 0.000113216
0 0.75948 0 0.0899242 0 0.000114419
0 0.579632 0.423333 0.0325027 0.116 0.00011477
0 0.554442 0.988667 0.0427952 0.0226667 0.000115055
0 0.888678 1 0.0947996 0 0.000115064
0 0.992958 0.359333 0.0108342 0.126667 0.000115247
0 0.0671723 0.994667 0.0769231 0.0106667 0.000115307
0 0.00785482 0.564667 0.0157096 0.153333 0.000115706
0 0.26273 0.022 0.0801734 0.044 0.000117562
0 0.481311 0.741333 0.0157096 0.088 0.000117859
0 0.242145 0.768667 0.0303359 0.126667 0.000118458
0 0.579361 0.990667 0.0460455 0.0186667 0.00011879
0 0.961538 1 0.0736728 0 0.000118822
0 0.020585 0.364 0.0411701 0.402667 0.000118893
0 0.967768 0 0.0536295 0 0.0001192
0 0.495395 0.992 0.0449621 0.016 0.00011926
0 0.859155 0.273333 0.1961 0.501333 0.000119857
0 0.991603 0.411333 0.0167931 0.196 0.000121933
0 0.157096 0.664667 0.314193 0.670667 0.000122991
0 0.674973 0.535333 0.0671723 0.148 0.000124422
0 0.363759 0.972667 0.031961 0.0466667 0.000124785
0 0.52844 0.986 0.0373781 0.028 0.0001253
0 0.987812 0.864667 0.024377 0.270667 0.000125735
0 0.373239 0.786667 0.0162514 0.0826667 0.000126759
0 0.578819 1 0.0460455 0 0.000127013
0 0.99052 0.534 0.0135428 0.150667 0.000127418
0 0.0151679 0.457333 0.0303359 0.24 0.000127472
0 0.39545 0.950667 0.0552546 0.0986667 0.000127666
0 0.0130011 0.285333 0.0173348 0.282667 0.000128077
0 0.994041 0.592 0.0119177 0.264 0.000128208
0 0.358072 0.943333 0.0769231 0.113333 0.000130273
0 0.218852 0.704667 0.0270856 0.188 0.000130331
0 0.00812568 0.134667 0.0162514 0.242667 0.000131645
0 0.540628 0.648667 0.0379198 0.076 0.000133397
0 0.98727 0.516 0.0254605 0.328 0.000133954
0 0.6552 0.53 0.067714 0.102667 0.000134483
0 0.988895 0.935333 0.0092091 0.116 0.000134787
0 0.316901 0.442667 0.633803 0.885333 0.000135608
0 0.63922 0.0193333 0.0899242 0.0386667 0.000135909
0 0.926327 0.578 0.132178 0.209333 0.000138151
0 0.994312 0.918667 0.0113759 0.162667 0.000138872
0 0.222102 0.413333 0.0617551 0.2 0.000139053
0 0.730769 0.0573333 0.0877573 0.114667 0.000139144
0 0.00595883 0.91 0.00758397 0.142667 0.000140243
0 0.00758397 0.990667 0.0151679 0.0186667 0.000140671
0 0.986999 0.117333 0.0260022 0.234667 0.000140977
0 0.213434 0.460667 0.0368364 0.148 0.000141282
0 0.00975081 0.444667 0.0195016 0.153333 0.000142468
0 0.323131 0.990667 0.0341278 0.0186667 0.000144696
0 0.194745 0.406667 0.389491 0.813333 0.00014616
0 0.609967 0.997333 0.0790899 0.00533333 0.000146941
0 0.736186 0.594 0.527627 0.812 0.000148325
0 0.166847 0.0246667 0.106176 0.0493333 0.000148455
0 0.566901 0.4 0.827194 0.8 0.000149065
0 0.612405 0.01 0.0915493 0.02 0.000149744
0 0.603738 1 0.0427952 0 0.000151095
0 0.487541 0.991333 0.0790899 0.0173333 0.000152098
0 0.39545 0.575333 0.0325027 0.110667 0.00015351
0 0.276815 0 0.0552546 0 0.000153667
0 0.214518 0 0.0552546 0 0.000154535
0 0.754605 0 0.056338 0 0.000156839
0 0.222373 0.771333 0.0460455 0.316 0.000157252
0 0.365114 0.863333 0.0216685 0.1 0.000157876
0 0.211809 0.640667 0.0270856 0.0973333 0.000160368
0 0.274648 0.00266667 0.0877573 0.00533333 0.00016064
0 0.469122 0.382 0.00650054 0.0226667 0.000162972
0 0.0287107 0.00733333 0.056338 0.0146667 0.00016425
0 0.0211268 1 0.0422535 0 0.000164963
0 0.359697 0.985333 0.0368364 0.0266667 0.000166968
0 0.97481 0.888667 0.0503792 0.222667 0.00016715
0 0.990249 0.992 0.0195016 0.016 0.000167191
0 0.839112 0 0.056338 0 0.000167613
0 0.592362 0.0213333 0.0980498 0.0426667 0.000168944
0 0.516793 0.0266667 0.0985916 0.0533333 0.000169369
0 0.729415 0.591333 0.0861322 0.164 0.000169371
0 0.252709 0 0.0547129 0 0.000171653
0 0.507313 0.966667 0.0547129 0.0666667 0.000171948
0 0.327736 0.988 0.0184182 0.024 0.00017324
0 0.936891 0.0266667 0.109967 0.0533333 0.000175611
0 0.0888407 0.996 0.146262 0.008 0.000175775
0 0.223456 0.425333 0.0341278 0.141333 0.000176528
0 0.52844 0.974667 0.0232936 0.032 0.000178282
0 0.942308 0.995333 0.114301 0.00933333 0.000178519
0 0.581798 0.996 0.0693391 0.008 0.000185055
0 0.498646 0.978 0.039545 0.0306667 0.000187113
0 0.987812 0.981333 0.0113759 0.0373333 0.000187489
0 0.949621 0.004 0.0942579 0.008 0.00018768
0 0.434995 0.0293333 0.0877573 0.0586667 0.000189028
0 0.214789 0.604 0.067714 0.232 0.00019049
0 0.0208559 0.546 0.0417118 0.345333 0.000190656
0 0.230769 0.723333 0.0303359 0.169333 0.000192136
0 0.473998 0.764667 0.0162514 0.0733333 0.000192449
0 0.0108342 0.863333 0.0108342 0.244 0.00019409
0 0.222373 0.578 0.031961 0.0866667 0.00019477
0 0.815818 0 0.0552546 0 0.0001949
0 0.0484832 0 0.0568797 0 0.000195309
0 0.189057 0 0.056338 0 0.000195502
0 0.695829 0.58 0.0687974 0.264 0.000196548
0 0.924973 1 0.10455 0 0.000199285
0 0.571506 0.648 0.063922 0.104 0.000200217
0 0.338841 0.018 0.088299 0.036 0.000200618
0 0.686349 0.00133333 0.115926 0.00266667 0.000202687
0 0.989166 0.0486667 0.0173348 0.076 0.000211684
0 0.242958 0.01 0.0828819 0.02 0.000213158
0 0.459642 0.549333 0.0287107 0.0666667 0.000216617
0 0.38922 0.919333 0.0568797 0.129333 0.000217518
0 0.186349 0.000666667 0.0899242 0.00133333 0.000220293
0 0.400054 0.546667 0.0330444 0.08 0.000220829
0 0.0135428 0.363333 0.0238353 0.292 0.000221206
0 0.524106 0.016 0.088299 0.032 0.000222485
0 0.991603 0.167333 0.00812568 0.137333 0.000229329
0 0.00947996 0.504667 0.0189599 0.156 0.000229458
0 0.554984 0.677333 0.0341278 0.064 0.000229977
0 0.392199 0.9 0.0942579 0.2 0.000230846
0 0.844258 0.0186667 0.0904659 0.0373333 0.000233011
0 0.705038 0.506667 0.0590466 0.0906667 0.000234221
0 0.573131 0.484 0.0368364 0.0906667 0.0002344
0 0.0105634 1 0.0211268 0 0.000234882
0 0.912243 0.002 0.105092 0.004 0.00023589
0 0.849675 0.00533333 0.0904659 0.0106667 0.000237604
0 0.269502 0.620667 0.0232936 0.0733333 0.000239211
0 0.894637 0.0126667 0.102384 0.0253333 0.000245442
0 0.416035 0.0173333 0.0520043 0.0346667 0.00024617
0 0.473727 0.0326667 0.0752979 0.0653333 0.000246297
0 0.987812 1 0.0200433 0 0.000248238
0 0.43987 0.018 0.0910076 0.036 0.00024838
0 0.222373 0.766667 0.0254605 0.186667 0.000248589
0 0.411972 0.554 0.0373781 0.084 0.000250994
0 0.638407 0.502 0.0471289 0.148 0.000252006
0 0.991333 0.840667 0.0140845 0.305333 0.000255332
0 0.462622 0.00266667 0.115926 0.00533333 0.000258547
0 0.564464 0.00333333 0.136511 0.00666667 0.000258567
0 0.381907 0.782667 0.00975081 0.0266667 0.00025969
0 0.448537 0.534 0.0758397 0.164 0.000265453
0 0.641387 0.540667 0.0325027 0.076 0.000268194
0 0.737541 0.457333 0.524919 0.914667 0.000270853
0 0.989707 0.479333 0.0140845 0.145333 0.000274642
0 0.0869447 1 0.0991333 0 0.000275055
0 0.631094 0.5 0.737812 1 0.000279224
0 0.0067714 0.849333 0.0135428 0.277333 0.000281042
0 0.385699 0.962667 0.0368364 0.0746667 0.000286698
0 0.35753 0.877333 0.0184182 0.0453333 0.000286784
0 0.824215 0.00333333 0.0904659 0.00666667 0.000288559
0 0.517606 0.970667 0.0330444 0.0373333 0.000293266
0 0.223998 0.649333 0.039545 0.101333 0.000298436
0 0.51273 0.00533333 0.129469 0.0106667 0.000299519
0 0.290087 0.0113333 0.088299 0.0226667 0.00030049
0 0.991603 0.0453333 0.0167931 0.0906667 0.000302381
0 0.992416 0.164 0.0151679 0.213333 0.000304959
0 0.98104 0.996 0.0379198 0.008 0.000306122
0 0.431203 0.563333 0.028169 0.052 0.00031148
0 0.0121885 0.648 0.0189599 0.285333 0.000314893
0 0.230498 0.772 0.0254605 0.130667 0.000314925
0 0.450163 0.546 0.0422535 0.0466667 0.000324423
0 0.979415 1 0.0400867 0 0.00032914
0 0.390303 0.0213333 0.095883 0.0426667 0.000330361
0 0.966956 0.00466667 0.0660888 0.00933333 0.000330591
0 0.357801 0.879333 0.0092091 0.0306667 0.000344395
0 0.0116468 0.445333 0.0157096 0.28 0.000347144
0 0.963164 0 0.0552546 0 0.000347532
0 0.217226 0.606 0.0455038 0.124 0.000347827
0 0.622969 0.558667 0.0238353 0.0586667 0.000358591
0 0.0292524 1 0.0541712 0 0.000372001
0 0.408451 0.544667 0.0195016 0.0386667 0.000375269
0 0.212622 0 0.117551 0 0.000382223
0 0.124865 0.00466667 0.111051 0.00933333 0.00038379
0 0.227519 0.552667 0.035753 0.068 0.000388923
0 0.403304 0.544667 0.0124594 0.0653333 0.00038895
0 0.611593 0.00266667 0.11701 0.00533333 0.0003907
0 0.618635 0.534667 0.0400867 0.088 0.000393421
0 0.342633 0.987333 0.0330444 0.0253333 0.000396286
0 0.99052 0.0346667 0.0092091 0.0693333 0.00040551
0 0.311213 0 0.118635 0 0.000408425
0 0.0232936 0 0.0465872 0 0.0004181
0 0.0433369 0.996 0.0866739 0.008 0.000422346
0 0.364572 0.5 0.729144 1 0.000425446
0 0.708559 0.578667 0.0390032 0.162667 0.000431465
0 0.163868 0 0.154388 0 0.000433235
0 0.520043 0.0233333 0.0465872 0.0466667 0.000437337
0 0.219935 0.624 0.0270856 0.104 0.000440525
0 0.993499 0.502 0.0130011 0.252 0.000448997
0 0.371614 0.980667 0.0249187 0.036 0.000461828
0 0.540628 0.664667 0.0249187 0.0493333 0.000470673
0 0.412514 0.652667 0.659263 0.694667 0.000481255
0 0.864843 0 0.150054 0 0.000489063
0 0.369177 0.0326667 0.0752979 0.0546667 0.000499722
0 0.581528 0.500667 0.0352113 0.0733333 0.000541199
0 0.39572 0.0193333 0.0492958 0.0386667 0.000550791
0 0.576652 0.522 0.0406284 0.0706667 0.000553289
0 0.546316 0.676 0.0276273 0.0453333 0.000553481
0 0.41441 0.008 0.108342 0.016 0.000565102
0 0.522752 0.0226667 0.0725894 0.0453333 0.000565754
0 0.36701 0.967333 0.0482123 0.0653333 0.00058012
0 0.898429 0.521333 0.108884 0.216 0.000584095
0 0.907096 0.594667 0.106717 0.101333 0.000598623
0 0.362676 0.012 0.100217 0.024 0.000598999
0 0.992958 0.0786667 0.0140845 0.157333 0.000624345
0 0.0855905 0.00666667 0.106176 0.0133333 0.000648024
0 0.264626 0 0.114301 0 0.000673725
0 0.42091 0.552667 0.0303359 0.0413333 0.000677913
0 0.378927 0.784667 0.00812568 0.0253333 0.000682595
0 0.0899242 0 0.170098 0 0.000737988
0 0.376761 0.773333 0.0124594 0.0373333 0.000739358
0 0.339653 0.987333 0.020585 0.0226667 0.000761386
0 0.0135428 0.52 0.0216685 0.282667 0.000802879
0 0.410076 0.0246667 0.084507 0.0493333 0.000808802
0 0.228602 0.654 0.0260022 0.068 0.000871193
0 0.992958 0.078 0.00866739 0.124 0.000877697
0 0.940141 0 0.119718 0 0.000890021
0 0.707747 0.530667 0.0417118 0.096 0.000955221
0 0.475894 0.546667 0.0341278 0.096 0.000994896
0 0.552546 0.633333 0.0509209 0.170667 0.00100777
0 0.379469 0.978 0.0265439 0.044 0.00102036
0 0.630823 0.546667 0.0297941 0.08 0.00110549
0 0.355363 0.028 0.0455038 0.04 0.00114874
0 0.0430661 0.00133333 0.0861322 0.00266667 0.0012121
0 0.334507 0.984667 0.0146262 0.0226667 0.00185293
0 0.555796 0.631333 0.0335861 0.092 0.0025851
0 0.450433 0.546 0.0579632 0.076 0.00290596
0 0.467768 0.542 0.0330444 0.148 0.00749466
0 0.580986 0.512 0.024377 0.0373333 0.00844736
0 0.550379 0.653333 0.0314193 0.0586667 0.0390072
0 0.468039 0.538 0.0249187 0.0733333 0.428236
0 0.375948 0.948667 0.035753 0.102667 0.435912
