0 0.349946 0.436667 0.0303359 0.0813333 1.78795e-05
0 0.301192 0.661333 0.0530878 0.309333 1.78945e-05
0 0.612405 0.755333 0.127302 0.489333 1.78992e-05
0 0.47156 0.0146667 0.039545 0.0293333 1.79244e-05
0 0.191224 0.0493333 0.0390032 0.0666667 1.79636e-05
0 0.457476 0.393333 0.0807151 0.24 1.80669e-05
0 0.576652 0.405333 0.00812568 0.0186667 1.80838e-05
0 0.658722 0.086 0.0368364 0.0866667 1.80933e-05
0 0.608613 0.0873333 0.0373781 0.0893333 1.81559e-05
0 0.613489 1 0.0817985 0 1.816e-05
0 0.897075 0.466667 0.105092 0.165333 1.81911e-05
0 0.0176056 0.426 0.0352113 0.124 1.82413e-05
0 0.359155 0.122667 0.0346696 0.0586667 1.82701e-05
0 0.264355 0.102 0.0693391 0.204 1.83791e-05
0 0.0742145 0.158667 0.148429 0.317333 1.83865e-05
0 0.298212 0.00133333 0.0785482 0.00266667 1.84812e-05
0 0.0200433 0.358 0.0227519 0.270667 1.85104e-05
0 0.734832 0.420667 0.0817985 0.137333 1.86016e-05
0 0.136782 0.0833333 0.0503792 0.137333 1.86296e-05
0 0.643283 0.12 0.0330444 0.08 1.86297e-05
0 0.932015 0.016 0.0460455 0.032 1.87285e-05
0 0.397887 0.0126667 0.039545 0.0253333 1.87912e-05
0 0.627031 0.502667 0.0807151 0.176 1.88412e-05
0 0.722914 0.722 0.0254605 0.0706667 1.90046e-05
0 0.580715 0.02 0.035753 0.04 1.90348e-05
0 0.821777 0.262667 0.0465872 0.122667 1.9098e-05
0 0.700433 0.468 0.0314193 0.088 1.91143e-05
0 0.207476 0.275333 0.0704225 0.236 1.91215e-05
0 0.679577 0.022 0.052546 0.044 1.92236e-05
0 0.556067 0.970667 0.0341278 0.0266667 1.92357e-05
0 0.232394 0.078 0.028169 0.0626667 1.92815e-05
0 0.192579 0.994667 0.0482123 0.0106667 1.93943e-05
0 0.867551 0.864 0.0785482 0.221333 1.94783e-05
0 0.209372 0.942 0.0471289 0.0893333 1.94864e-05
0 0.156555 0.694 0.105092 0.148 1.95134e-05
0 0.306067 0.148667 0.0444204 0.134667 1.95679e-05
0 0.115926 0.998667 0.0530878 0.00266667 1.95979e-05
0 0.729957 0.174667 0.171723 0.349333 1.96015e-05
0 0.442849 0.968667 0.0330444 0.0546667 1.96399e-05
0 0.900867 0.938 0.0455038 0.105333 1.96683e-05
0 0.156555 0.16 0.0617551 0.170667 1.97442e-05
0 0.375406 0.402667 0.0606717 0.154667 1.98331e-05
0 0.672535 0.891333 0.039545 0.193333 1.98527e-05
0 0.916576 0.407333 0.149512 0.193333 1.98608e-05
0 0.79117 0.455333 0.0384615 0.068 1.98676e-05
0 0.810672 0.757333 0.0752979 0.213333 1.9949e-05
0 0.847237 0.922 0.0931744 0.137333 1.99699e-05
0 0.532503 0.305333 0.0400867 0.144 2.00165e-05
0 0.116739 0.0293333 0.119718 0.0586667 2.00781e-05
0 0.264355 0.212 0.0552546 0.16 2.00797e-05
0 0.298754 0.984 0.039545 0.0266667 2.00933e-05
0 0.665493 0.957333 0.0720477 0.0853333 2.01125e-05
0 0.934453 0.052 0.0411701 0.0613333 2.02042e-05
0 0.69935 0.834 0.0476706 0.126667 2.0228e-05
0 0.0758397 0.416 0.137595 0.205333 2.02291e-05
0 0.205309 0.0153333 0.0411701 0.0306667 2.02317e-05
0 0.371885 0.982 0.0384615 0.036 2.02704e-05
0 0.33532 0.082 0.0606717 0.164 2.02877e-05
0 0.139491 0.997333 0.0514626 0.00533333 2.03057e-05
0 0.411159 0.946667 0.0184182 0.0826667 2.03887e-05
0 0.60753 0.953333 0.1013 0.0933333 2.04105e-05
0 0.842633 0.258 0.052546 0.126667 2.04512e-05
0 0.464247 0.982 0.0509209 0.036 2.05437e-05
0 0.349133 0.601333 0.0330444 0.0933333 2.05893e-05
0 0.630553 0.996 0.0487541 0.008 2.07458e-05
0 0.595341 0.232667 0.0346696 0.068 2.07477e-05
0 0.805525 0.992 0.0444204 0.016 2.08141e-05
0 0.647616 0.247333 0.0167931 0.0893333 2.08357e-05
0 0.238082 0.401333 0.067714 0.130667 2.09442e-05
0 0.675515 0.334667 0.0346696 0.0746667 2.1067e-05
0 0.349946 0.372667 0.0823402 0.148 2.11067e-05
0 0.182557 0.346 0.0855905 0.254667 2.1139e-05
0 0.709913 0.272 0.0763814 0.181333 2.11416e-05
0 0.59182 0.603333 0.00812568 0.028 2.11527e-05
0 0.520856 0.00733333 0.0406284 0.0146667 2.12317e-05
0 0.410618 0.348667 0.0801734 0.148 2.12574e-05
0 0.34805 0.934 0.0590466 0.132 2.12593e-05
0 0.523023 0.273333 0.0265439 0.0826667 2.13154e-05
0 0.561484 0.362667 0.0709642 0.152 2.13262e-05
0 0.0173348 0.913333 0.0346696 0.173333 2.14226e-05
0 0.371614 0.992 0.0455038 0.016 2.14229e-05
0 0.413868 0.278667 0.0260022 0.104 2.14262e-05
0 0.442579 0.0593333 0.035753 0.0493333 2.14273e-05
0 0.385428 0.124667 0.0276273 0.0626667 2.14439e-05
0 0.552817 0.190667 0.0157096 0.0266667 2.14717e-05
0 0.611593 0.620667 0.0671723 0.156 2.15078e-05
0 0.563651 0.134 0.0449621 0.268 2.15841e-05
0 0.218581 0.288667 0.152221 0.577333 2.15922e-05
0 0.917389 0 0.0536295 0 2.16255e-05
0 0.0181473 0.64 0.0232936 0.28 2.16449e-05
0 0.410347 0.311333 0.0492958 0.124 2.1666e-05
0 0.823673 0.166667 0.187974 0.333333 2.16716e-05
0 0.537649 0.939333 0.052546 0.121333 2.17399e-05
0 0.391116 0.673333 0.0530878 0.133333 2.17419e-05
0 0.666576 0.208 0.132719 0.416 2.18065e-05
0 0.693933 0.628 0.118093 0.466667 2.18414e-05
0 0.400054 0.128667 0.0666305 0.252 2.18886e-05
0 0.160888 0.947333 0.102925 0.105333 2.18941e-05
0 0.189328 0.652 0.0492958 0.173333 2.2023e-05
0 0.894366 0.688667 0.0520043 0.134667 2.20287e-05
0 0.548483 0.0213333 0.0352113 0.0426667 2.20422e-05
0 0.144366 0.174 0.039545 0.121333 2.20564e-05
0 0.283586 0.145333 0.0644637 0.202667 2.21099e-05
0 0.86701 0.016 0.0482123 0.032 2.21771e-05
0 0.21208 0.346667 0.0568797 0.16 2.22148e-05
0 0.510022 0.472667 0.0698808 0.225333 2.22292e-05
0 0.379198 0 0.0487541 0 2.23559e-05
0 0.43364 0.314 0.067714 0.142667 2.24184e-05
0 0.209372 0.47 0.0622969 0.164 2.24474e-05
0 0.065818 0.966667 0.118635 0.0666667 2.25468e-05
0 0.38299 0.864 0.0812568 0.272 2.25475e-05
0 0.980228 0.815333 0.0352113 0.145333 2.25747e-05
0 0.557963 0.278667 0.0216685 0.072 2.25893e-05
0 0.77221 0.390667 0.124052 0.472 2.26213e-05
0 0.55065 0.959333 0.129469 0.0786667 2.26224e-05
0 0.838028 0.492667 0.0498375 0.0813333 2.2653e-05
0 0.134345 0.596667 0.156013 0.332 2.26667e-05
0 0.942579 0.999333 0.0498375 0.00133333 2.26981e-05
0 0.342091 0 0.0492958 0 2.27166e-05
0 0.985374 0.952 0.0270856 0.096 2.27353e-05
0 0.361051 0.0926667 0.0557963 0.185333 2.27506e-05
0 0.166847 0.890667 0.128927 0.208 2.27815e-05
0 0.420098 0.261333 0.0254605 0.072 2.28008e-05
0 0.88922 1 0.0709642 0 2.28034e-05
0 0.181203 0.156667 0.0612134 0.18 2.28259e-05
0 0.00514626 0.759333 0.0102925 0.142667 2.29632e-05
0 0.735915 0.202 0.0341278 0.084 2.31834e-05
0 0.675515 0.390667 0.12026 0.490667 2.32646e-05
0 0.232936 0.902 0.0769231 0.172 2.3283e-05
0 0.72156 0.199333 0.035753 0.076 2.33447e-05
0 0.684995 0.489333 0.0222102 0.064 2.3355e-05
0 0.719935 0.137333 0.0346696 0.0986667 2.3412e-05
0 0.430119 0.888667 0.152763 0.222667 2.35015e-05
0 0.114843 0.00466667 0.0530878 0.00933333 2.37108e-05
0 0.534399 0.0473333 0.0373781 0.0546667 2.37614e-05
0 0.00785482 0.962667 0.0092091 0.0746667 2.38013e-05
0 0.145179 0.0886667 0.0303359 0.084 2.38319e-05
0 0.808776 0.554667 0.0444204 0.072 2.39139e-05
0 0.24052 0.0733333 0.0693391 0.109333 2.39473e-05
0 0.946371 0.967333 0.101842 0.0653333 2.40353e-05
0 0.164951 0.314 0.18039 0.628 2.40544e-05
0 0.528169 0.983333 0.0498375 0.0333333 2.40928e-05
0 0.303629 0 0.0503792 0 2.41266e-05
0 0.167118 0.641333 0.196641 0.562667 2.41344e-05
0 0.552817 1 0.0482123 0 2.41757e-05
0 0.430661 0.97 0.0335861 0.0493333 2.42604e-05
0 0.420098 0.00866667 0.0503792 0.0173333 2.44437e-05
0 0.458559 0.685333 0.0438787 0.4 2.44576e-05
0 0.0238353 0.970667 0.0476706 0.0586667 2.44939e-05
0 0.00812568 0.948 0.0162514 0.104 2.45058e-05
0 0.395991 0.949333 0.0628386 0.101333 2.45833e-05
0 0.524106 0.971333 0.0904659 0.0573333 2.46254e-05
0 0.0679848 0.02 0.0492958 0.04 2.47567e-05
0 0.708288 0.171333 0.0352113 0.076 2.4762e-05
0 0.943662 0.884667 0.108342 0.225333 2.49797e-05
0 0.40195 0.602 0.0704225 0.281333 2.50052e-05
0 0.581528 0.24 0.0276273 0.0693333 2.5028e-05
0 0.721831 0.241333 0.125135 0.482667 2.50475e-05
0 0.788462 0.518667 0.0720477 0.248 2.50533e-05
0 0.0176056 0.512667 0.0352113 0.124 2.51815e-05
0 0.497021 0 0.0828819 0 2.5377e-05
0 0.28467 0.0126667 0.0612134 0.0253333 2.54108e-05
0 0.750542 0.896 0.0482123 0.064 2.5431e-05
0 0.791983 0.0266667 0.111593 0.0533333 2.54547e-05
0 0.748646 0.159333 0.0520043 0.092 2.55102e-05
0 0.695287 0.200667 0.039545 0.076 2.55504e-05
0 0.429307 0.271333 0.031961 0.06 2.56397e-05
0 0.31338 0.925333 0.0655471 0.122667 2.5658e-05
0 0.765439 0.186 0.0541712 0.116 2.56899e-05
0 0.487541 0.720667 0.0769231 0.558667 2.56991e-05
0 0.310943 0.35 0.0747562 0.116 2.5708e-05
0 0.806067 0.114 0.0444204 0.102667 2.57186e-05
0 0.202059 0.717333 0.0801734 0.125333 2.57347e-05
0 0.1013 1 0.0552546 0 2.5784e-05
0 0.514085 0.0446667 0.020585 0.0493333 2.58242e-05
0 0.335861 0.0113333 0.0552546 0.0226667 2.58798e-05
0 0.704496 0.358 0.067714 0.172 2.58964e-05
0 0.441766 0.119333 0.0265439 0.0413333 2.59369e-05
0 0.757855 0.958667 0.0433369 0.0666667 2.59559e-05
0 0.263543 0.0313333 0.0915493 0.0626667 2.59642e-05
0 0.695558 1 0.0552546 0 2.60372e-05
0 0.840737 0.334667 0.0650054 0.184 2.61266e-05
0 0.0490249 0.272 0.0839653 0.285333 2.61744e-05
0 0.612405 0.776 0.067714 0.184 2.62047e-05
0 0.565547 0.134 0.0758397 0.156 2.63008e-05
0 0.867551 0.208 0.161972 0.416 2.63104e-05
0 0.513272 0.66 0.0449621 0.266667 2.63203e-05
0 0.735374 0.259333 0.0709642 0.297333 2.64805e-05
0 0.105634 0.289333 0.178765 0.578667 2.65277e-05
0 0.375406 0.760667 0.20585 0.478667 2.65625e-05
0 0.38299 0.142667 0.147346 0.285333 2.66124e-05
0 0.197996 0.648667 0.0276273 0.116 2.66169e-05
0 0.237811 0.274667 0.071506 0.170667 2.66411e-05
0 0.667931 0.498667 0.0650054 0.312 2.67064e-05
0 0.735374 0.261333 0.0514626 0.181333 2.67795e-05
0 0.53467 0.968667 0.0390032 0.052 2.68122e-05
0 0.140574 0.0686667 0.0763814 0.137333 2.68133e-05
0 0.650325 0.638 0.0460455 0.113333 2.68222e-05
0 0.358884 0.124667 0.0146262 0.068 2.68411e-05
0 0.861593 0.276 0.0980498 0.253333 2.68499e-05
0 0.864572 0.964 0.0725894 0.072 2.68519e-05
0 0.441495 0.972667 0.0780065 0.0546667 2.69616e-05
0 0.622698 0.162667 0.0276273 0.08 2.70102e-05
0 0.220206 0.0853333 0.0774648 0.152 2.70427e-05
0 0.982394 0.638667 0.0189599 0.253333 2.70735e-05
0 0.371614 0.008 0.0390032 0.016 2.71475e-05
0 0.577465 1 0.0476706 0 2.71624e-05
0 0.82286 0.212667 0.0422535 0.102667 2.71947e-05
0 0.00487541 0.855333 0.00975081 0.14 2.72136e-05
0 0.239437 0.156667 0.0704225 0.145333 2.72589e-05
0 0.502709 0.282 0.0292524 0.0813333 2.72788e-05
0 0.905471 0.0133333 0.0482123 0.0266667 2.73254e-05
0 0.755959 0.988 0.0362947 0.024 2.74118e-05
0 0.287378 0.639333 0.127302 0.492 2.74237e-05
0 0.263001 0.154667 0.0633803 0.125333 2.74566e-05
0 0.00975081 0.0373333 0.0173348 0.0746667 2.74953e-05
0 0.15493 0 0.0530878 0 2.75044e-05
0 0.911972 0.0546667 0.0828819 0.0853333 2.75298e-05
0 0.885157 0.641333 0.0509209 0.114667 2.7612e-05
0 0.410618 0.264 0.020585 0.056 2.76173e-05
0 0.975894 0.358667 0.0482123 0.136 2.7812e-05
0 0.21831 0.732 0.0444204 0.221333 2.79833e-05
0 0.850758 1 0.0687974 0 2.79956e-05
0 0.160888 0.0966667 0.0628386 0.193333 2.80694e-05
0 0.403846 0.464 0.0828819 0.256 2.81507e-05
0 0.384074 0.346667 0.0585049 0.141333 2.83071e-05
0 0.370802 0.105333 0.0362947 0.0613333 2.83437e-05
0 0.700433 0.982667 0.0585049 0.0346667 2.83836e-05
0 0.645179 0.604 0.0379198 0.248 2.85337e-05
0 0.793608 0.096 0.0433369 0.106667 2.85758e-05
0 0.907096 0.0533333 0.0460455 0.064 2.8622e-05
0 0.134886 0.838667 0.119177 0.221333 2.8755e-05
0 0.213976 0.0606667 0.0704225 0.121333 2.88041e-05
0 0.580444 0.0493333 0.0330444 0.048 2.89506e-05
0 0.204225 0 0.0530878 0 2.90342e-05
0 0.960726 0.108 0.0449621 0.112 2.90879e-05
0 0.39247 0.241333 0.0687974 0.12 2.90964e-05
0 0.692579 0.0246667 0.111051 0.0493333 2.91683e-05
0 0.789816 0.476667 0.0390032 0.0493333 2.91903e-05
0 0.788462 0.276 0.0568797 0.189333 2.93339e-05
0 0.916035 0.068 0.0931744 0.136 2.93502e-05
0 0.34507 0.00733333 0.0411701 0.0146667 2.94461e-05
0 0.371073 0.02 0.0346696 0.04 2.94974e-05
0 0.756771 0.526667 0.0227519 0.0746667 2.95408e-05
0 0.980498 0.72 0.0368364 0.144 2.96256e-05
0 0.565276 0.526667 0.0709642 0.176 2.96499e-05
0 0.596425 0.147333 0.0411701 0.068 2.97001e-05
0 0.35753 0.979333 0.0314193 0.0413333 2.97386e-05
0 0.578277 0.404 0.0167931 0.016 2.97667e-05
0 0.841008 0.981333 0.0947996 0.0373333 2.98723e-05
0 0.785482 0.781333 0.0812568 0.194667 3.00041e-05
0 0.330986 0.661333 0.035753 0.0773333 3.00181e-05
0 0.157367 0.576 0.0904659 0.152 3.00309e-05
0 0.309859 0.668667 0.0216685 0.076 3.00317e-05
0 0.513272 0.044 0.039545 0.0666667 3.01099e-05
0 0.24377 0.35 0.0736728 0.142667 3.01951e-05
0 0.844529 0.458667 0.0509209 0.0986667 3.02011e-05
0 0.412243 0.246 0.0574215 0.276 3.02071e-05
0 0.28169 0.991333 0.0444204 0.0173333 3.02274e-05
0 0.0511918 0.082 0.0839653 0.150667 3.02723e-05
0 0.439057 0.0353333 0.0731311 0.0706667 3.04349e-05
0 0.790358 0.343333 0.0541712 0.177333 3.04413e-05
0 0.714518 0.629333 0.0325027 0.088 3.04722e-05
0 0.502438 0.983333 0.0503792 0.0333333 3.05228e-05
0 0.369718 0.116 0.0178765 0.056 3.05473e-05
0 0.233478 0.943333 0.0400867 0.092 3.05769e-05
0 0.450433 0.092 0.0276273 0.0666667 3.06403e-05
0 0.941766 0.956 0.103467 0.088 3.06497e-05
0 0.350488 0.629333 0.111593 0.394667 3.06664e-05
0 0.608342 0.849333 0.0216685 0.0426667 3.0705e-05
0 0.583424 0.200667 0.0346696 0.076 3.07077e-05
0 0.578548 0.262667 0.0574215 0.130667 3.08001e-05
0 0.980498 0.568 0.0390032 0.149333 3.08236e-05
0 0.571506 0.006 0.0433369 0.012 3.08243e-05
0 0.651138 0.616 0.0195016 0.0453333 3.09744e-05
0 0.0547129 0.645333 0.109426 0.424 3.11036e-05
0 0.419285 0.940667 0.020585 0.0866667 3.11715e-05
0 0.949079 0.566667 0.0660888 0.210667 3.1203e-05
0 0.646533 0.45 0.0785482 0.137333 3.12035e-05
0 0.363489 0.0313333 0.0780065 0.0626667 3.12465e-05
0 0.737812 0.470667 0.0790899 0.106667 3.125e-05
0 0.536566 0.0186667 0.0698808 0.0373333 3.12577e-05
0 0.614843 0.984667 0.107259 0.0306667 3.13017e-05
0 0.755959 0.0173333 0.0460455 0.0346667 3.14723e-05
0 0.713164 0.678 0.0200433 0.0733333 3.14877e-05
0 0.346425 0.41 0.0568797 0.145333 3.15465e-05
0 0.645991 0.0373333 0.0579632 0.0693333 3.15623e-05
0 0.215872 0.995333 0.0492958 0.00933333 3.15876e-05
0 0.163326 0.00733333 0.0785482 0.0146667 3.16166e-05
0 0.832882 0.684667 0.0839653 0.252 3.17865e-05
0 0.818527 0.402667 0.0964247 0.24 3.18314e-05
0 0.731853 1 0.0520043 0 3.18881e-05
0 0.697725 0.602667 0.0585049 0.144 3.1895e-05
0 0.518689 0.524667 0.146804 0.572 3.19041e-05
0 0.93662 0.0233333 0.0855905 0.0466667 3.19053e-05
0 0.682828 0.994 0.0384615 0.012 3.19071e-05
0 0.770314 0.468 0.0606717 0.234667 3.19582e-05
0 0.45585 0 0.0482123 0 3.19616e-05
0 0.773294 0.436 0.0330444 0.0853333 3.20753e-05
0 0.415222 0.929333 0.0568797 0.141333 3.22568e-05
0 0.0752979 1 0.0552546 0 3.23087e-05
0 0.322589 0.406667 0.0579632 0.136 3.23159e-05
0 0.385428 0.008 0.0449621 0.016 3.24795e-05
0 0.492145 0.078 0.031961 0.076 3.25077e-05
0 0.560943 0.612667 0.0557963 0.102667 3.25764e-05
0 0.254875 0 0.0503792 0 3.2686e-05
0 0.81636 0.634667 0.125677 0.466667 3.28218e-05
0 0.863759 0.0713333 0.0947996 0.142667 3.29168e-05
0 0.790628 0.337333 0.0807151 0.266667 3.29408e-05
0 0.592904 0.604 0.031961 0.0986667 3.29885e-05
0 0.27844 0 0.0520043 0 3.31726e-05
0 0.741333 0.024 0.114301 0.048 3.33236e-05
0 0.520856 0.655333 0.0980498 0.22 3.33369e-05
0 0.0652763 0.000666667 0.0547129 0.00133333 3.33742e-05
0 0.671452 0.18 0.0341278 0.072 3.34413e-05
0 0.576652 0.409333 0.0189599 0.0346667 3.34895e-05
0 0.785753 0.980667 0.0861322 0.0386667 3.35879e-05
0 0.398971 0.120667 0.0362947 0.052 3.36163e-05
0 0.0609426 0.952 0.114301 0.096 3.36359e-05
0 0.842091 0.022 0.0482123 0.044 3.36548e-05
0 0.216414 0.528667 0.129469 0.545333 3.36567e-05
0 0.887866 0.206 0.111593 0.273333 3.36632e-05
0 0.530607 0.182667 0.0622969 0.176 3.37628e-05
0 0.818527 0.587333 0.0541712 0.068 3.377e-05
0 0.603738 1 0.0482123 0 3.38915e-05
0 0.558776 0.959333 0.0861322 0.0813333 3.39254e-05
0 0.95558 0.178667 0.0888407 0.357333 3.39813e-05
0 0.702871 0.483333 0.100217 0.438667 3.40229e-05
0 0.55688 0.239333 0.0314193 0.076 3.41383e-05
0 0.831257 0.115333 0.0482123 0.118667 3.41436e-05
0 0.567985 0.198 0.0438787 0.068 3.42487e-05
0 0.740249 0.0753333 0.0839653 0.150667 3.42753e-05
0 0.0517335 0.518667 0.103467 0.24 3.42892e-05
0 0.763272 0.262 0.0725894 0.174667 3.44229e-05
0 0.770314 0.02 0.0433369 0.04 3.44527e-05
0 0.683911 0.788 0.109967 0.424 3.45045e-05
0 0.519772 0 0.0503792 0 3.4506e-05
0 0.349675 0.105333 0.0167931 0.0746667 3.46244e-05
0 0.694745 0.492 0.0232936 0.088 3.47599e-05
0 0.0162514 0.918 0.028169 0.110667 3.49131e-05
0 0.703413 0.661333 0.0287107 0.072 3.50663e-05
0 0.554984 0.978 0.095883 0.044 3.51006e-05
0 0.501354 0.980667 0.0742145 0.0386667 3.52396e-05
0 0.179577 0 0.0547129 0 3.53639e-05
0 0.760293 0.922 0.0406284 0.0893333 3.54244e-05
0 0.215601 0.532667 0.0834236 0.22 3.55159e-05
0 0.619177 0.0793333 0.0650054 0.158667 3.55444e-05
0 0.558505 0.970667 0.0433369 0.0506667 3.56339e-05
0 0.682557 0.058 0.0400867 0.0733333 3.57786e-05
0 0.403304 0.604667 0.0568797 0.150667 3.59385e-05
0 0.868093 0.406667 0.122969 0.210667 3.60198e-05
0 0.589924 0.0273333 0.0942579 0.0546667 3.60282e-05
0 0.942849 0.0266667 0.107801 0.0533333 3.60378e-05
0 0.33234 0.0446667 0.0308776 0.06 3.60612e-05
0 0.41766 0 0.0498375 0 3.61905e-05
0 0.0568797 0.788667 0.113759 0.278667 3.62059e-05
0 0.434453 0.026 0.0444204 0.0386667 3.62702e-05
0 0.255959 0.0173333 0.0438787 0.0346667 3.64042e-05
0 0.497291 0.0926667 0.0465872 0.185333 3.64567e-05
0 0.71208 0.804 0.0796316 0.168 3.64662e-05
0 0.304984 0.0966667 0.0574215 0.193333 3.65069e-05
0 0.165493 0.820667 0.204225 0.358667 3.65282e-05
0 0.0132719 0.0673333 0.0232936 0.134667 3.66334e-05
0 0.539545 0.0293333 0.0877573 0.0586667 3.68426e-05
0 0.769502 0.986 0.039545 0.028 3.68735e-05
0 0.266522 0.798667 0.152763 0.402667 3.69242e-05
0 0.608884 0.0486667 0.0390032 0.0653333 3.72244e-05
0 0.230498 0 0.052546 0 3.73895e-05
0 0.761647 0.458 0.0400867 0.0466667 3.74102e-05
0 0.476165 0.703333 0.139762 0.305333 3.74202e-05
0 0.791983 0.132667 0.0465872 0.0973333 3.77783e-05
0 0.661972 0.0706667 0.0736728 0.141333 3.79191e-05
0 0.00460455 0.695333 0.0092091 0.145333 3.79372e-05
0 0.868635 1 0.0417118 0 3.81641e-05
0 0.81636 0.409333 0.0682557 0.149333 3.84346e-05
0 0.359155 0.106667 0.0108342 0.072 3.8456e-05
0 0.155742 0.0213333 0.0427952 0.0426667 3.87112e-05
0 0.701246 0.978667 0.0341278 0.0426667 3.87528e-05
0 0.839924 0.214667 0.102384 0.213333 3.88719e-05
0 0.0912784 0.0626667 0.0893824 0.125333 3.89099e-05
0 0.534128 0.0153333 0.0422535 0.0306667 3.89478e-05
0 0.487541 0.0333333 0.0736728 0.0666667 3.89528e-05
0 0.0408992 1 0.0547129 0 3.90361e-05
0 0.480498 0.311333 0.0866739 0.156 3.92656e-05
0 0.267876 0.0766667 0.0698808 0.102667 3.93131e-05
0 0.231853 0.0513333 0.0379198 0.0706667 3.93762e-05
0 0.214518 0.956667 0.0910076 0.0866667 3.93864e-05
0 0.68987 0.495333 0.0460455 0.3 3.94195e-05
0 0.673077 0.994 0.0763814 0.012 3.95136e-05
0 0.621343 0.338667 0.0877573 0.149333 3.95286e-05
0 0.0195016 0.513333 0.0238353 0.269333 4.00083e-05
0 0.814464 0.338667 0.0633803 0.194667 4.00805e-05
0 0.34805 0.0773333 0.0265439 0.101333 4.01644e-05
0 0.891928 0 0.0557963 0 4.01716e-05
0 0.268418 0.0766667 0.0352113 0.0546667 4.0247e-05
0 0.0495666 0.156 0.0991333 0.312 4.04883e-05
0 0.572048 0.77 0.247021 0.46 4.05573e-05
0 0.877573 0.706667 0.151679 0.458667 4.07215e-05
0 0.105905 0.475333 0.18039 0.348 4.07702e-05
0 0.816089 0.249333 0.13597 0.498667 4.08201e-05
0 0.717497 0.0186667 0.0449621 0.0373333 4.08295e-05
0 0.549296 0.0506667 0.0314193 0.048 4.08402e-05
0 0.695558 0.990667 0.0400867 0.0186667 4.09199e-05
0 0.759751 0.978667 0.0720477 0.0426667 4.09538e-05
0 0.292254 0.968667 0.088299 0.0626667 4.09541e-05
0 0.480498 0.59 0.106176 0.209333 4.10201e-05
0 0.77546 1 0.0698808 0 4.11096e-05
0 0.405742 0.696667 0.0422535 0.110667 4.11233e-05
0 0.779252 0.153333 0.0449621 0.0986667 4.11584e-05
0 0.358342 0.0986667 0.0276273 0.0586667 4.13576e-05
0 0.311755 0.995333 0.0644637 0.00933333 4.15079e-05
0 0.649783 0.344 0.0330444 0.0613333 4.15109e-05
0 0.0178765 0.296 0.035753 0.141333 4.16284e-05
0 0.150596 1 0.0509209 0 4.17315e-05
0 0.731582 0.984667 0.0449621 0.0306667 4.21555e-05
0 0.390574 0.0846667 0.0390032 0.052 4.21921e-05
0 0.284128 0.00666667 0.0471289 0.0133333 4.22907e-05
0 0.535482 0.897333 0.0947996 0.205333 4.24445e-05
0 0.956663 0 0.0552546 0 4.2589e-05
0 0.266522 0.893333 0.0899242 0.184 4.25969e-05
0 0.736999 0.95 0.0698808 0.1 4.27149e-05
0 0.89572 1 0.0460455 0 4.27167e-05
0 0.184182 0.0646667 0.0671723 0.129333 4.27412e-05
0 0.888137 0.103333 0.109967 0.153333 4.29868e-05
0 0.118364 0.052 0.0427952 0.0773333 4.313e-05
0 0.332069 0.00866667 0.0390032 0.0173333 4.31968e-05
0 0.793066 0 0.0530878 0 4.33141e-05
0 0.713164 0.995333 0.0687974 0.00933333 4.34052e-05
0 0.265168 0.782667 0.0904659 0.184 4.3586e-05
0 0.467226 0.961333 0.0373781 0.0746667 4.36902e-05
0 0.868906 0.602 0.119177 0.164 4.37404e-05
0 0.517335 0.294667 0.0444204 0.122667 4.37774e-05
0 0.415222 0.988667 0.0482123 0.0226667 4.38502e-05
0 0.760022 0.0686667 0.0422535 0.0813333 4.38955e-05
0 0.3987 0.712 0.0422535 0.258667 4.40376e-05
0 0.180119 0.0186667 0.0438787 0.0373333 4.40502e-05
0 0.526815 0.997333 0.0514626 0.00533333 4.40669e-05
0 0.204767 0.612 0.0411701 0.165333 4.41087e-05
0 0.829902 0.637333 0.0422535 0.096 4.4184e-05
0 0.438516 0.998 0.0503792 0.004 4.46211e-05
0 0.667931 0.016 0.0465872 0.032 4.4849e-05
0 0.203684 0.605333 0.0671723 0.242667 4.51243e-05
0 0.410347 0.972 0.024377 0.04 4.53428e-05
0 0.210184 0.882667 0.084507 0.234667 4.53725e-05
0 0.351571 0.0506667 0.0260022 0.0533333 4.54335e-05
0 0.843445 0.0593333 0.0487541 0.076 4.54488e-05
0 0.488082 0.0846667 0.0704225 0.142667 4.56481e-05
0 0.0216685 0.884 0.0303359 0.205333 4.61609e-05
0 0.929036 1 0.0520043 0 4.62598e-05
0 0.448267 0.104667 0.0590466 0.110667 4.65428e-05
0 0.889491 0.974 0.0899242 0.052 4.66908e-05
0 0.513001 0.0853333 0.0660888 0.128 4.69194e-05
0 0.254334 0.996667 0.0471289 0.00666667 4.71154e-05
0 0.0297941 0.415333 0.0595883 0.233333 4.71366e-05
0 0.860238 0.666 0.0465872 0.110667 4.72037e-05
0 0.644095 0.616667 0.0119177 0.036 4.72654e-05
0 0.817443 0.478667 0.100758 0.112 4.731e-05
0 0.898971 0.022 0.0991333 0.044 4.74303e-05
0 0.312297 0.98 0.0373781 0.032 4.75356e-05
0 0.784128 0.420667 0.0644637 0.22 4.76521e-05
0 0.457746 0.046 0.0790899 0.092 4.77642e-05
0 0.431744 0.614 0.0314193 0.182667 4.78501e-05
0 0.039545 0.758667 0.0790899 0.482667 4.78595e-05
0 0.640033 0.0286667 0.100217 0.0573333 4.79256e-05
0 0.818797 0.284667 0.0915493 0.172 4.7958e-05
0 0.264626 1 0.0482123 0 4.79799e-05
0 0.199621 0.00533333 0.0785482 0.0106667 4.81347e-05
0 0.0896533 0.00333333 0.0536295 0.00666667 4.81724e-05
0 0.794962 0.054 0.0438787 0.0626667 4.81905e-05
0 0.558234 0.191333 0.00812568 0.0306667 4.83203e-05
0 0.573673 0.918 0.115926 0.164 4.84572e-05
0 0.290628 1 0.0417118 0 4.88548e-05
0 0.18987 1 0.0492958 0 4.91786e-05
0 0.81338 1 0.067714 0 4.94672e-05
0 0.812297 0.076 0.0861322 0.152 4.94988e-05
0 0.689057 0.0766667 0.0725894 0.153333 4.95185e-05
0 0.810401 0.683333 0.0390032 0.124 4.96083e-05
0 0.568797 0.183333 0.0260022 0.044 5.03013e-05
0 0.639491 0.994667 0.0980498 0.0106667 5.04872e-05
0 0.177411 0.0806667 0.0438787 0.118667 5.05221e-05
0 0.629198 1 0.0492958 0 5.06056e-05
0 0.00758397 0.36 0.0151679 0.138667 5.06793e-05
0 0.291441 0.644667 0.0823402 0.164 5.07475e-05
0 0.950433 0.0813333 0.0406284 0.0773333 5.07627e-05
0 0.867281 0 0.0552546 0 5.0768e-05
0 0.711538 0.207333 0.0731311 0.134667 5.08129e-05
0 0.356717 0.0253333 0.0254605 0.0506667 5.09755e-05
0 0.760563 0.635333 0.102925 0.433333 5.11751e-05
0 0.583424 0.174667 0.0390032 0.0613333 5.12876e-05
0 0.556609 0.179333 0.0232936 0.0253333 5.14426e-05
0 0.750542 0.998 0.0655471 0.004 5.15467e-05
0 0.69312 0 0.052546 0 5.16494e-05
0 0.595612 0.0146667 0.0406284 0.0293333 5.17929e-05
0 0.730498 0 0.0536295 0 5.18771e-05
0 0.368364 1 0.0433369 0 5.19682e-05
0 0.0284399 0.776667 0.0514626 0.278667 5.22275e-05
0 0.746479 0.199333 0.035753 0.105333 5.24038e-05
0 0.684995 0.150667 0.0330444 0.0773333 5.25003e-05
0 0.693391 0.0186667 0.0444204 0.0373333 5.25696e-05
0 0.619447 0.271333 0.0861322 0.14 5.26146e-05
0 0.533857 0.00266667 0.0482123 0.00533333 5.26473e-05
0 0.403575 0.535333 0.0509209 0.206667 5.2721e-05
0 0.755417 0 0.0536295 0 5.2749e-05
0 0.82909 1 0.0438787 0 5.28677e-05
0 0.672806 0.496 0.0660888 0.149333 5.30861e-05
0 0.156284 0.0526667 0.039545 0.0866667 5.31928e-05
0 0.5539 0.190667 0.0265439 0.0426667 5.32718e-05
0 0.736186 0.536667 0.0725894 0.150667 5.34338e-05
0 0.697996 0.688 0.0666305 0.138667 5.35045e-05
0 0.484019 0.00333333 0.0460455 0.00666667 5.36655e-05
0 0.683099 0.213333 0.0682557 0.128 5.37156e-05
0 0.00704225 0.176 0.0140845 0.146667 5.39739e-05
0 0.477248 0.996667 0.0520043 0.00666667 5.40119e-05
0 0.3039 0.0353333 0.0736728 0.0706667 5.40261e-05
0 0.345341 0.0213333 0.0330444 0.0426667 5.41473e-05
0 0.787378 0.00466667 0.0796316 0.00933333 5.42287e-05
0 0.00541712 0.608 0.0108342 0.138667 5.42811e-05
0 0.0113759 0.127333 0.0173348 0.169333 5.45283e-05
0 0.981582 0.66 0.035753 0.149333 5.48092e-05
0 0.12649 1 0.0547129 0 5.49197e-05
0 0.837216 0.339333 0.108884 0.26 5.51904e-05
0 0.644095 0.272667 0.0530878 0.313333 5.52984e-05
0 0.655742 0.998 0.0482123 0.004 5.53969e-05
0 0.026273 0.0353333 0.052546 0.0706667 5.54764e-05
0 0.695558 0.868667 0.110509 0.262667 5.56543e-05
0 0.809859 0.148 0.092091 0.157333 5.57544e-05
0 0.986457 0.783333 0.0216685 0.153333 5.59645e-05
0 0.23104 0.0173333 0.0438787 0.0346667 5.60356e-05
0 0.654388 0 0.0520043 0 5.60954e-05
0 0.00731311 0.794 0.0146262 0.262667 5.61043e-05
0 0.441766 0.234667 0.0720477 0.146667 5.64807e-05
0 0.843445 0 0.0552546 0 5.64925e-05
0 0.78494 0.187333 0.0758397 0.174667 5.6908e-05
0 0.70883 0.987333 0.0460455 0.0253333 5.72764e-05
0 0.346425 0.962667 0.0557963 0.0746667 5.73749e-05
0 0.687161 0.796 0.0687974 0.2 5.78647e-05
0 0.336674 0.996 0.0590466 0.008 5.78927e-05
0 0.0509209 1 0.0552546 0 5.79506e-05
0 0.517877 0.281333 0.114843 0.376 5.79685e-05
0 0.0295233 0.95 0.0590466 0.1 5.82345e-05
0 0.831257 0.608 0.0991333 0.125333 5.86879e-05
0 0.781419 0.0573333 0.0438787 0.0773333 5.87504e-05
0 0.0950704 0.05 0.0427952 0.076 5.87731e-05
0 0.0211268 0.202 0.0422535 0.142667 5.88605e-05
0 0.355363 0.0813333 0.020585 0.04 5.89515e-05
0 0.761376 0.513333 0.0622969 0.122667 5.90872e-05
0 0.905742 1 0.0476706 0 5.93752e-05
0 0.116468 0.0266667 0.0422535 0.0533333 5.95697e-05
0 0.035753 0.250667 0.071506 0.501333 5.95925e-05
0 0.00595883 0.993333 0.0119177 0.0133333 5.97083e-05
0 0.0111051 0.018 0.0222102 0.036 5.98657e-05
0 0.399512 0.979333 0.0265439 0.036 6.01163e-05
0 0.710997 0.518667 0.0557963 0.154667 6.02051e-05
0 0.192849 0.984667 0.0855905 0.0306667 6.04871e-05
0 0.98104 0.014 0.0379198 0.028 6.04876e-05
0 0.91441 0 0.0541712 0 6.051e-05
0 0.479686 0 0.0514626 0 6.10468e-05
0 0.860509 0.149333 0.124052 0.237333 6.14364e-05
0 0.20558 0.666 0.0536295 0.132 6.14503e-05
0 0.39545 0.991333 0.0433369 0.0173333 6.16406e-05
0 0.388678 0.106667 0.0297941 0.048 6.2091e-05
0 0.789545 0.514667 0.0666305 0.096 6.21726e-05
0 0.565818 0.0433333 0.0200433 0.084 6.22532e-05
0 0.760293 0.690667 0.0720477 0.157333 6.23616e-05
0 0.388949 0.00733333 0.0606717 0.0146667 6.23802e-05
0 0.695829 0.142667 0.0362947 0.0906667 6.27561e-05
0 0.453954 0.0106667 0.0433369 0.0213333 6.29585e-05
0 0.699892 0.004 0.0780065 0.008 6.29986e-05
0 0.0566089 0.876667 0.111051 0.246667 6.30541e-05
0 0.809317 0.94 0.0985916 0.12 6.33164e-05
0 0.718039 1 0.0417118 0 6.37868e-05
0 0.766793 1 0.0427952 0 6.39947e-05
0 0.384074 0.012 0.0238353 0.024 6.41877e-05
0 0.594529 0.002 0.0503792 0.004 6.42271e-05
0 0.969935 0.944667 0.06013 0.110667 6.45717e-05
0 0.352384 0.0833333 0.0092091 0.0466667 6.47206e-05
0 0.519502 0.770667 0.149512 0.274667 6.52791e-05
0 0.138678 0.0333333 0.0866739 0.0666667 6.58113e-05
0 0.121614 0.911333 0.115385 0.124 6.60187e-05
0 0.725894 0.882667 0.0520043 0.141333 6.63586e-05
0 0.522481 0.22 0.0482123 0.112 6.6527e-05
0 0.433911 0.274667 0.084507 0.101333 6.67367e-05
0 0.952871 1 0.0530878 0 6.74583e-05
0 0.147075 0.640667 0.109967 0.169333 6.79147e-05
0 0.402492 0.273333 0.0249187 0.0506667 6.80234e-05
0 0.615385 0.122 0.0509209 0.244 6.82906e-05
0 0.271127 0.0486667 0.0373781 0.0626667 6.8292e-05
0 0.695016 0.172 0.0379198 0.0666667 6.86702e-05
0 0.0327736 0.539333 0.0655471 0.428 6.89611e-05
0 0.791712 0.685333 0.0622969 0.330667 6.89848e-05
0 0.967768 0.997333 0.0471289 0.00533333 6.97685e-05
0 0.820152 0.216 0.0812568 0.141333 6.99217e-05
0 0.460184 0.172667 0.129469 0.345333 6.99724e-05
0 0.588841 0.604667 0.0260022 0.0253333 7.01119e-05
0 0.402763 0.726667 0.00812568 0.056 7.04625e-05
0 0.647346 0.389333 0.084507 0.154667 7.09293e-05
0 0.251896 0 0.0541712 0 7.09982e-05
0 0.409805 0.988 0.0828819 0.024 7.1273e-05
0 0.287649 0.0666667 0.0487541 0.117333 7.15615e-05
0 0.679036 1 0.0449621 0 7.17478e-05
0 0.865385 0.647333 0.0796316 0.172 7.22089e-05
0 0.42714 0.533333 0.0547129 0.285333 7.25107e-05
0 0.803629 1 0.0438787 0 7.28992e-05
0 0.825027 0.00533333 0.0769231 0.0106667 7.31647e-05
0 0.541983 0.0866667 0.0731311 0.141333 7.31944e-05
0 0.83532 0.109333 0.0953413 0.154667 7.38038e-05
0 0.43039 0.603333 0.0763814 0.225333 7.40143e-05
0 0.342362 1 0.0346696 0 7.50984e-05
0 0.573131 0.0733333 0.0444204 0.146667 7.54942e-05
0 0.936078 0.00266667 0.0910076 0.00533333 7.60124e-05
0 0.238895 0.0126667 0.0725894 0.0253333 7.67444e-05
0 0.637053 0.178667 0.0433369 0.258667 7.68981e-05
0 0.271939 0.0186667 0.0400867 0.0373333 7.692e-05
0 0.488082 0.550667 0.0433369 0.346667 7.72821e-05
0 0.00622969 0.427333 0.0124594 0.14 7.74219e-05
0 0.501896 0.996667 0.0536295 0.00666667 7.7437e-05
0 0.742416 1 0.0417118 0 7.77216e-05
0 0.0111051 0.891333 0.0167931 0.214667 7.87492e-05
0 0.48727 0.018 0.0622969 0.036 7.88164e-05
0 0.316901 1 0.0368364 0 7.91836e-05
0 0.707747 0.0646667 0.0384615 0.084 7.92859e-05
0 0.113218 0 0.056338 0 7.93451e-05
0 0.67416 0.292 0.0492958 0.144 7.93766e-05
0 0.0189599 1 0.0379198 0 7.98733e-05
0 0.241062 1 0.0520043 0 8.0336e-05
0 0.717226 0.0933333 0.0368364 0.109333 8.04577e-05
0 0.304442 0.0626667 0.0444204 0.114667 8.07824e-05
0 0.507042 0.0173333 0.0400867 0.0346667 8.0794e-05
0 0.00839653 0.0906667 0.0157096 0.12 8.09712e-05
0 0.215601 1 0.0520043 0 8.18539e-05
0 0.749729 0.00333333 0.0823402 0.00666667 8.18749e-05
0 0.587216 0.103333 0.071506 0.129333 8.19742e-05
0 0.74377 0.196 0.0693391 0.154667 8.20685e-05
0 0.957476 0.721333 0.0850488 0.445333 8.21147e-05
0 0.986728 0.881333 0.0157096 0.149333 8.25042e-05
0 0.308505 0.988 0.0427952 0.024 8.28273e-05
0 0.409805 0.278667 0.00704225 0.0266667 8.29529e-05
0 0.32909 0.618 0.0612134 0.246667 8.3007e-05
0 0.00650054 0.694 0.0130011 0.257333 8.30305e-05
0 0.718039 0.732667 0.10455 0.444 8.32548e-05
0 0.563922 0.5 0.787649 1 8.32711e-05
0 0.178765 0.0793333 0.028169 0.06 8.32972e-05
0 0.336945 0.00866667 0.0736728 0.0173333 8.33673e-05
0 0.333424 0.04 0.0568797 0.08 8.42133e-05
0 0.362134 0.056 0.0362947 0.104 8.4656e-05
0 0.110238 0.949333 0.119718 0.101333 8.51839e-05
0 0.989978 0.960667 0.0113759 0.0786667 8.53264e-05
0 0.644095 0.602 0.0335861 0.1 8.59373e-05
0 0.785753 0.892667 0.0417118 0.0653333 8.60275e-05
0 0.811755 0.534667 0.067714 0.130667 8.69145e-05
0 0.769231 0.971333 0.0411701 0.052 8.69466e-05
0 0.931203 0.690667 0.106176 0.237333 8.69525e-05
0 0.691224 0.986667 0.0823402 0.0266667 8.70846e-05
0 0.138678 0 0.056338 0 8.71325e-05
0 0.46506 0.519333 0.0980498 0.217333 8.75941e-05
0 0.302817 0.675333 0.0422535 0.0786667 8.76115e-05
0 0.980769 0.504667 0.0384615 0.137333 8.85346e-05
0 0.0132719 1 0.0265439 0 8.89064e-05
0 0.852925 0.945333 0.067714 0.08 8.89446e-05
0 0.988082 0.01 0.020585 0.02 8.89606e-05
0 0.982665 0.914 0.0292524 0.124 8.91429e-05
0 0.567985 0 0.052546 0 8.95776e-05
0 0.0539003 1 0.0742145 0 9.02449e-05
0 0.0571506 0.409333 0.114301 0.381333 9.02464e-05
0 0.901138 0.866667 0.14247 0.266667 9.06846e-05
0 0.943933 0.397333 0.112134 0.373333 9.11766e-05
0 0.108072 0.773333 0.216143 0.453333 9.16277e-05
0 0.833965 0.428667 0.06013 0.102667 9.18938e-05
0 0.0295233 0.11 0.0590466 0.22 9.20044e-05
0 0.161701 0.994667 0.115385 0.0106667 9.21115e-05
0 0.46208 0.556 0.035753 0.394667 9.24901e-05
0 0.0316901 0.99 0.0633803 0.02 9.26538e-05
0 0.0135428 0.836 0.0270856 0.248 9.29346e-05
0 0.0102925 0.205333 0.020585 0.216 9.33193e-05
0 0.437974 0.014 0.0557963 0.028 9.33461e-05
0 0.514897 0.538667 0.0590466 0.144 9.33638e-05
0 0.432557 0.536 0.116468 0.312 9.33945e-05
0 0.0105634 0.430667 0.0157096 0.253333 9.37898e-05
0 0.124052 0.002 0.0953413 0.004 9.43299e-05
0 0.399512 0.114667 0.0785482 0.0986667 9.43651e-05
0 0.342904 0.63 0.0346696 0.113333 9.44863e-05
0 0.56338 0.266 0.00866739 0.0333333 9.4975e-05
0 0.285482 0.0366667 0.0400867 0.0573333 9.50388e-05
0 0.68662 0.151333 0.0612134 0.129333 9.51072e-05
0 0.978873 0 0.0422535 0 9.57685e-05
0 0.00514626 0.918 0.00812568 0.132 9.60017e-05
0 0.226977 0 0.0552546 0 9.62822e-05
0 0.463434 0.52 0.151138 0.624 9.63066e-05
0 0.880011 0.518667 0.161972 0.445333 9.63895e-05
0 0.485645 0.0153333 0.0406284 0.0306667 9.65151e-05
0 0.201246 0 0.0557963 0 9.65833e-05
0 0.343445 0.982 0.0314193 0.036 9.67489e-05
0 0.783857 0.430667 0.0509209 0.12 9.69181e-05
0 0.754605 0.766667 0.0660888 0.184 9.69754e-05
0 0.419285 0.968 0.0270856 0.0453333 9.71295e-05
0 0.782774 0.418 0.434453 0.836 9.74906e-05
0 0.986728 0.598667 0.0211268 0.16 9.77447e-05
0 0.616197 0 0.0536295 0 9.91364e-05
0 0.888949 0 0.0552546 0 9.93271e-05
0 0.401138 1 0.0817985 0 9.9714e-05
0 0.0923619 0.0206667 0.0460455 0.0413333 9.97326e-05
0 0.0874865 0 0.0557963 0 9.98358e-05
0 0.0130011 0.468 0.0260022 0.242667 0.000101208
0 0.46533 0.0113333 0.0595883 0.0226667 0.000101803
0 0.907909 0.893333 0.099675 0.176 0.000101816
0 0.176327 0 0.0557963 0 0.000101855
0 0.0178765 0.79 0.035753 0.409333 0.000102062
0 0.0067714 0.514667 0.0135428 0.141333 0.000102502
0 0.110509 0.995333 0.134345 0.00933333 0.00010277
0 0.00731311 0.296667 0.0146262 0.150667 0.000103274
0 0.18364 0.672667 0.367281 0.654667 0.000103428
0 0.619177 0.220667 0.0682557 0.121333 0.000104741
0 0.362134 0.00333333 0.0698808 0.00666667 0.000104875
0 0.985915 0 0.028169 0 0.00010629
0 0.524648 0.904 0.158722 0.192 0.00010631
0 0.782232 0.0266667 0.0411701 0.0453333 0.000106936
0 0.614843 0.146 0.0476706 0.105333 0.00010787
0 0.887053 0.272 0.171723 0.322667 0.000108762
0 0.362134 0.984667 0.0839653 0.0306667 0.000108769
0 0.945016 0.0726667 0.0612134 0.124 0.000109266
0 0.408722 0.28 0.0102925 0.0426667 0.00010947
0 0.288462 0.987333 0.0937161 0.0253333 0.000110885
0 0.411972 0.255333 0.052546 0.0973333 0.000110925
0 0.541441 0 0.052546 0 0.000112251
0 0.644366 0.62 0.0222102 0.0533333 0.000112525
0 0.664139 0.0993333 0.0520043 0.145333 0.000113599
0 0.985645 0.874667 0.0287107 0.250667 0.000113613
0 0.961809 0.064 0.0763814 0.128 0.000113614
0 0.562297 0.0566667 0.0346696 0.076 0.000113657
0 0.183369 0.00666667 0.0698808 0.0133333 0.000114192
0 0.817172 0.0253333 0.0471289 0.0506667 0.000114308
0 0.859426 0.484667 0.118635 0.161333 0.000114737
0 0.654117 1 0.0503792 0 0.000115315
0 0.238895 0.0246667 0.0758397 0.0493333 0.000115469
0 0.665493 0 0.0547129 0 0.000116248
0 0.339382 0.956 0.0297941 0.0826667 0.00011644
0 0.429307 0.124 0.0655471 0.149333 0.000116545
0 0.819068 0.056 0.0476706 0.072 0.000117274
0 0.9526 0 0.0557963 0 0.000117731
0 0.813109 0.868667 0.114843 0.262667 0.000118449
0 0.640303 0 0.0541712 0 0.000118472
0 0.0501083 0 0.0568797 0 0.000118559
0 0.526002 0.611333 0.0390032 0.177333 0.000119138
0 0.977519 0.764 0.0449621 0.296 0.000119612
0 0.112134 0.529333 0.224269 0.650667 0.00011968
0 0.630553 0.111333 0.0346696 0.118667 0.000120404
0 0.00758397 0.911333 0.0151679 0.177333 0.000121123
0 0.744312 0.964 0.0422535 0.048 0.000121244
0 0.637595 0.00933333 0.0704225 0.0186667 0.00012168
0 0.214247 0.0213333 0.0774648 0.0426667 0.000122116
0 0.391928 1 0.0471289 0 0.000122309
0 0.0108342 0.584 0.0216685 0.256 0.000123217
0 0.317985 0.0406667 0.0260022 0.0546667 0.000124361
0 0.709642 0.1 0.0585049 0.2 0.000124482
0 0.862134 0.00333333 0.0807151 0.00666667 0.000124774
0 0.963434 0.988 0.0698808 0.024 0.000125192
0 0.510563 0.0146667 0.0655471 0.0293333 0.000125273
0 0.608884 0.018 0.0411701 0.036 0.000125298
0 0.979686 0.0273333 0.0406284 0.0546667 0.000125398
0 0.170368 0.056 0.0362947 0.0773333 0.000126162
0 0.00866739 1 0.0173348 0 0.000126458
0 0.0184182 0.294667 0.0368364 0.352 0.000127052
0 0.579361 0.21 0.0579632 0.121333 0.000127197
0 0.989166 0.848667 0.0173348 0.262667 0.000127665
0 0.412514 0.008 0.0774648 0.016 0.000127883
0 0.799025 0.154667 0.104009 0.309333 0.000128262
0 0.41441 0.274667 0.0151679 0.0453333 0.00012884
0 0.289003 0.0573333 0.0644637 0.114667 0.00012888
0 0.920368 0.994667 0.112676 0.0106667 0.000129605
0 0.810943 0.048 0.0682557 0.096 0.00012973
0 0.586945 0.157333 0.0666305 0.122667 0.000130588
0 0.507855 0.0193333 0.0200433 0.0386667 0.000131667
0 0.0265439 0.872 0.0530878 0.256 0.000131836
0 0.0189599 0.0933333 0.0379198 0.141333 0.000132806
0 0.662514 1 0.0801734 0 0.000132895
0 0.355363 0.0666667 0.0238353 0.0453333 0.000133367
0 0.0170639 0.603333 0.0341278 0.374667 0.00013371
0 0.632178 0.00333333 0.0476706 0.00666667 0.00013606
0 0.826381 0.639333 0.0633803 0.145333 0.000136068
0 0.591278 0 0.0536295 0 0.000136847
0 0.65818 0.178667 0.0455038 0.128 0.000138083
0 0.540628 0.01 0.0693391 0.02 0.000138176
0 0.8987 0.952667 0.0899242 0.0946667 0.000138588
0 0.960455 0.504667 0.0671723 0.124 0.000138787
0 0.689599 0.888 0.0368364 0.189333 0.000139113
0 0.30065 0.402 0.0606717 0.129333 0.000141106
0 0.644908 0.258667 0.0503792 0.106667 0.000141441
0 0.559859 0.26 0.0113759 0.0373333 0.000141527
0 0.308505 0.0173333 0.0536295 0.0346667 0.000144332
0 0.934453 0.251333 0.107259 0.428 0.000146763
0 0.183369 0.0273333 0.0774648 0.0546667 0.000149233
0 0.330444 0.02 0.035753 0.04 0.000149512
0 0.261105 0.00266667 0.0866739 0.00533333 0.000149513
0 0.915493 0.0173333 0.099675 0.0346667 0.000149734
0 0.742416 0.0326667 0.0915493 0.0653333 0.000151036
0 0.300108 0.56 0.600217 0.88 0.000152682
0 0.864301 0 0.0557963 0 0.000152817
0 0.980769 0.416667 0.0384615 0.1 0.000153371
0 0.125406 1 0.0991333 0 0.000153909
0 0.730498 0.936 0.0482123 0.08 0.000154289
0 0.322589 0.982667 0.031961 0.0346667 0.000155138
0 0.687703 0.0433333 0.0590466 0.0866667 0.000155494
0 0.708559 0.114667 0.0335861 0.12 0.000155592
0 0.764897 0.008 0.0812568 0.016 0.000155991
0 0.449892 0.0146667 0.0254605 0.0293333 0.000156035
0 0.356717 0.0733333 0.0092091 0.048 0.000156836
0 0.972914 0.887333 0.0541712 0.217333 0.000156978
0 0.16441 0 0.116468 0 0.00015777
0 0.890574 0.527333 0.136511 0.148 0.000158774
0 0.485645 0.00933333 0.0698808 0.0186667 0.000159299
0 0.543066 0.243333 0.0720477 0.132 0.000159428
0 0.689599 0 0.0552546 0 0.00015947
0 0.984561 0.645333 0.0308776 0.322667 0.000160362
0 0.697725 0.435333 0.0303359 0.108 0.00016166
0 0.00975081 0.648667 0.0162514 0.276 0.000163015
0 0.615926 0.0126667 0.0747562 0.0253333 0.000163117
0 0.991333 0.0446667 0.0173348 0.0893333 0.000163475
0 0.966414 0.58 0.0660888 0.298667 0.000163598
0 0.338299 0.386 0.120802 0.294667 0.000164791
0 0.836132 0.0373333 0.1013 0.0746667 0.000165719
0 0.40195 0.283333 0.0400867 0.084 0.0001661
0 0.703142 0.65 0.0520043 0.0946667 0.000173029
0 0.0893824 0.02 0.0834236 0.04 0.000174177
0 0.727248 0 0.0557963 0 0.000175099
0 0.665222 0.00933333 0.0801734 0.0186667 0.000178272
0 0.211538 0 0.105634 0 0.000178318
0 0.789545 0 0.0557963 0 0.000179403
0 0.0102925 0.297333 0.020585 0.237333 0.000179983
0 0.51273 0.0266667 0.0287107 0.0426667 0.000180095
0 0.709101 0.948 0.0509209 0.104 0.000181643
0 0.753521 0.138667 0.0335861 0.0933333 0.000181745
0 0.716414 0.00933333 0.0850488 0.0186667 0.000182538
0 0.218039 0.994667 0.121885 0.0106667 0.000183305
0 0.844258 0.0193333 0.0839653 0.0386667 0.000185703
0 0.752167 0 0.0557963 0 0.000186608
0 0.840466 0 0.0557963 0 0.000187252
0 0.447996 0.0246667 0.0173348 0.028 0.000187599
0 0.326923 0.936667 0.0460455 0.126667 0.000193976
0 0.0289816 0.210667 0.0579632 0.36 0.000196691
0 0.0866739 1 0.104009 0 0.000197436
0 0.564193 0.248 0.0297941 0.048 0.00019826
0 0.561484 0.00866667 0.0763814 0.0173333 0.000200327
0 0.712351 0.04 0.0747562 0.08 0.000201507
0 0.218039 0.724667 0.0308776 0.052 0.000203878
0 0.66143 0.0266667 0.0801734 0.0533333 0.00020441
0 0.988895 0.937333 0.0146262 0.122667 0.00020689
0 0.0113759 0.522667 0.0162514 0.266667 0.000208358
0 0.0178765 0.155333 0.0292524 0.209333 0.000208455
0 0.407638 0.284 0.0232936 0.0533333 0.000210784
0 0.814735 0 0.0552546 0 0.000211566
0 0.678765 0.458 0.0292524 0.0786667 0.000211655
0 0.912243 0.599333 0.135428 0.233333 0.00021277
0 0.215872 0.741333 0.0308776 0.04 0.000212915
0 0.932015 0.515333 0.103467 0.206667 0.000213654
0 0.159534 0.738667 0.319068 0.522667 0.000215335
0 0.964789 0.01 0.0650054 0.02 0.000215696
0 0.646533 0.226667 0.0341278 0.2 0.00021759
0 0.66143 0.318667 0.0368364 0.24 0.00021827
0 0.982665 0.212 0.0346696 0.24 0.000219841
0 0.983207 0.514 0.0335861 0.297333 0.000220685
0 0.834236 0.231333 0.0455038 0.092 0.000223281
0 0.435807 0.094 0.0406284 0.0626667 0.000225625
0 0.0284399 1 0.052546 0 0.000229814
0 0.989707 0.662 0.0162514 0.268 0.000230578
0 0.403304 0.725333 0.0189599 0.0853333 0.000231066
0 0.696371 0.476667 0.0503792 0.145333 0.000232279
0 0.469122 0.240667 0.107259 0.105333 0.000233682
0 0.894908 0.012 0.0975081 0.024 0.000233927
0 0.97454 0.410667 0.0509209 0.168 0.000234243
0 0.98402 0.397333 0.031961 0.272 0.000236459
0 0.771939 0.471333 0.0455038 0.0706667 0.000236503
0 0.566631 0.254 0.00975081 0.0626667 0.000237674
0 0.691495 0.100667 0.0471289 0.148 0.000237761
0 0.222102 0.725333 0.0335861 0.024 0.000240484
0 0.61701 0.114667 0.0368364 0.106667 0.000242692
0 0.0617551 0.994667 0.119177 0.0106667 0.000245726
0 0.67416 0.414 0.0492958 0.142667 0.000247432
0 0.106446 0.885333 0.130553 0.229333 0.000256504
0 0.495937 0.038 0.0427952 0.0706667 0.000259269
0 0.937703 1 0.0964247 0 0.000262314
0 0.086403 0.002 0.118635 0.004 0.000265
0 0.637595 0.18 0.0314193 0.106667 0.000266398
0 0.982665 0.996 0.0292524 0.008 0.000267893
0 0.988624 0.416667 0.0184182 0.134667 0.000268398
0 0.588028 0.006 0.088299 0.012 0.000271004
0 0.261918 1 0.0926327 0 0.000271446
0 0.976436 0 0.0471289 0 0.000271599
0 0.529794 0.606667 0.0216685 0.0906667 0.000272412
0 0.714789 0.970667 0.0655471 0.0586667 0.000276134
0 0.970748 0.464 0.056338 0.176 0.000278049
0 0.722644 0.674667 0.0238353 0.0826667 0.000279699
0 0.875948 0.894667 0.115926 0.210667 0.000282767
0 0.789003 0 0.106717 0 0.000286396
0 0.62026 0.0286667 0.0650054 0.0573333 0.00028838
0 0.311484 0.673333 0.0151679 0.04 0.000289793
0 0.898971 0.00266667 0.0947996 0.00533333 0.00029285
0 0.623239 0.130667 0.0222102 0.0746667 0.000296701
0 0.0595883 0.024 0.0953413 0.048 0.000304594
0 0.478602 0.926 0.173889 0.148 0.000308201
0 0.549025 0.038 0.0612134 0.076 0.000310261
0 0.36078 0.473333 0.624052 0.946667 0.00031401
0 0.274377 0.0313333 0.0709642 0.0626667 0.000317265
0 0.881365 0.956667 0.0595883 0.0573333 0.000317894
0 0.68987 0 0.106717 0 0.00032737
0 0.318256 0.976667 0.0514626 0.0466667 0.000328885
0 0.234832 0.5 0.469664 1 0.000329683
0 0.396533 0.0773333 0.0736728 0.0773333 0.000343235
0 0.841008 0 0.126219 0 0.000345228
0 0.631365 0.0353333 0.0384615 0.0493333 0.000350551
0 0.991603 0.98 0.0167931 0.04 0.000353746
0 0.985645 0.280667 0.0254605 0.254667 0.000357061
0 0.957747 0.03 0.0487541 0.0493333 0.000361889
0 0.748646 0.631333 0.063922 0.121333 0.000362577
0 0.324756 0.643333 0.0547129 0.124 0.000364904
0 0.809859 0.5 0.380282 1 0.000365559
0 0.964789 0.042 0.0650054 0.084 0.00036622
0 0.988353 0.170667 0.0232936 0.122667 0.000366291
0 0.504605 0.034 0.00704225 0.028 0.000369284
0 0.638407 0.00533333 0.0926327 0.0106667 0.000369916
0 0.0232936 0.000666667 0.0465872 0.00133333 0.000371412
0 0.404388 0.094 0.0492958 0.052 0.000385735
0 0.478061 0.762667 0.196641 0.474667 0.000392522
0 0.986999 0.483333 0.0227519 0.148 0.000393859
0 0.978061 0.140667 0.0438787 0.196 0.000407348
0 0.97481 0.279333 0.0482123 0.321333 0.000420295
0 0.512188 0.272 0.024377 0.109333 0.00042505
0 0.939057 0 0.108884 0 0.000425281
0 0.738895 0 0.109426 0 0.000427023
0 0.473456 0.732 0.306609 0.536 0.000434658
0 0.806609 0.590667 0.0422535 0.0453333 0.000434854
0 0.0292524 0.0413333 0.0585049 0.0826667 0.000443115
0 0.571777 0.0353333 0.0438787 0.0706667 0.00044411
0 0.757042 0.882 0.102384 0.236 0.00044662
0 0.426327 0.0766667 0.056338 0.0653333 0.000451921
0 0.720206 0.61 0.559588 0.78 0.000458818
0 0.308234 0.68 0.0303359 0.0373333 0.000483793
0 0.980769 0.998 0.0384615 0.004 0.000501527
0 0.499729 0.0393333 0.0254605 0.044 0.000502896
0 0.898971 0.648 0.0839653 0.16 0.000529601
0 0.47156 0.644 0.554171 0.712 0.000531938
0 0.892199 0 0.137595 0 0.000538314
0 0.98429 0.096 0.0314193 0.154667 0.000544967
0 0.777356 0.919333 0.0595883 0.158667 0.000549335
0 0.313651 0.0233333 0.0335861 0.0413333 0.000570348
0 0.449621 0.157333 0.0931744 0.122667 0.000582447
0 0.972914 0.072 0.0487541 0.130667 0.00059002
0 0.8039 0.645333 0.0541712 0.128 0.000603905
0 0.959372 0.0593333 0.0444204 0.0706667 0.000612197
0 0.857259 0.496 0.067714 0.101333 0.000626208
0 0.641928 0.0173333 0.0574215 0.0346667 0.000626928
0 0.98727 0.986667 0.0124594 0.0266667 0.000627447
0 0.640574 0.226667 0.0178765 0.0506667 0.000630983
0 0.766522 0.0746667 0.0509209 0.149333 0.000634524
0 0.989978 0.358667 0.0167931 0.144 0.000634656
0 0.987812 1 0.0189599 0 0.000647171
0 0.295504 0.0146667 0.0417118 0.0293333 0.000655061
0 0.979686 1 0.0384615 0 0.000697315
0 0.788462 0.117333 0.0731311 0.144 0.000716112
0 0.0384615 0.00666667 0.0769231 0.0133333 0.00071875
0 0.720748 0.959333 0.0644637 0.0573333 0.000724519
0 0.73429 0.642667 0.0297941 0.0613333 0.000983111
0 0.656013 0.338 0.0509209 0.1 0.000992691
0 0.988353 0.0626667 0.0157096 0.114667 0.0010267
0 0.646533 0.222 0.031961 0.092 0.00104768
0 0.729957 0.668667 0.0406284 0.18 0.00105322
0 0.700163 0.414 0.599675 0.828 0.00107777
0 0.732123 0.929333 0.0807151 0.114667 0.00112928
0 0.988624 0.119333 0.0184182 0.129333 0.0011548
0 0.420368 0.086 0.099675 0.172 0.00120392
0 0.76273 0.117333 0.0736728 0.226667 0.00122268
0 0.799837 0.902 0.0926327 0.110667 0.00122445
0 0.216143 0.730667 0.0238353 0.0213333 0.00126999
0 0.502709 0.0273333 0.0151679 0.0333333 0.00130386
0 0.028169 0.062 0.0455038 0.102667 0.00131915
0 0.291441 0.0226667 0.0595883 0.0453333 0.00160976
0 0.718039 0.68 0.410076 0.64 0.00168971
0 0.421452 0.313333 0.585049 0.626667 0.00179242
0 0.420368 0.117333 0.0541712 0.0506667 0.00194776
0 0.561484 0.05 0.0167931 0.0493333 0.00196359
0 0.776815 0.470667 0.0249187 0.056 0.00201918
0 0.646262 0.227333 0.0130011 0.0546667 0.00215546
0 0.806609 0.615333 0.0400867 0.0733333 0.002344
0 0.508938 0.237333 0.0720477 0.210667 0.00271175
0 0.716685 0.642 0.0433369 0.153333 0.00289492
0 0.62974 0.0186667 0.0417118 0.0346667 0.00339331
0 0.660888 0.33 0.0238353 0.0706667 0.0034151
0 0.333153 0.97 0.0260022 0.06 0.00538835
0 0.755417 0.897333 0.0709642 0.122667 0.00555935
0 0.872427 0.936667 0.0774648 0.113333 0.00609502
0 0.686349 0.444667 0.0390032 0.153333 0.00764513
0 0.320423 0.372 0.246479 0.648 0.0208741
0 0.296858 0.026 0.0390032 0.0386667 0.0489381
0 0.688787 0.452 0.0222102 0.096 0.0974233
0 0.711268 0.879333 0.0617551 0.214667 0.104997
0 0.723185 0.65 0.0346696 0.0733333 0.198937
0 0.76598 0.124667 0.0390032 0.116 0.25306
0 0.768418 0.895333 0.0471289 0.0813333 0.339983
0 0.417118 0.0973333 0.0693391 0.08 0.723282
0 0.513001 0.246 0.0411701 0.126667 0.888288
0 0.310672 0.402 0.100217 0.174667 0.950583
