0 0.808234 0.338667 0.112676 0.136 1.05952e-05
0 0.818797 0.662667 0.0991333 0.133333 1.05974e-05
0 0.833694 0.528 0.056338 0.146667 1.06148e-05
0 0.0173348 0.637333 0.0195016 0.285333 1.06496e-05
0 0.230228 0.465333 0.0400867 0.04 1.06832e-05
0 0.692037 0.478667 0.0666305 0.149333 1.0696e-05
0 0.217497 0.504 0.147887 0.288 1.07503e-05
0 0.362676 0.0326667 0.0384615 0.0466667 1.08181e-05
0 0.393283 0.0673333 0.0238353 0.0893333 1.08216e-05
0 0.271127 0.110667 0.1013 0.194667 1.08391e-05
0 0.443662 0.00333333 0.0498375 0.00666667 1.08437e-05
0 0.573402 0.693333 0.0438787 0.072 1.08572e-05
0 0.753521 0.296667 0.0520043 0.092 1.08922e-05
0 0.70558 0.588 0.0763814 0.293333 1.09136e-05
0 0.432015 0.0286667 0.0341278 0.0546667 1.09545e-05
0 0.257855 0.975333 0.0216685 0.0306667 1.09615e-05
0 0.78467 0.152667 0.0406284 0.0706667 1.09693e-05
0 0.593716 0.978 0.0444204 0.028 1.10005e-05
0 0.728332 0.665333 0.0092091 0.0453333 1.10126e-05
0 0.407909 0.894 0.0953413 0.177333 1.10421e-05
0 0.67091 0.942 0.0135428 0.110667 1.10849e-05
0 0.356176 0.488667 0.0438787 0.169333 1.12276e-05
0 0.731582 0.593333 0.0785482 0.157333 1.12307e-05
0 0.45558 0.268667 0.0617551 0.190667 1.12342e-05
0 0.755688 0.246 0.0476706 0.092 1.12528e-05
0 0.647887 0.895333 0.028169 0.134667 1.1287e-05
0 0.89247 0.967333 0.0471289 0.028 1.13325e-05
0 0.0853196 0.908 0.095883 0.162667 1.13329e-05
0 0.871885 0.0886667 0.024377 0.0973333 1.13342e-05
0 0.752167 0.792667 0.108884 0.174667 1.13439e-05
0 0.48104 0.362 0.0682557 0.164 1.13854e-05
0 0.350488 0.434667 0.0433369 0.101333 1.14712e-05
0 0.405742 0.00533333 0.0465872 0.0106667 1.14932e-05
0 0.66441 0.955333 0.0698808 0.0893333 1.15075e-05
0 0.405471 0.0293333 0.039545 0.0533333 1.16194e-05
0 0.491062 0.964 0.0893824 0.072 1.16259e-05
0 0.862947 0.395333 0.084507 0.281333 1.16282e-05
0 0.641387 0.767333 0.0780065 0.150667 1.16424e-05
0 0.613489 0.263333 0.0850488 0.198667 1.16462e-05
0 0.940141 0.169333 0.119718 0.338667 1.16721e-05
0 0.0799025 0.0553333 0.0503792 0.076 1.17269e-05
0 0.9052 0.972 0.0444204 0.0293333 1.17703e-05
0 0.774106 0.176 0.186349 0.352 1.18798e-05
0 0.672806 0.0266667 0.0368364 0.0506667 1.19392e-05
0 0.270043 0.95 0.0308776 0.0733333 1.19828e-05
0 0.726165 0.832667 0.0514626 0.132 1.19974e-05
0 0.232124 0.968 0.0406284 0.0293333 1.20456e-05
0 0.570693 0.948 0.0460455 0.0773333 1.20608e-05
0 0.112134 0.92 0.118093 0.16 1.2081e-05
0 0.0325027 0.502 0.0433369 0.273333 1.21183e-05
0 0.69935 0.364 0.0433369 0.0906667 1.21719e-05
0 0.649783 0.972 0.0503792 0.0506667 1.21792e-05
0 0.330173 0 0.0503792 0 1.21824e-05
0 0.799567 0.926 0.0910076 0.145333 1.21868e-05
0 0.675244 0.06 0.0352113 0.0746667 1.21918e-05
0 0.511105 0.147333 0.0514626 0.158667 1.22161e-05
0 0.560672 0.75 0.0411701 0.0973333 1.22179e-05
0 0.597237 0.268 0.0406284 0.122667 1.22329e-05
0 0.294691 0.00533333 0.0704225 0.0106667 1.22544e-05
0 0.0292524 0.928667 0.0476706 0.137333 1.22614e-05
0 0.552004 0.418 0.0617551 0.169333 1.22637e-05
0 0.207746 0.938 0.0417118 0.0653333 1.22749e-05
0 0.255146 0.944667 0.0249187 0.076 1.23022e-05
0 0.47156 0.765333 0.0947996 0.234667 1.23104e-05
0 0.908722 0.406667 0.0731311 0.28 1.23172e-05
0 0.508397 0.210667 0.0482123 0.170667 1.24726e-05
0 0.726977 0.665333 0.0292524 0.088 1.24924e-05
0 0.781148 0.0466667 0.0444204 0.064 1.25195e-05
0 0.482936 0.976667 0.0373781 0.036 1.25831e-05
0 0.0176056 0.545333 0.0352113 0.12 1.26413e-05
0 0.508938 0.206667 0.0666305 0.296 1.26766e-05
0 0.364843 0.422667 0.0937161 0.138667 1.2683e-05
0 0.10455 0.986 0.0747562 0.028 1.26984e-05
0 0.180661 0.0546667 0.0492958 0.072 1.27022e-05
0 0.540087 0.962667 0.0953413 0.0746667 1.27215e-05
0 0.585861 0.58 0.0817985 0.197333 1.27457e-05
0 0.281961 0.0206667 0.0417118 0.0413333 1.27568e-05
0 0.212622 0.712 0.0817985 0.376 1.27628e-05
0 0.394637 0.483333 0.0514626 0.116 1.27856e-05
0 0.270856 0.981333 0.0238353 0.0266667 1.28069e-05
0 0.884345 0.634 0.120802 0.121333 1.28571e-05
0 0.671452 0.458667 0.0449621 0.101333 1.28641e-05
0 0.894637 0.276667 0.067714 0.257333 1.29433e-05
0 0.348862 0.536 0.0520043 0.088 1.295e-05
0 0.972373 0.696 0.0368364 0.0693333 1.30584e-05
0 0.674973 0.963333 0.0314193 0.0573333 1.30625e-05
0 0.130282 0.0526667 0.0503792 0.076 1.30658e-05
0 0.179577 0.19 0.314735 0.38 1.30665e-05
0 0.128386 0.818 0.256771 0.364 1.30676e-05
0 0.518147 0.203333 0.134886 0.406667 1.30935e-05
0 0.524648 0.006 0.0752979 0.012 1.31539e-05
0 0.532232 0.0226667 0.031961 0.0453333 1.32501e-05
0 0.633261 0.668 0.0400867 0.0933333 1.3312e-05
0 0.801463 0.518 0.052546 0.121333 1.33567e-05
0 0.614301 0.839333 0.084507 0.188 1.3364e-05
0 0.0498375 0.994667 0.0530878 0.0106667 1.34643e-05
0 0.415493 0.942667 0.0422535 0.088 1.34989e-05
0 0.648429 0.00733333 0.0747562 0.0146667 1.35188e-05
0 0.597779 0.182 0.0471289 0.105333 1.3563e-05
0 0.609426 0.584667 0.0931744 0.281333 1.35735e-05
0 0.514897 0.362667 0.0926327 0.133333 1.35881e-05
0 0.943933 0.162667 0.0482123 0.12 1.36088e-05
0 0.669827 0.94 0.0438787 0.12 1.36405e-05
0 0.0874865 0.998 0.052546 0.004 1.36857e-05
0 0.78467 0.423333 0.0742145 0.124 1.37069e-05
0 0.868364 0.96 0.106176 0.08 1.37417e-05
0 0.875135 0.334 0.067714 0.092 1.38555e-05
0 0.788732 0.984667 0.0910076 0.0306667 1.38575e-05
0 0.521127 0.0573333 0.0314193 0.0746667 1.39e-05
0 0.81338 0.211333 0.140303 0.422667 1.39211e-05
0 0.244854 0.970667 0.0335861 0.0346667 1.39359e-05
0 0.795504 0.98 0.0482123 0.04 1.39578e-05
0 0.276273 0.812667 0.226436 0.374667 1.40443e-05
0 0.98402 0.759333 0.0211268 0.1 1.40683e-05
0 0.0192308 0.952 0.0341278 0.0853333 1.40834e-05
0 0.686891 0.659333 0.020585 0.0573333 1.412e-05
0 0.508397 0.772 0.067714 0.189333 1.41627e-05
0 0.456121 0.358 0.0942579 0.294667 1.41678e-05
0 0.948537 0.394 0.071506 0.270667 1.42033e-05
0 0.698537 0.144 0.0612134 0.106667 1.42072e-05
0 0.416576 0.974 0.0390032 0.0413333 1.42704e-05
0 0.780065 0.176667 0.0595883 0.0893333 1.43262e-05
0 0.0896533 0.02 0.0514626 0.04 1.43604e-05
0 0.562568 0.927333 0.0915493 0.145333 1.43626e-05
0 0.783315 0.664667 0.063922 0.118667 1.43647e-05
0 0.111051 0.401333 0.178765 0.272 1.43697e-05
0 0.129469 0.0333333 0.0682557 0.0666667 1.43794e-05
0 0.632449 0.0773333 0.0828819 0.154667 1.43805e-05
0 0.954225 0.618 0.0915493 0.492 1.44083e-05
0 0.695016 0.677333 0.0173348 0.048 1.44146e-05
0 0.71831 0.125333 0.0379198 0.0906667 1.44709e-05
0 0.840737 0.672 0.0400867 0.0773333 1.45186e-05
0 0.813651 0.396667 0.162514 0.572 1.45644e-05
0 0.243229 0.686 0.0736728 0.292 1.4579e-05
0 0.570693 0.354 0.0568797 0.084 1.46254e-05
0 0.770314 0.244667 0.0888407 0.110667 1.46272e-05
0 0.833965 0.786 0.0417118 0.0413333 1.47184e-05
0 0.475623 0.826 0.187432 0.348 1.47242e-05
0 0.688787 0.274 0.0655471 0.198667 1.47264e-05
0 0.0173348 0.484667 0.0346696 0.116 1.47533e-05
0 0.736186 0.718667 0.0628386 0.293333 1.48365e-05
0 0.986457 0.0833333 0.0260022 0.0973333 1.48503e-05
0 0.581798 0.022 0.0379198 0.044 1.48615e-05
0 0.759209 0.16 0.102384 0.282667 1.49252e-05
0 0.155742 0.6 0.154388 0.365333 1.49656e-05
0 0.816901 0.188667 0.0335861 0.0706667 1.49693e-05
0 0.546316 0.951333 0.0406284 0.0786667 1.50276e-05
0 0.607259 0.00133333 0.0487541 0.00266667 1.50723e-05
0 0.777356 0.718 0.092091 0.129333 1.50939e-05
0 0.883261 0.91 0.117551 0.148 1.50966e-05
0 0.0211268 0.143333 0.0249187 0.214667 1.51203e-05
0 0.764085 0.583333 0.0774648 0.161333 1.51548e-05
0 0.492145 0.00133333 0.0503792 0.00266667 1.52664e-05
0 0.692308 0.646 0.0216685 0.0466667 1.52773e-05
0 0.829902 0.974 0.0455038 0.0333333 1.53196e-05
0 0.609967 0.587333 0.071506 0.156 1.53311e-05
0 0.781419 0.204 0.0460455 0.08 1.54317e-05
0 0.726977 0.209333 0.0520043 0.0986667 1.54859e-05
0 0.483207 0.941333 0.0411701 0.088 1.54912e-05
0 0.417931 0.613333 0.169556 0.608 1.56428e-05
0 0.404117 0.974667 0.0422535 0.0506667 1.56705e-05
0 0.778711 0.334667 0.0492958 0.0853333 1.57693e-05
0 0.973727 0.046 0.0308776 0.0546667 1.57919e-05
0 0.534128 0.058 0.0292524 0.076 1.58569e-05
0 0.0877573 0.778667 0.167931 0.264 1.58755e-05
0 0.405471 0.0593333 0.0362947 0.0626667 1.59128e-05
0 0.662243 0.947333 0.0178765 0.0893333 1.59252e-05
0 0.282232 0.976667 0.0292524 0.028 1.59408e-05
0 0.363489 0.0573333 0.0379198 0.072 1.60043e-05
0 0.663055 0.0813333 0.0790899 0.162667 1.6098e-05
0 0.709101 0.393333 0.0682557 0.133333 1.61102e-05
0 0.0186891 0.513333 0.0200433 0.277333 1.61129e-05
0 0.548754 0.968 0.0617551 0.0533333 1.6127e-05
0 0.982936 0.798667 0.0232936 0.104 1.61614e-05
0 0.813922 0.160667 0.0427952 0.0626667 1.61809e-05
0 0.381365 0.01 0.0444204 0.02 1.6182e-05
0 0.532774 0.948667 0.0373781 0.0893333 1.62098e-05
0 0.115114 0.00266667 0.0557963 0.00533333 1.62127e-05
0 0.521127 0.982 0.0379198 0.036 1.62227e-05
0 0.269231 0.973333 0.084507 0.0533333 1.63256e-05
0 0.519772 0.022 0.0330444 0.044 1.63358e-05
0 0.508667 0.108667 0.071506 0.217333 1.63674e-05
0 0.981582 0.162 0.0335861 0.169333 1.64061e-05
0 0.223456 0.914667 0.0417118 0.128 1.64174e-05
0 0.383261 0.276667 0.107801 0.404 1.64536e-05
0 0.642741 0.621333 0.0373781 0.0613333 1.64658e-05
0 0.975352 0.480667 0.0352113 0.0733333 1.65254e-05
0 0.571235 0.976667 0.0449621 0.0306667 1.66432e-05
0 0.381636 0.926 0.052546 0.148 1.66478e-05
0 0.314464 0.946667 0.0449621 0.104 1.67003e-05
0 0.894908 0.494 0.0552546 0.0413333 1.67261e-05
0 0.461268 0.918667 0.0839653 0.162667 1.68879e-05
0 0.0888407 0.000666667 0.0552546 0.00133333 1.69099e-05
0 0.75948 0.692 0.0216685 0.0506667 1.69268e-05
0 0.602113 0.394 0.0406284 0.084 1.70221e-05
0 0.869177 0.968667 0.0492958 0.028 1.71227e-05
0 0.512459 0.712667 0.0964247 0.158667 1.71471e-05
0 0.0511918 0.16 0.102384 0.32 1.72038e-05
0 0.584236 0.203333 0.0590466 0.145333 1.72396e-05
0 0.860509 0.111333 0.0817985 0.222667 1.72438e-05
0 0.0186891 0.147333 0.0373781 0.116 1.7284e-05
0 0.0826111 0.215333 0.160888 0.390667 1.72871e-05
0 0.92091 0.966667 0.12026 0.0666667 1.73513e-05
0 0.61403 0.644 0.151138 0.549333 1.73875e-05
0 0.73104 1 0.0655471 0 1.74035e-05
0 0.634345 0.336 0.0910076 0.288 1.7419e-05
0 0.634345 0.468667 0.0725894 0.190667 1.74219e-05
0 0.613759 0.966 0.099675 0.068 1.74997e-05
0 0.287107 0.366667 0.102925 0.274667 1.76149e-05
0 0.95883 0.126 0.0444204 0.113333 1.77043e-05
0 0.709642 0.729333 0.0552546 0.274667 1.77739e-05
0 0.889762 0.0813333 0.0839653 0.144 1.77862e-05
0 0.582069 0.062 0.0352113 0.0786667 1.77905e-05
0 0.53467 0.203333 0.0682557 0.284 1.78784e-05
0 0.456934 0.214667 0.0460455 0.186667 1.79946e-05
0 0.366739 0 0.0509209 0 1.79977e-05
0 0.836132 0.801333 0.0709642 0.0826667 1.79984e-05
0 0.372969 0.610667 0.117551 0.184 1.80262e-05
0 0.777356 0.265333 0.109426 0.248 1.80304e-05
0 0.267606 0.02 0.0379198 0.04 1.80494e-05
0 0.21831 0.974 0.0888407 0.052 1.80857e-05
0 0.440141 0.032 0.0926327 0.064 1.81016e-05
0 0.732123 0.449333 0.0872156 0.157333 1.81033e-05
0 0.280336 0.00333333 0.052546 0.00666667 1.81144e-05
0 0.919285 0.499333 0.143012 0.566667 1.81672e-05
0 0.875406 0.284667 0.056338 0.145333 1.81763e-05
0 0.355363 0.98 0.0552546 0.04 1.82194e-05
0 0.536295 0.578667 0.0910076 0.192 1.82638e-05
0 0.534399 0.834 0.0666305 0.206667 1.83203e-05
0 0.11701 0.022 0.0498375 0.044 1.83427e-05
0 0.683369 0.00133333 0.0482123 0.00266667 1.83576e-05
0 0.71208 0.3 0.0471289 0.0773333 1.83993e-05
0 0.261376 0.957333 0.0698808 0.0853333 1.84158e-05
0 0.486186 0.574667 0.0947996 0.272 1.84318e-05
0 0.245125 0.022 0.0384615 0.044 1.84846e-05
0 0.536566 0.096 0.031961 0.0906667 1.85278e-05
0 0.439057 0.151333 0.0666305 0.166667 1.85283e-05
0 0.26273 0.39 0.12026 0.526667 1.85593e-05
0 0.450433 0.270667 0.0330444 0.12 1.86079e-05
0 0.332069 0.962667 0.0964247 0.0746667 1.87356e-05
0 0.571235 0.196 0.128386 0.392 1.88709e-05
0 0.634615 0.604 0.0785482 0.112 1.89455e-05
0 0.45883 0.640667 0.099675 0.156 1.90133e-05
0 0.615114 0.902667 0.0774648 0.149333 1.90862e-05
0 0.482665 0.416 0.0964247 0.141333 1.90986e-05
0 0.362134 0.454667 0.0384615 0.096 1.91489e-05
0 0.142741 0.068 0.112134 0.136 1.92043e-05
0 0.880553 0.381333 0.0774648 0.154667 1.92121e-05
0 0.054442 0.266667 0.108884 0.213333 1.92292e-05
0 0.779794 0.264667 0.0460455 0.0786667 1.92374e-05
0 0.644366 0.00133333 0.0492958 0.00266667 1.92685e-05
0 0.81961 0.956667 0.099675 0.0866667 1.92691e-05
0 0.888678 0.483333 0.0850488 0.252 1.92822e-05
0 0.67091 0.788667 0.0687974 0.137333 1.93075e-05
0 0.192308 0.0173333 0.0465872 0.0346667 1.93216e-05
0 0.611863 0.0766667 0.0167931 0.044 1.93386e-05
0 0.112947 0.998 0.0503792 0.004 1.94111e-05
0 0.813109 0.07 0.0801734 0.14 1.94245e-05
0 0.632719 0.112667 0.106176 0.14 1.95484e-05
0 0.481853 0.116 0.031961 0.101333 1.95698e-05
0 0.329632 0.952667 0.0352113 0.0946667 1.95989e-05
0 0.498646 0.548667 0.0471289 0.102667 1.96002e-05
0 0.66766 0.276667 0.158722 0.553333 1.96421e-05
0 0.563651 0.32 0.10455 0.146667 1.96947e-05
0 0.582069 0.076 0.0731311 0.152 1.97831e-05
0 0.892199 0.288667 0.063922 0.0973333 1.98212e-05
0 0.466956 0.507333 0.136511 0.553333 1.98344e-05
0 0.672806 0.978 0.0184182 0.036 1.98452e-05
0 0.487541 0.473333 0.0942579 0.149333 1.98788e-05
0 0.289545 0.960667 0.0742145 0.0786667 1.99158e-05
0 0.91143 0.414 0.0807151 0.124 2.00466e-05
0 0.683369 0.0346667 0.0287107 0.056 2.00884e-05
0 0.783315 0.953333 0.127844 0.0933333 2.01446e-05
0 0.648971 0.978 0.0379198 0.028 2.01975e-05
0 0.683099 0.639333 0.0335861 0.0893333 2.02652e-05
0 0.163326 0.950667 0.113218 0.0986667 2.02938e-05
0 0.754063 0.398667 0.125677 0.304 2.03172e-05
0 0.533315 0.317333 0.0828819 0.189333 2.03926e-05
0 0.922264 0.680667 0.103467 0.14 2.04463e-05
0 0.751625 0.404 0.0904659 0.16 2.04819e-05
0 0.0522752 0.00466667 0.0547129 0.00933333 2.05913e-05
0 0.438787 0.104 0.084507 0.130667 2.06058e-05
0 0.531419 0 0.0476706 0 2.06112e-05
0 0.620802 0.06 0.0422535 0.0666667 2.06697e-05
0 0.741062 0.266667 0.0530878 0.0906667 2.07547e-05
0 0.250271 0.25 0.0769231 0.244 2.07581e-05
0 0.233478 0.937333 0.0400867 0.0853333 2.07644e-05
0 0.634345 0.636667 0.063922 0.0893333 2.07818e-05
0 0.293608 0.969333 0.0487541 0.0533333 2.10189e-05
0 0.732394 0.076 0.0660888 0.152 2.10268e-05
0 0.507042 0.578667 0.0693391 0.176 2.10533e-05
0 0.468852 0.762 0.14572 0.476 2.1088e-05
0 0.441224 0.208667 0.0742145 0.364 2.12663e-05
0 0.0124594 0.954 0.0162514 0.092 2.13351e-05
0 0.161701 0.0573333 0.0937161 0.088 2.13912e-05
0 0.313922 0.0233333 0.107801 0.0466667 2.14806e-05
0 0.75948 0.269333 0.15818 0.538667 2.14886e-05
0 0.916847 0.308667 0.088299 0.126667 2.15056e-05
0 0.66468 0.711333 0.0736728 0.142667 2.15636e-05
0 0.46831 0.00266667 0.0666305 0.00533333 2.16493e-05
0 0.702329 0.928667 0.0709642 0.142667 2.16509e-05
0 0.867281 0.813333 0.265439 0.373333 2.17687e-05
0 0.458288 0.576 0.0433369 0.08 2.17873e-05
0 0.530065 0.297333 0.13597 0.490667 2.17897e-05
0 0.771668 0.498667 0.146804 0.576 2.17917e-05
0 0.693391 0.156667 0.0899242 0.166667 2.18234e-05
0 0.632719 0.0326667 0.0411701 0.0573333 2.18512e-05
0 0.659263 0.628 0.0498375 0.0853333 2.19159e-05
0 0.809317 0.400667 0.0964247 0.161333 2.19385e-05
0 0.758397 0.981333 0.0953413 0.0373333 2.19973e-05
0 0.823402 0.164 0.0725894 0.216 2.20193e-05
0 0.581257 0.002 0.0487541 0.004 2.20341e-05
0 0.662514 0.406667 0.099675 0.242667 2.20344e-05
0 0.108613 0.640667 0.193391 0.233333 2.20549e-05
0 0.963976 0.85 0.0720477 0.225333 2.22173e-05
0 0.515439 0.0273333 0.0969664 0.0546667 2.23556e-05
0 0.631094 0.406667 0.0660888 0.149333 2.24437e-05
0 0.904117 0.84 0.0487541 0.04 2.25183e-05
0 0.507855 0.920667 0.0406284 0.124 2.25194e-05
0 0.438787 0.971333 0.0964247 0.0573333 2.25426e-05
0 0.921181 0.487333 0.0406284 0.244 2.25818e-05
0 0.403575 0.931333 0.0530878 0.124 2.26074e-05
0 0.385699 0.0393333 0.0693391 0.0786667 2.26358e-05
0 0.718581 0.0326667 0.0124594 0.0226667 2.27563e-05
0 0.696912 0.395333 0.0471289 0.0866667 2.28131e-05
0 0.213164 0.864667 0.0807151 0.270667 2.29106e-05
0 0.973456 0.974667 0.0379198 0.0426667 2.29873e-05
0 0.140303 0.0213333 0.0520043 0.0426667 2.30129e-05
0 0.618635 0.0713333 0.0238353 0.0653333 2.30476e-05
0 0.479957 0.208 0.0704225 0.269333 2.31005e-05
0 0.102113 0.303333 0.204225 0.606667 2.3135e-05
0 0.675515 0.603333 0.0455038 0.105333 2.31358e-05
0 0.690412 0.341333 0.0861322 0.250667 2.31474e-05
0 0.762188 0.645333 0.0790899 0.170667 2.32468e-05
0 0.0625677 0.646 0.125135 0.345333 2.33484e-05
0 0.489707 0.902 0.0747562 0.158667 2.33828e-05
0 0.238895 0.766667 0.101842 0.314667 2.34271e-05
0 0.641116 0.958667 0.0687974 0.0826667 2.35271e-05
0 0.690683 0.03 0.0877573 0.06 2.36037e-05
0 0.315818 0.974667 0.0498375 0.0506667 2.36211e-05
0 0.571777 0.431333 0.0557963 0.233333 2.37397e-05
0 0.601029 0.73 0.0417118 0.0813333 2.37624e-05
0 0.63922 0.028 0.084507 0.056 2.3872e-05
0 0.296046 0.974667 0.0352113 0.0266667 2.39027e-05
0 0.732936 0.102 0.084507 0.142667 2.39258e-05
0 0.767877 0.991333 0.0406284 0.0173333 2.40612e-05
0 0.99052 0.153333 0.0189599 0.0906667 2.40822e-05
0 0.058234 0.924 0.113218 0.152 2.41144e-05
0 0.715872 0.496 0.144637 0.576 2.44624e-05
0 0.661159 0.334667 0.088299 0.16 2.46091e-05
0 0.510293 0.99 0.0606717 0.02 2.46819e-05
0 0.306067 0.0186667 0.0444204 0.0373333 2.4848e-05
0 0.344258 0.032 0.0904659 0.064 2.50837e-05
0 0.391658 0 0.0520043 0 2.50917e-05
0 0.306338 0.974 0.0352113 0.036 2.50987e-05
0 0.698267 0.176667 0.0433369 0.105333 2.51066e-05
0 0.562026 0.00733333 0.0742145 0.0146667 2.51321e-05
0 0.878115 0.33 0.0238353 0.0173333 2.5182e-05
0 0.701246 0.996667 0.0720477 0.00666667 2.51917e-05
0 0.539274 0.758 0.095883 0.249333 2.52795e-05
0 0.563651 0.0273333 0.0893824 0.0546667 2.53722e-05
0 0.245666 0.195333 0.13597 0.276 2.54379e-05
0 0.983749 0.960667 0.0325027 0.0786667 2.55632e-05
0 0.0858613 0.949333 0.128386 0.101333 2.56422e-05
0 0.582882 0.904667 0.0812568 0.142667 2.56996e-05
0 0.173889 0.884 0.0985916 0.173333 2.57032e-05
0 0.636511 0.531333 0.0910076 0.166667 2.57636e-05
0 0.664139 0.966667 0.035753 0.0453333 2.59069e-05
0 0.491874 0.0293333 0.0520043 0.0586667 2.59164e-05
0 0.378927 0.972667 0.0438787 0.0466667 2.60486e-05
0 0.245395 0.917333 0.0411701 0.133333 2.6065e-05
0 0.157096 0.519333 0.0985916 0.182667 2.61563e-05
0 0.657909 0.27 0.0904659 0.190667 2.61932e-05
0 0.546858 0.978 0.0406284 0.0333333 2.62778e-05
0 0.815818 0.978 0.0476706 0.044 2.63061e-05
0 0.51896 0.648 0.084507 0.186667 2.63067e-05
0 0.557692 0.154667 0.0547129 0.168 2.63188e-05
0 0.352654 0.988667 0.0487541 0.0226667 2.63842e-05
0 0.915493 0.22 0.0650054 0.152 2.6438e-05
0 0.71506 0.492667 0.0866739 0.201333 2.65471e-05
0 0.901408 0.818 0.0574215 0.0493333 2.65962e-05
0 0.714789 0.634667 0.0720477 0.16 2.67339e-05
0 0.719122 0.206 0.134886 0.412 2.68341e-05
0 0.409534 0.0873333 0.0769231 0.134667 2.68724e-05
0 0.233749 0.832 0.0666305 0.285333 2.70093e-05
0 0.805525 0.114667 0.0790899 0.229333 2.71742e-05
0 0.402492 0.646 0.140845 0.310667 2.71842e-05
0 0.305255 0.002 0.052546 0.004 2.72103e-05
0 0.714518 0.66 0.0335861 0.08 2.73552e-05
0 0.239978 0.0593333 0.0834236 0.118667 2.7411e-05
0 0.611051 0.663333 0.084507 0.166667 2.74512e-05
0 0.225894 0.722667 0.192849 0.554667 2.74609e-05
0 0.887324 0.966 0.130011 0.068 2.75173e-05
0 0.154659 0.982 0.067714 0.036 2.7583e-05
0 0.0197725 0.0326667 0.039545 0.0653333 2.75901e-05
0 0.508667 0.52 0.101842 0.237333 2.75934e-05
0 0.536024 0.898667 0.0807151 0.162667 2.76041e-05
0 0.890845 0.996 0.0514626 0.008 2.77341e-05
0 0.507584 0.0906667 0.0530878 0.128 2.77863e-05
0 0.139762 0.00666667 0.0574215 0.0133333 2.78736e-05
0 0.255417 0.006 0.0536295 0.012 2.7881e-05
0 0.0557963 0.152667 0.111593 0.305333 2.78891e-05
0 0.587216 0.102 0.0541712 0.148 2.78956e-05
0 0.167118 0.0173333 0.052546 0.0346667 2.80153e-05
0 0.631094 0.699333 0.0780065 0.137333 2.80606e-05
0 0.849946 0.703333 0.063922 0.196 2.81269e-05
0 0.985915 0.719333 0.0195016 0.0866667 2.83838e-05
0 0.874052 0.03 0.0200433 0.06 2.84804e-05
0 0.761918 0.0693333 0.0774648 0.138667 2.8963e-05
0 0.689599 0.347333 0.0606717 0.156 2.90381e-05
0 0.272752 0.827333 0.088299 0.270667 2.90934e-05
0 0.0092091 0.966667 0.0119177 0.0666667 2.91519e-05
0 0.668743 0.501333 0.132719 0.485333 2.91649e-05
0 0.943391 0.996667 0.0503792 0.00666667 2.92994e-05
0 0.340195 0.974667 0.0400867 0.0506667 2.93383e-05
0 0.312568 0.0173333 0.0888407 0.0346667 2.95244e-05
0 0.970477 0.841333 0.0406284 0.096 2.96015e-05
0 0.0278982 0.342667 0.0514626 0.232 2.96407e-05
0 0.66143 0.414667 0.0671723 0.154667 2.97235e-05
0 0.0858613 0.0613333 0.0947996 0.104 2.9805e-05
0 0.449079 0.470667 0.056338 0.216 3.00172e-05
0 0.136241 0.486 0.163055 0.286667 3.04627e-05
0 0.536836 0.763333 0.0671723 0.150667 3.04737e-05
0 0.96533 0.967333 0.0693391 0.0653333 3.05145e-05
0 0.026273 0.97 0.052546 0.06 3.09147e-05
0 0.214789 0.958667 0.0785482 0.0826667 3.09298e-05
0 0.418743 0.282 0.144095 0.564 3.11868e-05
0 0.564464 0.819333 0.131094 0.361333 3.12453e-05
0 0.787649 0.462667 0.0541712 0.117333 3.13536e-05
0 0.759751 0.094 0.0622969 0.153333 3.18774e-05
0 0.819068 0.0173333 0.0433369 0.0346667 3.20473e-05
0 0.086403 0.539333 0.172806 0.284 3.21094e-05
0 0.909263 0.976 0.0947996 0.0426667 3.21225e-05
0 0.474269 0.994 0.0807151 0.012 3.22306e-05
0 0.563922 0.203333 0.0780065 0.302667 3.22931e-05
0 0.271127 0.990667 0.0536295 0.0186667 3.23897e-05
0 0.956121 0 0.0520043 0 3.24011e-05
0 0.0752979 1 0.0552546 0 3.24918e-05
0 0.750271 0.908667 0.0888407 0.169333 3.25864e-05
0 0.773835 0.488667 0.0861322 0.185333 3.28399e-05
0 0.927411 1 0.0530878 0 3.28971e-05
0 0.486457 0.946667 0.071506 0.106667 3.29205e-05
0 0.866739 0.994667 0.0541712 0.0106667 3.31678e-05
0 0.755146 0.684667 0.0541712 0.0946667 3.31754e-05
0 0.941495 0.969333 0.0975081 0.0613333 3.32295e-05
0 0.0501083 1 0.0536295 0 3.32873e-05
0 0.87351 0.944 0.105634 0.072 3.33437e-05
0 0.839653 0.846 0.16468 0.217333 3.35132e-05
0 0.982394 0.864 0.0352113 0.08 3.35279e-05
0 0.381365 0.98 0.0585049 0.04 3.36101e-05
0 0.957205 0.018 0.0422535 0.036 3.37625e-05
0 0.662514 0.976667 0.0270856 0.028 3.38556e-05
0 0.754063 0.328 0.0975081 0.130667 3.40438e-05
0 0.710184 0.404 0.105092 0.253333 3.41424e-05
0 0.132449 0.830667 0.14247 0.338667 3.41596e-05
0 0.557151 0.00133333 0.0482123 0.00266667 3.43075e-05
0 0.191224 0.06 0.084507 0.12 3.43827e-05
0 0.322589 0.884 0.0969664 0.189333 3.45991e-05
0 0.716956 0.181333 0.0514626 0.12 3.46011e-05
0 0.660347 0.204 0.106176 0.208 3.4613e-05
0 0.0999458 1 0.0547129 0 3.48068e-05
0 0.97454 0.656667 0.0509209 0.166667 3.48478e-05
0 0.982665 0.89 0.0238353 0.1 3.48926e-05
0 0.620802 0.177333 0.0595883 0.152 3.50552e-05
0 0.738082 0.716667 0.0579632 0.108 3.51062e-05
0 0.87974 0 0.0541712 0 3.5252e-05
0 0.915764 0.996667 0.0503792 0.00666667 3.52875e-05
0 0.0371073 0.257333 0.0742145 0.514667 3.54192e-05
0 0.941495 0.844667 0.11701 0.310667 3.54304e-05
0 0.218039 0.0153333 0.0417118 0.0306667 3.55166e-05
0 0.435265 0.59 0.0947996 0.14 3.57621e-05
0 0.138137 0.996667 0.0509209 0.00666667 3.59094e-05
0 0.511918 0.955333 0.0693391 0.0893333 3.60747e-05
0 0.0116468 0.34 0.0232936 0.210667 3.61324e-05
0 0.553629 0.100667 0.0682557 0.201333 3.63101e-05
0 0.134345 0.699333 0.11701 0.214667 3.63352e-05
0 0.189328 0.996 0.0482123 0.008 3.65925e-05
0 0.222102 0.474667 0.0866739 0.213333 3.68907e-05
0 0.896804 0.036 0.0406284 0.0613333 3.70861e-05
0 0.312839 0.985333 0.0492958 0.0293333 3.7186e-05
0 0.735103 0.0466667 0.0346696 0.064 3.73072e-05
0 0.0530878 0.0826667 0.092091 0.149333 3.74576e-05
0 0.840195 0.0253333 0.100758 0.0506667 3.75296e-05
0 0.462622 0.152 0.0628386 0.258667 3.75438e-05
0 0.422806 0.945333 0.0947996 0.109333 3.76684e-05
0 0.385157 0.458667 0.111593 0.234667 3.77915e-05
0 0.786836 0.214 0.0774648 0.108 3.79424e-05
0 0.0138137 0.942 0.0276273 0.116 3.80303e-05
0 0.681744 0.624667 0.0200433 0.0626667 3.80759e-05
0 0.067714 0.804 0.135428 0.392 3.82005e-05
0 0.0541712 0.888 0.100758 0.173333 3.82283e-05
0 0.50623 0.882 0.0817985 0.236 3.83823e-05
0 0.664139 0.619333 0.0736728 0.150667 3.8624e-05
0 0.875948 0.516 0.0368364 0.0666667 3.86583e-05
0 0.223727 0.0213333 0.0693391 0.0426667 3.8714e-05
0 0.977519 0.232667 0.0449621 0.321333 3.89495e-05
0 0.771939 0.154 0.0823402 0.158667 3.92102e-05
0 0.810672 0.494 0.0850488 0.158667 3.92568e-05
0 0.729686 1 0.0498375 0 3.9319e-05
0 0.536566 0.962667 0.0785482 0.0746667 3.96328e-05
0 0.762188 0.998667 0.0812568 0.00266667 3.98003e-05
0 0.163597 0.996 0.0498375 0.008 3.99105e-05
0 0.417389 0 0.052546 0 4.03379e-05
0 0.96506 0.274667 0.0687974 0.176 4.0505e-05
0 0.291983 0.706 0.197183 0.297333 4.09122e-05
0 0.378657 0.988667 0.0509209 0.0226667 4.09514e-05
0 0.00487541 0.822667 0.00975081 0.146667 4.10902e-05
0 0.805525 0.454 0.0400867 0.0706667 4.11789e-05
0 0.588841 0.158 0.0790899 0.270667 4.11889e-05
0 0.225081 0.995333 0.0828819 0.00933333 4.13891e-05
0 0.661701 0.987333 0.0557963 0.0253333 4.13994e-05
0 0.728332 0.172 0.0915493 0.16 4.14572e-05
0 0.669556 0.501333 0.0790899 0.189333 4.15838e-05
0 0.0899242 0.0666667 0.122427 0.133333 4.17686e-05
0 0.720748 0.01 0.052546 0.02 4.17804e-05
0 0.632449 0.0386667 0.0796316 0.0773333 4.1816e-05
0 0.875948 0.516 0.0725894 0.112 4.19043e-05
0 0.888949 0.723333 0.11701 0.244 4.20386e-05
0 0.980498 0.0326667 0.0390032 0.0653333 4.21035e-05
0 0.66441 0.0413333 0.0796316 0.0826667 4.21338e-05
0 0.459642 0.526 0.0817985 0.137333 4.21342e-05
0 0.833965 0.968667 0.102384 0.0626667 4.2325e-05
0 0.707205 0.242 0.0503792 0.113333 4.23303e-05
0 0.584778 0.972667 0.0969664 0.0546667 4.23638e-05
0 0.47779 0 0.0541712 0 4.24463e-05
0 0.565547 0.514 0.0769231 0.236 4.2631e-05
0 0.233478 0.292 0.15493 0.584 4.26598e-05
0 0.888407 0.186 0.114843 0.372 4.28e-05
0 0.187974 0.996 0.0899242 0.008 4.29831e-05
0 0.79117 0.024 0.1013 0.048 4.2985e-05
0 0.684182 0.991333 0.0368364 0.0173333 4.32882e-05
0 0.242958 0.490667 0.0287107 0.0666667 4.33322e-05
0 0.732394 0.328 0.100758 0.224 4.35154e-05
0 0.952329 0.858667 0.035753 0.0426667 4.3624e-05
0 0.156284 0.610667 0.0915493 0.170667 4.36713e-05
0 0.842362 0.992667 0.0530878 0.0146667 4.39212e-05
0 0.697183 0.988667 0.0444204 0.0226667 4.39527e-05
0 0.333424 0.838 0.17714 0.305333 4.40445e-05
0 0.936349 0.136667 0.0807151 0.110667 4.40671e-05
0 0.972644 0.908 0.0352113 0.0773333 4.41636e-05
0 0.179577 0.00333333 0.0568797 0.00666667 4.42497e-05
0 0.981311 0.232 0.0330444 0.202667 4.42645e-05
0 0.631636 0.206667 0.109426 0.317333 4.4314e-05
0 0.730769 0.0233333 0.0346696 0.0306667 4.4618e-05
0 0.757855 0.05 0.0433369 0.0653333 4.47822e-05
0 0.740791 0.026 0.0969664 0.052 4.48203e-05
0 0.836674 0.106667 0.088299 0.144 4.52389e-05
0 0.47481 0.082 0.0622969 0.164 4.55068e-05
0 0.254334 0.996 0.039545 0.008 4.56633e-05
0 0.314464 0.988667 0.0817985 0.0226667 4.59421e-05
0 0.350488 0.998667 0.0498375 0.00266667 4.6131e-05
0 0.989707 0.207333 0.020585 0.145333 4.6229e-05
0 0.8448 0.014 0.0406284 0.028 4.62318e-05
0 0.714247 0.0393333 0.0276273 0.0466667 4.63655e-05
0 0.387866 0.0353333 0.0335861 0.0573333 4.64407e-05
0 0.436349 0.0366667 0.0839653 0.0733333 4.65376e-05
0 0.675244 0.999333 0.0731311 0.00133333 4.65942e-05
0 0.0831528 0.874 0.131636 0.252 4.66674e-05
0 0.413597 0.516 0.127302 0.274667 4.67759e-05
0 0.263001 0.0133333 0.0926327 0.0266667 4.69522e-05
0 0.693933 1 0.0433369 0 4.70491e-05
0 0.372427 0.422667 0.0514626 0.0933333 4.71247e-05
0 0.80688 0.116667 0.0579632 0.134667 4.729e-05
0 0.605905 0.483333 0.121885 0.417333 4.75434e-05
0 0.489978 0.534 0.0796316 0.142667 4.7561e-05
0 0.0184182 0.296667 0.0368364 0.34 4.75632e-05
0 0.0617551 0.985333 0.101842 0.0293333 4.76424e-05
0 0.719122 0.268667 0.0536295 0.102667 4.7747e-05
0 0.730228 0.982667 0.0520043 0.032 4.78034e-05
0 0.950433 0.394 0.0763814 0.113333 4.79364e-05
0 0.358613 0.288667 0.170098 0.577333 4.80621e-05
0 0.328007 0 0.0536295 0 4.82896e-05
0 0.0292524 0.068 0.0476706 0.109333 4.84068e-05
0 0.71208 0.727333 0.0644637 0.118667 4.85374e-05
0 0.333424 0.927333 0.124052 0.145333 4.86537e-05
0 0.00514626 0.696 0.0102925 0.146667 4.87531e-05
0 0.0238353 0.588667 0.0465872 0.249333 4.88601e-05
0 0.71533 0.339333 0.0666305 0.137333 4.891e-05
0 0.00541712 0.331333 0.0108342 0.142667 4.89134e-05
0 0.795504 0.993333 0.0492958 0.0133333 4.9044e-05
0 0.549296 0.723333 0.0964247 0.105333 4.91314e-05
0 0.335861 0.008 0.0725894 0.016 4.93651e-05
0 0.0260022 0.785333 0.0520043 0.272 4.95117e-05
0 0.674973 0.631333 0.0227519 0.0493333 4.95468e-05
0 0.48104 0.996 0.0465872 0.008 4.96603e-05
0 0.00433369 0.239333 0.00866739 0.145333 4.96647e-05
0 0.634615 0.634667 0.039545 0.0533333 4.97912e-05
0 0.31636 0.973333 0.0411701 0.0506667 4.98317e-05
0 0.859426 0.004 0.0438787 0.008 4.98579e-05
0 0.745666 0.831333 0.0893824 0.337333 5.01362e-05
0 0.891658 0.169333 0.0910076 0.181333 5.09478e-05
0 0.686891 0.416667 0.0682557 0.150667 5.09889e-05
0 0.822319 0.168 0.063922 0.0933333 5.11131e-05
0 0.793066 0 0.0520043 0 5.15737e-05
0 0.634615 0.837333 0.117551 0.325333 5.17947e-05
0 0.0828819 0.0106667 0.0769231 0.0213333 5.18396e-05
0 0.945016 0.206667 0.0698808 0.376 5.18512e-05
0 0.69312 0.975333 0.0796316 0.0493333 5.22338e-05
0 0.592091 0 0.0520043 0 5.25487e-05
0 0.0130011 0.890667 0.0260022 0.197333 5.2577e-05
0 0.902492 1 0.0530878 0 5.27443e-05
0 0.909263 0.502 0.0482123 0.0546667 5.30653e-05
0 0.381907 0.959333 0.0877573 0.0813333 5.32058e-05
0 0.566089 0.852667 0.0790899 0.18 5.33443e-05
0 0.413868 0.00866667 0.0660888 0.0173333 5.34512e-05
0 0.0373781 0.756667 0.0747562 0.486667 5.35638e-05
0 0.222914 0.505333 0.0547129 0.125333 5.35725e-05
0 0.873781 0.966667 0.100758 0.0453333 5.36424e-05
0 0.970748 0.0206667 0.035753 0.0413333 5.39944e-05
0 0.783586 0.104 0.0622969 0.144 5.43348e-05
0 0.531419 0.484667 0.125677 0.433333 5.43574e-05
0 0.50623 0.995333 0.0471289 0.00933333 5.4467e-05
0 0.428494 0.995333 0.0509209 0.00933333 5.45019e-05
0 0.374865 0.802667 0.20585 0.394667 5.50206e-05
0 0.215601 0.994 0.0476706 0.012 5.52602e-05
0 0.097779 0.03 0.1013 0.06 5.52632e-05
0 0.976436 0.590667 0.0471289 0.197333 5.53167e-05
0 0.709913 0.22 0.0817985 0.261333 5.54511e-05
0 0.553088 0.096 0.0487541 0.130667 5.54795e-05
0 0.469664 0.156 0.0400867 0.130667 5.57087e-05
0 0.0628386 0 0.0552546 0 5.62748e-05
0 0.0869447 0 0.0547129 0 5.63532e-05
0 0.00622969 0.942 0.0102925 0.116 5.66248e-05
0 0.962351 0.026 0.0752979 0.052 5.67046e-05
0 0.488624 0.989333 0.0780065 0.0213333 5.70765e-05
0 0.831528 0 0.0520043 0 5.71993e-05
0 0.708288 0.816 0.100217 0.138667 5.74241e-05
0 0.440141 0 0.0536295 0 5.76498e-05
0 0.0148971 0.014 0.0297941 0.028 5.77035e-05
0 0.277356 0 0.0552546 0 5.83626e-05
0 0.567714 0.997333 0.0520043 0.00533333 5.84931e-05
0 0.75623 0.982 0.0574215 0.036 5.87009e-05
0 0.907096 0.980667 0.0807151 0.0386667 5.89409e-05
0 0.0189599 0.165333 0.0379198 0.296 5.89515e-05
0 0.646262 0.872667 0.0585049 0.254667 5.9081e-05
0 0.0365655 0.346667 0.0731311 0.386667 5.93843e-05
0 0.712351 0.98 0.0628386 0.04 5.939e-05
0 0.160888 0.0246667 0.101842 0.0493333 5.97142e-05
0 0.454767 0.996667 0.0503792 0.00666667 6.00981e-05
0 0.931203 0.002 0.0487541 0.004 6.01305e-05
0 0.377302 1 0.0514626 0 6.04172e-05
0 0.503521 0 0.0536295 0 6.08689e-05
0 0.662243 0.987333 0.0763814 0.0253333 6.09234e-05
0 0.0067714 0.0646667 0.0124594 0.121333 6.11221e-05
0 0.744583 0.002 0.0503792 0.004 6.12379e-05
0 0.669556 0.991333 0.035753 0.0173333 6.1637e-05
0 0.358072 0.994667 0.0899242 0.0106667 6.18456e-05
0 0.00866739 0.0173333 0.0173348 0.0346667 6.18609e-05
0 0.0617551 0.409333 0.12351 0.317333 6.22376e-05
0 0.00595883 0.393333 0.0119177 0.141333 6.24095e-05
0 0.0105634 0.906 0.0146262 0.188 6.25126e-05
0 0.361863 0.892 0.12026 0.170667 6.28096e-05
0 0.112134 0 0.0552546 0 6.32103e-05
0 0.914951 0.493333 0.0780065 0.141333 6.32933e-05
0 0.0327736 0.214667 0.0655471 0.349333 6.3795e-05
0 0.713705 0.958 0.0666305 0.0626667 6.40966e-05
0 0.361051 0.00533333 0.0720477 0.0106667 6.44517e-05
0 0.419285 0.823333 0.0834236 0.276 6.4471e-05
0 0.972102 0.788 0.0557963 0.165333 6.45172e-05
0 0.662784 0.887333 0.0297941 0.156 6.47941e-05
0 0.986728 0.505333 0.024377 0.0933333 6.50302e-05
0 0.226165 0.482 0.100217 0.0973333 6.52146e-05
0 0.752438 1 0.0476706 0 6.57207e-05
0 0.889762 0.323333 0.0178765 0.0146667 6.59609e-05
0 0.558505 0.0586667 0.0400867 0.0746667 6.61529e-05
0 0.929036 0 0.0541712 0 6.6303e-05
0 0.0130011 0.00133333 0.0260022 0.00266667 6.63143e-05
0 0.26896 0.996 0.039545 0.008 6.66167e-05
0 0.206121 0.00266667 0.0568797 0.00533333 6.68013e-05
0 0.125948 1 0.0547129 0 6.71746e-05
0 0.00622969 0.904 0.0124594 0.192 6.74134e-05
0 0.157367 0.526 0.310401 0.686667 6.76377e-05
0 0.300108 0.992 0.0855905 0.016 6.80624e-05
0 0.839924 0.921333 0.114301 0.157333 6.81085e-05
0 0.768689 0 0.0520043 0 6.82031e-05
0 0.990249 0.108 0.0195016 0.112 6.89804e-05
0 0.415222 0.518 0.105634 0.148 6.90218e-05
0 0.404659 0.994 0.0520043 0.012 6.94371e-05
0 0.543608 0.124667 0.0406284 0.102667 6.9586e-05
0 0.566631 0 0.0530878 0 6.96827e-05
0 0.698808 0.832 0.0498375 0.144 6.99981e-05
0 0.11701 0.016 0.112676 0.032 7.00853e-05
0 0.657367 0.993333 0.039545 0.0133333 7.01515e-05
0 0.436078 0.994 0.0899242 0.012 7.02872e-05
0 0.312297 0.996667 0.0503792 0.00666667 7.0736e-05
0 0.983478 0.766667 0.0330444 0.306667 7.08896e-05
0 0.974269 0.514667 0.0482123 0.170667 7.09506e-05
0 0.410347 0.637333 0.0980498 0.181333 7.0997e-05
0 0.00731311 0.114667 0.0146262 0.184 7.10878e-05
0 0.0314193 0.954 0.0628386 0.092 7.1337e-05
0 0.6552 1 0.0438787 0 7.15827e-05
0 0.302546 0 0.0547129 0 7.16058e-05
0 0.0368364 0.482 0.0736728 0.342667 7.18275e-05
0 0.878657 1 0.0541712 0 7.20054e-05
0 0.00650054 0.204 0.0130011 0.218667 7.26175e-05
0 0.00622969 0.636667 0.0124594 0.145333 7.28084e-05
0 0.898429 0.00266667 0.095883 0.00533333 7.29592e-05
0 0.713705 0.0246667 0.0092091 0.02 7.30453e-05
0 0.941766 0.0166667 0.0427952 0.0333333 7.34191e-05
0 0.0398158 0.026 0.0796316 0.052 7.39533e-05
0 0.811484 0.0226667 0.0660888 0.0453333 7.44653e-05
0 0.489166 0.0113333 0.0704225 0.0226667 7.47811e-05
0 0.630011 0 0.0520043 0 7.51885e-05
0 0.680119 0 0.052546 0 7.52231e-05
0 0.476977 0.0866667 0.031961 0.0693333 7.52703e-05
0 0.280336 0.992 0.0449621 0.016 7.5296e-05
0 0.780607 0.018 0.0455038 0.036 7.546e-05
0 0.654388 0 0.0520043 0 7.6649e-05
0 0.488353 0.0826667 0.0308776 0.0773333 7.74957e-05
0 0.241333 0.996 0.0406284 0.008 7.76675e-05
0 0.853738 0 0.0541712 0 7.83012e-05
0 0.00704225 0.293333 0.0140845 0.242667 7.8698e-05
0 0.86701 0.0166667 0.0514626 0.0333333 7.88766e-05
0 0.00568797 0.574 0.0113759 0.145333 7.89528e-05
0 0.392199 0.984667 0.0888407 0.0306667 7.91456e-05
0 0.379469 0.93 0.106717 0.14 7.91535e-05
0 0.0121885 0.765333 0.024377 0.269333 7.93209e-05
0 0.983478 0.477333 0.0330444 0.128 7.96098e-05
0 0.735915 0.951333 0.0763814 0.0973333 7.96264e-05
0 0.602384 0.479333 0.0801734 0.190667 8.02306e-05
0 0.893283 0.316667 0.0151679 0.0386667 8.04463e-05
0 0.664139 0.00466667 0.0671723 0.00933333 8.04523e-05
0 0.903034 0 0.0552546 0 8.06829e-05
0 0.559588 0.038 0.0660888 0.076 8.07697e-05
0 0.125406 1 0.0904659 0 8.09342e-05
0 0.732394 0.0306667 0.0660888 0.0613333 8.0986e-05
0 0.852384 0.677333 0.0482123 0.106667 8.19632e-05
0 0.854009 1 0.0547129 0 8.21787e-05
0 0.289274 0.014 0.0899242 0.028 8.2434e-05
0 0.0192308 0.428 0.0384615 0.298667 8.27694e-05
0 0.409263 0.468667 0.095883 0.14 8.28198e-05
0 0.961268 0.996667 0.0709642 0.00666667 8.3067e-05
0 0.708559 0.986667 0.0455038 0.0266667 8.3102e-05
0 0.613759 0.004 0.0650054 0.008 8.33527e-05
0 0.716956 0 0.0536295 0 8.40323e-05
0 0.618093 0.998 0.0498375 0.004 8.40657e-05
0 0.0100217 0.368667 0.0146262 0.257333 8.4301e-05
0 0.749729 0.963333 0.0465872 0.0626667 8.46957e-05
0 0.537378 0.993333 0.0769231 0.0133333 8.56749e-05
0 0.52844 0 0.0536295 0 8.62685e-05
0 0.597779 0.744 0.10455 0.328 8.63416e-05
0 0.00650054 0.454 0.0130011 0.142667 8.64915e-05
0 0.539274 0.00666667 0.0698808 0.0133333 8.66847e-05
0 0.37026 0.446 0.74052 0.892 8.67284e-05
0 0.456121 0.442 0.0379198 0.110667 8.69557e-05
0 0.0308776 0.108667 0.0617551 0.217333 8.71939e-05
0 0.730769 0.233333 0.0942579 0.136 8.76133e-05
0 0.751625 0.275333 0.0937161 0.126667 8.77933e-05
0 0.912784 0.0333333 0.0964247 0.0666667 8.82269e-05
0 0.244041 0.688 0.488082 0.624 8.97909e-05
0 0.56338 0.720667 0.0541712 0.068 9.12124e-05
0 0.586674 0.004 0.0660888 0.008 9.14246e-05
0 0.98104 0.985333 0.0379198 0.0293333 9.16539e-05
0 0.983749 0.016 0.0325027 0.032 9.17072e-05
0 0.505688 0.0386667 0.0774648 0.0773333 9.21241e-05
0 0.759751 0.705333 0.0341278 0.0666667 9.25197e-05
0 0.030065 0.878 0.06013 0.244 9.28052e-05
0 0.471018 0.0953333 0.0406284 0.126667 9.28726e-05
0 0.984832 0.969333 0.0260022 0.0613333 9.30438e-05
0 0.241333 0.990667 0.0752979 0.0186667 9.3505e-05
0 0.953955 1 0.0530878 0 9.37475e-05
0 0.590466 0.998 0.0520043 0.004 9.46742e-05
0 0.151679 1 0.0530878 0 9.47123e-05
0 0.0189599 1 0.0379198 0 9.47172e-05
0 0.0869447 1 0.0947996 0 9.53211e-05
0 0.438245 0 0.0866739 0 9.55036e-05
0 0.447725 0.465333 0.0449621 0.088 9.56653e-05
0 0.137595 0 0.056338 0 9.59437e-05
0 0.375677 0.0686667 0.0449621 0.137333 9.59539e-05
0 0.713976 0.0306667 0.00758397 0.0133333 9.63381e-05
0 0.557963 0.028 0.0400867 0.0453333 9.64825e-05
0 0.362947 0.696 0.138678 0.24 9.68706e-05
0 0.886511 0.32 0.0384615 0.0613333 9.69892e-05
0 0.904117 0.828 0.0379198 0.032 9.70805e-05
0 0.530607 0.994667 0.0492958 0.0106667 9.79527e-05
0 0.551192 0.372667 0.0536295 0.108 9.80996e-05
0 0.989166 0.72 0.0119177 0.128 9.90729e-05
0 0.719664 0.0133333 0.031961 0.0266667 9.97098e-05
0 0.0579632 0.00333333 0.0855905 0.00666667 0.000102484
0 0.164139 0 0.0574215 0 0.000103256
0 0.384886 0.0126667 0.0644637 0.0253333 0.000103491
0 0.00812568 0.832667 0.0130011 0.270667 0.000103495
0 0.533586 0.48 0.0823402 0.194667 0.000105277
0 0.910618 0.688 0.0530878 0.096 0.000105353
0 0.714789 0.00933333 0.067714 0.0186667 0.000106008
0 0.0154388 0.0986667 0.0297941 0.176 0.000106141
0 0.176869 1 0.0514626 0 0.000106232
0 0.841278 0.955333 0.149512 0.0893333 0.000106447
0 0.729957 0.324 0.0536295 0.0933333 0.000106701
0 0.575298 0.996667 0.092091 0.00666667 0.000107309
0 0.643554 0.994667 0.0465872 0.0106667 0.000107495
0 0.98727 0.004 0.0254605 0.008 0.000108392
0 0.919827 0.481333 0.0260022 0.0213333 0.000109329
0 0.0124594 0.475333 0.0249187 0.225333 0.000109434
0 0.985915 0.110667 0.028169 0.221333 0.000109538
0 0.251083 1 0.0742145 0 0.000109567
0 0.513001 1 0.0790899 0 0.000109963
0 0.894637 0.498 0.0655471 0.0786667 0.000111343
0 0.726165 0.662667 0.0189599 0.0586667 0.00011155
0 0.00839653 0.709333 0.0146262 0.277333 0.000112091
0 0.113759 0.746667 0.227519 0.506667 0.00011264
0 0.239707 0 0.0557963 0 0.000113729
0 0.947725 0.873333 0.0807151 0.144 0.000114068
0 0.0186891 0.986 0.0373781 0.028 0.000114687
0 0.792795 1 0.0514626 0 0.000114754
0 0.138949 0.008 0.107801 0.016 0.00011732
0 0.689057 0 0.0812568 0 0.000118088
0 0.491603 1 0.0492958 0 0.000118724
0 0.164139 0.998 0.113759 0.004 0.000120126
0 0.0092091 1 0.0184182 0 0.000120837
0 0.397075 0.768667 0.110509 0.278667 0.000121148
0 0.0195016 0.00533333 0.0390032 0.0106667 0.000121857
0 0.741603 0 0.0541712 0 0.000122381
0 0.202329 1 0.0503792 0 0.00012249
0 0.713434 0.0286667 0.0195016 0.0333333 0.00012254
0 0.801733 0.999333 0.0888407 0.00133333 0.000123397
0 0.631636 0.996667 0.0498375 0.00666667 0.000123671
0 0.682557 0.427333 0.634886 0.854667 0.000124417
0 0.981853 0.000666667 0.0362947 0.00133333 0.000127049
0 0.00541712 0.79 0.0108342 0.281333 0.000128502
0 0.0067714 0.514 0.0135428 0.148 0.000128543
0 0.36701 0.722 0.622427 0.556 0.000128759
0 0.56636 1 0.052546 0 0.0001296
0 0.00785482 0.45 0.0124594 0.26 0.000130253
0 0.989166 0.664667 0.0184182 0.102667 0.000130678
0 0.427411 1 0.0530878 0 0.000130722
0 0.972102 0.948 0.0557963 0.104 0.000131212
0 0.401408 0.0433333 0.0628386 0.0866667 0.000133254
0 0.766522 0 0.0541712 0 0.000133701
0 0.828007 0 0.0547129 0 0.000133751
0 0.985374 0.588 0.0292524 0.290667 0.000134255
0 0.752438 0.987333 0.0444204 0.0253333 0.000134357
0 0.757042 0.02 0.0438787 0.04 0.000135787
0 0.00650054 0.605333 0.0119177 0.28 0.000135953
0 0.217768 0.5 0.435536 1 0.000136678
0 0.637866 0 0.0763814 0 0.000137614
0 0.799025 0.186 0.0552546 0.0813333 0.000138765
0 0.452871 1 0.0530878 0 0.000138934
0 0.690683 0.832 0.0975081 0.317333 0.000138978
0 0.716956 0.0193333 0.0211268 0.02 0.000139021
0 0.968852 0.994667 0.0471289 0.0106667 0.000139128
0 0.990249 0.716 0.0195016 0.208 0.000141631
0 0.949621 1 0.0888407 0 0.000141646
0 0.312026 0 0.0985916 0 0.000141911
0 0.919014 0.480667 0.0406284 0.068 0.000142445
0 0.403846 1 0.0536295 0 0.000142898
0 0.299837 0.282 0.147887 0.564 0.000143227
0 0.988353 0.831333 0.0157096 0.126667 0.000143402
0 0.290358 1 0.0509209 0 0.000144317
0 0.636782 0.994 0.0774648 0.012 0.000144619
0 0.513272 0 0.0893824 0 0.000145596
0 0.982394 0.888 0.0352113 0.224 0.00014576
0 0.0614843 0.036 0.10455 0.072 0.000146563
0 0.381094 0.452667 0.0460455 0.108 0.000147857
0 0.265981 1 0.0465872 0 0.000148807
0 0.953413 0 0.0552546 0 0.000149257
0 0.235103 0.478667 0.0422535 0.114667 0.000149438
0 0.589653 1 0.0536295 0 0.000149779
0 0.188787 0 0.0568797 0 0.000153011
0 0.0176056 0.664 0.0352113 0.376 0.000153032
0 0.283586 0.261333 0.127302 0.285333 0.000153115
0 0.165222 0.02 0.11701 0.04 0.000153162
0 0.343716 0.519333 0.187974 0.26 0.000153849
0 0.906555 0.006 0.0514626 0.012 0.000156334
0 0.840195 0.014 0.0769231 0.028 0.000157003
0 0.813922 0.991333 0.052546 0.0173333 0.000157098
0 0.550379 1 0.0780065 0 0.000159901
0 0.562297 0 0.0801734 0 0.000160085
0 0.0162514 0.0526667 0.0325027 0.105333 0.000160327
0 0.886782 0.332 0.0292524 0.0346667 0.00016146
0 0.528982 1 0.0503792 0 0.000163367
0 0.790358 0 0.0552546 0 0.00016349
0 0.46208 1 0.0855905 0 0.00016448
0 0.989437 0.570667 0.0167931 0.141333 0.000165847
0 0.62974 1 0.0503792 0 0.000167427
0 0.889762 0.318 0.0362947 0.0306667 0.000169772
0 0.240791 1 0.0438787 0 0.000170377
0 0.763001 0.026 0.0763814 0.052 0.000170806
0 0.216685 0.026 0.0942579 0.052 0.000172859
0 0.986186 0.0393333 0.0276273 0.0786667 0.000175001
0 0.862947 0.988667 0.110509 0.0226667 0.000176246
0 0.854821 0.675333 0.111593 0.129333 0.000177102
0 0.875948 1 0.0942579 0 0.000178821
0 0.729686 0.296 0.071506 0.104 0.00017955
0 0.0100217 0.65 0.0200433 0.257333 0.00018008
0 0.920098 0.0353333 0.0427952 0.0413333 0.000181234
0 0.566631 0.5 0.71506 1 0.0001815
0 0.0991333 0.0106667 0.110509 0.0213333 0.000183142
0 0.815547 0.00933333 0.0763814 0.0186667 0.000184931
0 0.288462 1 0.0893824 0 0.000185996
0 0.0368364 0.991333 0.0736728 0.0173333 0.000190773
0 0.637324 1 0.0774648 0 0.000191498
0 0.971018 0.0273333 0.0579632 0.0546667 0.000195722
0 0.854821 0.75 0.16468 0.358667 0.000201685
0 0.187703 0.00666667 0.0947996 0.0133333 0.00020366
0 0.225081 0.006 0.0796316 0.012 0.000206399
0 0.138407 0 0.158722 0 0.000212845
0 0.972102 0.884667 0.0514626 0.1 0.000216511
0 0.570964 0.734 0.0704225 0.190667 0.000218286
0 0.214247 0 0.0568797 0 0.000218447
0 0.611051 0.996667 0.0964247 0.00666667 0.000218984
0 0.862676 0.00866667 0.0807151 0.0173333 0.000220996
0 0.766793 0.00866667 0.0752979 0.0173333 0.000223636
0 0.0273564 1 0.0536295 0 0.000224119
0 0.171993 0.624 0.343987 0.752 0.000224498
0 0.213434 1 0.0910076 0 0.000230523
0 0.80688 0.184667 0.0232936 0.036 0.000230608
0 0.989166 0.608667 0.0119177 0.126667 0.00023435
0 0.48104 0.04 0.0433369 0.056 0.000238717
0 0.916306 0.488667 0.0222102 0.0253333 0.000239979
0 0.976436 0 0.0471289 0 0.000243889
0 0.262189 0 0.126761 0 0.0002469
0 0.886782 0.328667 0.0260022 0.0173333 0.000247636
0 0.311213 0.424667 0.475081 0.849333 0.000251812
0 0.814193 1 0.0552546 0 0.000254296
0 0.989437 0.881333 0.0211268 0.138667 0.000262091
0 0.985374 0.0246667 0.0292524 0.0466667 0.000263091
0 0.815276 0.855333 0.216685 0.289333 0.000276188
0 0.00975081 0.524667 0.0151679 0.273333 0.000280034
0 0.989437 0.962 0.0146262 0.076 0.000280845
0 0.411972 0.998667 0.0915493 0.00266667 0.000286097
0 0.97156 1 0.0568797 0 0.000288883
0 0.837757 0.00133333 0.095883 0.00266667 0.000294596
0 0.911972 1 0.100217 0 0.000300956
0 0.872698 0.01 0.0455038 0.02 0.000315395
0 0.815547 0.903333 0.176056 0.18 0.000318285
0 0.987541 0.0126667 0.0216685 0.0253333 0.0003209
0 0.599675 1 0.0888407 0 0.000323672
0 0.739978 0.00333333 0.0877573 0.00666667 0.000323998
0 0.0322319 0.0406667 0.0644637 0.0813333 0.000329702
0 0.986728 0.932667 0.0265439 0.134667 0.000330589
0 0.823131 0.986 0.100217 0.028 0.000345822
0 0.964518 0.000666667 0.0709642 0.00133333 0.000350441
0 0.92714 0.0226667 0.0709642 0.0453333 0.000352832
0 0.923348 0.996 0.111051 0.008 0.000352867
0 0.966956 0.388667 0.035753 0.0973333 0.000356257
0 0.836403 0.998667 0.0985916 0.00266667 0.000363937
0 0.977248 0.307333 0.0455038 0.156 0.000372766
0 0.96506 0.861333 0.039545 0.0533333 0.000384241
0 0.689599 0.87 0.0530878 0.241333 0.000399617
0 0.884615 0.014 0.0379198 0.028 0.000405124
0 0.788732 0 0.0953413 0 0.000410308
0 0.212893 0 0.134345 0 0.000416787
0 0.0349404 0.01 0.0622969 0.02 0.000426045
0 0.436349 0.5 0.872698 1 0.0004282
0 0.451246 0.464667 0.0303359 0.052 0.000433134
0 0.938516 0.004 0.088299 0.008 0.000443536
0 0.988895 0.269333 0.0222102 0.189333 0.000456685
0 0.983478 0.992667 0.0308776 0.0146667 0.00045707
0 0.3448 0.531333 0.232394 0.612 0.000470335
0 0.991062 0.506667 0.0178765 0.178667 0.000475734
0 0.926869 0.0193333 0.0390032 0.0386667 0.000483018
0 0.979957 0.432 0.0400867 0.138667 0.000510989
0 0.96506 0.354 0.0655471 0.150667 0.000543787
0 0.872427 0.0146667 0.0211268 0.0266667 0.000544135
0 0.810672 0.174667 0.031961 0.0426667 0.000576613
0 0.991333 0.658 0.0162514 0.204 0.000583595
0 0.991874 1 0.0162514 0 0.00058727
0 0.990249 0.0573333 0.0195016 0.106667 0.000594361
0 0.723727 0.554667 0.552546 0.890667 0.00064437
0 0.0265439 0 0.0530878 0 0.000647164
0 0.875677 0.014 0.0113759 0.02 0.000688158
0 0.324485 0.643333 0.397616 0.713333 0.000690359
0 0.968039 0.376 0.063922 0.266667 0.000713321
0 0.716414 0.882 0.0590466 0.164 0.000720904
0 0.987541 0.918667 0.0151679 0.125333 0.000748181
0 0.325027 0.726 0.230769 0.510667 0.000759584
0 0.912784 0.0106667 0.0888407 0.0213333 0.000769911
0 0.880823 0.012 0.0249187 0.024 0.000787315
0 0.347508 0.594 0.695016 0.812 0.000798311
0 0.731853 0.97 0.0725894 0.06 0.000810058
0 0.858613 0.728667 0.139762 0.156 0.000810386
0 0.896533 0.0126667 0.0455038 0.0253333 0.000810883
0 0.481582 0.064 0.0314193 0.0613333 0.000919605
0 0.98429 0.348667 0.0314193 0.110667 0.000961641
0 0.376761 0.0506667 0.031961 0.0666667 0.000996634
0 0.832882 0.5 0.334236 1 0.00100034
0 0.586403 0.388 0.0482123 0.0933333 0.00104047
0 0.98104 1 0.0379198 0 0.00106018
0 0.989437 0.0346667 0.0157096 0.0693333 0.00107436
0 0.586945 0.728 0.0698808 0.114667 0.00110967
0 0.575027 0.386 0.107801 0.244 0.00115894
0 0.386511 0.056 0.0211268 0.048 0.00117858
0 0.909534 0.0213333 0.0650054 0.0426667 0.00128939
0 0.987541 0.986667 0.0151679 0.0266667 0.00131897
0 0.569068 0.498667 0.494583 0.997333 0.00144432
0 0.673619 0.882667 0.0384615 0.216 0.00148845
0 0.377573 0.0566667 0.0173348 0.052 0.00203119
0 0.881094 0.692 0.0568797 0.096 0.00236317
0 0.381636 0.0466667 0.0178765 0.0506667 0.00498205
0 0.847508 0.646 0.304984 0.708 0.0107023
0 0.578819 0.73 0.0460455 0.076 0.0184076
0 0.896262 0.259333 0.207476 0.518667 0.0194312
0 0.72156 0.808 0.208017 0.384 0.0268322
0 0.725352 0.931333 0.0866739 0.113333 0.0434971
0 0.572319 0.387333 0.0817985 0.129333 0.0834124
0 0.720748 0.888667 0.107801 0.222667 0.829223
0 0.979144 0.378667 0.0417118 0.088 0.870428
0 0.934995 0.214667 0.0725894 0.202667 0.911266
0 0.886241 0.692 0.107259 0.117333 0.922757
