0 0.236186 0.092 0.0314193 0.0853333 1.21153e-05
0 0.37026 0.152 0.0384615 0.0933333 1.21598e-05
0 0.607259 0.832667 0.0758397 0.334667 1.21809e-05
0 0.977519 0.799333 0.0287107 0.0813333 1.21988e-05
0 0.682015 0.41 0.0574215 0.145333 1.22259e-05
0 0.170098 0.114 0.0487541 0.116 1.22266e-05
0 0.869447 0.855333 0.0801734 0.172 1.22591e-05
0 0.978602 0.636667 0.0265439 0.1 1.22784e-05
0 0.383261 0.0526667 0.0482123 0.0626667 1.22794e-05
0 0.222102 0.438 0.0455038 0.113333 1.24587e-05
0 0.641658 0.237333 0.039545 0.141333 1.24999e-05
0 0.466956 0.916667 0.0660888 0.166667 1.25025e-05
0 0.979415 0.669333 0.020585 0.0773333 1.25106e-05
0 0.485103 0.790667 0.0839653 0.141333 1.25529e-05
0 0.0999458 1 0.0536295 0 1.25736e-05
0 0.651408 0.102667 0.0547129 0.205333 1.25799e-05
0 0.482394 0.562 0.0612134 0.124 1.26503e-05
0 0.400867 0.494 0.0650054 0.121333 1.27196e-05
0 0.941766 0.72 0.0297941 0.024 1.27318e-05
0 0.12026 0.640667 0.0942579 0.230667 1.27385e-05
0 0.91143 0.271333 0.0612134 0.166667 1.27399e-05
0 0.596696 0.929333 0.00812568 0.024 1.27702e-05
0 0.356446 0.42 0.100758 0.176 1.27705e-05
0 0.71506 0.0673333 0.0812568 0.134667 1.28392e-05
0 0.232936 0.943333 0.0422535 0.0893333 1.28455e-05
0 0.36078 0.352667 0.0942579 0.177333 1.28891e-05
0 0.903034 0.822667 0.0260022 0.0266667 1.29275e-05
0 0.908451 0.397333 0.0769231 0.274667 1.29504e-05
0 0.393824 0.792667 0.0400867 0.118667 1.29714e-05
0 0.906013 0.101333 0.0752979 0.128 1.30167e-05
0 0.28169 0.118667 0.0455038 0.0746667 1.3033e-05
0 0.669014 0.210667 0.134345 0.421333 1.3033e-05
0 0.684724 0.672 0.0455038 0.122667 1.30344e-05
0 0.605905 0.338 0.0406284 0.0253333 1.30707e-05
0 0.437703 0.835333 0.0866739 0.158667 1.30842e-05
0 0.526002 0.622667 0.00866739 0.0186667 1.30973e-05
0 0.0687974 0.535333 0.0671723 0.257333 1.31071e-05
0 0.83234 0.324 0.0254605 0.0586667 1.31264e-05
0 0.36701 0.161333 0.0742145 0.173333 1.31476e-05
0 0.564464 0.418667 0.0617551 0.125333 1.32134e-05
0 0.90195 0.994 0.063922 0.012 1.32313e-05
0 0.745666 0.0293333 0.0297941 0.0586667 1.32428e-05
0 0.641928 0.159333 0.0530878 0.156 1.3245e-05
0 0.15493 0.439333 0.056338 0.145333 1.32532e-05
0 0.136511 0.221333 0.143012 0.442667 1.32563e-05
0 0.683911 0.314667 0.0666305 0.138667 1.32855e-05
0 0.63299 0.714 0.0449621 0.121333 1.32922e-05
0 0.257313 0.974 0.035753 0.0226667 1.33169e-05
0 0.609697 0.644667 0.0189599 0.084 1.3324e-05
0 0.364572 0.99 0.0498375 0.02 1.33272e-05
0 0.368635 0.628 0.179307 0.6 1.33684e-05
0 0.734561 0.024 0.0314193 0.048 1.33831e-05
0 0.20883 0.403333 0.0352113 0.124 1.34091e-05
0 0.605905 1 0.0666305 0 1.34298e-05
0 0.666306 0.927333 0.0574215 0.145333 1.34455e-05
0 0.207476 0.088 0.0325027 0.0986667 1.34699e-05
0 0.532232 0.0833333 0.0557963 0.110667 1.35087e-05
0 0.583694 0.772 0.0752979 0.178667 1.35212e-05
0 0.462351 0.605333 0.1013 0.0986667 1.35695e-05
0 0.611863 0.223333 0.0763814 0.233333 1.36155e-05
0 0.752979 0.134 0.0910076 0.126667 1.3644e-05
0 0.947996 0.598 0.0530878 0.190667 1.36878e-05
0 0.583153 0.430667 0.067714 0.197333 1.37015e-05
0 0.855905 0.278 0.136511 0.556 1.37323e-05
0 0.247833 0.919333 0.0373781 0.116 1.38342e-05
0 0.159805 0.886667 0.0866739 0.173333 1.38814e-05
0 0.363759 0.404 0.154388 0.530667 1.38938e-05
0 0.532232 0.0446667 0.0460455 0.0706667 1.39136e-05
0 0.950704 0.355333 0.0270856 0.116 1.39238e-05
0 0.213434 0.693333 0.084507 0.213333 1.39277e-05
0 0.297129 0.275333 0.0449621 0.113333 1.39395e-05
0 0.257313 0.886 0.0400867 0.108 1.39486e-05
0 0.536024 0.164 0.0752979 0.248 1.39587e-05
0 0.618093 0.283333 0.139762 0.566667 1.39939e-05
0 0.086403 0.112 0.147887 0.224 1.41521e-05
0 0.247291 0.824667 0.0449621 0.228 1.41688e-05
0 0.285482 0.161333 0.0877573 0.152 1.41989e-05
0 0.865926 0.0226667 0.039545 0.0453333 1.4202e-05
0 0.70585 0.316667 0.0693391 0.281333 1.42153e-05
0 0.717497 0.002 0.0460455 0.004 1.43713e-05
0 0.788191 0.971333 0.0270856 0.044 1.43809e-05
0 0.617822 0.018 0.0417118 0.036 1.44051e-05
0 0.906826 1 0.0368364 0 1.44103e-05
0 0.647887 0.779333 0.0173348 0.0813333 1.44401e-05
0 0.81013 0.258667 0.125135 0.469333 1.44469e-05
0 0.211538 0.280667 0.0471289 0.201333 1.44886e-05
0 0.641387 0.786667 0.0303359 0.109333 1.44896e-05
0 0.362676 0.28 0.0872156 0.189333 1.4507e-05
0 0.940141 0.384667 0.0752979 0.188 1.4558e-05
0 0.690141 0.956667 0.0747562 0.0866667 1.45903e-05
0 0.267606 0.917333 0.0411701 0.122667 1.46179e-05
0 0.709642 0.403333 0.0541712 0.153333 1.46518e-05
0 0.484019 0.948 0.0579632 0.0773333 1.46624e-05
0 0.510022 0.161333 0.0742145 0.272 1.46729e-05
0 0.209913 0.895333 0.0752979 0.188 1.4698e-05
0 0.358072 0.219333 0.0682557 0.201333 1.47293e-05
0 0.579361 0.078 0.0471289 0.102667 1.48109e-05
0 0.113759 0.969333 0.152763 0.0613333 1.48414e-05
0 0.783857 0.01 0.0444204 0.02 1.48453e-05
0 0.624594 0.554667 0.0444204 0.138667 1.48651e-05
0 0.807963 0.944667 0.0991333 0.110667 1.48719e-05
0 0.932557 0.997333 0.0590466 0.00533333 1.48768e-05
0 0.184182 0.416667 0.113759 0.476 1.48962e-05
0 0.692849 0.179333 0.0693391 0.134667 1.49105e-05
0 0.948537 0.271333 0.0390032 0.190667 1.49271e-05
0 0.461809 0.640667 0.0839653 0.116 1.49897e-05
0 0.618364 0.994 0.0417118 0.012 1.50653e-05
0 0.213164 0.151333 0.0492958 0.198667 1.50881e-05
0 0.232665 0.977333 0.0406284 0.04 1.52052e-05
0 0.863218 0.220667 0.0731311 0.169333 1.52673e-05
0 0.221831 0.499333 0.0503792 0.110667 1.53553e-05
0 0.341549 0.938 0.0417118 0.0733333 1.53911e-05
0 0.198267 0.547333 0.0433369 0.126667 1.53933e-05
0 0.88597 0.984 0.0287107 0.032 1.54263e-05
0 0.558234 0.966 0.0872156 0.068 1.54748e-05
0 0.788462 0.405333 0.039545 0.0213333 1.5499e-05
0 0.432286 0.974 0.035753 0.0413333 1.54995e-05
0 0.0823402 0.606667 0.0855905 0.234667 1.55021e-05
0 0.562297 0.697333 0.0162514 0.0266667 1.55287e-05
0 0.0427952 0.0206667 0.0509209 0.0413333 1.55596e-05
0 0.989166 0.236667 0.0216685 0.190667 1.56301e-05
0 0.0950704 0.509333 0.0904659 0.24 1.56643e-05
0 0.209913 0.342 0.0330444 0.118667 1.56847e-05
0 0.153034 0.609333 0.0557963 0.146667 1.56944e-05
0 0.563109 0.732 0.127302 0.536 1.57025e-05
0 0.595612 0.893333 0.0406284 0.213333 1.57085e-05
0 0.841549 0.992 0.0427952 0.016 1.57229e-05
0 0.252167 0.645333 0.0947996 0.186667 1.58508e-05
0 0.459913 0.642667 0.0975081 0.24 1.58612e-05
0 0.483207 0.628667 0.0660888 0.092 1.58778e-05
0 0.800379 0.944 0.0102925 0.0346667 1.59276e-05
0 0.334236 0.1 0.0888407 0.2 1.59338e-05
0 0.747562 0.0553333 0.028169 0.0813333 1.59381e-05
0 0.648429 0.982667 0.00758397 0.0213333 1.60406e-05
0 0.484019 0.319333 0.0612134 0.446667 1.61275e-05
0 0.402763 0.153333 0.0752979 0.293333 1.61664e-05
0 0.0295233 0.290667 0.0557963 0.234667 1.61799e-05
0 0.162784 1 0.0536295 0 1.61995e-05
0 0.913868 0.0306667 0.0823402 0.0613333 1.62088e-05
0 0.816901 0.006 0.0498375 0.012 1.62177e-05
0 0.0539003 0.63 0.067714 0.257333 1.62264e-05
0 0.63299 0.356 0.0417118 0.136 1.62952e-05
0 0.799567 0.944667 0.0227519 0.0386667 1.63364e-05
0 0.615655 0.416 0.0655471 0.181333 1.63693e-05
0 0.87026 0.394667 0.0384615 0.114667 1.64518e-05
0 0.320152 0.795333 0.105092 0.225333 1.64804e-05
0 0.482665 0.948667 0.0801734 0.102667 1.6532e-05
0 0.266522 0.212667 0.146262 0.425333 1.65403e-05
0 0.820152 0.990667 0.0411701 0.0186667 1.65409e-05
0 0.213164 0.213333 0.067714 0.341333 1.65459e-05
0 0.141928 0.0153333 0.0476706 0.0306667 1.65863e-05
0 0.929848 0.730667 0.0167931 0.0373333 1.65898e-05
0 0.13597 0.516 0.099675 0.221333 1.66734e-05
0 0.57286 0.698667 0.0460455 0.125333 1.67118e-05
0 0.432828 0.221333 0.106176 0.376 1.67186e-05
0 0.903846 0.821333 0.0200433 0.0533333 1.67358e-05
0 0.255959 0.996 0.0492958 0.008 1.67552e-05
0 0.78494 0.132667 0.0736728 0.265333 1.67655e-05
0 0.583424 0.471333 0.0227519 0.044 1.67863e-05
0 0.40493 0.276 0.0872156 0.333333 1.68539e-05
0 0.83857 0.960667 0.12026 0.0786667 1.68592e-05
0 0.0438787 0.97 0.0877573 0.06 1.6916e-05
0 0.226436 0.762 0.145179 0.457333 1.69403e-05
0 0.880553 1 0.0362947 0 1.69835e-05
0 0.565818 0.906 0.0807151 0.177333 1.69887e-05
0 0.315276 0.518 0.145179 0.145333 1.701e-05
0 0.936078 0.719333 0.0140845 0.0173333 1.70494e-05
0 0.086403 0.056 0.107801 0.0906667 1.70524e-05
0 0.567985 0.604 0.0633803 0.130667 1.70584e-05
0 0.384615 0.106667 0.0877573 0.213333 1.70786e-05
0 0.649783 0.788 0.0178765 0.024 1.7118e-05
0 0.0167931 0.229333 0.0335861 0.149333 1.7124e-05
0 0.576923 0.412667 0.130011 0.561333 1.71694e-05
0 0.423077 0.903333 0.0899242 0.18 1.7306e-05
0 0.614301 0.300667 0.056338 0.132 1.73171e-05
0 0.798754 0.4 0.0362947 0.032 1.73324e-05
0 0.913868 0.402667 0.063922 0.130667 1.73715e-05
0 0.508667 0.0933333 0.0660888 0.122667 1.73925e-05
0 0.340466 0.519333 0.130553 0.246667 1.74866e-05
0 0.164139 0.968 0.143012 0.064 1.74939e-05
0 0.650867 0.552 0.0352113 0.138667 1.75017e-05
0 0.558234 0.35 0.0709642 0.166667 1.75311e-05
0 0.261105 0.896 0.071506 0.16 1.75877e-05
0 0.330444 0.964 0.0585049 0.064 1.75947e-05
0 0.746479 0.242667 0.0585049 0.12 1.76057e-05
0 0.56961 0.182 0.157638 0.364 1.76219e-05
0 0.654117 0.396 0.06013 0.154667 1.76905e-05
0 0.572319 0.992 0.0644637 0.016 1.76969e-05
0 0.331257 0.274 0.100217 0.281333 1.77144e-05
0 0.446912 0.980667 0.0260022 0.0386667 1.77641e-05
0 0.620531 0.800667 0.134886 0.398667 1.78443e-05
0 0.882178 0.466667 0.0644637 0.16 1.78847e-05
0 0.682286 0.394 0.0807151 0.233333 1.79384e-05
0 0.959642 0.379333 0.0232936 0.0786667 1.80141e-05
0 0.358342 0.784 0.107801 0.248 1.80999e-05
0 0.280878 0.972667 0.0633803 0.0546667 1.81282e-05
0 0.165493 0.804 0.209642 0.392 1.81598e-05
0 0.764085 0.0766667 0.0774648 0.153333 1.81857e-05
0 0.333965 0.406 0.125135 0.281333 1.82638e-05
0 0.149242 0.0213333 0.0915493 0.0426667 1.8288e-05
0 0.425785 0.627333 0.111593 0.201333 1.83308e-05
0 0.93662 0.0493333 0.0834236 0.0986667 1.84174e-05
0 0.621343 0.477333 0.0292524 0.125333 1.84178e-05
0 0.359155 0.49 0.0975081 0.137333 1.84348e-05
0 0.183369 0.876667 0.105634 0.246667 1.84676e-05
0 0.930661 0.156 0.138678 0.312 1.84729e-05
0 0.612947 0.85 0.0752979 0.169333 1.85544e-05
0 0.483478 1 0.0612134 0 1.85893e-05
0 0.626219 0.112 0.0736728 0.168 1.86093e-05
0 0.642199 0.072 0.0698808 0.144 1.8643e-05
0 0.462351 0.833333 0.0850488 0.248 1.87391e-05
0 0.659805 0.73 0.0606717 0.134667 1.89101e-05
0 0.91441 0 0.0509209 0 1.89383e-05
0 0.68662 0.736667 0.0731311 0.121333 1.89862e-05
0 0.165222 0.111333 0.0888407 0.222667 1.90035e-05
0 0.625135 0.898667 0.0801734 0.186667 1.90492e-05
0 0.317172 0.936 0.0471289 0.088 1.90651e-05
0 0.381094 0.0226667 0.0471289 0.0453333 1.90784e-05
0 0.362676 0.066 0.088299 0.132 1.91692e-05
0 0.166035 0.580667 0.0547129 0.142667 1.92034e-05
0 0.696912 0.00533333 0.0796316 0.0106667 1.92187e-05
0 0.521939 0.62 0.0200433 0.0293333 1.92521e-05
0 0.668743 0.154 0.0763814 0.172 1.94057e-05
0 0.331257 0.966 0.0427952 0.0226667 1.94107e-05
0 0.289003 0.288667 0.0893824 0.164 1.94144e-05
0 0.532774 0.413333 0.0579632 0.136 1.94798e-05
0 0.0181473 0.139333 0.0362947 0.148 1.95803e-05
0 0.169827 0.469333 0.0547129 0.141333 1.96056e-05
0 0.0173348 0.288667 0.0346696 0.150667 1.96892e-05
0 0.0590466 0.965333 0.112676 0.0693333 1.97181e-05
0 0.643012 0.098 0.0379198 0.137333 1.97758e-05
0 0.972102 0.179333 0.0406284 0.142667 1.97993e-05
0 0.323402 0.917333 0.0769231 0.12 1.98435e-05
0 0.855363 0.994 0.0422535 0.012 1.98682e-05
0 0.230498 0.260667 0.133803 0.489333 1.98978e-05
0 0.46208 0.339333 0.107259 0.166667 1.99649e-05
0 0.0530878 0.870667 0.0964247 0.258667 1.9984e-05
0 0.37026 0.966667 0.100217 0.0666667 1.99883e-05
0 0.754875 0 0.0492958 0 2.00048e-05
0 0.461538 0.952667 0.0238353 0.0813333 2.00355e-05
0 0.785211 0.0213333 0.0417118 0.0426667 2.0102e-05
0 0.538191 0.738667 0.0232936 0.0213333 2.01256e-05
0 0.665764 0.0213333 0.105092 0.0426667 2.01313e-05
0 0.318256 0.970667 0.0460455 0.0293333 2.02148e-05
0 0.510563 0.474667 0.0839653 0.181333 2.02417e-05
0 0.738895 0.0253333 0.0888407 0.0506667 2.02487e-05
0 0.950975 0.525333 0.0698808 0.170667 2.02766e-05
0 0.289274 0.0666667 0.0877573 0.133333 2.0295e-05
0 0.574756 0.479333 0.028169 0.0893333 2.0392e-05
0 0.936349 0.512667 0.127302 0.62 2.03994e-05
0 0.708559 0.680667 0.0325027 0.0973333 2.04188e-05
0 0.646533 0.97 0.0211268 0.0226667 2.04198e-05
0 0.0752979 1 0.0520043 0 2.04268e-05
0 0.645991 0.290667 0.0384615 0.112 2.04338e-05
0 0.518689 0.54 0.0839653 0.218667 2.05001e-05
0 0.182557 0.0233333 0.0585049 0.0466667 2.06223e-05
0 0.276544 0.819333 0.140303 0.361333 2.06527e-05
0 0.263272 0.960667 0.0834236 0.0786667 2.06909e-05
0 0.419556 0.779333 0.108884 0.228 2.0711e-05
0 0.462622 0.410667 0.102925 0.144 2.07333e-05
0 0.88299 0.274667 0.0595883 0.168 2.07353e-05
0 0.679036 0 0.0503792 0 2.08359e-05
0 0.252709 1 0.0503792 0 2.08505e-05
0 0.728602 0 0.0509209 0 2.08693e-05
0 0.0622969 0 0.0552546 0 2.0876e-05
0 0.622427 0.420667 0.0335861 0.137333 2.09865e-05
0 0.527356 0.746667 0.0254605 0.032 2.09868e-05
0 0.856988 0.476667 0.071506 0.254667 2.09877e-05
0 0.21208 0.348667 0.0633803 0.174667 2.10341e-05
0 0.872156 0.144 0.0650054 0.112 2.11463e-05
0 0.508397 0.312 0.052546 0.421333 2.11823e-05
0 0.169285 0.0173333 0.0427952 0.0346667 2.12034e-05
0 0.858613 0.37 0.0704225 0.153333 2.12114e-05
0 0.947725 0.224 0.0709642 0.210667 2.13368e-05
0 0.253521 0.576 0.108342 0.216 2.14204e-05
0 0.489978 0.41 0.102384 0.217333 2.16075e-05
0 0.781961 0.494667 0.0406284 0.314667 2.16098e-05
0 0.650596 0.786 0.00541712 0.0306667 2.16112e-05
0 0.581798 0.558667 0.056338 0.184 2.1616e-05
0 0.239437 0.161333 0.0758397 0.170667 2.1658e-05
0 0.795504 0.923333 0.0417118 0.153333 2.1711e-05
0 0.282503 0.100667 0.0893824 0.201333 2.17982e-05
0 0.595612 0.439333 0.0297941 0.108 2.18271e-05
0 0.8987 0.856667 0.0487541 0.286667 2.19586e-05
0 0.112134 1 0.056338 0 2.20021e-05
0 0.878386 0.274667 0.0807151 0.288 2.20667e-05
0 0.410618 0.534 0.0942579 0.190667 2.21554e-05
0 0.826381 1 0.0752979 0 2.21757e-05
0 0.680661 0.62 0.0384615 0.154667 2.22995e-05
0 0.109697 0.583333 0.18039 0.22 2.24844e-05
0 0.647346 0.81 0.0455038 0.38 2.25599e-05
0 0.586132 0.292667 0.063922 0.177333 2.26496e-05
0 0.0539003 0.199333 0.088299 0.281333 2.26628e-05
0 0.656284 0.788667 0.0438787 0.110667 2.26682e-05
0 0.306609 0.305333 0.0390032 0.109333 2.27566e-05
0 0.213705 0.968 0.100217 0.064 2.27836e-05
0 0.195287 0.982667 0.0763814 0.0346667 2.28043e-05
0 0.307151 0.220667 0.092091 0.26 2.29103e-05
0 0.830444 0.247333 0.063922 0.137333 2.29518e-05
0 0.308234 0.400667 0.0877573 0.193333 2.3017e-05
0 0.811755 0.976667 0.0687974 0.0466667 2.30386e-05
0 0.657367 0.0313333 0.0352113 0.0626667 2.30783e-05
0 0.463434 0.470667 0.114301 0.184 2.31564e-05
0 0.361593 0.0993333 0.0547129 0.148 2.31725e-05
0 0.313109 0.505333 0.197183 0.613333 2.31935e-05
0 0.944204 0.668 0.063922 0.154667 2.32415e-05
0 0.269231 0.98 0.0390032 0.0213333 2.34974e-05
0 0.381636 0.207333 0.0893824 0.278667 2.35296e-05
0 0.435536 0.964 0.0682557 0.072 2.35975e-05
0 0.254875 0.831333 0.0807151 0.324 2.36024e-05
0 0.930119 1 0.0444204 0 2.36106e-05
0 0.135699 0.842 0.131636 0.316 2.36493e-05
0 0.164951 0.640667 0.0557963 0.148 2.37388e-05
0 0.599133 0.365333 0.0346696 0.109333 2.37397e-05
0 0.989437 0.238667 0.0211268 0.104 2.38318e-05
0 0.209372 0.354 0.0720477 0.356 2.3835e-05
0 0.867551 0 0.0514626 0 2.39283e-05
0 0.390574 0.988667 0.0498375 0.0226667 2.40304e-05
0 0.925515 0.982667 0.0373781 0.0346667 2.41455e-05
0 0.893824 1 0.0325027 0 2.41458e-05
0 0.258397 0.941333 0.0400867 0.0746667 2.41813e-05
0 0.910618 0.86 0.0270856 0.08 2.41836e-05
0 0.636511 1 0.0747562 0 2.42105e-05
0 0.0874865 0 0.0557963 0 2.42888e-05
0 0.661972 0.353333 0.118093 0.458667 2.4299e-05
0 0.269502 0.506667 0.1013 0.154667 2.43224e-05
0 0.194745 0.088 0.0406284 0.109333 2.44042e-05
0 0.827736 1 0.0433369 0 2.4424e-05
0 0.183911 0.521333 0.0482123 0.122667 2.44918e-05
0 0.603467 0.354667 0.0173348 0.0906667 2.45203e-05
0 0.862676 0.375333 0.00487541 0.0173333 2.45769e-05
0 0.533044 0.342 0.0660888 0.222667 2.45897e-05
0 0.205038 0.630667 0.0590466 0.242667 2.46097e-05
0 0.510563 0.496 0.0514626 0.12 2.465e-05
0 0.51571 0.954667 0.0899242 0.0906667 2.46762e-05
0 0.28494 0.887333 0.101842 0.225333 2.46935e-05
0 0.473185 0.205333 0.178223 0.410667 2.47209e-05
0 0.855363 0.147333 0.137595 0.294667 2.47314e-05
0 0.923077 0.900667 0.0476706 0.118667 2.47911e-05
0 0.48104 0.0153333 0.0455038 0.0306667 2.48136e-05
0 0.745125 0.237333 0.0698808 0.248 2.48251e-05
0 0.883803 0.036 0.088299 0.072 2.48252e-05
0 0.523835 1 0.0433369 0 2.48763e-05
0 0.616739 0.024 0.113218 0.048 2.48783e-05
0 0.627573 0.608 0.0254605 0.096 2.48838e-05
0 0.566631 0.673333 0.028169 0.0853333 2.49394e-05
0 0.950975 0.395333 0.0341278 0.118667 2.4987e-05
0 0.805255 0.466 0.0720477 0.206667 2.50706e-05
0 0.509209 0.819333 0.133261 0.361333 2.51618e-05
0 0.653034 0.472 0.0579632 0.168 2.54313e-05
0 0.936078 0.712667 0.0184182 0.028 2.5618e-05
0 0.150596 1 0.056338 0 2.56339e-05
0 0.238082 0.985333 0.0947996 0.0293333 2.56932e-05
0 0.336674 1 0.052546 0 2.57075e-05
0 0.782232 0.476667 0.101842 0.393333 2.58656e-05
0 0.384615 0.0953333 0.063922 0.137333 2.59982e-05
0 0.982665 0.0706667 0.0292524 0.141333 2.62771e-05
0 0.0547129 0.092 0.105092 0.16 2.63433e-05
0 0.0360238 0.824 0.0720477 0.269333 2.64341e-05
0 0.6013 1 0.0444204 0 2.64799e-05
0 0.347508 0.542 0.0904659 0.148 2.64884e-05
0 0.868635 0.356 0.0373781 0.285333 2.65214e-05
0 0.81961 0.294 0.0390032 0.262667 2.65958e-05
0 0.616197 0.698667 0.0644637 0.181333 2.67821e-05
0 0.563109 0.740667 0.067714 0.182667 2.68357e-05
0 0.749729 0.95 0.0411701 0.0786667 2.68733e-05
0 0.801463 0.0133333 0.0427952 0.0266667 2.69187e-05
0 0.23402 0.876667 0.0790899 0.246667 2.69243e-05
0 0.8513 0.272 0.0709642 0.157333 2.69369e-05
0 0.793066 0.951333 0.0151679 0.084 2.70549e-05
0 0.782232 0.988667 0.0400867 0.0226667 2.70826e-05
0 0.46208 0.343333 0.132178 0.342667 2.71288e-05
0 0.479415 0.897333 0.0725894 0.186667 2.71359e-05
0 0.293337 0.979333 0.0460455 0.0253333 2.71496e-05
0 0.9526 0.19 0.0427952 0.182667 2.71974e-05
0 0.241874 0.28 0.0904659 0.178667 2.71984e-05
0 0.805796 0.496 0.0384615 0.293333 2.72295e-05
0 0.91441 0.468667 0.071506 0.153333 2.72813e-05
0 0.486186 0.221333 0.111051 0.405333 2.74139e-05
0 0.979957 0.951333 0.0400867 0.0973333 2.74311e-05
0 0.982936 0.111333 0.0341278 0.222667 2.74857e-05
0 0.202059 0.997333 0.0520043 0.00533333 2.75424e-05
0 0.372427 0.799333 0.22481 0.401333 2.75713e-05
0 0.507313 0.018 0.0449621 0.036 2.76624e-05
0 0.523835 0.722667 0.028169 0.0933333 2.78163e-05
0 0.862405 0.99 0.0855905 0.02 2.79404e-05
0 0.926869 0.862 0.0671723 0.148 2.81539e-05
0 0.209913 0.482667 0.0904659 0.336 2.8198e-05
0 0.612405 0.991333 0.105634 0.0173333 2.82482e-05
0 0.677681 0.262 0.0238353 0.06 2.83689e-05
0 0.259209 0.052 0.0449621 0.0746667 2.84591e-05
0 0.438245 0.064 0.0769231 0.128 2.84812e-05
0 0.0284399 0.876 0.0427952 0.226667 2.8482e-05
0 0.85753 0.0446667 0.0823402 0.0893333 2.85702e-05
0 0.0858613 0.022 0.114301 0.044 2.87135e-05
0 0.207205 0.481333 0.0568797 0.197333 2.89009e-05
0 0.85428 0.012 0.0455038 0.024 2.9053e-05
0 0.0287107 0.066 0.0487541 0.0973333 2.90709e-05
0 0.78494 0.0886667 0.0899242 0.142667 2.9376e-05
0 0.309047 0.460667 0.148971 0.158667 2.94637e-05
0 0.145179 0.996667 0.0790899 0.00666667 2.95163e-05
0 0.961809 0.993333 0.0698808 0.0133333 2.9578e-05
0 0.149242 0.449333 0.088299 0.224 2.96467e-05
0 0.582069 0.0526667 0.0352113 0.0733333 2.96686e-05
0 0.316089 0.944667 0.103467 0.110667 2.97655e-05
0 0.221018 0.0493333 0.035753 0.0693333 2.9837e-05
0 0.175785 1 0.0557963 0 2.98417e-05
0 0.486457 0.0213333 0.0910076 0.0426667 2.98655e-05
0 0.128386 0.002 0.056338 0.004 2.98719e-05
0 0.463976 0.55 0.0947996 0.225333 2.988e-05
0 0.394366 0.0246667 0.122427 0.0493333 2.99136e-05
0 0.804713 0.825333 0.173889 0.349333 2.99727e-05
0 0.664139 0.958667 0.0379198 0.0826667 3.00838e-05
0 0.985374 0.443333 0.0260022 0.0946667 3.01641e-05
0 0.716685 0.357333 0.135428 0.442667 3.03585e-05
0 0.6013 0.926667 0.0227519 0.032 3.04269e-05
0 0.6552 0.000666667 0.0503792 0.00133333 3.05001e-05
0 0.466956 0.959333 0.0422535 0.0813333 3.05649e-05
0 0.417389 0.076 0.0872156 0.144 3.06375e-05
0 0.83234 0.338667 0.0449621 0.0933333 3.08646e-05
0 0.7026 0.666 0.0552546 0.129333 3.09353e-05
0 0.309859 0.0933333 0.0888407 0.130667 3.09482e-05
0 0.777898 0.746667 0.0292524 0.173333 3.0961e-05
0 0.14572 0.026 0.134345 0.052 3.10095e-05
0 0.312568 1 0.0552546 0 3.1135e-05
0 0.68039 0.604667 0.104009 0.297333 3.11445e-05
0 0.368093 0.960667 0.0492958 0.0386667 3.12335e-05
0 0.208559 0.092 0.0487541 0.146667 3.13749e-05
0 0.91468 0.805333 0.0330444 0.106667 3.13942e-05
0 0.767877 0.205333 0.0796316 0.181333 3.15832e-05
0 0.0121885 0.932667 0.0157096 0.134667 3.16306e-05
0 0.257313 0.624 0.138678 0.434667 3.18371e-05
0 0.431744 0.0186667 0.0444204 0.0373333 3.18486e-05
0 0.848592 0.0426667 0.0590466 0.0613333 3.20618e-05
0 0.890574 0 0.0520043 0 3.2112e-05
0 0.378657 0 0.0541712 0 3.21486e-05
0 0.951788 0.461333 0.0650054 0.152 3.21556e-05
0 0.709913 0.644667 0.152221 0.662667 3.21807e-05
0 0.0349404 0.259333 0.0698808 0.518667 3.23535e-05
0 0.0869447 1 0.0557963 0 3.23708e-05
0 0.0200433 0.15 0.0270856 0.257333 3.242e-05
0 0.816631 1 0.0417118 0 3.2476e-05
0 0.456934 0.99 0.0362947 0.02 3.26623e-05
0 0.603467 0.000666667 0.0520043 0.00133333 3.29452e-05
0 0.935807 0 0.0698808 0 3.29518e-05
0 0.320964 0.0426667 0.0482123 0.0613333 3.29904e-05
0 0.922535 0.954667 0.0249187 0.0906667 3.30186e-05
0 0.295504 0.0466667 0.0471289 0.064 3.30224e-05
0 0.741603 0.042 0.0455038 0.084 3.30683e-05
0 0.183099 0.0906667 0.0574215 0.154667 3.31752e-05
0 0.533586 0.743333 0.00758397 0.02 3.32471e-05
0 0.664139 0.884 0.0184182 0.072 3.3324e-05
0 0.592362 0.924667 0.0222102 0.0413333 3.33642e-05
0 0.650325 0.832 0.0254605 0.146667 3.36217e-05
0 0.697996 0.268667 0.0417118 0.257333 3.36734e-05
0 0.268418 0.413333 0.153304 0.512 3.39551e-05
0 0.836132 0.801333 0.0417118 0.288 3.3985e-05
0 0.853196 1 0.0465872 0 3.40003e-05
0 0.574756 1 0.0790899 0 3.40859e-05
0 0.953413 1 0.0390032 0 3.41195e-05
0 0.316631 0.026 0.116468 0.052 3.4163e-05
0 0.318256 0.770667 0.160888 0.458667 3.43518e-05
0 0.342633 0.962667 0.039545 0.0266667 3.44776e-05
0 0.234561 0.0526667 0.0390032 0.0706667 3.46484e-05
0 0.325027 0.992 0.0520043 0.016 3.47478e-05
0 0.61078 0.543333 0.103467 0.404 3.49679e-05
0 0.533586 0.744667 0.0184182 0.0226667 3.50248e-05
0 0.565818 1 0.0449621 0 3.50319e-05
0 0.832611 0.494 0.0390032 0.281333 3.5099e-05
0 0.355634 0.959333 0.0633803 0.076 3.51068e-05
0 0.634615 0.00266667 0.0796316 0.00533333 3.51273e-05
0 0.0203142 0.0313333 0.0406284 0.0626667 3.52319e-05
0 0.473727 0.968 0.0330444 0.0586667 3.5262e-05
0 0.526815 0.626667 0.024377 0.024 3.53014e-05
0 0.0836945 0.200667 0.167389 0.348 3.53223e-05
0 0.504605 0.981333 0.0482123 0.0373333 3.53362e-05
0 0.267064 0.026 0.112676 0.052 3.53912e-05
0 0.926327 0.726 0.0411701 0.278667 3.54731e-05
0 0.716685 0.0246667 0.0801734 0.0493333 3.55122e-05
0 0.365926 0.936667 0.0471289 0.0626667 3.55484e-05
0 0.232665 0.603333 0.0460455 0.236 3.55549e-05
0 0.656013 0.0573333 0.0314193 0.0906667 3.57034e-05
0 0.41441 0.294667 0.16468 0.589333 3.57668e-05
0 0.508126 0.898667 0.0758397 0.178667 3.58292e-05
0 0.262459 0.101333 0.0828819 0.128 3.59067e-05
0 0.972102 0.0786667 0.0287107 0.157333 3.60226e-05
0 0.554713 0.992 0.0400867 0.016 3.63968e-05
0 0.730498 0.678667 0.031961 0.130667 3.6501e-05
0 0.256501 0.216667 0.102384 0.276 3.65221e-05
0 0.41766 0.747333 0.16468 0.505333 3.66228e-05
0 0.984832 0.0506667 0.0303359 0.101333 3.67538e-05
0 0.969122 0.266667 0.0617551 0.282667 3.67871e-05
0 0.640845 1 0.0400867 0 3.68214e-05
0 0.261647 0.366667 0.105092 0.176 3.68372e-05
0 0.72779 0.192667 0.0362947 0.113333 3.69085e-05
0 0.0511918 1 0.052546 0 3.70757e-05
0 0.182286 0.694667 0.0731311 0.2 3.73262e-05
0 0.236186 0.0986667 0.0509209 0.141333 3.7344e-05
0 0.0105634 0.0166667 0.0211268 0.0333333 3.74355e-05
0 0.671181 0.977333 0.0411701 0.04 3.74865e-05
0 0.443662 0.0273333 0.0606717 0.0546667 3.75125e-05
0 0.464247 0.542 0.167931 0.665333 3.7704e-05
0 0.377031 1 0.0487541 0 3.77485e-05
0 0.358072 0.0493333 0.0444204 0.064 3.77823e-05
0 0.459101 0.229333 0.107801 0.242667 3.79504e-05
0 0.692579 0.808 0.0796316 0.101333 3.81655e-05
0 0.650325 0.902667 0.0276273 0.128 3.84302e-05
0 0.758667 0.492 0.039545 0.32 3.85784e-05
0 0.408722 0.950667 0.0937161 0.0986667 3.86035e-05
0 0.461538 0.979333 0.0227519 0.0413333 3.88938e-05
0 0.987541 0.514667 0.0184182 0.106667 3.91011e-05
0 0.169827 0.056 0.0460455 0.072 3.92196e-05
0 0.799837 0.965333 0.0254605 0.0506667 3.92593e-05
0 0.700975 0.926 0.0736728 0.148 3.9364e-05
0 0.238082 0.413333 0.0850488 0.192 3.9573e-05
0 0.470748 0.99 0.0368364 0.02 3.95836e-05
0 0.3039 0 0.0541712 0 3.9696e-05
0 0.335861 0.896667 0.127844 0.206667 3.96998e-05
0 0.736999 0.947333 0.0644637 0.105333 3.99396e-05
0 0.538462 0.054 0.0801734 0.108 4.01202e-05
0 0.865655 0.515333 0.177681 0.705333 4.01329e-05
0 0.284399 0.360667 0.114843 0.289333 4.02758e-05
0 0.566631 0.27 0.100758 0.265333 4.03803e-05
0 0.771398 0.198 0.0400867 0.0813333 4.04807e-05
0 0.0411701 0.533333 0.0487541 0.282667 4.05483e-05
0 0.911972 0.006 0.0612134 0.012 4.05746e-05
0 0.729415 0.676667 0.0828819 0.268 4.06896e-05
0 0.106176 0.997333 0.0790899 0.00533333 4.07078e-05
0 0.896533 0.800667 0.0455038 0.105333 4.07471e-05
0 0.353467 0 0.0547129 0 4.09588e-05
0 0.862947 1 0.0823402 0 4.10966e-05
0 0.750813 0.172 0.0585049 0.0506667 4.12867e-05
0 0.802546 0.900667 0.112134 0.188 4.15147e-05
0 0.403575 0.991333 0.0498375 0.0173333 4.15738e-05
0 0.20558 0.0233333 0.0579632 0.0466667 4.16181e-05
0 0.568797 0.690667 0.0184182 0.0426667 4.16267e-05
0 0.543879 0.994667 0.0173348 0.0106667 4.1734e-05
0 0.0181473 0.0886667 0.0362947 0.137333 4.1832e-05
0 0.970748 0.398667 0.0530878 0.237333 4.20428e-05
0 0.671452 0.984667 0.0232936 0.0306667 4.21925e-05
0 0.092091 0.0613333 0.12351 0.122667 4.22091e-05
0 0.0679848 0.41 0.13597 0.617333 4.22315e-05
0 0.985915 0.113333 0.0249187 0.157333 4.22407e-05
0 0.972644 0.154 0.0232936 0.150667 4.23288e-05
0 0.593174 0.559333 0.0400867 0.124 4.24006e-05
0 0.653034 0.517333 0.117551 0.485333 4.25023e-05
0 0.866197 0.0993333 0.0736728 0.0866667 4.26343e-05
0 0.560672 0.0206667 0.0758397 0.0413333 4.26638e-05
0 0.621343 0.636 0.0433369 0.264 4.28249e-05
0 0.214789 0.0586667 0.0720477 0.117333 4.38609e-05
0 0.468852 0.0233333 0.122969 0.0466667 4.39898e-05
0 0.800921 0.714667 0.0644637 0.272 4.39998e-05
0 0.867822 0.35 0.0346696 0.118667 4.40461e-05
0 0.81961 0.344 0.063922 0.141333 4.40663e-05
0 0.466956 1 0.0390032 0 4.47361e-05
0 0.0100217 0.750667 0.0200433 0.165333 4.50794e-05
0 0.0186891 0.414 0.0373781 0.134667 4.51982e-05
0 0.776002 0.726 0.0698808 0.193333 4.56468e-05
0 0.876761 0.130667 0.0211268 0.0266667 4.66602e-05
0 0.236186 0.994667 0.0758397 0.0106667 4.68242e-05
0 0.201517 1 0.0552546 0 4.69737e-05
0 0.349133 0.995333 0.0980498 0.00933333 4.70608e-05
0 0.461809 0.990667 0.0817985 0.0186667 4.71705e-05
0 0.348321 0.986667 0.111593 0.0266667 4.7263e-05
0 0.404388 0 0.0547129 0 4.73245e-05
0 0.679036 0.532667 0.0622969 0.206667 4.76986e-05
0 0.824756 0.315333 0.0232936 0.076 4.77848e-05
0 0.79117 1 0.0406284 0 4.79116e-05
0 0.7026 0 0.0520043 0 4.81835e-05
0 0.886782 0.118667 0.0216685 0.0213333 4.82088e-05
0 0.0628386 1 0.0552546 0 4.84039e-05
0 0.00758397 0.0646667 0.0130011 0.118667 4.85702e-05
0 0.476706 0.0686667 0.101842 0.137333 4.85797e-05
0 0.569068 0.0173333 0.0438787 0.0346667 4.86684e-05
0 0.805796 0.274 0.0655471 0.142667 4.87559e-05
0 0.0170639 0.657333 0.0341278 0.152 4.89071e-05
0 0.486999 0.478667 0.0725894 0.125333 4.8986e-05
0 0.708559 0.495333 0.0411701 0.308 4.9166e-05
0 0.572048 0.064 0.0790899 0.128 4.92609e-05
0 0.78494 0.974667 0.0660888 0.0506667 4.94726e-05
0 0.456121 0.0173333 0.0465872 0.0346667 4.95008e-05
0 0.704767 1 0.0433369 0 4.97426e-05
0 0.368364 0.845333 0.162514 0.309333 4.97689e-05
0 0.0284399 0.95 0.0568797 0.1 4.98938e-05
0 0.672806 0.882 0.0433369 0.18 4.99159e-05
0 0.754334 0.747333 0.0687974 0.132 4.99897e-05
0 0.339653 0.966 0.111593 0.068 4.99982e-05
0 0.153846 0 0.0552546 0 5.01475e-05
0 0.00622969 0.114667 0.0124594 0.157333 5.01598e-05
0 0.328277 0 0.0541712 0 5.0271e-05
0 0.673077 0.277333 0.0547129 0.264 5.05233e-05
0 0.642741 0.026 0.0687974 0.052 5.05886e-05
0 0.22779 0.996667 0.0503792 0.00666667 5.06262e-05
0 0.416576 0.994667 0.0476706 0.0106667 5.07201e-05
0 0.809047 0.747333 0.024377 0.326667 5.09446e-05
0 0.553629 0 0.0530878 0 5.12192e-05
0 0.738353 0.008 0.063922 0.016 5.12415e-05
0 0.967497 0.923333 0.0455038 0.153333 5.14618e-05
0 0.96533 0.0113333 0.0660888 0.0226667 5.16885e-05
0 0.0176056 0.596667 0.0352113 0.145333 5.20008e-05
0 0.524648 0.27 0.124052 0.284 5.22089e-05
0 0.238624 0.476 0.103467 0.178667 5.24958e-05
0 0.543608 0.988667 0.031961 0.0173333 5.25656e-05
0 0.88922 0.618 0.0330444 0.374667 5.29957e-05
0 0.65195 0.649333 0.0709642 0.165333 5.33515e-05
0 0.593174 0.92 0.0325027 0.106667 5.36988e-05
0 0.435807 0.994 0.0742145 0.012 5.37458e-05
0 0.194204 0.0526667 0.0438787 0.0706667 5.39776e-05
0 0.77546 0.642667 0.0536295 0.288 5.39987e-05
0 0.76598 0.0386667 0.0769231 0.0773333 5.41297e-05
0 0.0362947 0.0653333 0.0725894 0.130667 5.42938e-05
0 0.783315 0.678 0.0249187 0.308 5.44779e-05
0 0.804442 0.072 0.0660888 0.144 5.46325e-05
0 0.517335 0.992667 0.0487541 0.0146667 5.48778e-05
0 0.221831 0.526 0.168472 0.521333 5.51655e-05
0 0.814464 0.278667 0.0222102 0.0426667 5.5834e-05
0 0.839382 0.986 0.105634 0.028 5.58436e-05
0 0.279252 0 0.0536295 0 5.58456e-05
0 0.168472 0.542667 0.0780065 0.178667 5.62884e-05
0 0.831798 0.781333 0.111051 0.266667 5.63878e-05
0 0.937974 0.721333 0.0287107 0.0533333 5.64074e-05
0 0.758667 0.982 0.0785482 0.036 5.66377e-05
0 0.00650054 0.23 0.0130011 0.161333 5.68276e-05
0 0.453142 1 0.0406284 0 5.69578e-05
0 0.429577 0 0.0552546 0 5.70613e-05
0 0.681473 0.472 0.0985916 0.242667 5.7117e-05
0 0.0273564 0.628667 0.0427952 0.297333 5.71819e-05
0 0.277898 1 0.0552546 0 5.7308e-05
0 0.580986 0.022 0.0406284 0.044 5.7311e-05
0 0.912514 0.832 0.0211268 0.032 5.73416e-05
0 0.410618 0.989333 0.0910076 0.0213333 5.74624e-05
0 0.221018 0.561333 0.0509209 0.141333 5.75181e-05
0 0.527898 0.626667 0.0189599 0.048 5.80769e-05
0 0.0552546 0.342667 0.100758 0.373333 5.8199e-05
0 0.776002 0.999333 0.0709642 0.00133333 5.84145e-05
0 0.764085 0.343333 0.0785482 0.156 5.86081e-05
0 0.0135428 0.00333333 0.0270856 0.00666667 5.87362e-05
0 0.978602 0.840667 0.0189599 0.0466667 5.87774e-05
0 0.524377 0.0653333 0.0931744 0.130667 5.92858e-05
0 0.533315 0.993333 0.0308776 0.0133333 5.93901e-05
0 0.444475 0.0533333 0.0406284 0.0826667 5.96267e-05
0 0.158451 0.600667 0.140303 0.329333 5.97122e-05
0 0.988082 0.0173333 0.0238353 0.0346667 6.01392e-05
0 0.504875 0 0.0552546 0 6.03471e-05
0 0.910618 0.873333 0.0455038 0.114667 6.07561e-05
0 0.0861322 0.414667 0.152763 0.32 6.08168e-05
0 0.00785482 0.992667 0.0157096 0.0146667 6.09417e-05
0 0.583153 0.024 0.0687974 0.048 6.10378e-05
0 0.429577 0.996 0.0455038 0.008 6.11732e-05
0 0.571235 0.692667 0.0211268 0.0173333 6.12456e-05
0 0.989437 0.972667 0.0211268 0.0546667 6.13844e-05
0 0.865114 0.780667 0.0780065 0.169333 6.2282e-05
0 0.784128 0.674667 0.120802 0.384 6.22878e-05
0 0.789003 0.937333 0.0341278 0.088 6.23155e-05
0 0.0541712 0.591333 0.108342 0.372 6.24465e-05
0 0.897616 0.964 0.0411701 0.072 6.24783e-05
0 0.800108 0.590667 0.0628386 0.378667 6.28684e-05
0 0.977519 0.873333 0.0222102 0.0853333 6.29192e-05
0 0.856717 0.543333 0.121885 0.324 6.31946e-05
0 0.810401 0.618667 0.020585 0.426667 6.36131e-05
0 0.650054 0.529333 0.0725894 0.178667 6.36153e-05
0 0.138678 0.994667 0.165764 0.0106667 6.37283e-05
0 0.689057 0.012 0.0780065 0.024 6.40536e-05
0 0.216685 0 0.0530878 0 6.41882e-05
0 0.73727 0.996667 0.0769231 0.00666667 6.46946e-05
0 0.496208 0.990667 0.0498375 0.0186667 6.4705e-05
0 0.503792 1 0.0487541 0 6.4852e-05
0 0.834507 0.564667 0.0189599 0.436 6.51713e-05
0 0.826923 0.289333 0.024377 0.0613333 6.52421e-05
0 0.570964 0.692667 0.00758397 0.02 6.53545e-05
0 0.850758 0.592667 0.0547129 0.350667 6.53819e-05
0 0.815547 0.521333 0.100217 0.229333 6.54203e-05
0 0.981582 0.187333 0.035753 0.222667 6.59555e-05
0 0.754334 0.650667 0.0579632 0.202667 6.61512e-05
0 0.545504 0.992 0.0325027 0.016 6.63193e-05
0 0.0148971 1 0.0287107 0 6.68583e-05
0 0.791983 0.952667 0.0140845 0.0226667 6.71662e-05
0 0.966685 1 0.0297941 0 6.72019e-05
0 0.704225 0.592 0.0520043 0.224 6.7271e-05
0 0.405742 0.999333 0.0671723 0.00133333 6.80613e-05
0 0.280065 0.453333 0.141928 0.256 6.8131e-05
0 0.255688 0 0.0530878 0 6.87656e-05
0 0.392199 0.942667 0.0476706 0.0586667 6.9004e-05
0 0.022481 0.986667 0.0449621 0.0266667 6.94106e-05
0 0.478873 0 0.056338 0 6.98088e-05
0 0.729686 1 0.0411701 0 7.01337e-05
0 0.772481 0.984667 0.0465872 0.0306667 7.02386e-05
0 0.176056 1 0.0834236 0 7.05721e-05
0 0.227248 1 0.0536295 0 7.07769e-05
0 0.0287107 0.162667 0.0574215 0.325333 7.07775e-05
0 0.225352 0.625333 0.450704 0.749333 7.1132e-05
0 0.114301 0.758 0.1961 0.481333 7.14598e-05
0 0.0167931 0.811333 0.0335861 0.177333 7.15678e-05
0 0.0154388 0.054 0.0308776 0.108 7.19158e-05
0 0.716414 0.52 0.095883 0.221333 7.20177e-05
0 0.888407 0.004 0.0790899 0.008 7.21753e-05
0 0.728602 0.584 0.0574215 0.290667 7.24966e-05
0 0.735374 0.563333 0.0265439 0.433333 7.29376e-05
0 0.836674 0.67 0.0276273 0.318667 7.31336e-05
0 0.687974 0.824667 0.0899242 0.201333 7.34884e-05
0 0.125406 1 0.0926327 0 7.41508e-05
0 0.235645 0.458 0.471289 0.916 7.47927e-05
0 0.690412 1 0.0438787 0 7.47973e-05
0 0.889762 0.717333 0.0655471 0.138667 7.50062e-05
0 0.737541 0.604667 0.132719 0.34 7.52345e-05
0 0.767606 1 0.0400867 0 7.6081e-05
0 0.752979 1 0.0400867 0 7.62433e-05
0 0.0503792 0.0186667 0.100758 0.0373333 7.64936e-05
0 0.573402 0.004 0.0872156 0.008 7.65075e-05
0 0.762188 0.00466667 0.0780065 0.00933333 7.74673e-05
0 0.989437 0.948667 0.0146262 0.102667 7.9124e-05
0 0.859697 0.560667 0.0249187 0.374667 7.92738e-05
0 0.312839 0.975333 0.102384 0.0493333 8.00571e-05
0 0.530878 0.018 0.0487541 0.036 8.04779e-05
0 0.863489 0.666 0.0368364 0.252 8.05501e-05
0 0.492145 0.986 0.0828819 0.028 8.07811e-05
0 0.883803 0.128 0.0417118 0.048 8.11775e-05
0 0.391658 0.96 0.0487541 0.0373333 8.11974e-05
0 0.76598 0.519333 0.105092 0.228 8.18248e-05
0 0.936078 0.972 0.0693391 0.056 8.18922e-05
0 0.368093 0.925333 0.0947996 0.149333 8.20094e-05
0 0.811755 0.645333 0.169556 0.658667 8.21001e-05
0 0.82909 0.647333 0.0644637 0.316 8.23371e-05
0 0.851571 0.0253333 0.0455038 0.0506667 8.24289e-05
0 0.228061 0.584667 0.084507 0.326667 8.27279e-05
0 0.400867 0.0333333 0.0812568 0.0586667 8.2779e-05
0 0.511918 1 0.0823402 0 8.37555e-05
0 0.916035 0.593333 0.0747562 0.194667 8.43205e-05
0 0.694204 0.989333 0.0449621 0.0213333 8.45397e-05
0 0.99377 0.0193333 0.0124594 0.0386667 8.46572e-05
0 0.00947996 0.320667 0.0189599 0.153333 8.48964e-05
0 0.631365 0.991333 0.0417118 0.0173333 8.49954e-05
0 0.663055 0.340667 0.0660888 0.145333 8.52828e-05
0 0.407909 0.962667 0.0758397 0.0533333 8.53489e-05
0 0.300108 0.993333 0.0552546 0.0133333 8.58805e-05
0 0.529252 0 0.0552546 0 8.60358e-05
0 0.0186891 0.476 0.0373781 0.138667 8.66385e-05
0 0.566631 0.437333 0.84182 0.874667 8.68939e-05
0 0.988624 0.939333 0.0227519 0.121333 8.69077e-05
0 0.219393 0.0186667 0.0400867 0.0373333 8.74246e-05
0 0.00866739 0.687333 0.0173348 0.161333 8.75346e-05
0 0.190953 0.991333 0.14572 0.0173333 8.76355e-05
0 0.71208 0 0.0893824 0 8.79576e-05
0 0.716143 0.351333 0.0790899 0.150667 8.80878e-05
0 0.26896 0.994 0.106717 0.012 8.86924e-05
0 0.454496 0 0.056338 0 8.8828e-05
0 0.612947 0.0153333 0.0817985 0.0306667 8.9924e-05
0 0.0092091 0.137333 0.0173348 0.242667 9.01823e-05
0 0.386511 0.00466667 0.0893824 0.00933333 9.05929e-05
0 0.651408 0.790667 0.024377 0.04 9.13164e-05
0 0.751354 0.817333 0.111593 0.365333 9.1747e-05
0 0.760293 0.564667 0.0178765 0.476 9.22059e-05
0 0.0230228 0.346667 0.0352113 0.261333 9.25985e-05
0 0.785753 0.568667 0.0167931 0.510667 9.31521e-05
0 0.980228 0.995333 0.039545 0.00933333 9.32236e-05
0 0.68987 0.98 0.0850488 0.04 9.34302e-05
0 0.194745 0.016 0.0471289 0.032 9.41399e-05
0 0.309859 0.412667 0.619718 0.825333 9.53143e-05
0 0.681473 0.992667 0.0444204 0.0146667 9.54182e-05
0 0.0184182 0.535333 0.0368364 0.142667 9.55797e-05
0 0.0368364 0.746667 0.0736728 0.506667 9.60232e-05
0 0.76896 0.991333 0.0373781 0.0173333 9.67073e-05
0 0.403846 1 0.0492958 0 0.000100966
0 0.640303 0.012 0.0823402 0.024 0.000101561
0 0.336132 0.008 0.0828819 0.016 0.000102306
0 0.213434 1 0.0834236 0 0.000104162
0 0.64545 0.988667 0.0287107 0.0226667 0.000104321
0 0.971831 0.969333 0.0270856 0.0426667 0.000104983
0 0.991062 0.026 0.00812568 0.052 0.000105375
0 0.676869 0 0.0536295 0 0.000105685
0 0.917931 0.663333 0.0644637 0.153333 0.000106805
0 0.861322 0.374 0.00758397 0.0306667 0.000106894
0 0.665493 1 0.0460455 0 0.000107392
0 0.355905 0.0213333 0.0465872 0.0426667 0.000108475
0 0.246208 0.0173333 0.0460455 0.0346667 0.000109147
0 0.799567 0.958667 0.0130011 0.04 0.00010931
0 0.761376 0.518 0.165222 0.638667 0.000110725
0 0.492416 0.968667 0.0628386 0.0493333 0.000111269
0 0.0400867 0.52 0.0801734 0.626667 0.00011196
0 0.86403 0.668 0.111593 0.304 0.000112623
0 0.510563 0.991333 0.0807151 0.0173333 0.000112935
0 0.065818 0.0126667 0.0807151 0.0253333 0.000113758
0 0.95883 0.192667 0.0823402 0.385333 0.000115194
0 0.157367 0.428 0.314735 0.856 0.000115276
0 0.326381 0 0.0557963 0 0.00011554
0 0.674702 1 0.0785482 0 0.000115742
0 0.14572 0.698667 0.0942579 0.234667 0.000117082
0 0.980498 1 0.028169 0 0.000118065
0 0.117281 0.517333 0.234561 0.642667 0.000118654
0 0.589924 0.012 0.0877573 0.024 0.000119311
0 0.0273564 1 0.0514626 0 0.000120991
0 0.626761 0 0.0541712 0 0.000121103
0 0.972914 0.523333 0.0541712 0.281333 0.000121107
0 0.19312 0 0.0547129 0 0.00012191
0 0.678223 0.247333 0.0444204 0.076 0.000122459
0 0.30688 0.0206667 0.0482123 0.0413333 0.000123361
0 0.671723 0.892 0.020585 0.173333 0.000123874
0 0.973727 0.392 0.0362947 0.122667 0.000126536
0 0.98429 0.467333 0.0314193 0.278667 0.000126829
0 0.0100217 0.384 0.0200433 0.149333 0.000127573
0 0.388678 0 0.0557963 0 0.000128963
0 0.601029 0 0.0547129 0 0.000129301
0 0.137324 0.467333 0.174973 0.3 0.000130498
0 0.298483 0.00533333 0.084507 0.0106667 0.000131054
0 0.289274 0 0.0552546 0 0.000131472
0 0.0178765 0.237333 0.035753 0.36 0.000132256
0 0.111863 0 0.0557963 0 0.000132696
0 0.885699 0.648667 0.0704225 0.22 0.000133451
0 0.861593 0.712667 0.0698808 0.190667 0.000134187
0 0.856717 0.0193333 0.0785482 0.0386667 0.000135002
0 0.271668 0.424667 0.0937161 0.166667 0.000135837
0 0.840466 0.02 0.0514626 0.04 0.000137477
0 0.411701 0.0226667 0.0975081 0.0453333 0.000137622
0 0.0162514 0.912 0.0325027 0.144 0.000138675
0 0.3513 0 0.0557963 0 0.000138866
0 0.609697 0.572 0.0536295 0.149333 0.000139772
0 0.0102925 1 0.020585 0 0.000140189
0 0.929036 0.736 0.035753 0.0986667 0.000140397
0 0.576381 0 0.0552546 0 0.000140776
0 0.886511 0.126667 0.0362947 0.0213333 0.000141963
0 0.251896 0 0.0552546 0 0.000143668
0 0.903034 0.954667 0.0195016 0.0906667 0.00014676
0 0.287649 0.996667 0.0823402 0.00666667 0.000147451
0 0.239166 0.0206667 0.0666305 0.0413333 0.000147635
0 0.413326 0 0.0552546 0 0.000148492
0 0.550921 0 0.0552546 0 0.000149774
0 0.65195 0 0.0536295 0 0.000149849
0 0.819881 0.294667 0.0352113 0.088 0.000150909
0 0.482394 0.981333 0.0417118 0.0373333 0.000151178
0 0.279523 0.995333 0.0541712 0.00933333 0.000152163
0 0.387866 0.986667 0.0975081 0.0266667 0.000153122
0 0.792795 0.964 0.0308776 0.072 0.000154296
0 0.436891 1 0.0742145 0 0.000155414
0 0.368635 0.014 0.0926327 0.028 0.000156826
0 0.979686 0.976 0.0297941 0.048 0.00015756
0 0.0487541 1 0.071506 0 0.000157594
0 0.428223 1 0.0482123 0 0.000157696
0 0.0482123 0.464 0.0942579 0.234667 0.000159766
0 0.408451 0.00533333 0.0747562 0.0106667 0.00016185
0 0.724269 0.213333 0.0693391 0.096 0.000161862
0 0.257855 0.00533333 0.0725894 0.0106667 0.000162048
0 0.365385 0.68 0.62351 0.64 0.000164335
0 0.706392 0.376667 0.587216 0.753333 0.000165492
0 0.598862 0.626 0.039545 0.254667 0.000166316
0 0.514085 0.0233333 0.084507 0.0466667 0.000167784
0 0.0855905 0 0.0552546 0 0.000169086
0 0.0102925 0.23 0.0140845 0.26 0.00017289
0 0.989978 0.274 0.0157096 0.121333 0.000174476
0 0.167118 0.642 0.334236 0.716 0.000175597
0 0.31338 0.0186667 0.0926327 0.0373333 0.000175779
0 0.00975081 0.629333 0.0195016 0.157333 0.000175966
0 0.0230228 0.00733333 0.0460455 0.0146667 0.000176285
0 0.988624 0.995333 0.0227519 0.00933333 0.000176773
0 0.510834 0.302667 0.151679 0.605333 0.000178351
0 0.501354 0 0.0557963 0 0.000180907
0 0.0869447 1 0.0947996 0 0.000182296
0 0.986457 0.289333 0.0270856 0.189333 0.000183687
0 0.793608 0.018 0.0769231 0.036 0.000184292
0 0.990249 0.478667 0.0195016 0.170667 0.000184542
0 0.020585 0.710667 0.0346696 0.336 0.000187209
0 0.752709 0.975333 0.0352113 0.0466667 0.00018839
0 0.115926 0.0173333 0.109426 0.0346667 0.000190472
0 0.0606717 0 0.0552546 0 0.000191144
0 0.976436 0.878 0.0417118 0.244 0.000191522
0 0.424973 0.00333333 0.0872156 0.00666667 0.00019283
0 0.159805 0.605333 0.0985916 0.189333 0.000193733
0 0.513001 0.00266667 0.0942579 0.00533333 0.000195373
0 0.653575 0.987333 0.0167931 0.0253333 0.000196153
0 0.830715 0.056 0.0341278 0.072 0.000196354
0 0.660618 0.00266667 0.0926327 0.00533333 0.000199039
0 0.0287107 0.006 0.0552546 0.012 0.000200792
0 0.264897 0.016 0.0834236 0.032 0.000202439
0 0.985374 0.54 0.0270856 0.192 0.000203479
0 0.464518 0.5 0.790358 1 0.000204271
0 0.0636511 0.998 0.119718 0.004 0.000204601
0 0.46208 0.0206667 0.0812568 0.0413333 0.000205444
0 0.6961 0.254667 0.0498375 0.0773333 0.00020673
0 0.213164 0 0.0557963 0 0.000209078
0 0.00975081 0.567333 0.0195016 0.153333 0.000209558
0 0.708017 0.987333 0.0400867 0.0226667 0.000213884
0 0.137324 0 0.0568797 0 0.000214498
0 0.526273 0 0.0557963 0 0.000215751
0 0.655471 0.975333 0.0260022 0.0306667 0.000218412
0 0.0173348 0.405333 0.0346696 0.290667 0.000224651
0 0.984561 0.385333 0.0308776 0.144 0.000225992
0 0.150596 0 0.056338 0 0.000234488
0 0.0292524 1 0.0520043 0 0.000235046
0 0.438516 0 0.0557963 0 0.000238171
0 0.0105634 0.446 0.0211268 0.150667 0.000238972
0 0.613759 0 0.112676 0 0.000240824
0 0.990249 0.423333 0.0195016 0.108 0.000246284
0 0.663868 0.683333 0.672264 0.633333 0.000247679
0 0.463705 0 0.056338 0 0.000249258
0 0.862676 0.382 0.0211268 0.0306667 0.000254326
0 0.516522 0.447333 0.493499 0.894667 0.000258637
0 0.711268 0.5 0.577465 1 0.000267698
0 0.338028 0.00133333 0.12026 0.00266667 0.000281122
0 0.335049 0.024 0.0774648 0.048 0.000283085
0 0.67714 0.285333 0.0455038 0.0933333 0.000283243
0 0.193933 0.018 0.0855905 0.036 0.000285433
0 0.0121885 0.316667 0.0146262 0.268 0.00028593
0 0.404659 0.0253333 0.0444204 0.048 0.000287878
0 0.690953 0.875333 0.0503792 0.244 0.000289243
0 0.462893 0.00333333 0.0904659 0.00666667 0.000291789
0 0.0368364 0.0186667 0.0736728 0.0373333 0.000294126
0 0.4052 0.046 0.0465872 0.0546667 0.000297988
0 0.716414 0.974 0.0644637 0.052 0.000307084
0 0.273564 0.0206667 0.071506 0.0413333 0.0003077
0 0.213705 0.0133333 0.0763814 0.0266667 0.000307842
0 0.988353 1 0.0232936 0 0.000310282
0 0.538732 0.0113333 0.0904659 0.0226667 0.000311082
0 0.830444 0.0773333 0.0530878 0.154667 0.00031178
0 0.385428 0.96 0.0872156 0.08 0.00031217
0 0.482394 0.004 0.0752979 0.008 0.000316665
0 0.00785482 0.91 0.0135428 0.153333 0.000333666
0 0.189057 0 0.056338 0 0.000336768
0 0.0295233 0.42 0.0590466 0.44 0.000338398
0 0.663055 0.993333 0.0617551 0.0133333 0.000349383
0 0.269772 0.5 0.539545 1 0.000349597
0 0.657096 0.992667 0.0411701 0.0146667 0.000360406
0 0.288462 0.00133333 0.114301 0.00266667 0.000376434
0 0.445829 0.00466667 0.0758397 0.00933333 0.000388199
0 0.560943 0 0.116468 0 0.000417683
0 0.0119177 0.601333 0.0140845 0.290667 0.000421695
0 0.0102925 0.507333 0.020585 0.156 0.000423624
0 0.98104 0.643333 0.0379198 0.270667 0.000443704
0 0.390574 0 0.130011 0 0.000445351
0 0.907367 0.974 0.0335861 0.052 0.000446746
0 0.237541 0 0.119718 0 0.000449746
0 0.614301 0.598 0.0216685 0.0733333 0.000486509
0 0.124323 0.00333333 0.102384 0.00666667 0.000504861
0 0.0121885 0.442667 0.0146262 0.266667 0.000505576
0 0.732665 0.982 0.052546 0.036 0.000506454
0 0.741603 0.968 0.0498375 0.0346667 0.000508372
0 0.0379198 0 0.0574215 0 0.000517969
0 0.161159 0.00266667 0.095883 0.00533333 0.000519841
0 0.966956 0.98 0.0379198 0.04 0.000528588
0 0.312839 0.993333 0.112134 0.0133333 0.000529136
0 0.823131 0.280667 0.0167931 0.028 0.000537166
0 0.95558 0.119333 0.0325027 0.156 0.000543079
0 0.0197725 0.829333 0.039545 0.341333 0.000558999
0 0.113218 0 0.153846 0 0.000576222
0 0.754334 0.986667 0.0341278 0.0186667 0.000595089
0 0.987812 0.984667 0.024377 0.0306667 0.000626351
0 0.0213976 0.548 0.0427952 0.325333 0.000629558
0 0.0092091 0.851333 0.0184182 0.292 0.000630155
0 0.979415 0.782 0.0325027 0.166667 0.000634609
0 0.989707 0.908667 0.0173348 0.124 0.000672575
0 0.977519 0.958667 0.0287107 0.0826667 0.000688981
0 0.989166 0.722 0.0119177 0.105333 0.000730245
0 0.18987 0 0.120802 0 0.000738454
0 0.989707 0.57 0.0173348 0.110667 0.000741456
0 0.793608 0.956 0.020585 0.0373333 0.000767942
0 0.513272 0 0.131636 0 0.000790032
0 0.0113759 0.646 0.0227519 0.350667 0.000807727
0 0.982665 0.652667 0.0238353 0.204 0.000815905
0 0.811755 0.612667 0.37649 0.774667 0.000835751
0 0.987541 0.390667 0.0184182 0.12 0.000876999
0 0.912243 0.895333 0.0888407 0.209333 0.000928823
0 0.463705 0 0.135428 0 0.000946589
0 0.991062 0.54 0.0092091 0.12 0.000947022
0 0.719122 0.983333 0.0406284 0.0226667 0.000947371
0 0.0140845 0.78 0.0238353 0.36 0.000959853
0 0.819881 0.288667 0.0287107 0.0413333 0.000989585
0 0.990249 0.69 0.0108342 0.0626667 0.0011241
0 0.0132719 0.518 0.0200433 0.292 0.00117073
0 0.0858613 0.00466667 0.107801 0.00933333 0.00119429
0 0.727248 0.932667 0.0828819 0.132 0.00138723
0 0.0452329 0.000666667 0.0904659 0.00133333 0.00139823
0 0.865385 0.342 0.269231 0.684 0.00143946
0 0.730498 0.959333 0.06013 0.0786667 0.00144501
0 0.988624 0.603333 0.0227519 0.254667 0.00148849
0 0.615385 0.604667 0.0325027 0.113333 0.00150401
0 0.805255 0.0313333 0.0622969 0.0626667 0.00165921
0 0.72156 0.858 0.0574215 0.153333 0.001663
0 0.689599 0.261333 0.0238353 0.0346667 0.002093
0 0.819068 0.0453333 0.0433369 0.08 0.0022973
0 0.986728 0.868667 0.0265439 0.18 0.00251535
0 0.988895 0.792667 0.0178765 0.18 0.00265324
0 0.96533 0.125333 0.0693391 0.250667 0.00377368
0 0.608072 0.61 0.0330444 0.172 0.00417324
0 0.978332 0.984667 0.0184182 0.028 0.0042995
0 0.817714 0.0646667 0.0297941 0.129333 0.00487772
0 0.835049 0.0313333 0.0471289 0.0546667 0.00621772
0 0.990249 0.73 0.0195016 0.150667 0.00693665
0 0.771668 0.322667 0.368906 0.645333 0.00724363
0 0.970477 0.983333 0.0178765 0.0333333 0.00955386
0 0.99052 0.332667 0.0189599 0.190667 0.00962554
0 0.992958 0.564 0.0140845 0.168 0.0110497
0 0.991874 0.676667 0.0162514 0.108 0.0187275
0 0.989978 0.632667 0.0157096 0.212 0.0238691
0 0.72156 0.797333 0.217768 0.405333 0.024796
0 0.605905 0.605333 0.0265439 0.0853333 0.0314404
0 0.985645 0.852 0.0200433 0.064 0.0782662
0 0.821506 0.0246667 0.0341278 0.0493333 0.716857
0 0.739437 0.833333 0.0585049 0.162667 0.788793
0 0.911701 0.931333 0.0368364 0.137333 0.803408
0 0.720206 0.871333 0.0937161 0.233333 0.832978
0 0.750542 0.194 0.0731311 0.105333 0.899807
0 0.966414 0.124 0.0400867 0.205333 0.917866
