0 0.887595 0.594 0.0492958 0.102667 1.65133e-05
0 0.533315 0.048 0.0536295 0.088 1.65448e-05
0 0.378927 0.834 0.095883 0.185333 1.65765e-05
0 0.833694 0.632667 0.0400867 0.084 1.66235e-05
0 0.385428 0.91 0.0969664 0.148 1.66661e-05
0 0.906284 0.108667 0.0433369 0.113333 1.66844e-05
0 0.491062 0.959333 0.088299 0.0813333 1.67145e-05
0 0.381636 0.539333 0.0687974 0.142667 1.67516e-05
0 0.705038 0.154667 0.039545 0.0933333 1.67937e-05
0 0.831798 0.386 0.0492958 0.0573333 1.68102e-05
0 0.345612 0.576 0.131094 0.178667 1.68218e-05
0 0.599133 0.668 0.0455038 0.0586667 1.68415e-05
0 0.312026 0.936 0.0812568 0.128 1.69181e-05
0 0.0690683 0.199333 0.138137 0.398667 1.69471e-05
0 0.58234 0.0246667 0.0444204 0.0493333 1.69533e-05
0 0.0184182 0.634667 0.0368364 0.117333 1.69586e-05
0 0.0858613 0.962667 0.161972 0.0746667 1.69798e-05
0 0.0157096 0.934 0.0314193 0.132 1.6984e-05
0 0.424973 0.759333 0.0308776 0.0573333 1.69885e-05
0 0.0891116 0 0.0557963 0 1.69922e-05
0 0.460455 0.0753333 0.0769231 0.150667 1.70467e-05
0 0.354821 0.402667 0.0574215 0.144 1.70626e-05
0 0.896804 0.569333 0.0557963 0.04 1.70808e-05
0 0.710184 0.900667 0.092091 0.14 1.70964e-05
0 0.861593 0.656667 0.0666305 0.121333 1.71277e-05
0 0.385157 0.541333 0.0520043 0.0826667 1.71807e-05
0 0.0197725 0.146 0.039545 0.118667 1.72157e-05
0 0.47156 0.376667 0.0362947 0.156 1.72975e-05
0 0.830986 0.314667 0.0487541 0.0586667 1.73114e-05
0 0.684453 0.204 0.0417118 0.08 1.7356e-05
0 0.819881 0.696 0.0438787 0.072 1.74008e-05
0 0.772481 0.214667 0.0693391 0.12 1.74099e-05
0 0.0222102 0.143333 0.0270856 0.217333 1.74295e-05
0 0.671181 0.416 0.0444204 0.0933333 1.7504e-05
0 0.818797 0.456 0.0482123 0.0746667 1.75069e-05
0 0.831257 0.288 0.0482123 0.0666667 1.75277e-05
0 0.660888 0.300667 0.0693391 0.132 1.75402e-05
0 0.488624 0.0326667 0.099675 0.0653333 1.7605e-05
0 0.412784 0.923333 0.084507 0.153333 1.76113e-05
0 0.771127 0.602667 0.0471289 0.109333 1.76464e-05
0 0.783315 0.297333 0.0509209 0.0586667 1.76603e-05
0 0.38597 0.987333 0.0655471 0.0253333 1.76933e-05
0 0.928765 0.997333 0.0503792 0.00533333 1.77059e-05
0 0.404388 0.178 0.0438787 0.0786667 1.77061e-05
0 0.484561 0.836667 0.0752979 0.158667 1.78283e-05
0 0.165764 0.957333 0.173348 0.0853333 1.78474e-05
0 0.661972 0.452 0.0411701 0.088 1.79087e-05
0 0.816631 0.261333 0.0438787 0.0666667 1.79182e-05
0 0.832611 0.424667 0.0444204 0.1 1.7983e-05
0 0.43364 0.102667 0.0698808 0.170667 1.79963e-05
0 0.780607 0.724 0.0758397 0.157333 1.81087e-05
0 0.562839 0.398667 0.0790899 0.312 1.81404e-05
0 0.48104 0.924667 0.0292524 0.105333 1.82767e-05
0 0.0186891 0.326667 0.0373781 0.125333 1.83242e-05
0 0.939328 0.268 0.084507 0.144 1.83364e-05
0 0.0522752 0.208 0.0872156 0.282667 1.83379e-05
0 0.319881 0.991333 0.0427952 0.0173333 1.83483e-05
0 0.937432 0.333333 0.0872156 0.168 1.83631e-05
0 0.568256 0.00266667 0.0520043 0.00533333 1.83672e-05
0 0.837757 0.188667 0.0926327 0.177333 1.83826e-05
0 0.43987 0.945333 0.0790899 0.109333 1.83875e-05
0 0.933911 0.0406667 0.0465872 0.0466667 1.85211e-05
0 0.891658 0.573333 0.0931744 0.109333 1.85234e-05
0 0.617822 0.823333 0.178223 0.353333 1.85752e-05
0 0.0211268 0.540667 0.0238353 0.276 1.86376e-05
0 0.566631 0.192 0.0498375 0.104 1.88576e-05
0 0.761105 0.120667 0.0834236 0.241333 1.88876e-05
0 0.258667 0.992 0.0308776 0.016 1.89386e-05
0 0.921993 0.966 0.118093 0.068 1.89489e-05
0 0.434724 0.777333 0.0265439 0.0533333 1.89675e-05
0 0.306609 0.99 0.0411701 0.02 1.89683e-05
0 0.181203 0.0146667 0.0492958 0.0293333 1.90773e-05
0 0.822319 0.454667 0.071506 0.117333 1.9129e-05
0 0.282503 0.182 0.152221 0.364 1.91409e-05
0 0.407367 0.982667 0.0444204 0.0266667 1.92205e-05
0 0.480769 0.464 0.067714 0.218667 1.92993e-05
0 0.860509 0.662 0.0341278 0.068 1.93124e-05
0 0.718852 0.02 0.0422535 0.04 1.9318e-05
0 0.867281 0.948 0.0498375 0.072 1.94436e-05
0 0.907367 0.707333 0.0660888 0.0786667 1.94563e-05
0 0.0874865 0.51 0.122969 0.257333 1.94699e-05
0 0.493229 0.980667 0.0308776 0.0386667 1.94763e-05
0 0.828007 0.945333 0.0449621 0.072 1.94974e-05
0 0.744583 0.891333 0.088299 0.129333 1.95253e-05
0 0.331798 0.994667 0.0417118 0.0106667 1.95435e-05
0 0.442579 0 0.0541712 0 1.98631e-05
0 0.0644637 0.587333 0.128927 0.334667 1.99101e-05
0 0.361051 0.534 0.0536295 0.1 1.99645e-05
0 0.161701 0.638 0.120802 0.222667 1.99673e-05
0 0.0449621 0.082 0.0682557 0.164 2.0054e-05
0 0.393824 0.473333 0.0498375 0.0746667 2.00701e-05
0 0.139491 0.924 0.130553 0.152 2.00704e-05
0 0.422806 0.983333 0.0373781 0.0253333 2.00749e-05
0 0.760563 0.958 0.0866739 0.084 2.01228e-05
0 0.41766 0.756667 0.0704225 0.14 2.01313e-05
0 0.49675 0.584667 0.0411701 0.076 2.01313e-05
0 0.81636 0.967333 0.0498375 0.052 2.01447e-05
0 0.975352 0.33 0.0438787 0.092 2.02543e-05
0 0.0644637 0 0.0552546 0 2.02727e-05
0 0.522752 0.950667 0.0433369 0.0613333 2.02824e-05
0 0.771127 0.976 0.0330444 0.0346667 2.03223e-05
0 0.611051 0.660667 0.0725894 0.236 2.04049e-05
0 0.797129 0.78 0.0492958 0.0373333 2.04204e-05
0 0.510834 0.0853333 0.0628386 0.170667 2.04516e-05
0 0.505417 0.00266667 0.0530878 0.00533333 2.04554e-05
0 0.0736728 1 0.056338 0 2.0482e-05
0 0.613218 0.138 0.0585049 0.182667 2.05912e-05
0 0.921993 0.212 0.156013 0.424 2.06793e-05
0 0.411159 0.372667 0.0801734 0.153333 2.07895e-05
0 0.124052 0.894 0.122427 0.185333 2.08119e-05
0 0.889762 0.996 0.0492958 0.008 2.08249e-05
0 0.975623 0.266667 0.0433369 0.0853333 2.09687e-05
0 0.606176 0.865333 0.0346696 0.0986667 2.10019e-05
0 0.595612 0.0306667 0.039545 0.0533333 2.10046e-05
0 0.588841 0.704 0.0985916 0.277333 2.10355e-05
0 0.533315 0.93 0.039545 0.105333 2.10528e-05
0 0.659805 0.301333 0.0465872 0.088 2.10732e-05
0 0.919014 0.0673333 0.095883 0.134667 2.11311e-05
0 0.40818 0.0893333 0.0796316 0.178667 2.12893e-05
0 0.671993 0.36 0.0417118 0.104 2.13815e-05
0 0.247291 0.486667 0.0807151 0.242667 2.14071e-05
0 0.833424 0.690667 0.0828819 0.245333 2.14195e-05
0 0.84182 0.103333 0.127844 0.188 2.14231e-05
0 0.509209 0.678 0.0411701 0.0813333 2.14258e-05
0 0.83532 0.456667 0.111593 0.169333 2.14716e-05
0 0.613759 0.146667 0.0812568 0.293333 2.15177e-05
0 0.985645 0.960667 0.0287107 0.0786667 2.153e-05
0 0.867822 0.968667 0.0465872 0.0413333 2.15617e-05
0 0.00947996 0.0393333 0.0157096 0.0786667 2.16743e-05
0 0.415493 0.0326667 0.119177 0.0653333 2.18064e-05
0 0.661159 0.392667 0.0449621 0.0866667 2.1819e-05
0 0.985915 0.692667 0.0216685 0.0973333 2.18212e-05
0 0.835049 0.394 0.116468 0.137333 2.18363e-05
0 0.787649 0.382667 0.107259 0.282667 2.18881e-05
0 0.223727 0.606667 0.0444204 0.229333 2.19046e-05
0 0.660076 0.544 0.0352113 0.08 2.20083e-05
0 0.745666 0.266 0.0514626 0.076 2.20105e-05
0 0.960184 0.074 0.0438787 0.0866667 2.20378e-05
0 0.94935 0.604667 0.1013 0.462667 2.20764e-05
0 0.458288 0.206667 0.0736728 0.138667 2.21667e-05
0 0.271127 0.920667 0.0579632 0.158667 2.22566e-05
0 0.431473 0.356 0.1013 0.304 2.23837e-05
0 0.887324 0.384667 0.099675 0.148 2.24149e-05
0 0.372156 0.574667 0.0520043 0.096 2.24268e-05
0 0.789545 0.106 0.111051 0.150667 2.26099e-05
0 0.868635 0.26 0.0492958 0.0693333 2.26141e-05
0 0.572048 0.758 0.133261 0.484 2.26483e-05
0 0.723456 0.76 0.0872156 0.106667 2.26743e-05
0 0.843716 0.974667 0.0449621 0.0426667 2.27702e-05
0 0.681744 0.0966667 0.0807151 0.193333 2.27855e-05
0 0.347508 0.509333 0.0536295 0.0986667 2.2838e-05
0 0.774377 0.373333 0.197725 0.621333 2.28602e-05
0 0.679848 0.104 0.0498375 0.0906667 2.29181e-05
0 0.366197 0.961333 0.0899242 0.0773333 2.29604e-05
0 0.833424 0.666667 0.0449621 0.0693333 2.30361e-05
0 0.222644 0.273333 0.0422535 0.106667 2.30482e-05
0 0.770585 0.052 0.0427952 0.072 2.30946e-05
0 0.881365 0.316 0.0498375 0.0533333 2.32191e-05
0 0.416576 0 0.0552546 0 2.3238e-05
0 0.83559 0.921333 0.100217 0.128 2.32677e-05
0 0.542253 0.0666667 0.0216685 0.024 2.32836e-05
0 0.715872 0.856 0.126219 0.184 2.32939e-05
0 0.0195016 0.666 0.0227519 0.281333 2.32953e-05
0 0.975352 0.918667 0.0308776 0.101333 2.33132e-05
0 0.494041 0.776667 0.035753 0.0413333 2.33158e-05
0 0.640845 0.215333 0.0910076 0.18 2.33413e-05
0 0.66143 0.162667 0.0455038 0.0666667 2.3418e-05
0 0.58234 0.144667 0.0368364 0.0626667 2.34333e-05
0 0.770043 0.154 0.0427952 0.0573333 2.34603e-05
0 0.559047 0.076 0.0704225 0.152 2.35229e-05
0 0.42091 0.483333 0.056338 0.113333 2.38118e-05
0 0.142741 0.0753333 0.111051 0.150667 2.38795e-05
0 0.421181 0.548 0.0557963 0.0933333 2.38824e-05
0 0.717768 0.92 0.0368364 0.0826667 2.3972e-05
0 0.665764 0.634667 0.0498375 0.133333 2.40567e-05
0 0.616739 0 0.0514626 0 2.40906e-05
0 0.61078 0.796 0.039545 0.0853333 2.41303e-05
0 0.313109 0.318 0.16143 0.636 2.42593e-05
0 0.469935 0.670667 0.0417118 0.114667 2.43029e-05
0 0.847779 0.628 0.071506 0.114667 2.43317e-05
0 0.153846 0 0.056338 0 2.43441e-05
0 0.755688 0.892667 0.108342 0.214667 2.43682e-05
0 0.983749 0.69 0.0325027 0.188 2.44137e-05
0 0.668743 0 0.0514626 0 2.44448e-05
0 0.639762 0.462667 0.0790899 0.306667 2.44516e-05
0 0.571777 0.642 0.0406284 0.0706667 2.46276e-05
0 0.613489 0.922 0.0471289 0.0973333 2.46363e-05
0 0.712622 0.08 0.0752979 0.16 2.4795e-05
0 0.814193 0.831333 0.187432 0.337333 2.4807e-05
0 0.125948 1 0.0568797 0 2.49477e-05
0 0.437703 0.972667 0.0335861 0.0386667 2.49832e-05
0 0.66143 0.488667 0.0390032 0.0813333 2.50119e-05
0 0.620531 0.386667 0.0384615 0.0666667 2.50164e-05
0 0.956392 0.348 0.0872156 0.522667 2.50199e-05
0 0.763272 0.178 0.107259 0.142667 2.50357e-05
0 0.678494 0.988667 0.0503792 0.0226667 2.50552e-05
0 0.189328 0.07 0.0807151 0.14 2.51783e-05
0 0.537649 0.0746667 0.0211268 0.0133333 2.54984e-05
0 0.880553 0.817333 0.165222 0.365333 2.5533e-05
0 0.580986 0.416667 0.0427952 0.036 2.56261e-05
0 0.208288 0.544667 0.0666305 0.257333 2.56397e-05
0 0.53169 0.701333 0.0492958 0.08 2.57335e-05
0 0.465872 0.898 0.0303359 0.092 2.57497e-05
0 0.448537 0.899333 0.0184182 0.105333 2.57766e-05
0 0.466956 0.544667 0.135428 0.548 2.57917e-05
0 0.622969 0.987333 0.0541712 0.0253333 2.58245e-05
0 0.580715 0.992667 0.0476706 0.0146667 2.58467e-05
0 0.862405 0.05 0.092091 0.092 2.58725e-05
0 0.98727 0.785333 0.0146262 0.125333 2.5989e-05
0 0.406826 0.200667 0.0736728 0.132 2.6069e-05
0 0.0273564 0.968667 0.0547129 0.0626667 2.61494e-05
0 0.986186 0.638667 0.0222102 0.109333 2.61702e-05
0 0.0181473 0.388 0.0362947 0.114667 2.61877e-05
0 0.908992 0.349333 0.0509209 0.0506667 2.6243e-05
0 0.513001 0.736 0.132178 0.514667 2.62549e-05
0 0.484019 0.212 0.127302 0.306667 2.62557e-05
0 0.707476 0.626667 0.0487541 0.0693333 2.63963e-05
0 0.796587 0.0473333 0.0460455 0.068 2.64469e-05
0 0.8039 0.486 0.0509209 0.0733333 2.65145e-05
0 0.422806 0.605333 0.0590466 0.2 2.65904e-05
0 0.382178 0.114667 0.0937161 0.229333 2.66122e-05
0 0.872156 0.965333 0.0866739 0.0533333 2.68753e-05
0 0.756771 0.234 0.0444204 0.084 2.69501e-05
0 0.848321 0.312 0.0931744 0.096 2.70026e-05
0 0.631907 0.91 0.0590466 0.174667 2.70225e-05
0 0.780607 0.994 0.0476706 0.012 2.71069e-05
0 0.0403575 0.637333 0.0807151 0.629333 2.71464e-05
0 0.785482 0.474667 0.0790899 0.0666667 2.72051e-05
0 0.355634 0.765333 0.14572 0.464 2.72417e-05
0 0.249729 0.056 0.0465872 0.0773333 2.72431e-05
0 0.258126 0.484 0.161972 0.458667 2.72441e-05
0 0.988353 0.2 0.0178765 0.096 2.72709e-05
0 0.698537 0.417333 0.0460455 0.0773333 2.72783e-05
0 0.804442 0.262667 0.0650054 0.133333 2.72821e-05
0 0.469122 0.624667 0.0314193 0.121333 2.73049e-05
0 0.609697 0.786 0.0482123 0.158667 2.74472e-05
0 0.458288 0.358667 0.084507 0.162667 2.7496e-05
0 0.942037 0.966667 0.104009 0.0666667 2.75242e-05
0 0.360509 0.638 0.0503792 0.0653333 2.75379e-05
0 0.361863 0.994 0.071506 0.012 2.75441e-05
0 0.858342 0.314 0.0471289 0.0546667 2.76417e-05
0 0.186891 0.0233333 0.0975081 0.0466667 2.7673e-05
0 0.686349 0.246 0.0455038 0.0786667 2.76927e-05
0 0.398971 0.514667 0.052546 0.0986667 2.78032e-05
0 0.86701 0.992667 0.0503792 0.0146667 2.78623e-05
0 0.546045 0.65 0.0433369 0.0706667 2.78896e-05
0 0.888949 0.962667 0.127844 0.0746667 2.78919e-05
0 0.754334 0.672667 0.0514626 0.121333 2.78949e-05
0 0.109155 0.23 0.178223 0.46 2.7908e-05
0 0.537649 0.887333 0.0796316 0.225333 2.80519e-05
0 0.57909 0.166 0.0812568 0.188 2.8061e-05
0 0.597508 0.55 0.0292524 0.118667 2.83351e-05
0 0.845612 0.0473333 0.0487541 0.068 2.84734e-05
0 0.684995 0.388667 0.0438787 0.0866667 2.85586e-05
0 0.0384615 0.256 0.0769231 0.512 2.85834e-05
0 0.932286 0.01 0.0498375 0.02 2.86197e-05
0 0.232665 0.555333 0.0536295 0.137333 2.86655e-05
0 0.57584 0.886667 0.0260022 0.0693333 2.86667e-05
0 0.230498 0.998 0.0449621 0.004 2.86683e-05
0 0.330173 0.812 0.067714 0.232 2.86789e-05
0 0.463976 0.725333 0.112134 0.466667 2.87214e-05
0 0.511647 0.27 0.105634 0.289333 2.87533e-05
0 0.916035 0.096 0.099675 0.168 2.87678e-05
0 0.904117 0.266 0.099675 0.26 2.8779e-05
0 0.530065 0.339333 0.129469 0.492 2.89701e-05
0 0.817985 0.758667 0.0628386 0.0826667 2.90299e-05
0 0.380282 0.696 0.092091 0.328 2.90916e-05
0 0.640303 0.468 0.0574215 0.157333 2.9139e-05
0 0.739707 0.0986667 0.088299 0.144 2.92863e-05
0 0.96533 0.973333 0.0693391 0.0533333 2.93553e-05
0 0.026273 0.774 0.0471289 0.286667 2.93792e-05
0 0.24052 0.0286667 0.115926 0.0573333 2.94073e-05
0 0.0598592 0.457333 0.119718 0.216 2.95325e-05
0 0.605363 0.338 0.0720477 0.233333 2.95367e-05
0 0.744312 0.0193333 0.0433369 0.0386667 2.9591e-05
0 0.63597 0.934667 0.0975081 0.130667 2.99474e-05
0 0.942579 0.998667 0.0520043 0.00266667 2.997e-05
0 0.356988 0.044 0.0487541 0.0613333 3.00458e-05
0 0.366468 0.0346667 0.120802 0.0693333 3.00905e-05
0 0.61701 0.255333 0.127844 0.409333 3.00958e-05
0 0.820423 0.048 0.0460455 0.0693333 3.02594e-05
0 0.420368 1 0.0606717 0 3.03297e-05
0 0.894366 0 0.0552546 0 3.03464e-05
0 0.97454 0.076 0.0346696 0.088 3.04072e-05
0 0.791712 0.0646667 0.0817985 0.129333 3.04615e-05
0 0.880823 0.902 0.109426 0.172 3.04617e-05
0 0.559317 0.104 0.0796316 0.128 3.04921e-05
0 0.705309 0.186 0.131094 0.372 3.05155e-05
0 0.445829 0.854667 0.0325027 0.157333 3.05528e-05
0 0.693662 0 0.052546 0 3.05865e-05
0 0.271398 0.99 0.035753 0.02 3.06076e-05
0 0.684724 0.606 0.131094 0.428 3.07219e-05
0 0.739437 0.0693333 0.0780065 0.138667 3.09411e-05
0 0.970748 0.654 0.0585049 0.166667 3.10321e-05
0 0.504875 0.532667 0.0693391 0.18 3.10782e-05
0 0.357801 0.996667 0.0449621 0.00666667 3.11411e-05
0 0.505688 0.587333 0.0861322 0.142667 3.12183e-05
0 0.391928 0 0.0557963 0 3.1355e-05
0 0.915493 1 0.0530878 0 3.1374e-05
0 0.385157 0.610667 0.0520043 0.117333 3.13784e-05
0 0.479144 0.398667 0.0915493 0.269333 3.13987e-05
0 0.538732 0.221333 0.0644637 0.221333 3.14648e-05
0 0.813651 0.719333 0.0910076 0.132 3.14907e-05
0 0.804442 0.587333 0.0780065 0.206667 3.15591e-05
0 0.668202 0.926 0.0417118 0.102667 3.16552e-05
0 0.415493 0.421333 0.162514 0.6 3.19988e-05
0 0.463164 0.842667 0.107259 0.314667 3.20914e-05
0 0.332611 0.366667 0.099675 0.24 3.21457e-05
0 0.0121885 0.273333 0.024377 0.205333 3.22415e-05
0 0.98727 0.541333 0.0222102 0.106667 3.22853e-05
0 0.593716 0.706667 0.084507 0.136 3.2393e-05
0 0.0213976 0.026 0.0427952 0.052 3.24295e-05
0 0.335049 0.516667 0.0763814 0.188 3.24844e-05
0 0.758397 0.475333 0.0476706 0.06 3.24953e-05
0 0.608342 0.0433333 0.0314193 0.0706667 3.25294e-05
0 0.807421 0.737333 0.0438787 0.0746667 3.2715e-05
0 0.503792 0.334 0.0747562 0.148 3.27274e-05
0 0.954767 0.604667 0.0622969 0.22 3.27654e-05
0 0.539816 0.996 0.0492958 0.008 3.28404e-05
0 0.550108 0.698667 0.0861322 0.245333 3.32562e-05
0 0.915493 0 0.0520043 0 3.32985e-05
0 0.708017 0.6 0.0498375 0.0746667 3.33343e-05
0 0.87351 0.234 0.0839653 0.142667 3.34059e-05
0 0.780336 0.754 0.0406284 0.052 3.34318e-05
0 0.717768 0 0.0520043 0 3.34354e-05
0 0.673077 0.517333 0.0384615 0.08 3.3436e-05
0 0.804442 0.992667 0.0520043 0.0146667 3.34744e-05
0 0.842091 0.991333 0.0482123 0.0173333 3.35787e-05
0 0.744312 0.772 0.0433369 0.0693333 3.36797e-05
0 0.612405 0.00733333 0.0612134 0.0146667 3.36878e-05
0 0.202059 0.996667 0.0509209 0.00666667 3.37374e-05
0 0.87026 0.0446667 0.0514626 0.0573333 3.38268e-05
0 0.945287 0 0.0541712 0 3.38576e-05
0 0.699892 0.388 0.0628386 0.138667 3.39652e-05
0 0.533857 0.0666667 0.0211268 0.0293333 3.39835e-05
0 0.739166 0.915333 0.0460455 0.0893333 3.42185e-05
0 0.0127302 0.929333 0.0157096 0.141333 3.42448e-05
0 0.699079 0.00533333 0.0850488 0.0106667 3.4252e-05
0 0.699621 0.454667 0.0460455 0.0773333 3.43911e-05
0 0.836403 0.988667 0.0855905 0.0226667 3.44229e-05
0 0.78169 0.29 0.071506 0.110667 3.44247e-05
0 0.832611 0.62 0.109426 0.186667 3.45905e-05
0 0.382178 0.992667 0.0471289 0.0146667 3.46575e-05
0 0.943933 0.078 0.0828819 0.14 3.46967e-05
0 0.532232 0.0766667 0.0265439 0.0306667 3.47475e-05
0 0.96208 0.789333 0.0585049 0.245333 3.47822e-05
0 0.25 1 0.0622969 0 3.50829e-05
0 0.940953 0.824 0.118093 0.352 3.53307e-05
0 0.72454 0.790667 0.244312 0.418667 3.53792e-05
0 0.0140845 0.882667 0.028169 0.194667 3.54284e-05
0 0.677681 0.766 0.153846 0.468 3.57736e-05
0 0.710455 0.246667 0.0742145 0.16 3.57979e-05
0 0.062026 0.340667 0.124052 0.414667 3.5907e-05
0 0.0390032 0.999333 0.0552546 0.00133333 3.59712e-05
0 0.535482 0.588667 0.0807151 0.156 3.59784e-05
0 0.478873 0.953333 0.0227519 0.088 3.60039e-05
0 0.540087 0.0726667 0.0108342 0.0253333 3.60095e-05
0 0.696371 0.351333 0.0449621 0.0946667 3.60525e-05
0 0.536295 0.0766667 0.00866739 0.012 3.65477e-05
0 0.547129 0.997333 0.0855905 0.00533333 3.65878e-05
0 0.461538 0.00266667 0.0790899 0.00533333 3.67694e-05
0 0.612676 0.690667 0.0585049 0.096 3.69721e-05
0 0.366739 0.637333 0.102925 0.162667 3.69796e-05
0 0.573131 0.237333 0.0400867 0.192 3.69962e-05
0 0.837486 0.689333 0.0769231 0.117333 3.70279e-05
0 0.0492958 1 0.056338 0 3.70746e-05
0 0.986457 0.448667 0.0238353 0.105333 3.70813e-05
0 0.907909 0.325333 0.0498375 0.048 3.71327e-05
0 0.287649 1 0.0682557 0 3.71948e-05
0 0.307692 0.866 0.0888407 0.209333 3.75088e-05
0 0.78792 0.978 0.0807151 0.044 3.78378e-05
0 0.330173 0.0493333 0.0503792 0.064 3.79061e-05
0 0.583965 0.336 0.0628386 0.141333 3.79472e-05
0 0.151138 1 0.056338 0 3.79741e-05
0 0.179577 0 0.0557963 0 3.83239e-05
0 0.343716 0 0.0547129 0 3.84346e-05
0 0.460455 0.384667 0.0444204 0.105333 3.86409e-05
0 0.536295 0.959333 0.0812568 0.0813333 3.87891e-05
0 0.987812 0.965333 0.0189599 0.0533333 3.8854e-05
0 0.57909 0.868 0.020585 0.04 3.88843e-05
0 0.907638 0.0286667 0.0666305 0.0573333 3.90766e-05
0 0.463434 0.0326667 0.0926327 0.0653333 3.91817e-05
0 0.742687 0 0.0530878 0 3.92591e-05
0 0.305796 0.078 0.0492958 0.0973333 3.93054e-05
0 0.436349 0.983333 0.0276273 0.0253333 3.93608e-05
0 0.508126 0.326667 0.0487541 0.0773333 3.94509e-05
0 0.759751 0.732 0.131636 0.421333 3.98112e-05
0 0.738895 0.995333 0.0790899 0.00933333 3.98788e-05
0 0.304984 0 0.0541712 0 4.00009e-05
0 0.758667 0.380667 0.0503792 0.0573333 4.00061e-05
0 0.869447 0 0.0552546 0 4.00215e-05
0 0.988082 0.384 0.0216685 0.096 4.0033e-05
0 0.885157 0.315333 0.099675 0.0786667 4.00398e-05
0 0.442579 0.746 0.0184182 0.0653333 4.01533e-05
0 0.448267 0.339333 0.0503792 0.0946667 4.04404e-05
0 0.985374 0.776667 0.0292524 0.310667 4.04666e-05
0 0.571777 0.766 0.0742145 0.182667 4.07069e-05
0 0.0660888 0.990667 0.0758397 0.0186667 4.10321e-05
0 0.176869 1 0.0547129 0 4.1166e-05
0 0.591008 0.102667 0.0704225 0.205333 4.14005e-05
0 0.773294 0.533333 0.0471289 0.088 4.14166e-05
0 0.612676 0.974 0.0682557 0.052 4.14936e-05
0 0.312568 0.989333 0.0812568 0.0213333 4.15179e-05
0 0.592091 0.638 0.0758397 0.118667 4.1566e-05
0 0.686891 0.492 0.0422535 0.08 4.16994e-05
0 0.615385 1 0.0455038 0 4.17015e-05
0 0.643012 0 0.0520043 0 4.17869e-05
0 0.46506 0.75 0.0503792 0.284 4.19047e-05
0 0.792795 0.602 0.0417118 0.121333 4.21337e-05
0 0.0547129 0.108 0.109426 0.216 4.22244e-05
0 0.254605 0.582 0.113759 0.334667 4.25531e-05
0 0.534128 0.521333 0.12026 0.48 4.2775e-05
0 0.513543 0.04 0.0747562 0.08 4.28553e-05
0 0.785211 0.381333 0.0492958 0.056 4.28635e-05
0 0.545233 0.307333 0.0547129 0.148 4.306e-05
0 0.674702 0.584 0.039545 0.0933333 4.31669e-05
0 0.436349 0.902667 0.0633803 0.170667 4.32452e-05
0 0.257584 0 0.052546 0 4.33073e-05
0 0.434182 0.175333 0.0438787 0.0706667 4.33308e-05
0 0.519231 0.900667 0.0785482 0.161333 4.33983e-05
0 0.637866 1 0.0763814 0 4.34973e-05
0 0.849133 0.270667 0.102384 0.128 4.36167e-05
0 0.604009 0.988667 0.0465872 0.0226667 4.36283e-05
0 0.618364 0.770667 0.0438787 0.0853333 4.37876e-05
0 0.287378 0.036 0.105634 0.072 4.3888e-05
0 0.616197 0.256667 0.0839653 0.174667 4.39516e-05
0 0.907638 0.98 0.0796316 0.04 4.39788e-05
0 0.784128 0.326 0.052546 0.052 4.40042e-05
0 0.416035 0.688667 0.0585049 0.18 4.41669e-05
0 0.63922 0.535333 0.0552546 0.14 4.42239e-05
0 0.836674 0.026 0.0915493 0.052 4.42349e-05
0 0.604821 0.345333 0.0514626 0.130667 4.43875e-05
0 0.293337 1 0.039545 0 4.4434e-05
0 0.58532 0.406667 0.0698808 0.130667 4.44365e-05
0 0.685265 0.331333 0.0444204 0.0973333 4.44437e-05
0 0.941224 1 0.0536295 0 4.4595e-05
0 0.461809 0.86 0.031961 0.157333 4.4855e-05
0 0.770314 0.476667 0.0476706 0.0306667 4.48826e-05
0 0.89545 0.044 0.0509209 0.0533333 4.49531e-05
0 0.0219393 0.0933333 0.0417118 0.114667 4.49586e-05
0 0.611051 0.651333 0.0606717 0.0893333 4.49636e-05
0 0.677952 0.761333 0.10455 0.178667 4.49848e-05
0 0.505417 0.531333 0.092091 0.313333 4.5315e-05
0 0.557421 0.925333 0.0314193 0.096 4.53883e-05
0 0.603467 0.846667 0.0682557 0.288 4.54096e-05
0 0.0893824 0.0693333 0.124594 0.138667 4.55842e-05
0 0.316901 0.0193333 0.0530878 0.036 4.58407e-05
0 0.949892 0.876 0.088299 0.184 4.58984e-05
0 0.680661 0.938667 0.0362947 0.0586667 4.59531e-05
0 0.66468 0.614667 0.0346696 0.0773333 4.59738e-05
0 0.689057 0.398667 0.101842 0.245333 4.59914e-05
0 0.625677 0.945333 0.0368364 0.0826667 4.60005e-05
0 0.829902 0.786667 0.0433369 0.0586667 4.60198e-05
0 0.586132 0.008 0.0628386 0.016 4.62884e-05
0 0.667389 0.468 0.0834236 0.144 4.63887e-05
0 0.606717 0.368667 0.0346696 0.0733333 4.65541e-05
0 0.392741 0.02 0.0509209 0.04 4.65756e-05
0 0.639762 0.331333 0.0985916 0.238667 4.68387e-05
0 0.599675 1 0.0704225 0 4.68955e-05
0 0.910076 0.172 0.0855905 0.256 4.7005e-05
0 0.843445 0.686667 0.0465872 0.064 4.70415e-05
0 0.423889 0.630667 0.128386 0.482667 4.71754e-05
0 0.57286 0.947333 0.0373781 0.0786667 4.7369e-05
0 0.394366 0.972667 0.0530878 0.044 4.74831e-05
0 0.639762 0.586667 0.0769231 0.144 4.76536e-05
0 0.899242 0.048 0.0931744 0.0826667 4.77711e-05
0 0.481582 0.994 0.0411701 0.012 4.82168e-05
0 0.770585 0.0173333 0.0471289 0.0346667 4.84221e-05
0 0.724269 0.428 0.159263 0.474667 4.84646e-05
0 0.805255 0.522 0.140303 0.46 4.85913e-05
0 0.423889 0.006 0.0904659 0.012 4.88041e-05
0 0.340737 0.994 0.0877573 0.012 4.88147e-05
0 0.36701 0 0.0557963 0 4.91847e-05
0 0.264626 0.988 0.0742145 0.024 4.92406e-05
0 0.362676 0.608 0.0590466 0.149333 4.93806e-05
0 0.666576 0.006 0.0666305 0.012 4.95327e-05
0 0.548483 0.701333 0.06013 0.12 4.97806e-05
0 0.532232 0.974667 0.0471289 0.0373333 4.98688e-05
0 0.28494 0.796 0.0834236 0.248 4.99441e-05
0 0.380823 0.0453333 0.0487541 0.064 5.00125e-05
0 0.643012 0.975333 0.0780065 0.0493333 5.01848e-05
0 0.00595883 0.754667 0.0119177 0.146667 5.03556e-05
0 0.394366 0.472667 0.0552546 0.153333 5.04148e-05
0 0.605905 0.844667 0.114301 0.310667 5.05675e-05
0 0.6013 0.585333 0.0704225 0.130667 5.08017e-05
0 0.344258 0.018 0.0514626 0.036 5.08108e-05
0 0.203955 0 0.0557963 0 5.11949e-05
0 0.578548 0 0.0530878 0 5.14232e-05
0 0.564193 1 0.0492958 0 5.16672e-05
0 0.329632 0.0266667 0.0698808 0.0533333 5.18229e-05
0 0.767335 0.753333 0.0438787 0.0693333 5.18254e-05
0 0.507313 0.394667 0.0991333 0.181333 5.18432e-05
0 0.682557 0.0466667 0.0877573 0.0933333 5.19366e-05
0 0.869177 0.29 0.0503792 0.0573333 5.19982e-05
0 0.26896 0.078 0.0373781 0.102667 5.21216e-05
0 0.590737 1 0.0482123 0 5.21882e-05
0 0.989437 0.643333 0.0211268 0.217333 5.21971e-05
0 0.0341278 0.957333 0.0682557 0.0853333 5.22159e-05
0 0.988624 0.164667 0.0151679 0.0946667 5.225e-05
0 0.258938 0.104 0.0725894 0.208 5.22989e-05
0 0.482394 0.36 0.0460455 0.101333 5.23613e-05
0 0.0186891 0.232667 0.0373781 0.334667 5.2442e-05
0 0.450433 0.58 0.039545 0.0853333 5.24788e-05
0 0.291712 0.466 0.187974 0.270667 5.2488e-05
0 0.539274 0.006 0.0720477 0.012 5.25894e-05
0 0.135428 0.840667 0.175515 0.244 5.26926e-05
0 0.68987 1 0.0503792 0 5.31248e-05
0 0.410888 0.966 0.0828819 0.068 5.32696e-05
0 0.430119 1 0.0433369 0 5.33983e-05
0 0.294691 0.362 0.118093 0.281333 5.34544e-05
0 0.641116 1 0.0492958 0 5.35845e-05
0 0.890574 1 0.0530878 0 5.35945e-05
0 0.562568 0.521333 0.0406284 0.170667 5.38137e-05
0 0.793879 0.0253333 0.0655471 0.0506667 5.39902e-05
0 0.776815 0.854667 0.147346 0.290667 5.40418e-05
0 0.687703 0.972667 0.0947996 0.0546667 5.41778e-05
0 0.444475 0.992 0.0384615 0.016 5.46826e-05
0 0.230498 0 0.0547129 0 5.47122e-05
0 0.755688 0.334667 0.0498375 0.048 5.51803e-05
0 0.360238 0.0493333 0.0866739 0.0853333 5.52934e-05
0 0.528982 0 0.0536295 0 5.55828e-05
0 0.813109 0.984667 0.102925 0.0306667 5.56031e-05
0 0.45883 0.628 0.0314193 0.189333 5.56121e-05
0 0.23429 0.995333 0.0850488 0.00933333 5.56825e-05
0 0.0403575 0.00533333 0.0568797 0.0106667 5.57479e-05
0 0.637053 0.128667 0.035753 0.0813333 5.60595e-05
0 0.538462 0.519333 0.0812568 0.204 5.61597e-05
0 0.603738 0.855333 0.0482123 0.174667 5.62715e-05
0 0.415493 0.687333 0.0747562 0.324 5.63064e-05
0 0.638137 0 0.0823402 0 5.63876e-05
0 0.893554 0.0113333 0.0514626 0.0226667 5.64587e-05
0 0.00839653 0.066 0.0124594 0.121333 5.68084e-05
0 0.510022 0.727333 0.0742145 0.166667 5.69122e-05
0 0.866468 1 0.0514626 0 5.73334e-05
0 0.844258 0 0.0557963 0 5.75011e-05
0 0.973185 0.945333 0.0536295 0.109333 5.75516e-05
0 0.960726 0.024 0.0785482 0.048 5.76344e-05
0 0.318527 1 0.0422535 0 5.80276e-05
0 0.437432 0.704 0.0384615 0.130667 5.80458e-05
0 0.163326 0.552667 0.124052 0.233333 5.81188e-05
0 0.891116 0 0.0530878 0 5.83711e-05
0 0.695558 0.477333 0.0985916 0.213333 5.92825e-05
0 0.00704225 0.912667 0.0108342 0.137333 5.97122e-05
0 0.792524 0 0.0552546 0 5.9771e-05
0 0.754875 0.97 0.0438787 0.036 5.97937e-05
0 0.666306 1 0.0530878 0 5.98607e-05
0 0.495125 0.996667 0.0465872 0.00666667 5.98972e-05
0 0.545233 0.95 0.0373781 0.076 5.99641e-05
0 0.461809 1 0.0590466 0 5.99886e-05
0 0.988895 0.724 0.0113759 0.125333 6.01443e-05
0 0.834507 0.957333 0.0947996 0.0853333 6.0282e-05
0 0.62351 0.111333 0.0368364 0.0866667 6.04517e-05
0 0.00595883 0.236 0.0119177 0.144 6.05556e-05
0 0.819068 0.018 0.0465872 0.036 6.05683e-05
0 0.584778 0.874 0.0417118 0.0893333 6.06472e-05
0 0.456121 0.989333 0.0379198 0.0213333 6.06818e-05
0 0.663055 0.394667 0.0725894 0.165333 6.09142e-05
0 0.78169 0.566 0.0780065 0.289333 6.10892e-05
0 0.00758397 0.145333 0.0119177 0.144 6.10937e-05
0 0.28494 0.944 0.0498375 0.112 6.15211e-05
0 0.720477 0.599333 0.0747562 0.113333 6.17761e-05
0 0.560943 0.0386667 0.0774648 0.0773333 6.17861e-05
0 0.625406 0.673333 0.0211268 0.04 6.19127e-05
0 0.432286 0.994 0.0411701 0.012 6.19269e-05
0 0.768689 0 0.0541712 0 6.2067e-05
0 0.583965 0.397333 0.0335861 0.0346667 6.23092e-05
0 0.341278 0.466667 0.121343 0.365333 6.26606e-05
0 0.80688 0.486 0.0839653 0.102667 6.2703e-05
0 0.0969664 0.016 0.0812568 0.032 6.2913e-05
0 0.818256 0 0.0547129 0 6.31427e-05
0 0.712893 0.0306667 0.0671723 0.0613333 6.32374e-05
0 0.517335 0.646667 0.0758397 0.170667 6.34811e-05
0 0.595883 0.387333 0.0379198 0.044 6.34841e-05
0 0.112947 0 0.0547129 0 6.35472e-05
0 0.521668 0.991333 0.071506 0.0173333 6.35876e-05
0 0.406284 0.994 0.0487541 0.012 6.36022e-05
0 0.00622969 0.692 0.0124594 0.146667 6.38836e-05
0 0.0360238 0.413333 0.0720477 0.405333 6.39305e-05
0 0.268418 1 0.0373781 0 6.39519e-05
0 0.850217 1 0.0796316 0 6.42872e-05
0 0.0067714 0.327333 0.0135428 0.148 6.43603e-05
0 0.844258 0.0173333 0.0492958 0.0346667 6.4431e-05
0 0.728061 0.418 0.102925 0.236 6.46192e-05
0 0.991333 0.718 0.0173348 0.212 6.52378e-05
0 0.749187 0.00266667 0.0834236 0.00533333 6.57969e-05
0 0.673348 0.630667 0.0346696 0.0693333 6.58336e-05
0 0.840466 1 0.0492958 0 6.60546e-05
0 0.66766 0.532667 0.0514626 0.156 6.61168e-05
0 0.281148 0.000666667 0.0541712 0.00133333 6.61499e-05
0 0.24377 0.0346667 0.0747562 0.0693333 6.63015e-05
0 0.875677 0.617333 0.0384615 0.114667 6.63278e-05
0 0.868635 0.0133333 0.0514626 0.0266667 6.66114e-05
0 0.591008 0.0853333 0.0552546 0.130667 6.67866e-05
0 0.757584 0.968 0.0687974 0.056 6.68691e-05
0 0.163868 0 0.0557963 0 6.71747e-05
0 0.349675 0.783333 0.0698808 0.334667 6.73377e-05
0 0.736186 0.352 0.0693391 0.0693333 6.73416e-05
0 0.0306067 0.600667 0.0612134 0.428 6.7703e-05
0 0.666306 0.961333 0.0498375 0.0506667 6.78081e-05
0 0.729415 1 0.0503792 0 6.78514e-05
0 0.685265 0.944667 0.0628386 0.105333 6.81744e-05
0 0.362405 1 0.071506 0 6.81908e-05
0 0.566631 0.949333 0.0801734 0.101333 6.8284e-05
0 0.539003 1 0.0520043 0 6.84625e-05
0 0.752709 0.990667 0.0514626 0.0186667 6.84683e-05
0 0.958288 0.0453333 0.0509209 0.0533333 6.92045e-05
0 0.418472 0.0446667 0.0449621 0.0706667 6.92092e-05
0 0.73429 0.751333 0.0417118 0.105333 6.95108e-05
0 0.988624 0.166667 0.0227519 0.16 6.97164e-05
0 0.582882 0.582 0.0455038 0.052 6.97767e-05
0 0.589653 0.989333 0.0947996 0.0213333 7.01023e-05
0 0.138678 0.731333 0.277356 0.537333 7.03226e-05
0 0.833694 0.178667 0.119177 0.357333 7.0408e-05
0 0.812839 1 0.0828819 0 7.06363e-05
0 0.720477 0.276 0.0498375 0.0693333 7.08888e-05
0 0.0124594 0.765333 0.0249187 0.264 7.09542e-05
0 0.670639 0.585333 0.0725894 0.274667 7.1086e-05
0 0.0316901 0.149333 0.0633803 0.298667 7.124e-05
0 0.36701 1 0.0460455 0 7.13806e-05
0 0.554442 0 0.0536295 0 7.2003e-05
0 0.312297 0.498667 0.206392 0.682667 7.20495e-05
0 0.342904 1 0.0422535 0 7.2325e-05
0 0.8039 1 0.0509209 0 7.23834e-05
0 0.942037 0 0.0530878 0 7.27466e-05
0 0.469664 0.991333 0.0379198 0.0173333 7.27624e-05
0 0.0124594 0.016 0.0249187 0.032 7.29813e-05
0 0.761105 0.378667 0.099675 0.0826667 7.35637e-05
0 0.96831 0.212667 0.06013 0.262667 7.36001e-05
0 0.774377 1 0.0839653 0 7.38137e-05
0 0.00731311 0.479333 0.0146262 0.145333 7.44741e-05
0 0.138407 1 0.0926327 0 7.47547e-05
0 0.804442 0.374667 0.0574215 0.114667 7.48067e-05
0 0.65493 0.986667 0.0520043 0.0266667 7.50295e-05
0 0.479957 1 0.0444204 0 7.51374e-05
0 0.0325027 0.887333 0.0650054 0.225333 7.54832e-05
0 0.47779 0.545333 0.0780065 0.237333 7.55354e-05
0 0.599404 0.0573333 0.0352113 0.0666667 7.59897e-05
0 0.989978 0.02 0.0200433 0.04 7.60427e-05
0 0.466685 0.748 0.0373781 0.130667 7.61341e-05
0 0.986728 0 0.0265439 0 7.61827e-05
0 0.315005 0.332 0.228061 0.205333 7.63283e-05
0 0.285211 0.980667 0.06013 0.0386667 7.63775e-05
0 0.804984 0.926667 0.0942579 0.146667 7.66109e-05
0 0.925244 0.006 0.0736728 0.012 7.66214e-05
0 0.46208 0.984 0.0660888 0.032 7.67607e-05
0 0.967768 0.999333 0.0482123 0.00133333 7.68408e-05
0 0.479686 0.645333 0.0763814 0.168 7.68727e-05
0 0.392199 0.980667 0.0411701 0.0253333 7.6894e-05
0 0.673619 0.219333 0.0796316 0.166667 7.72456e-05
0 0.488895 0.00866667 0.0774648 0.0173333 7.7472e-05
0 0.716414 0.563333 0.0492958 0.084 7.74792e-05
0 0.439599 0.989333 0.0752979 0.0213333 7.77265e-05
0 0.777627 1 0.0492958 0 7.77375e-05
0 0.248104 0.0926667 0.0650054 0.145333 7.77386e-05
0 0.0189599 0.363333 0.0379198 0.34 7.81093e-05
0 0.404659 1 0.0476706 0 7.84482e-05
0 0.718852 0.01 0.0758397 0.02 7.84844e-05
0 0.202871 1 0.0536295 0 7.87842e-05
0 0.593174 0.0473333 0.0693391 0.0946667 7.92645e-05
0 0.82909 0.220667 0.210726 0.441333 7.92775e-05
0 0.378115 0.482667 0.0455038 0.0986667 7.93755e-05
0 0.865655 0 0.0541712 0 7.94041e-05
0 0.0855905 0.994667 0.151679 0.0106667 7.97352e-05
0 0.444475 0.636667 0.0449621 0.150667 7.99305e-05
0 0.0189599 0.829333 0.0379198 0.341333 8.03294e-05
0 0.706121 0.322 0.0482123 0.0893333 8.0343e-05
0 0.606988 0.929333 0.0763814 0.141333 8.05981e-05
0 0.675785 0.998667 0.0861322 0.00266667 8.11811e-05
0 0.137866 0 0.0557963 0 8.17174e-05
0 0.986457 0.262667 0.0270856 0.154667 8.18299e-05
0 0.366468 0.0193333 0.0514626 0.0386667 8.1913e-05
0 0.387595 0.042 0.0969664 0.084 8.22487e-05
0 0.857259 0.272 0.107801 0.264 8.24849e-05
0 0.883532 0.162667 0.111593 0.325333 8.25095e-05
0 0.307421 0.677333 0.614843 0.645333 8.25395e-05
0 0.379469 0.421333 0.0752979 0.194667 8.26815e-05
0 0.00785482 0.902 0.0157096 0.196 8.30831e-05
0 0.868364 0.986667 0.118093 0.0266667 8.34874e-05
0 0.399783 1 0.0780065 0 8.49807e-05
0 0.696641 0.270667 0.0595883 0.0853333 8.65819e-05
0 0.391116 0.992667 0.0975081 0.0146667 8.69941e-05
0 0.991333 0.850667 0.0173348 0.277333 8.73018e-05
0 0.454225 1 0.0406284 0 8.73793e-05
0 0.47779 0.763333 0.0260022 0.0573333 8.78795e-05
0 0.517606 0.998 0.052546 0.004 8.78819e-05
0 0.79442 0.0166667 0.0492958 0.0333333 8.82477e-05
0 0.815276 0.0353333 0.0758397 0.0706667 8.88147e-05
0 0.229415 1 0.0471289 0 8.91949e-05
0 0.723998 0.964 0.0406284 0.0426667 8.96929e-05
0 0.0211268 0.985333 0.0422535 0.0293333 8.97532e-05
0 0.718581 0.852667 0.168472 0.294667 9.06788e-05
0 0.426869 0 0.0552546 0 9.0969e-05
0 0.50325 0 0.0541712 0 9.09736e-05
0 0.477519 0.979333 0.024377 0.0413333 9.11683e-05
0 0.744312 0.238 0.110509 0.145333 9.15311e-05
0 0.00704225 0.388667 0.0140845 0.142667 9.16013e-05
0 0.66766 0.340667 0.0937161 0.158667 9.19603e-05
0 0.0744854 0 0.0547129 0 9.20038e-05
0 0.986728 0.578 0.0265439 0.324 9.20729e-05
0 0.435807 0.752 0.0254605 0.0506667 9.23745e-05
0 0.410618 0.992667 0.0801734 0.0146667 9.23894e-05
0 0.761105 0.266667 0.0704225 0.12 9.2639e-05
0 0.988895 0.00733333 0.0167931 0.0146667 9.27176e-05
0 0.440141 0.0126667 0.0904659 0.0253333 9.29266e-05
0 0.480769 0.723333 0.0622969 0.134667 9.42126e-05
0 0.798212 0.968 0.067714 0.064 9.50867e-05
0 0.789545 0.226667 0.156555 0.16 9.54992e-05
0 0.633803 0.958 0.0574215 0.084 9.58925e-05
0 0.416576 0.0246667 0.0433369 0.0493333 9.66187e-05
0 0.695287 0.146667 0.0817985 0.141333 9.72185e-05
0 0.476977 0.914 0.0622969 0.142667 9.85954e-05
0 0.00975081 1 0.0195016 0 9.90755e-05
0 0.489437 0.993333 0.0893824 0.0133333 9.91673e-05
0 0.00731311 0.54 0.0146262 0.144 9.94099e-05
0 0.485645 0.745333 0.031961 0.096 0.000100176
0 0.232665 0.438 0.46533 0.876 0.000100255
0 0.0130011 0.581333 0.0260022 0.242667 0.00010046
0 0.678494 0.914 0.10455 0.158667 0.000101894
0 0.283044 0.543333 0.103467 0.228 0.000102397
0 0.477519 0 0.0547129 0 0.000103256
0 0.504063 1 0.0503792 0 0.000103515
0 0.379469 0.420667 0.129469 0.321333 0.000103632
0 0.667118 0 0.0536295 0 0.000103674
0 0.176598 0 0.0552546 0 0.000104752
0 0.755146 0.644667 0.0855905 0.185333 0.000105223
0 0.720206 0.423333 0.0536295 0.0813333 0.000106171
0 0.18987 0.994 0.13922 0.012 0.000106345
0 0.629469 0.974667 0.0303359 0.0506667 0.000106537
0 0.79415 0.431333 0.411701 0.862667 0.000108017
0 0.0200433 0.488 0.0400867 0.32 0.000108492
0 0.758667 0.276 0.107801 0.306667 0.00010953
0 0.758397 0.984667 0.0964247 0.0306667 0.000109977
0 0.54442 0.676667 0.0455038 0.0706667 0.000110673
0 0.73104 0.984 0.052546 0.032 0.000112311
0 0.560672 1 0.0823402 0 0.000112788
0 0.38922 0 0.0557963 0 0.000113556
0 0.562026 0 0.0807151 0 0.000114077
0 0.0092091 0.201333 0.0162514 0.229333 0.000114453
0 0.328819 0.08 0.108342 0.133333 0.000114506
0 0.809588 0.006 0.0731311 0.012 0.000114509
0 0.740249 0.0226667 0.0850488 0.0453333 0.000115169
0 0.00758397 0.633333 0.0151679 0.144 0.000115209
0 0.510834 0 0.0899242 0 0.000116354
0 0.805796 0.764667 0.0449621 0.052 0.000117126
0 0.0869447 1 0.0991333 0 0.000117646
0 0.689057 0 0.0899242 0 0.000118478
0 0.310943 0.008 0.0985916 0.016 0.000118724
0 0.686078 0.545333 0.0438787 0.101333 0.000119109
0 0.874594 0.0253333 0.1013 0.0506667 0.000119228
0 0.253521 0 0.0552546 0 0.000119511
0 0.121073 0.476 0.242145 0.328 0.000120464
0 0.303088 0 0.0547129 0 0.000120996
0 0.451788 0 0.0552546 0 0.000121628
0 0.940412 0.987333 0.0953413 0.0253333 0.000123116
0 0.656826 0.946667 0.0449621 0.0826667 0.000123393
0 0.0362947 0.066 0.0725894 0.132 0.000123881
0 0.690953 0 0.0547129 0 0.000123886
0 0.620802 0.0906667 0.0758397 0.117333 0.000124146
0 0.973727 0.326 0.052546 0.238667 0.000124606
0 0.840195 0 0.0552546 0 0.00012468
0 0.44935 0.982 0.024377 0.036 0.000125631
0 0.988624 0.323333 0.0227519 0.105333 0.000126425
0 0.753792 1 0.052546 0 0.000126457
0 0.41143 0.536667 0.0817985 0.158667 0.000126592
0 0.593987 0.962 0.0536295 0.0546667 0.000127092
0 0.71506 0 0.0541712 0 0.00012732
0 0.00975081 0.320667 0.0162514 0.254667 0.000127859
0 0.612947 0.668 0.0514626 0.04 0.000127924
0 0.365926 0.582667 0.635428 0.834667 0.000128284
0 0.806067 0.292 0.0487541 0.056 0.000128667
0 0.246208 0.567333 0.0622969 0.22 0.000130749
0 0.421181 0.422 0.0720477 0.18 0.000131545
0 0.692308 0.294667 0.0855905 0.122667 0.000131832
0 0.213434 0.404667 0.426869 0.809333 0.000131944
0 0.766251 0.334 0.113218 0.0946667 0.000132053
0 0.391116 0.596667 0.111593 0.174667 0.000133699
0 0.788732 0.608667 0.422535 0.782667 0.000134364
0 0.387595 0.00733333 0.100217 0.0146667 0.000135543
0 0.473998 0.954667 0.0530878 0.0906667 0.000135957
0 0.588299 0.890667 0.0617551 0.218667 0.000136606
0 0.541983 0.204 0.0969664 0.330667 0.000136669
0 0.441224 0.585333 0.0503792 0.162667 0.000137172
0 0.732394 0.298667 0.0736728 0.088 0.000138165
0 0.00893824 0.112 0.0178765 0.194667 0.000138335
0 0.36078 0.486667 0.056338 0.117333 0.000138996
0 0.974269 0.890667 0.0514626 0.2 0.000139041
0 0.288732 0.0793333 0.0769231 0.14 0.000140037
0 0.66468 0.952 0.0704225 0.096 0.000140393
0 0.872427 0.290667 0.0893824 0.0906667 0.00014079
0 0.77546 0.919333 0.0980498 0.148 0.000141467
0 0.989707 0.478 0.0151679 0.134667 0.000141965
0 0.554442 0.656 0.0720477 0.12 0.000142161
0 0.974269 0.460667 0.0514626 0.265333 0.000142571
0 0.739437 0 0.0552546 0 0.000143926
0 0.968581 0 0.0530878 0 0.000144867
0 0.989437 0.910667 0.0211268 0.178667 0.000144952
0 0.175785 1 0.0947996 0 0.000145492
0 0.0284399 1 0.0536295 0 0.000145961
0 0.814464 0 0.0547129 0 0.000146201
0 0.888137 1 0.095883 0 0.000147388
0 0.0108342 0.833333 0.0140845 0.264 0.000147591
0 0.733207 0.327333 0.0471289 0.0546667 0.00014945
0 0.282232 0.987333 0.0400867 0.0253333 0.000151586
0 0.621885 0.656667 0.0455038 0.0573333 0.00015167
0 0.35753 0.428 0.71506 0.856 0.000151986
0 0.449079 0.881333 0.0455038 0.237333 0.000152134
0 0.340737 0 0.0552546 0 0.000152293
0 0.665764 0.982667 0.106176 0.0346667 0.000152344
0 0.789003 0 0.0557963 0 0.000153475
0 0.168472 0.03 0.106176 0.06 0.000154247
0 0.664139 0.145333 0.114843 0.290667 0.000155909
0 0.713976 0.334 0.0964247 0.132 0.000156437
0 0.372698 0.0293333 0.0953413 0.0586667 0.000158259
0 0.782503 0.358 0.052546 0.0386667 0.000159014
0 0.988353 0.882 0.0113759 0.14 0.000160351
0 0.95585 0.014 0.0536295 0.028 0.000160626
0 0.227248 0 0.0557963 0 0.000161064
0 0.790087 0.0173333 0.0969664 0.0346667 0.000161411
0 0.41143 0.036 0.0915493 0.072 0.000162652
0 0.98727 0.216667 0.0254605 0.318667 0.000162762
0 0.00758397 0.694 0.0140845 0.281333 0.000162953
0 0.697454 0.3 0.0471289 0.0933333 0.000164114
0 0.349946 0.006 0.101842 0.012 0.00016465
0 0.780065 0.573333 0.0541712 0.104 0.000166947
0 0.278982 0 0.0552546 0 0.00016753
0 0.175515 0.004 0.0985916 0.008 0.000167987
0 0.68987 0.586 0.0731311 0.14 0.000168019
0 0.204225 0.603333 0.408451 0.793333 0.000168067
0 0.0176056 0.666667 0.0352113 0.376 0.000168351
0 0.989707 0.572667 0.0140845 0.137333 0.000168854
0 0.445558 0.728 0.0254605 0.112 0.000169011
0 0.731582 0.946 0.0644637 0.108 0.000169125
0 0.986999 0.456667 0.0260022 0.302667 0.000169848
0 0.00650054 0.787333 0.0130011 0.276 0.000169898
0 0.798754 0.528 0.1013 0.157333 0.000170778
0 0.270856 0.0286667 0.0585049 0.0573333 0.000171803
0 0.845883 0.0366667 0.0904659 0.0733333 0.000173164
0 0.306067 0.0926667 0.0899242 0.185333 0.000174814
0 0.764897 0 0.0552546 0 0.000174927
0 0.770856 0.004 0.0725894 0.008 0.000175335
0 0.364843 0 0.0557963 0 0.000175496
0 0.21208 1 0.0893824 0 0.00017733
0 0.201517 0 0.056338 0 0.000178205
0 0.36701 0.0153333 0.0947996 0.0306667 0.000179009
0 0.0495666 0 0.0557963 0 0.000179513
0 0.310401 0 0.0985916 0 0.000181476
0 0.723185 0.394 0.0736728 0.110667 0.000182086
0 0.454496 0.645333 0.0530878 0.285333 0.000182614
0 0.0170639 0.0493333 0.0341278 0.0986667 0.000184035
0 0.989978 0.665333 0.0135428 0.136 0.000185572
0 0.61078 0.0806667 0.0406284 0.0866667 0.000186927
0 0.3513 0.821333 0.0362947 0.170667 0.000187129
0 0.912243 0.996667 0.112676 0.00666667 0.000188127
0 0.461538 0 0.107259 0 0.000188433
0 0.615385 0.600667 0.717226 0.798667 0.000189475
0 0.058234 0.0226667 0.108884 0.0453333 0.000190774
0 0.89545 0.02 0.102925 0.04 0.000192984
0 0.960726 0.00333333 0.0720477 0.00666667 0.000193857
0 0.960184 0.022 0.0763814 0.044 0.000194551
0 0.0127302 0.395333 0.0189599 0.252 0.000194668
0 0.0430661 0.992 0.0861322 0.016 0.000196546
0 0.41468 0.472 0.116468 0.192 0.000197193
0 0.333424 0.0373333 0.115385 0.0746667 0.000200666
0 0.36403 0.501333 0.104009 0.146667 0.000201252
0 0.216143 0.0193333 0.0931744 0.0386667 0.000201871
0 0.991333 0.416667 0.0130011 0.118667 0.000202998
0 0.740791 0 0.111051 0 0.000203992
0 0.730498 0.941333 0.039545 0.0586667 0.000204146
0 0.986186 0.038 0.0276273 0.076 0.000204309
0 0.399242 0.636667 0.0704225 0.193333 0.000204708
0 0.876761 0.622 0.0622969 0.161333 0.000205812
0 0.44935 0.949333 0.0384615 0.101333 0.000206286
0 0.459101 0.591333 0.0200433 0.1 0.000209196
0 0.524377 1 0.0790899 0 0.000209331
0 0.0693391 0.008 0.0769231 0.016 0.000214125
0 0.992958 0.537333 0.0140845 0.248 0.00021797
0 0.576652 0.499333 0.052546 0.137333 0.000219678
0 0.21208 0.004 0.0926327 0.008 0.000224083
0 0.875677 0.00866667 0.0980498 0.0173333 0.000225379
0 0.468581 0.968 0.0249187 0.048 0.000225455
0 0.248375 0.002 0.0947996 0.004 0.000227152
0 0.976436 0.08 0.0471289 0.154667 0.000227311
0 0.94312 0.02 0.101842 0.04 0.000229409
0 0.646804 0.967333 0.0530878 0.052 0.000229678
0 0.282232 0.970667 0.0335861 0.048 0.000233917
0 0.27221 0.0526667 0.06013 0.084 0.000235156
0 0.453954 0.696 0.0390032 0.149333 0.000235637
0 0.707205 0.508667 0.0687974 0.118667 0.000236795
0 0.456934 0.919333 0.039545 0.126667 0.000240258
0 0.732123 0.93 0.0969664 0.14 0.000240615
0 0.838028 0.00933333 0.0931744 0.0186667 0.000241169
0 0.984832 0.0213333 0.0303359 0.0346667 0.000242264
0 0.994312 0.412667 0.0113759 0.209333 0.000244377
0 0.411159 0 0.126761 0 0.000247763
0 0.470477 0.5 0.940953 1 0.000249256
0 0.805796 0.28 0.107801 0.293333 0.000249711
0 0.488353 0.765333 0.0287107 0.0426667 0.000251478
0 0.592633 0.892 0.0303359 0.08 0.000252435
0 0.293337 0.0246667 0.0547129 0.0413333 0.000252526
0 0.714518 0.562667 0.099675 0.162667 0.000256505
0 0.0121885 0.522 0.0200433 0.273333 0.000257177
0 0.756771 0.563333 0.0866739 0.169333 0.000257925
0 0.963705 0.996 0.0725894 0.008 0.000263896
0 0.47156 0.581333 0.0503792 0.125333 0.00026429
0 0.789816 0 0.131094 0 0.000264984
0 0.75325 0.754 0.0471289 0.0893333 0.00026974
0 0.792524 0.284667 0.122427 0.142667 0.00026978
0 0.572319 0.907333 0.0471289 0.134667 0.000272921
0 0.821506 0.294 0.0828819 0.105333 0.000278612
0 0.805525 0.319333 0.0530878 0.0653333 0.000279776
0 0.802817 0.938667 0.0704225 0.096 0.000282041
0 0.9052 0.675333 0.056338 0.1 0.000285144
0 0.125677 0.00533333 0.115926 0.0106667 0.000288559
0 0.96533 1 0.0520043 0 0.000290118
0 0.988082 0.324667 0.0238353 0.294667 0.000295621
0 0.73429 0.976667 0.0850488 0.0466667 0.000297023
0 0.808234 0.379333 0.0530878 0.052 0.000297568
0 0.153034 0.515333 0.306067 0.825333 0.000298036
0 0.757855 0.358667 0.0725894 0.0506667 0.000304661
0 0.924973 1 0.102384 0 0.000304875
0 0.990791 0.233333 0.0119177 0.136 0.000307818
0 0.839924 0 0.151138 0 0.000318901
0 0.76896 0.498667 0.0471289 0.0666667 0.000325237
0 0.45558 0.916 0.0227519 0.0933333 0.000326231
0 0.561755 0.289333 0.0888407 0.306667 0.000326974
0 0.591278 0.868667 0.0297941 0.044 0.000330139
0 0.993499 0.195333 0.0130011 0.193333 0.000332686
0 0.436078 0.649333 0.0574215 0.328 0.000346314
0 0.745125 0.710667 0.0839653 0.218667 0.000352995
0 0.984561 0.996 0.0265439 0.008 0.000354128
0 0.0119177 0.647333 0.0195016 0.278667 0.000357755
0 0.900596 0.00466667 0.1013 0.00933333 0.00036127
0 0.586674 0.872667 0.0130011 0.028 0.000370182
0 0.992958 0.352 0.0140845 0.125333 0.000379115
0 0.113489 0 0.167389 0 0.000379637
0 0.363218 0 0.128386 0 0.000388582
0 0.969122 0.00733333 0.0617551 0.0146667 0.000413237
0 0.964518 0 0.0547129 0 0.000415299
0 0.618364 0.967333 0.0384615 0.0546667 0.000434327
0 0.804713 0.358667 0.0514626 0.0346667 0.000435243
0 0.086403 0.00866667 0.117551 0.0173333 0.000437089
0 0.725623 0.55 0.126219 0.310667 0.000444961
0 0.623239 0.671333 0.0417118 0.0253333 0.000455271
0 0.736186 0.964 0.0530878 0.072 0.000456313
0 0.720477 0.462667 0.0769231 0.104 0.000459854
0 0.309588 0.05 0.0926327 0.0786667 0.000460491
0 0.286566 0.004 0.105092 0.008 0.000468957
0 0.890845 0 0.153304 0 0.0004782
0 0.318527 0.687333 0.346696 0.625333 0.000492647
0 0.661701 0.266667 0.676598 0.533333 0.000502544
0 0.987812 0.106 0.024377 0.212 0.000546623
0 0.211268 0 0.131094 0 0.000557464
0 0.684453 0.612 0.0449621 0.096 0.000562683
0 0.992687 0.921333 0.0146262 0.157333 0.000594604
0 0.910618 0.607333 0.0931744 0.249333 0.000603312
0 0.992687 0.292 0.0146262 0.213333 0.000610799
0 0.296858 0.028 0.0877573 0.056 0.00061083
0 0.940683 0 0.118635 0 0.00061124
0 0.306338 0.803333 0.119718 0.372 0.000633856
0 0.992687 0.975333 0.0146262 0.0493333 0.000636589
0 0.598592 0.914667 0.0498375 0.136 0.000669613
0 0.651138 0.1 0.0985916 0.176 0.000679958
0 0.554984 0.312667 0.0471289 0.076 0.000704575
0 0.459372 0.948 0.0227519 0.0773333 0.000704622
0 0.989437 0.938 0.0124594 0.113333 0.000710304
0 0.58559 0.876667 0.0184182 0.0706667 0.000734479
0 0.797129 0.358 0.0796316 0.06 0.000739805
0 0.588299 0.517333 0.0758397 0.248 0.00074739
0 0.459642 0.972 0.0287107 0.0453333 0.000753164
0 0.982394 0.996667 0.0352113 0.00666667 0.000754086
0 0.992958 0.048 0.0140845 0.096 0.00077108
0 0.989166 0.05 0.0184182 0.0706667 0.000774598
0 0.334236 0.5 0.668472 1 0.000776967
0 0.465872 0.576 0.0238353 0.0933333 0.000834165
0 0.702871 0.5 0.594258 1 0.000855878
0 0.980498 1 0.0379198 0 0.000862421
0 0.991603 0.138667 0.0092091 0.128 0.000875491
0 0.990249 0.0366667 0.00975081 0.0733333 0.000920001
0 0.798212 0.326 0.0861322 0.0973333 0.000926483
0 0.0652763 0 0.130553 0 0.000930993
0 0.357801 0.448 0.0785482 0.197333 0.000973596
0 0.608072 0.949333 0.0417118 0.0773333 0.000980942
0 0.988082 1 0.0195016 0 0.00101304
0 0.987812 0.984667 0.0124594 0.0306667 0.00107788
0 0.990791 0.114 0.0184182 0.161333 0.00123825
0 0.52519 0.402667 0.572589 0.805333 0.00124285
0 0.645991 0.110667 0.0547129 0.096 0.00139954
0 0.742958 0.727333 0.067714 0.118667 0.00143919
0 0.0327736 0.00933333 0.0655471 0.0186667 0.00146493
0 0.757313 0.504 0.0606717 0.109333 0.00160871
0 0.785482 0.514 0.0693391 0.102667 0.00169337
0 0.677681 0.140667 0.0465872 0.092 0.00186767
0 0.0270856 0.000666667 0.0541712 0.00133333 0.00195838
0 0.991333 0.078 0.0119177 0.132 0.00374513
0 0.837216 0.557333 0.325569 0.885333 0.00813809
0 0.665493 0.121333 0.0557963 0.112 0.00870299
0 0.732394 0.516667 0.0877573 0.14 0.0254788
0 0.582069 0.540667 0.0460455 0.126667 0.0623802
0 0.556338 0.246 0.0520043 0.22 0.0718309
0 0.899783 0.627333 0.0606717 0.172 0.640177
