0 0.711268 0.952 0.0660888 0.096 1.07223e-05
0 0.676869 0.238 0.287649 0.476 1.07389e-05
0 0.221289 0.792667 0.0287107 0.084 1.07796e-05
0 0.361051 0.523333 0.0698808 0.145333 1.07951e-05
0 0.86701 0.356667 0.052546 0.0493333 1.08626e-05
0 0.150596 0.0306667 0.0942579 0.0613333 1.08644e-05
0 0.983207 0.036 0.0335861 0.072 1.09068e-05
0 0.192037 0.964 0.0969664 0.072 1.0966e-05
0 0.81338 0.54 0.052546 0.192 1.09936e-05
0 0.51571 0.937333 0.0693391 0.125333 1.1e-05
0 0.854009 0 0.0514626 0 1.10276e-05
0 0.656826 0.579333 0.0742145 0.292 1.10454e-05
0 0.0807151 0.198 0.136511 0.281333 1.10505e-05
0 0.337757 0.511333 0.0991333 0.26 1.10587e-05
0 0.173348 0.815333 0.249187 0.369333 1.10774e-05
0 0.289545 0.846667 0.0471289 0.157333 1.11544e-05
0 0.78494 0.654 0.102925 0.158667 1.1158e-05
0 0.73104 0 0.0503792 0 1.12167e-05
0 0.341549 0.431333 0.0189599 0.0173333 1.12237e-05
0 0.91468 0.0826667 0.114301 0.165333 1.12659e-05
0 0.308234 0.397333 0.140845 0.645333 1.12705e-05
0 0.214247 0.758 0.0612134 0.334667 1.12921e-05
0 0.65493 0.697333 0.0227519 0.0373333 1.1303e-05
0 0.789545 0.0353333 0.0872156 0.0706667 1.13491e-05
0 0.295775 0.957333 0.0292524 0.0693333 1.13911e-05
0 0.96831 0.014 0.0460455 0.028 1.14134e-05
0 0.946641 0.949333 0.0850488 0.096 1.14134e-05
0 0.265981 0.965333 0.100758 0.0693333 1.14665e-05
0 0.283857 0.533333 0.0606717 0.128 1.14754e-05
0 0.709101 0.627333 0.0227519 0.0386667 1.15217e-05
0 0.73429 0.231333 0.0720477 0.257333 1.15227e-05
0 0.859967 0.776667 0.0547129 0.108 1.15397e-05
0 0.710726 0.636 0.137595 0.648 1.16025e-05
0 0.678494 0.224 0.0785482 0.282667 1.16539e-05
0 0.836674 0.895333 0.0807151 0.209333 1.17343e-05
0 0.118906 0.964667 0.116468 0.0706667 1.17644e-05
0 0.633261 0.228 0.0758397 0.157333 1.18101e-05
0 0.111322 0.133333 0.133803 0.266667 1.1821e-05
0 0.608884 0.68 0.063922 0.205333 1.1852e-05
0 0.31636 0.963333 0.106176 0.0733333 1.19334e-05
0 0.681744 0.0993333 0.0785482 0.198667 1.19395e-05
0 0.736457 0.268 0.0265439 0.088 1.19704e-05
0 0.973998 0.884 0.0325027 0.112 1.19962e-05
0 0.540899 0.868 0.0785482 0.264 1.20399e-05
0 0.710726 0.627333 0.0260022 0.0173333 1.21202e-05
0 0.535753 0.336667 0.0617551 0.142667 1.21634e-05
0 0.647616 0.702667 0.0254605 0.0426667 1.21807e-05
0 0.258938 0.882667 0.0769231 0.234667 1.21967e-05
0 0.282503 0.058 0.113218 0.116 1.22153e-05
0 0.790899 0.0286667 0.112676 0.0573333 1.22161e-05
0 0.670368 0.0433333 0.0471289 0.0786667 1.22644e-05
0 0.793879 0 0.0514626 0 1.2284e-05
0 0.378657 0.724 0.0130011 0.0426667 1.23113e-05
0 0.809588 0.456667 0.0817985 0.22 1.24258e-05
0 0.67714 0.91 0.0314193 0.172 1.24507e-05
0 0.758667 0.676 0.0633803 0.146667 1.24526e-05
0 0.821235 0.141333 0.126761 0.154667 1.24703e-05
0 0.243229 0.695333 0.028169 0.068 1.24799e-05
0 0.295233 0.747333 0.028169 0.0786667 1.251e-05
0 0.366468 0.96 0.1013 0.08 1.25575e-05
0 0.086403 0.0873333 0.13597 0.174667 1.26161e-05
0 0.520585 0.981333 0.0379198 0.024 1.26783e-05
0 0.0633803 0.998 0.0509209 0.004 1.27532e-05
0 0.62974 0.3 0.0752979 0.122667 1.27755e-05
0 0.322319 0.947333 0.020585 0.0786667 1.27887e-05
0 0.458017 0.577333 0.0222102 0.08 1.27964e-05
0 0.649242 0.364667 0.0850488 0.121333 1.2838e-05
0 0.694745 0.596667 0.0308776 0.113333 1.28381e-05
0 0.640033 0.684 0.031961 0.106667 1.28522e-05
0 0.578277 0.956667 0.0644637 0.0866667 1.29111e-05
0 0.593174 0.390667 0.071506 0.154667 1.29355e-05
0 0.83234 0.976667 0.0417118 0.0253333 1.2939e-05
0 0.311213 0.528667 0.0731311 0.14 1.29468e-05
0 0.403846 0.761333 0.0893824 0.146667 1.29653e-05
0 0.218581 0.163333 0.0742145 0.276 1.29731e-05
0 0.430119 0.518 0.084507 0.270667 1.29904e-05
0 0.597237 0.964667 0.0644637 0.0466667 1.30372e-05
0 0.10753 0.410667 0.166306 0.266667 1.3047e-05
0 0.570964 0.861333 0.0433369 0.237333 1.31324e-05
0 0.260563 0.91 0.0541712 0.118667 1.31751e-05
0 0.554984 0 0.0536295 0 1.32163e-05
0 0.864301 0.956667 0.0850488 0.0866667 1.3228e-05
0 0.813651 0.472667 0.0541712 0.148 1.32311e-05
0 0.306609 0.372667 0.0855905 0.153333 1.32538e-05
0 0.800921 0.00666667 0.088299 0.0133333 1.32629e-05
0 0.12974 0.00333333 0.0568797 0.00666667 1.33092e-05
0 0.767877 0.859333 0.0915493 0.262667 1.34581e-05
0 0.435265 0.156667 0.039545 0.0866667 1.34849e-05
0 0.458559 0.635333 0.067714 0.148 1.34914e-05
0 0.725623 0.655333 0.0752979 0.137333 1.35429e-05
0 0.913326 0.0733333 0.109426 0.096 1.35626e-05
0 0.569881 0.947333 0.0433369 0.0946667 1.35797e-05
0 0.812026 0.207333 0.131094 0.233333 1.36003e-05
0 0.459642 0.218667 0.143554 0.437333 1.3629e-05
0 0.197183 0.412 0.0422535 0.170667 1.3665e-05
0 0.609426 0.453333 0.092091 0.242667 1.36768e-05
0 0.254875 0.336667 0.0850488 0.185333 1.37619e-05
0 0.761376 0.705333 0.115385 0.16 1.37706e-05
0 0.211268 0.347333 0.0682557 0.313333 1.37868e-05
0 0.413326 0.268 0.0736728 0.317333 1.38761e-05
0 0.0162514 0.702667 0.0325027 0.128 1.39476e-05
0 0.351571 0.846667 0.0617551 0.112 1.3974e-05
0 0.183099 0.988 0.0650054 0.024 1.39775e-05
0 0.232124 0.952 0.0373781 0.0826667 1.39932e-05
0 0.1552 0.018 0.0482123 0.036 1.40945e-05
0 0.585049 0.639333 0.105092 0.129333 1.41122e-05
0 0.759209 0.174667 0.0666305 0.184 1.41552e-05
0 0.287649 0.42 0.0184182 0.0453333 1.41777e-05
0 0.959642 0.443333 0.0514626 0.137333 1.4204e-05
0 0.862134 0.0426667 0.088299 0.0853333 1.42729e-05
0 0.907367 0.0946667 0.0758397 0.0826667 1.42862e-05
0 0.538191 0.962667 0.0991333 0.0746667 1.43366e-05
0 0.278169 0.590667 0.0796316 0.144 1.43383e-05
0 0.258126 0.840667 0.0492958 0.169333 1.43482e-05
0 0.631094 0.978 0.0433369 0.0253333 1.43679e-05
0 0.350488 0.459333 0.056338 0.0946667 1.43903e-05
0 0.75948 0.714 0.146262 0.337333 1.45378e-05
0 0.371343 0.656667 0.108884 0.228 1.46258e-05
0 0.25948 0.62 0.0292524 0.088 1.46778e-05
0 0.702329 0.305333 0.150054 0.6 1.46875e-05
0 0.574215 0.865333 0.0910076 0.269333 1.46998e-05
0 0.611593 0.105333 0.0444204 0.168 1.47274e-05
0 0.225081 0.282667 0.161972 0.565333 1.47544e-05
0 0.696371 0.395333 0.0341278 0.14 1.47589e-05
0 0.0893824 0 0.0552546 0 1.47592e-05
0 0.22779 0.343333 0.0492958 0.156 1.47595e-05
0 0.231311 0.76 0.0227519 0.0746667 1.48171e-05
0 0.617551 0.0166667 0.0346696 0.0333333 1.48187e-05
0 0.681473 0.222 0.0574215 0.137333 1.48252e-05
0 0.109967 0.608 0.0975081 0.189333 1.48294e-05
0 0.223456 0.275333 0.0373781 0.156 1.49035e-05
0 0.431744 0.522 0.0660888 0.153333 1.50056e-05
0 0.456934 0.640667 0.0926327 0.292 1.50889e-05
0 0.690412 0.962 0.039545 0.0653333 1.51112e-05
0 0.755688 0 0.0509209 0 1.51172e-05
0 0.949079 0.388 0.0530878 0.08 1.51962e-05
0 0.368906 0.211333 0.170098 0.422667 1.52052e-05
0 0.420368 0.272667 0.071506 0.166667 1.52667e-05
0 0.823944 0.056 0.0888407 0.088 1.5308e-05
0 0.880282 0.751333 0.104009 0.118667 1.53786e-05
0 0.426327 0.214 0.256771 0.428 1.53789e-05
0 0.817714 0.357333 0.0471289 0.106667 1.54623e-05
0 0.283857 0.978667 0.0487541 0.0426667 1.54676e-05
0 0.430661 0.360667 0.063922 0.249333 1.54685e-05
0 0.82584 0.349333 0.163055 0.493333 1.54896e-05
0 0.484561 0.488667 0.06013 0.150667 1.55122e-05
0 0.683369 0.154667 0.052546 0.133333 1.55706e-05
0 0.642199 0.524 0.0720477 0.165333 1.55741e-05
0 0.214518 0.753333 0.0325027 0.133333 1.55853e-05
0 0.0660888 0.966667 0.114843 0.0666667 1.56385e-05
0 0.455038 0.590667 0.056338 0.130667 1.56674e-05
0 0.900596 0.782 0.0449621 0.110667 1.56901e-05
0 0.257584 0.648667 0.0200433 0.0706667 1.57131e-05
0 0.309317 0.654667 0.0942579 0.194667 1.57985e-05
0 0.59507 0.982667 0.0373781 0.0266667 1.58049e-05
0 0.514626 0.999333 0.0801734 0.00133333 1.58106e-05
0 0.23429 0.835333 0.067714 0.196 1.58339e-05
0 0.220748 0.166667 0.0622969 0.146667 1.58955e-05
0 0.735103 0.23 0.0520043 0.108 1.59207e-05
0 0.308776 0.745333 0.122427 0.509333 1.59223e-05
0 0.216685 0.0986667 0.0606717 0.149333 1.59572e-05
0 0.0284399 0.177333 0.0536295 0.152 1.60594e-05
0 0.730498 0.014 0.0460455 0.028 1.60824e-05
0 0.227519 0.957333 0.0964247 0.0853333 1.61253e-05
0 0.887866 0 0.0530878 0 1.61349e-05
0 0.108072 0.892667 0.103467 0.193333 1.61444e-05
0 0.0671723 0.984 0.0725894 0.032 1.6162e-05
0 0.630553 0.768 0.193933 0.464 1.62267e-05
0 0.70883 0.147333 0.06013 0.132 1.62601e-05
0 0.963705 0.0566667 0.0725894 0.113333 1.62749e-05
0 0.512188 0.678667 0.0731311 0.224 1.6299e-05
0 0.766793 0.298 0.0655471 0.121333 1.63628e-05
0 0.66143 0.156 0.056338 0.144 1.63695e-05
0 0.693391 0.650667 0.0520043 0.341333 1.6441e-05
0 0.706392 0.216667 0.0606717 0.14 1.64662e-05
0 0.272481 0.815333 0.128927 0.369333 1.64705e-05
0 0.539274 0.0246667 0.0460455 0.0493333 1.6482e-05
0 0.0330444 0.378 0.0411701 0.281333 1.65415e-05
0 0.29415 0.728 0.0552546 0.248 1.65899e-05
0 0.804442 0.992667 0.0455038 0.0146667 1.67624e-05
0 0.318256 0.470667 0.0817985 0.154667 1.67872e-05
0 0.53467 0.283333 0.0650054 0.142667 1.68193e-05
0 0.750813 0.874 0.0823402 0.164 1.68769e-05
0 0.830444 0.00333333 0.0530878 0.00666667 1.69003e-05
0 0.656826 0.155333 0.0817985 0.265333 1.69074e-05
0 0.161701 0.960667 0.095883 0.0786667 1.69194e-05
0 0.452058 0.344667 0.039545 0.110667 1.70313e-05
0 0.0400867 0.0306667 0.0520043 0.0613333 1.70425e-05
0 0.905742 0.119333 0.0498375 0.0733333 1.70907e-05
0 0.837216 0.01 0.0839653 0.02 1.72498e-05
0 0.690141 0.796 0.0790899 0.146667 1.7264e-05
0 0.248375 0.0493333 0.0460455 0.0773333 1.72968e-05
0 0.917389 0.82 0.165222 0.36 1.7402e-05
0 0.198808 0.698 0.0238353 0.076 1.74246e-05
0 0.17091 0.895333 0.0969664 0.196 1.74956e-05
0 0.022481 0.261333 0.0341278 0.242667 1.75189e-05
0 0.708559 0.626667 0.00758397 0.0106667 1.75458e-05
0 0.205038 0.0146667 0.0471289 0.0293333 1.75549e-05
0 0.0176056 0.365333 0.0352113 0.109333 1.7579e-05
0 0.63299 0.103333 0.0503792 0.148 1.76684e-05
0 0.918743 0.957333 0.0444204 0.0773333 1.77079e-05
0 0.0492958 0.996667 0.0530878 0.00666667 1.77363e-05
0 0.806338 0.0206667 0.0460455 0.0413333 1.775e-05
0 0.0208559 0.95 0.0222102 0.1 1.77843e-05
0 0.460455 0.522 0.143012 0.628 1.7794e-05
0 0.33532 0.982667 0.0314193 0.0346667 1.7805e-05
0 0.344529 0.804667 0.0379198 0.102667 1.804e-05
0 0.182557 0.646 0.132178 0.441333 1.80414e-05
0 0.902221 0.328 0.0514626 0.04 1.80607e-05
0 0.212622 0.412 0.0330444 0.202667 1.81796e-05
0 0.244854 0.0726667 0.0812568 0.145333 1.82308e-05
0 0.707476 0.148667 0.0953413 0.204 1.82782e-05
0 0.767606 0.51 0.173348 0.649333 1.82992e-05
0 0.983207 0.958 0.0335861 0.084 1.83018e-05
0 0.691766 0.713333 0.0606717 0.154667 1.83044e-05
0 0.509209 0.34 0.0725894 0.141333 1.83149e-05
0 0.75623 0.456 0.0769231 0.266667 1.83346e-05
0 0.66143 0.652667 0.0617551 0.150667 1.83543e-05
0 0.750542 0.00533333 0.0893824 0.0106667 1.83637e-05
0 0.769502 0.230667 0.189057 0.461333 1.84578e-05
0 0.467497 1 0.0530878 0 1.84659e-05
0 0.455038 0.462667 0.0595883 0.149333 1.84715e-05
0 0.952329 0.753333 0.0953413 0.434667 1.84802e-05
0 0.712893 0.0893333 0.0834236 0.130667 1.85967e-05
0 0.0178765 0.796667 0.035753 0.132 1.86781e-05
0 0.396804 0.728 0.0471289 0.101333 1.86834e-05
0 0.778169 0.361333 0.0200433 0.0773333 1.88219e-05
0 0.457746 0.636667 0.0249187 0.105333 1.88976e-05
0 0.963705 0.103333 0.0725894 0.206667 1.8984e-05
0 0.71506 0.0333333 0.111593 0.0666667 1.90506e-05
0 0.74377 0.988667 0.0433369 0.0226667 1.90785e-05
0 0.983207 0.018 0.0314193 0.036 1.90812e-05
0 0.540358 0.946 0.067714 0.108 1.91514e-05
0 0.277898 0.192667 0.110509 0.182667 1.91609e-05
0 0.182557 0.0506667 0.0476706 0.072 1.91924e-05
0 0.245666 0.258667 0.0666305 0.208 1.92025e-05
0 0.479686 0.168667 0.0492958 0.169333 1.92374e-05
0 0.980769 0.606 0.0222102 0.249333 1.92423e-05
0 0.823402 0.652667 0.225352 0.694667 1.93502e-05
0 0.443662 0.272 0.0530878 0.36 1.94097e-05
0 0.476436 0.344667 0.0427952 0.118667 1.94951e-05
0 0.0154388 0.704 0.0189599 0.274667 1.95008e-05
0 0.611593 0.982667 0.0888407 0.0346667 1.95611e-05
0 0.952329 0.266667 0.0953413 0.445333 1.96052e-05
0 0.335861 0.931333 0.0888407 0.137333 1.96709e-05
0 0.789545 1 0.0850488 0 1.98219e-05
0 0.833153 0.986 0.063922 0.028 1.98738e-05
0 0.561213 0.334 0.0823402 0.230667 1.99684e-05
0 0.245666 0.669333 0.0297941 0.0613333 2.01393e-05
0 0.292524 0.402667 0.0162514 0.0186667 2.03049e-05
0 0.482936 0.652 0.0872156 0.152 2.03082e-05
0 0.480769 0.101333 0.0666305 0.202667 2.03483e-05
0 0.222102 0.758667 0.0216685 0.0773333 2.04314e-05
0 0.536295 0.0513333 0.0595883 0.06 2.05658e-05
0 0.0162514 0.608 0.0325027 0.12 2.05922e-05
0 0.97454 0.948 0.0335861 0.0826667 2.06455e-05
0 0.688787 0.974 0.0265439 0.0493333 2.06742e-05
0 0.706392 0 0.0509209 0 2.07075e-05
0 0.25948 0.648 0.114843 0.456 2.08496e-05
0 0.377302 0.721333 0.0471289 0.389333 2.09428e-05
0 0.986728 0 0.0265439 0 2.09927e-05
0 0.72481 0.592667 0.0628386 0.137333 2.10343e-05
0 0.365114 0.806667 0.149512 0.386667 2.10792e-05
0 0.980769 0.633333 0.0362947 0.149333 2.11347e-05
0 0.798754 0.986667 0.0785482 0.0266667 2.12472e-05
0 0.108884 0.548667 0.182015 0.337333 2.1264e-05
0 0.230498 0.65 0.0276273 0.0706667 2.12673e-05
0 0.567172 0.791333 0.132178 0.257333 2.12978e-05
0 0.217497 0.822 0.131636 0.356 2.13022e-05
0 0.418472 0.408 0.125135 0.498667 2.13279e-05
0 0.680119 0.018 0.0482123 0.036 2.13655e-05
0 0.0165222 0.426667 0.0330444 0.114667 2.13724e-05
0 0.268689 0.407333 0.0790899 0.153333 2.13833e-05
0 0.323944 0.881333 0.0585049 0.237333 2.14499e-05
0 0.0186891 0.388667 0.0189599 0.276 2.14799e-05
0 0.0872156 0.998 0.0509209 0.004 2.14932e-05
0 0.511647 0.866 0.103467 0.268 2.15262e-05
0 0.323944 0.976667 0.0509209 0.0466667 2.15462e-05
0 0.671723 0.989333 0.0520043 0.0213333 2.16341e-05
0 0.56013 0.463333 0.0910076 0.169333 2.17296e-05
0 0.0517335 0.770667 0.0904659 0.248 2.17655e-05
0 0.924702 0 0.106176 0 2.1779e-05
0 0.450163 0.994 0.084507 0.012 2.18068e-05
0 0.113759 0.998667 0.0498375 0.00266667 2.18774e-05
0 0.512188 0.286 0.151138 0.572 2.18782e-05
0 0.657909 0.09 0.0536295 0.137333 2.19495e-05
0 0.207476 0.973333 0.0433369 0.0373333 2.20448e-05
0 0.582882 0.106 0.0693391 0.212 2.20717e-05
0 0.0511918 0.00133333 0.0557963 0.00266667 2.21338e-05
0 0.882449 0.452 0.210184 0.530667 2.22349e-05
0 0.988082 0.008 0.0162514 0.016 2.23009e-05
0 0.56338 0.901333 0.0617551 0.109333 2.23251e-05
0 0.637866 0.612 0.0590466 0.221333 2.23929e-05
0 0.368906 0.632 0.193933 0.736 2.24465e-05
0 0.856717 0.127333 0.0503792 0.068 2.24652e-05
0 0.574485 0.032 0.0926327 0.064 2.24831e-05
0 0.413597 0.994667 0.0796316 0.0106667 2.25627e-05
0 0.254875 0.532 0.0785482 0.16 2.25957e-05
0 0.941495 0 0.0520043 0 2.26443e-05
0 0.400596 0.478 0.039545 0.0973333 2.26608e-05
0 0.296316 0.984 0.0335861 0.032 2.26783e-05
0 0.400325 0.476 0.0195016 0.0773333 2.27913e-05
0 0.980769 0.014 0.0384615 0.028 2.28055e-05
0 0.812026 0.580667 0.099675 0.238667 2.29702e-05
0 0.443391 1 0.0471289 0 2.30552e-05
0 0.481582 0.527333 0.092091 0.225333 2.31425e-05
0 0.0861322 0.034 0.110509 0.068 2.32497e-05
0 0.577194 0.220667 0.276815 0.441333 2.32947e-05
0 0.0178765 0.86 0.035753 0.125333 2.34024e-05
0 0.295233 0.874 0.0704225 0.252 2.34206e-05
0 0.154388 0.000666667 0.056338 0.00133333 2.34696e-05
0 0.898429 0.92 0.0579632 0.16 2.34793e-05
0 0.23429 0.0153333 0.0427952 0.0306667 2.3541e-05
0 0.31013 0.984 0.0297941 0.032 2.37371e-05
0 0.891658 0.144 0.0498375 0.125333 2.38485e-05
0 0.912243 0.508667 0.150596 0.257333 2.39407e-05
0 0.322319 0.982667 0.028169 0.0346667 2.39955e-05
0 0.697996 0.909333 0.0655471 0.181333 2.40189e-05
0 0.263272 0.755333 0.0725894 0.297333 2.40378e-05
0 0.228332 0.408667 0.0720477 0.276 2.42001e-05
0 0.750813 1 0.0780065 0 2.43016e-05
0 0.244312 0.176667 0.0747562 0.153333 2.43349e-05
0 0.816089 0.81 0.152221 0.38 2.43621e-05
0 0.107259 0.802 0.20585 0.396 2.44325e-05
0 0.509751 0.59 0.105092 0.230667 2.45178e-05
0 0.91441 0.038 0.137595 0.076 2.45612e-05
0 0.481853 0.97 0.0514626 0.06 2.45924e-05
0 0.472644 0.691333 0.223727 0.617333 2.46116e-05
0 0.0861322 0.96 0.110509 0.08 2.46674e-05
0 0.8987 0.414667 0.113759 0.141333 2.47419e-05
0 0.512188 0.405333 0.0763814 0.146667 2.47794e-05
0 0.363759 0.793333 0.0417118 0.149333 2.48666e-05
0 0.914139 0.198667 0.171723 0.397333 2.48757e-05
0 0.763001 0.984667 0.0514626 0.0306667 2.49371e-05
0 0.48104 0.082 0.0530878 0.134667 2.49546e-05
0 0.383261 0.138667 0.10455 0.277333 2.49736e-05
0 0.310943 0.896 0.020585 0.0613333 2.50269e-05
0 0.456392 0.534667 0.0557963 0.136 2.51305e-05
0 0.564193 0.403333 0.0720477 0.150667 2.51448e-05
0 0.192849 0.997333 0.0476706 0.00533333 2.51894e-05
0 0.814735 0 0.0541712 0 2.53844e-05
0 0.581528 0.0153333 0.0460455 0.0306667 2.55334e-05
0 0.197725 0.474667 0.0606717 0.434667 2.55391e-05
0 0.634345 0.156667 0.0585049 0.142667 2.56037e-05
0 0.38597 0.980667 0.0341278 0.0306667 2.56528e-05
0 0.610238 0.59 0.0850488 0.204 2.57741e-05
0 0.343716 0.974 0.0460455 0.052 2.57991e-05
0 0.211268 0.581333 0.0238353 0.101333 2.60641e-05
0 0.763272 0.0893333 0.0780065 0.136 2.61147e-05
0 0.292254 0.0306667 0.117551 0.0613333 2.61167e-05
0 0.794962 0.287333 0.0341278 0.0493333 2.61198e-05
0 0.433369 0.111333 0.0650054 0.222667 2.61704e-05
0 0.817443 0.0266667 0.105092 0.0533333 2.62462e-05
0 0.757855 0.589333 0.0931744 0.256 2.62575e-05
0 0.481853 0.592 0.0774648 0.144 2.65604e-05
0 0.867551 0.004 0.0731311 0.008 2.65911e-05
0 0.613489 0.176667 0.0471289 0.172 2.66016e-05
0 0.112134 0.277333 0.182015 0.554667 2.67547e-05
0 0.73727 0.0266667 0.0888407 0.0533333 2.68242e-05
0 0.334236 0.106667 0.105092 0.184 2.68635e-05
0 0.567985 0.334667 0.0698808 0.114667 2.71932e-05
0 0.67389 0.49 0.0520043 0.174667 2.7255e-05
0 0.0167931 0.607333 0.0195016 0.284 2.72736e-05
0 0.433911 0.371333 0.0455038 0.116 2.72764e-05
0 0.387324 0.723333 0.0108342 0.0306667 2.73846e-05
0 0.0568797 0.201333 0.113759 0.402667 2.73974e-05
0 0.407096 1 0.0406284 0 2.74433e-05
0 0.396804 0.984667 0.0514626 0.0306667 2.74734e-05
0 0.387595 0.48 0.0839653 0.162667 2.74849e-05
0 0.53494 0.491333 0.0622969 0.172 2.75492e-05
0 0.524377 0.988 0.0628386 0.024 2.75994e-05
0 0.509209 0.526 0.0855905 0.161333 2.77014e-05
0 0.276544 0.894667 0.0731311 0.173333 2.78526e-05
0 0.482936 0.0426667 0.0297941 0.0773333 2.80014e-05
0 0.447725 0.273333 0.0341278 0.136 2.81711e-05
0 0.47779 0.225333 0.0671723 0.162667 2.82288e-05
0 0.35428 0.437333 0.0303359 0.0346667 2.82826e-05
0 0.934182 0.173333 0.0980498 0.176 2.83425e-05
0 0.506501 0.22 0.0682557 0.197333 2.84891e-05
0 0.567172 0.528 0.192849 0.834667 2.86338e-05
0 0.959913 0.314667 0.0520043 0.0586667 2.8759e-05
0 0.0287107 0.824667 0.0379198 0.257333 2.87953e-05
0 0.705309 0.0146667 0.0487541 0.0293333 2.88543e-05
0 0.697725 0.654 0.0270856 0.118667 2.88834e-05
0 0.508938 0.0606667 0.0720477 0.0893333 2.89653e-05
0 0.784128 0.138 0.120802 0.236 2.89749e-05
0 0.290628 0.384 0.0503792 0.104 2.9123e-05
0 0.22454 0.211333 0.0427952 0.142667 2.91359e-05
0 0.347779 0.982667 0.0303359 0.0346667 2.9403e-05
0 0.297942 0.42 0.0530878 0.218667 2.9496e-05
0 0.198537 0.475333 0.0362947 0.172 2.95524e-05
0 0.680119 0 0.052546 0 2.9688e-05
0 0.532503 0.399333 0.0877573 0.214667 2.97411e-05
0 0.838299 0.346667 0.117551 0.117333 2.98959e-05
0 0.831528 0.992667 0.0476706 0.0146667 3.00368e-05
0 0.989437 0.729333 0.0211268 0.189333 3.00398e-05
0 0.978873 0.542667 0.0390032 0.146667 3.00848e-05
0 0.228061 0.272 0.0725894 0.293333 3.01248e-05
0 0.738353 0.151333 0.0671723 0.137333 3.01876e-05
0 0.401408 0.981333 0.0270856 0.0293333 3.01964e-05
0 0.416847 0.148 0.0698808 0.162667 3.02983e-05
0 0.307151 0.196 0.148429 0.392 3.06186e-05
0 0.804442 0.306667 0.0465872 0.101333 3.06347e-05
0 0.839382 0 0.0536295 0 3.07842e-05
0 0.890303 0.348 0.0547129 0.048 3.07927e-05
0 0.677952 0.774 0.124052 0.452 3.09622e-05
0 0.368093 0.0246667 0.0666305 0.0493333 3.09972e-05
0 0.0189599 0.974667 0.0335861 0.0506667 3.11133e-05
0 0.789545 0 0.0536295 0 3.11186e-05
0 0.166035 0.997333 0.0482123 0.00533333 3.11412e-05
0 0.0836945 0.868667 0.114301 0.262667 3.12465e-05
0 0.317985 0.874667 0.0249187 0.088 3.12623e-05
0 0.307151 0.778 0.0693391 0.166667 3.13701e-05
0 0.507313 0.992667 0.0406284 0.0146667 3.15541e-05
0 0.755146 0.02 0.0465872 0.04 3.15714e-05
0 0.760563 0.528667 0.063922 0.150667 3.16472e-05
0 0.663597 0.03 0.107259 0.06 3.16541e-05
0 0.197725 0.542667 0.0379198 0.165333 3.1725e-05
0 0.779794 1 0.0417118 0 3.17374e-05
0 0.394095 0.0386667 0.0503792 0.064 3.18979e-05
0 0.863759 0 0.0536295 0 3.21172e-05
0 0.473727 0.970667 0.0189599 0.0506667 3.23186e-05
0 0.566631 0.288 0.0736728 0.0986667 3.2444e-05
0 0.410347 0.986667 0.0297941 0.0266667 3.25792e-05
0 0.531419 0 0.0530878 0 3.27017e-05
0 0.959372 0.965333 0.0812568 0.0693333 3.27869e-05
0 0.180932 0.018 0.0498375 0.036 3.29043e-05
0 0.636782 0.056 0.0687974 0.112 3.29558e-05
0 0.308234 0.438 0.0260022 0.0973333 3.2957e-05
0 0.691766 0.440667 0.105092 0.38 3.30952e-05
0 0.21506 0.06 0.0812568 0.12 3.31652e-05
0 0.359426 0.983333 0.031961 0.0333333 3.32461e-05
0 0.166576 0.0626667 0.0850488 0.125333 3.34818e-05
0 0.344258 0.0253333 0.120802 0.0506667 3.35504e-05
0 0.987812 0.0513333 0.0189599 0.0733333 3.36229e-05
0 0.25325 0.608 0.067714 0.130667 3.37112e-05
0 0.559588 0.956667 0.0422535 0.06 3.37675e-05
0 0.586674 0.62 0.0736728 0.298667 3.3769e-05
0 0.987812 0.635333 0.0178765 0.230667 3.38389e-05
0 0.256771 0.460667 0.0812568 0.196 3.39236e-05
0 0.410076 0.0926667 0.0682557 0.156 3.39689e-05
0 0.226706 0.472667 0.0417118 0.198667 3.40031e-05
0 0.282232 0.695333 0.0476706 0.0866667 3.40238e-05
0 0.792524 0.461333 0.0628386 0.138667 3.41002e-05
0 0.230769 0 0.0530878 0 3.42268e-05
0 0.219664 0.893333 0.0731311 0.181333 3.42427e-05
0 0.878386 0.272 0.164139 0.202667 3.43454e-05
0 0.21506 0.522 0.119177 0.548 3.47015e-05
0 0.950163 0.578667 0.0985916 0.226667 3.47213e-05
0 0.18662 0.0253333 0.0839653 0.0506667 3.48522e-05
0 0.424431 0.203333 0.0633803 0.14 3.50751e-05
0 0.609426 0.161333 0.0769231 0.256 3.51019e-05
0 0.631365 0 0.0514626 0 3.51965e-05
0 0.228602 0.766667 0.0368364 0.133333 3.51973e-05
0 0.911972 0.00666667 0.111051 0.0133333 3.52112e-05
0 0.470206 0.289333 0.0422535 0.258667 3.53072e-05
0 0.197183 0.697333 0.035753 0.122667 3.53251e-05
0 0.599404 0.026 0.0807151 0.052 3.53518e-05
0 0.372156 0.983333 0.0335861 0.0333333 3.54747e-05
0 0.676598 0.328 0.0736728 0.114667 3.57298e-05
0 0.761647 0.028 0.0790899 0.0533333 3.59323e-05
0 0.98402 0.094 0.031961 0.188 3.59419e-05
0 0.760022 0.587333 0.0671723 0.14 3.6017e-05
0 0.988353 0.205333 0.0124594 0.133333 3.6227e-05
0 0.322319 0.899333 0.0498375 0.110667 3.62688e-05
0 0.45585 0 0.0536295 0 3.62996e-05
0 0.753792 1 0.039545 0 3.63464e-05
0 0.261647 0.225333 0.135428 0.450667 3.70508e-05
0 0.671181 0.858667 0.035753 0.205333 3.70764e-05
0 0.562839 0.558 0.0725894 0.313333 3.70895e-05
0 0.166576 0.531333 0.212893 0.697333 3.72119e-05
0 0.292254 0 0.0547129 0 3.72671e-05
0 0.734832 0.976 0.0774648 0.048 3.73244e-05
0 0.517064 0.985333 0.103467 0.0293333 3.76372e-05
0 0.231311 0.702 0.0270856 0.0733333 3.76929e-05
0 0.776002 0.335333 0.0655471 0.22 3.77293e-05
0 0.740791 0 0.0536295 0 3.78748e-05
0 0.203413 0.656 0.0547129 0.298667 3.79565e-05
0 0.908722 0.889333 0.107801 0.221333 3.801e-05
0 0.0121885 0.0186667 0.024377 0.0373333 3.81034e-05
0 0.208288 0.952667 0.0427952 0.076 3.82387e-05
0 0.527086 0.0913333 0.099675 0.164 3.8253e-05
0 0.472373 0.955333 0.0520043 0.0893333 3.82838e-05
0 0.989437 0.81 0.0211268 0.0893333 3.82867e-05
0 0.657638 0.0186667 0.0444204 0.0373333 3.85141e-05
0 0.970748 0.993333 0.0585049 0.0133333 3.86029e-05
0 0.179577 0 0.0557963 0 3.86805e-05
0 0.398158 0.431333 0.0617551 0.124 3.86969e-05
0 0.439328 0.199333 0.0260022 0.0626667 3.87171e-05
0 0.492145 1 0.0427952 0 3.88365e-05
0 0.712622 0.996667 0.0752979 0.00666667 3.90558e-05
0 0.982394 0.214 0.0352113 0.206667 3.90843e-05
0 0.735645 0.0946667 0.0964247 0.189333 3.92393e-05
0 0.932286 0.93 0.101842 0.14 3.92647e-05
0 0.481582 0 0.0530878 0 4.00257e-05
0 0.909263 0.31 0.153304 0.121333 4.00602e-05
0 0.265439 0.763333 0.0433369 0.129333 4.00626e-05
0 0.210997 0.964667 0.0752979 0.0706667 4.02104e-05
0 0.565276 0.243333 0.17714 0.486667 4.04724e-05
0 0.945016 0.0106667 0.0980498 0.0213333 4.05001e-05
0 0.276273 0.724 0.0260022 0.04 4.06022e-05
0 0.450433 0.382667 0.067714 0.16 4.07537e-05
0 0.292795 0.73 0.0503792 0.1 4.1005e-05
0 0.366468 0 0.0547129 0 4.12005e-05
0 0.908992 0.208667 0.151679 0.270667 4.14287e-05
0 0.262459 0.0893333 0.0438787 0.088 4.14844e-05
0 0.112947 0 0.0547129 0 4.17117e-05
0 0.764626 0 0.0536295 0 4.18968e-05
0 0.964789 0.024 0.0704225 0.048 4.21462e-05
0 0.92416 0.362667 0.151679 0.48 4.21796e-05
0 0.581528 0 0.0536295 0 4.22404e-05
0 0.486728 0.997333 0.0655471 0.00533333 4.26531e-05
0 0.717497 1 0.0406284 0 4.26953e-05
0 0.45558 0.076 0.0476706 0.128 4.28932e-05
0 0.6961 0.938667 0.0465872 0.12 4.31857e-05
0 0.451246 0.185333 0.0260022 0.0613333 4.33742e-05
0 0.0560672 0.586667 0.112134 0.333333 4.34092e-05
0 0.13922 0.997333 0.0498375 0.00533333 4.34427e-05
0 0.0173348 0.544667 0.0346696 0.124 4.34646e-05
0 0.230228 0.672667 0.0270856 0.052 4.35062e-05
0 0.244583 0.105333 0.0720477 0.146667 4.36189e-05
0 0.605363 0.997333 0.052546 0.00533333 4.36814e-05
0 0.505417 0.159333 0.0931744 0.249333 4.37443e-05
0 0.913055 0.998 0.0720477 0.004 4.37467e-05
0 0.539003 0.0293333 0.118093 0.0586667 4.38396e-05
0 0.510563 0.469333 0.0742145 0.157333 4.40551e-05
0 0.299296 0.909333 0.0568797 0.12 4.41383e-05
0 0.673619 0.028 0.0839653 0.056 4.43005e-05
0 0.361863 0.901333 0.0899242 0.162667 4.43176e-05
0 0.00975081 0.0153333 0.0195016 0.0306667 4.45106e-05
0 0.267335 0.000666667 0.0536295 0.00133333 4.45459e-05
0 0.194204 0.609333 0.0438787 0.130667 4.47062e-05
0 0.113218 1 0.0530878 0 4.47217e-05
0 0.0750271 1 0.0547129 0 4.48432e-05
0 0.930661 0.982667 0.0476706 0.0266667 4.4891e-05
0 0.393012 0.026 0.114301 0.052 4.49257e-05
0 0.841278 0.0206667 0.0812568 0.0413333 4.49841e-05
0 0.346696 0.832667 0.0151679 0.0386667 4.51017e-05
0 0.21831 0.998 0.0487541 0.004 4.52522e-05
0 0.22156 0.720667 0.0585049 0.156 4.53681e-05
0 0.435536 0.082 0.0476706 0.145333 4.59412e-05
0 0.430661 0 0.0552546 0 4.60863e-05
0 0.340737 0.988 0.0899242 0.024 4.65204e-05
0 0.932557 0.638 0.134886 0.486667 4.66339e-05
0 0.232394 0.972667 0.0790899 0.0546667 4.66957e-05
0 0.647887 0.445333 0.115926 0.397333 4.67638e-05
0 0.785753 0.589333 0.0709642 0.149333 4.68575e-05
0 0.278982 0.714 0.0184182 0.0306667 4.69849e-05
0 0.290628 0.726667 0.0265439 0.056 4.70881e-05
0 0.552275 0 0.0536295 0 4.71372e-05
0 0.288462 0.972667 0.0785482 0.0546667 4.74398e-05
0 0.767064 0.0153333 0.084507 0.0306667 4.75187e-05
0 0.0487541 0.876667 0.0790899 0.214667 4.76406e-05
0 0.518418 1 0.0487541 0 4.76856e-05
0 0.0549837 0.949333 0.103467 0.101333 4.79528e-05
0 0.345612 0.434667 0.0130011 0.032 4.83222e-05
0 0.98429 0.270667 0.0270856 0.109333 4.85309e-05
0 0.563109 0.0846667 0.095883 0.121333 4.86904e-05
0 0.517064 0.0266667 0.0471289 0.0453333 4.88799e-05
0 0.652763 0.387333 0.0487541 0.185333 4.8976e-05
0 0.0311484 0.502 0.039545 0.273333 4.89979e-05
0 0.0316901 0.906667 0.039545 0.152 4.92882e-05
0 0.605092 0.014 0.0433369 0.028 4.95604e-05
0 0.733207 0.934667 0.107801 0.130667 4.97772e-05
0 0.469935 0.288 0.0297941 0.114667 4.98627e-05
0 0.545233 0.98 0.0417118 0.0293333 4.99391e-05
0 0.894366 0.0146667 0.105092 0.0293333 4.99488e-05
0 0.037649 0.252667 0.0752979 0.505333 5.07743e-05
0 0.260834 0.996667 0.067714 0.00666667 5.08361e-05
0 0.979686 0.982 0.0406284 0.036 5.09423e-05
0 0.0181473 0.922 0.0352113 0.113333 5.10238e-05
0 0.216414 0.531333 0.0265439 0.18 5.12233e-05
0 0.204496 0 0.0557963 0 5.12903e-05
0 0.521127 0.996 0.0465872 0.008 5.13527e-05
0 0.48104 0.0233333 0.0346696 0.0466667 5.14569e-05
0 0.665493 0.461333 0.669014 0.922667 5.18363e-05
0 0.944475 0.348667 0.111051 0.193333 5.18567e-05
0 0.948267 0.334 0.0557963 0.044 5.18897e-05
0 0.212622 0.474 0.0492958 0.308 5.20122e-05
0 0.488624 0.0273333 0.108342 0.0546667 5.25417e-05
0 0.445558 0.171333 0.0427952 0.198667 5.3232e-05
0 0.221831 0.582 0.0232936 0.0866667 5.32998e-05
0 0.393554 0.953333 0.116468 0.0933333 5.3436e-05
0 0.460997 0.866 0.169014 0.268 5.34864e-05
0 0.988624 0.139333 0.0108342 0.142667 5.38208e-05
0 0.401679 0.972667 0.0709642 0.0546667 5.40005e-05
0 0.29117 0.988 0.0796316 0.024 5.40983e-05
0 0.843174 0.986 0.0980498 0.028 5.41587e-05
0 0.675244 1 0.0763814 0 5.42785e-05
0 0.264355 0.103333 0.0985916 0.206667 5.431e-05
0 0.702871 0 0.0536295 0 5.43335e-05
0 0.00866739 0.0393333 0.0173348 0.0786667 5.44268e-05
0 0.989166 0.0633333 0.0216685 0.126667 5.45095e-05
0 0.711809 0.024 0.0888407 0.048 5.46807e-05
0 0.81961 0.914 0.160347 0.172 5.48957e-05
0 0.657096 0 0.0530878 0 5.5065e-05
0 0.334778 0.97 0.0888407 0.06 5.53603e-05
0 0.355905 0.846 0.0292524 0.076 5.54994e-05
0 0.188516 1 0.0736728 0 5.55128e-05
0 0.818797 0.832 0.255146 0.336 5.57719e-05
0 0.987541 0.956667 0.0249187 0.0866667 5.60832e-05
0 0.507584 0.00666667 0.0671723 0.0133333 5.63648e-05
0 0.9052 1 0.0379198 0 5.65758e-05
0 0.537107 0.19 0.0579632 0.356 5.67027e-05
0 0.691224 0.980667 0.0617551 0.0386667 5.68986e-05
0 0.787107 0.528667 0.0660888 0.145333 5.7206e-05
0 0.440141 0.0286667 0.109967 0.0573333 5.74212e-05
0 0.353467 0.0133333 0.0471289 0.0266667 5.75679e-05
0 0.0165222 0.486 0.0330444 0.121333 5.77421e-05
0 0.211268 0.722 0.0216685 0.0786667 5.77552e-05
0 0.220206 0.661333 0.0471289 0.218667 5.80518e-05
0 0.527898 0 0.0536295 0 5.81324e-05
0 0.69312 1 0.039545 0 5.82896e-05
0 0.669556 0.992667 0.0400867 0.0146667 5.83542e-05
0 0.340737 0 0.0552546 0 5.83827e-05
0 0.424431 0.412 0.0547129 0.133333 5.86214e-05
0 0.303359 0.054 0.0487541 0.084 5.88891e-05
0 0.603467 1 0.0530878 0 5.99957e-05
0 0.0067714 0.854 0.0135428 0.14 6.02924e-05
0 0.0132719 0.278667 0.0265439 0.202667 6.02958e-05
0 0.0896533 0.0633333 0.129469 0.126667 6.05077e-05
0 0.879469 1 0.0438787 0 6.05625e-05
0 0.0520043 0.108667 0.104009 0.217333 6.07053e-05
0 0.0127302 0.00133333 0.0254605 0.00266667 6.09643e-05
0 0.502979 0 0.0547129 0 6.10404e-05
0 0.748375 0.858 0.182557 0.284 6.10832e-05
0 0.969122 0.222 0.0617551 0.262667 6.13641e-05
0 0.316901 0 0.0552546 0 6.15325e-05
0 0.47779 1 0.0390032 0 6.17576e-05
0 0.562839 0.746 0.178765 0.508 6.17678e-05
0 0.561213 0.193333 0.0552546 0.378667 6.20107e-05
0 0.757855 0.99 0.0390032 0.02 6.33533e-05
0 0.00568797 0.301333 0.0113759 0.141333 6.42241e-05
0 0.968039 0 0.0530878 0 6.4279e-05
0 0.984561 0.304 0.0308776 0.0853333 6.4515e-05
0 0.825298 1 0.0872156 0 6.48419e-05
0 0.0365655 0.639333 0.0731311 0.508 6.48805e-05
0 0.57286 0.967333 0.0568797 0.0413333 6.49848e-05
0 0.458559 0.288 0.0200433 0.0293333 6.51657e-05
0 0.495125 0 0.0530878 0 6.52089e-05
0 0.150867 0 0.0557963 0 6.52779e-05
0 0.874052 0.252667 0.206392 0.452 6.55666e-05
0 0.673077 0.861333 0.0579632 0.277333 6.56471e-05
0 0.990249 0.262 0.0184182 0.193333 6.63938e-05
0 0.374052 0.976 0.0774648 0.048 6.64907e-05
0 0.957205 0.444 0.0855905 0.373333 6.66488e-05
0 0.59182 0.03 0.108884 0.06 6.678e-05
0 0.2026 0.672 0.0195016 0.0453333 6.71596e-05
0 0.578277 0 0.0547129 0 6.72838e-05
0 0.986728 0.851333 0.0265439 0.102667 6.74193e-05
0 0.381907 0.722667 0.0238353 0.0266667 6.7583e-05
0 0.684995 0.989333 0.0352113 0.0213333 6.80705e-05
0 0.531148 0 0.0687974 0 6.83764e-05
0 0.829632 1 0.0492958 0 6.87092e-05
0 0.676598 0 0.0541712 0 6.88546e-05
0 0.941224 0.903333 0.103467 0.150667 6.90502e-05
0 0.966956 0.996667 0.0476706 0.00666667 6.95052e-05
0 0.447183 0.219333 0.0232936 0.0893333 6.96459e-05
0 0.0197725 0.92 0.039545 0.16 7.00112e-05
0 0.509751 0.042 0.0455038 0.052 7.00133e-05
0 0.571235 0.982667 0.039545 0.0266667 7.01422e-05
0 0.229957 0.588 0.0222102 0.0746667 7.05342e-05
0 0.0289816 0.064 0.0471289 0.0986667 7.0574e-05
0 0.989978 0.036 0.0092091 0.072 7.0823e-05
0 0.254334 0.660667 0.0644637 0.145333 7.10692e-05
0 0.0479415 1 0.067714 0 7.11415e-05
0 0.46208 0.280667 0.00758397 0.0306667 7.14085e-05
0 0.0067714 0.149333 0.0135428 0.136 7.16459e-05
0 0.395991 0.988667 0.0379198 0.0226667 7.18046e-05
0 0.0744854 0 0.0547129 0 7.23815e-05
0 0.777627 0.344 0.0417118 0.12 7.24559e-05
0 0.0113759 0.950667 0.0130011 0.0986667 7.25149e-05
0 0.268689 0.996 0.0433369 0.008 7.26717e-05
0 0.0192308 0.0333333 0.0384615 0.056 7.30738e-05
0 0.16468 1 0.0498375 0 7.31557e-05
0 0.673348 0.426667 0.0400867 0.144 7.34178e-05
0 0.909534 0.375333 0.12026 0.092 7.34501e-05
0 0.985915 0.154667 0.028169 0.304 7.37269e-05
0 0.302546 0.408667 0.0265439 0.0386667 7.38955e-05
0 0.25 0.206 0.1013 0.26 7.39984e-05
0 0.986999 0.474 0.0260022 0.174667 7.40224e-05
0 0.837486 0.00266667 0.113759 0.00533333 7.4215e-05
0 0.780607 0.991333 0.0422535 0.0173333 7.4345e-05
0 0.609426 0.262667 0.0368364 0.128 7.45648e-05
0 0.319068 0.997333 0.0465872 0.00533333 7.4602e-05
0 0.3039 1 0.0476706 0 7.49858e-05
0 0.00704225 0.238 0.0130011 0.214667 7.54994e-05
0 0.657096 0.997333 0.0444204 0.00533333 7.55495e-05
0 0.803088 1 0.0482123 0 7.58101e-05
0 0.391387 0 0.0547129 0 7.63722e-05
0 0.942308 0.997333 0.052546 0.00533333 7.69803e-05
0 0.329902 0.0153333 0.0509209 0.0306667 7.7613e-05
0 0.00650054 0.396667 0.0130011 0.134667 7.81254e-05
0 0.548754 0.971333 0.0682557 0.044 7.88611e-05
0 0.241603 0.998667 0.0465872 0.00266667 7.88687e-05
0 0.378657 0.728667 0.0335861 0.0946667 7.89985e-05
0 0.328819 1 0.0487541 0 7.90856e-05
0 0.587757 0.53 0.107259 0.193333 7.99832e-05
0 0.379469 1 0.0482123 0 8.00236e-05
0 0.00622969 0.730667 0.0124594 0.146667 8.23042e-05
0 0.0100217 0.152667 0.0135428 0.204 8.25274e-05
0 0.2974 0.412667 0.0227519 0.0226667 8.29516e-05
0 0.22156 0.724 0.0260022 0.0586667 8.29892e-05
0 0.251896 0 0.0552546 0 8.30425e-05
0 0.138949 1 0.052546 0 8.33965e-05
0 0.188245 0.668667 0.37649 0.662667 8.34305e-05
0 0.338028 0.998667 0.0736728 0.00266667 8.34527e-05
0 0.982936 0.583333 0.0341278 0.321333 8.38107e-05
0 0.472373 0.0306667 0.0617551 0.0613333 8.38497e-05
0 0.0130011 0.993333 0.0216685 0.0133333 8.42861e-05
0 0.381907 0.992667 0.0455038 0.0146667 8.49811e-05
0 0.558776 0.168 0.088299 0.210667 8.50717e-05
0 0.654388 0.430667 0.0823402 0.2 8.56485e-05
0 0.856176 0.994667 0.0492958 0.0106667 8.56658e-05
0 0.304713 0.0193333 0.0514626 0.0386667 8.60855e-05
0 0.869718 0.366667 0.118635 0.104 8.71839e-05
0 0.0750271 0.517333 0.150054 0.581333 8.74416e-05
0 0.286836 0.00933333 0.0893824 0.0186667 8.77362e-05
0 0.947454 0.434 0.0942579 0.177333 8.81842e-05
0 0.787107 0 0.113759 0 8.83013e-05
0 0.11701 0.018 0.114843 0.036 8.83966e-05
0 0.477519 0 0.0547129 0 8.84704e-05
0 0.968852 0.954667 0.0622969 0.0906667 8.85507e-05
0 0.96831 0.312 0.0633803 0.122667 8.88507e-05
0 0.278711 1 0.0471289 0 8.98398e-05
0 0.41441 0 0.0552546 0 9.01175e-05
0 0.390303 0.986667 0.100217 0.0266667 9.07993e-05
0 0.709642 0.0126667 0.105092 0.0253333 9.09424e-05
0 0.00866739 0.963333 0.0108342 0.0733333 9.14396e-05
0 0.884345 0.991333 0.0427952 0.0173333 9.15203e-05
0 0.0148971 0.216 0.0276273 0.2 9.16042e-05
0 0.557963 0.981333 0.0585049 0.0373333 9.17945e-05
0 0.492145 0.990667 0.0341278 0.0186667 9.2233e-05
0 0.829361 0.0233333 0.0465872 0.0466667 9.34919e-05
0 0.969664 0.513333 0.0606717 0.224 9.3564e-05
0 0.958017 0.356667 0.0557963 0.0653333 9.36647e-05
0 0.0100217 0.306 0.0135428 0.249333 9.3859e-05
0 0.529794 0.034 0.0498375 0.068 9.39424e-05
0 0.652763 0 0.0541712 0 9.412e-05
0 0.312297 0.006 0.0893824 0.012 9.46581e-05
0 0.693391 0.616667 0.613218 0.766667 9.48093e-05
0 0.836674 0.0326667 0.0796316 0.06 9.48924e-05
0 0.0585049 0.762 0.11701 0.476 9.51126e-05
0 0.337757 0.0186667 0.0817985 0.0373333 9.51588e-05
0 0.627031 0 0.0547129 0 9.52665e-05
0 0.890033 0 0.144095 0 9.57888e-05
0 0.710726 0.974 0.0520043 0.052 9.60687e-05
0 0.967226 0.00266667 0.0655471 0.00533333 9.61922e-05
0 0.203955 1 0.0482123 0 9.67164e-05
0 0.566089 1 0.0530878 0 9.73781e-05
0 0.289816 0 0.0552546 0 9.84921e-05
0 0.311755 0.894 0.0178765 0.0306667 9.88995e-05
0 0.860509 0.834667 0.0503792 0.138667 9.8946e-05
0 0.00704225 0.792 0.0140845 0.149333 9.92351e-05
0 0.363489 0 0.0552546 0 9.99375e-05
0 0.273564 0.058 0.0769231 0.0893333 9.9992e-05
0 0.981853 0.708 0.0362947 0.32 0.000100314
0 0.439057 0 0.0557963 0 0.00010041
0 0.312568 1 0.0801734 0 0.000101813
0 0.252167 1 0.0471289 0 0.000102107
0 0.342633 0.998 0.0471289 0.004 0.000102531
0 0.0146262 0.977333 0.0292524 0.0453333 0.000102633
0 0.593445 0.246 0.052546 0.193333 0.000103057
0 0.462893 0.279333 0.0189599 0.0306667 0.00010338
0 0.983207 0.994 0.0314193 0.012 0.00010404
0 0.930932 1 0.0492958 0 0.000104077
0 0.284128 0.0406667 0.0763814 0.0813333 0.000105715
0 0.176327 0 0.0557963 0 0.000105821
0 0.00650054 0.576 0.0130011 0.141333 0.000106318
0 0.353467 1 0.0503792 0 0.000106597
0 0.588299 0.996667 0.0866739 0.00666667 0.000108618
0 0.160618 0.995333 0.1013 0.00933333 0.000108821
0 0.21506 0.612 0.0270856 0.117333 0.000109762
0 0.347508 0.0206667 0.0807151 0.0413333 0.000109982
0 0.226165 0 0.0557963 0 0.000110859
0 0.138949 0.00666667 0.108884 0.0133333 0.000111169
0 0.277356 0.725333 0.0400867 0.0746667 0.000111223
0 0.630823 0.997333 0.0514626 0.00533333 0.00011153
0 0.293066 0.995333 0.0476706 0.00933333 0.000111579
0 0.299567 0.996 0.071506 0.008 0.000111643
0 0.871885 0.128 0.1013 0.08 0.000111906
0 0.979686 0.353333 0.0406284 0.210667 0.000112009
0 0.244583 0.0213333 0.0893824 0.0426667 0.000112021
0 0.922264 0.121333 0.103467 0.0986667 0.000113019
0 0.00947996 0.862 0.0124594 0.244 0.00011375
0 0.802546 0.331333 0.0861322 0.161333 0.000113769
0 0.112405 0.996 0.125135 0.008 0.000113871
0 0.637595 0.992 0.0834236 0.016 0.000114819
0 0.00704225 0.670667 0.0140845 0.144 0.00011506
0 0.989707 0.296667 0.0130011 0.118667 0.000115904
0 0.497291 0.04 0.0390032 0.0693333 0.000115945
0 0.266793 0.014 0.0850488 0.028 0.00011608
0 0.969935 0.65 0.06013 0.329333 0.000116601
0 0.891658 0.974667 0.035753 0.0186667 0.000116799
0 0.628927 1 0.0520043 0 0.000117362
0 0.248375 0.004 0.0872156 0.008 0.000117955
0 0.0165222 0.15 0.0330444 0.174667 0.000118567
0 0.566901 0.996 0.052546 0.008 0.00011864
0 0.307692 0.0273333 0.102925 0.0546667 0.00011897
0 0.410618 0.428667 0.0769231 0.212 0.000120037
0 0.65493 1 0.0487541 0 0.000120288
0 0.220477 0.704 0.0390032 0.101333 0.000120636
0 0.872156 0.198667 0.101842 0.197333 0.000120917
0 0.602113 0 0.0557963 0 0.000120971
0 0.466685 0.984 0.0373781 0.024 0.000121151
0 0.543066 0.996 0.052546 0.008 0.000122206
0 0.228602 1 0.0498375 0 0.000122689
0 0.73727 0.00133333 0.111593 0.00266667 0.000123056
0 0.605634 0 0.0541712 0 0.00012324
0 0.0146262 0.897333 0.0249187 0.205333 0.000123933
0 0.989978 0.0806667 0.0092091 0.132 0.000123985
0 0.0092091 0.397333 0.0130011 0.272 0.000124218
0 0.1487 0.426667 0.2974 0.853333 0.000124685
0 0.987541 0.334667 0.0216685 0.114667 0.000125168
0 0.85455 1 0.0503792 0 0.000125538
0 0.0866739 1 0.0877573 0 0.000125815
0 0.00487541 0.987333 0.00975081 0.0253333 0.000125925
0 0.298212 0.422667 0.0373781 0.088 0.000125955
0 0.384074 0.721333 0.0162514 0.0506667 0.000125972
0 0.0176056 0.996667 0.0352113 0.00666667 0.000126765
0 0.991333 0.107333 0.0151679 0.214667 0.000127153
0 0.388407 0 0.0552546 0 0.000127974
0 0.987812 0.576667 0.024377 0.206667 0.000128124
0 0.0184182 0.364667 0.0368364 0.289333 0.000128166
0 0.445829 0.179333 0.0270856 0.0973333 0.000128244
0 0.112947 0.00933333 0.113218 0.0186667 0.000129123
0 0.535211 0.0366667 0.0855905 0.0733333 0.00012948
0 0.637866 0.998 0.088299 0.004 0.000129984
0 0.00758397 0.456667 0.0151679 0.137333 0.000130648
0 0.920098 0.333333 0.129469 0.056 0.000133195
0 0.00758397 1 0.0151679 0 0.000134387
0 0.338028 0 0.0552546 0 0.000135874
0 0.028169 0.944 0.056338 0.112 0.000136071
0 0.313922 0 0.0557963 0 0.000136668
0 0.638949 0.0213333 0.0763814 0.0426667 0.000137541
0 0.952871 1 0.0530878 0 0.000137872
0 0.0687974 0.00933333 0.0758397 0.0186667 0.000138191
0 0.466956 0.0226667 0.0368364 0.0453333 0.00013832
0 0.294962 0.416667 0.589924 0.833333 0.000138824
0 0.0314193 0.212 0.0628386 0.336 0.00013884
0 0.352925 0.840667 0.0265439 0.0413333 0.000140444
0 0.964247 0 0.0541712 0 0.000142529
0 0.699892 0.981333 0.0335861 0.0346667 0.000142726
0 0.532774 0.0173333 0.107801 0.0346667 0.000143953
0 0.541983 1 0.0536295 0 0.000144061
0 0.424702 0.984 0.0498375 0.032 0.000145726
0 0.349404 0.00333333 0.092091 0.00666667 0.000145971
0 0.189328 0.0206667 0.0947996 0.0413333 0.000146512
0 0.966143 0.802667 0.067714 0.0853333 0.000146778
0 0.175244 0.00533333 0.0937161 0.0106667 0.000148236
0 0.287649 0.0873333 0.0910076 0.145333 0.000149283
0 0.0492958 0 0.056338 0 0.000150098
0 0.393824 0.00666667 0.071506 0.0133333 0.000152078
0 0.0284399 0.105333 0.0568797 0.16 0.000152562
0 0.862134 0.992 0.0850488 0.016 0.000153241
0 0.518147 0.390667 0.801192 0.781333 0.000153525
0 0.260022 0.018 0.0487541 0.036 0.000154398
0 0.706663 0.873333 0.0557963 0.170667 0.000154527
0 0.200975 0 0.056338 0 0.000154839
0 0.216143 0.996667 0.0975081 0.00666667 0.000155274
0 0.45558 0.0386667 0.0390032 0.064 0.000155506
0 0.367281 0.995333 0.0465872 0.00933333 0.000160654
0 0.0273564 1 0.052546 0 0.00016285
0 0.249729 1 0.0747562 0 0.000163484
0 0.00812568 0.0926667 0.0151679 0.132 0.000164444
0 0.342904 0.444667 0.0335861 0.0413333 0.000164962
0 0.930661 0.970667 0.0942579 0.0586667 0.000165191
0 0.451788 0.979333 0.0498375 0.0413333 0.000165336
0 0.969935 0.875333 0.06013 0.249333 0.000165541
0 0.504605 0.0306667 0.0362947 0.0613333 0.00016601
0 0.30688 0.144 0.0991333 0.2 0.000167955
0 0.0547129 0.412667 0.109426 0.366667 0.000170476
0 0.211538 0.684 0.024377 0.0586667 0.000171279
0 0.891387 0.984 0.0254605 0.0213333 0.00017411
0 0.862676 1 0.0828819 0 0.000174883
0 0.0151679 0.0966667 0.0270856 0.169333 0.00017688
0 0.319339 0.012 0.0926327 0.024 0.000178084
0 0.00812568 0.926667 0.0162514 0.146667 0.000178748
0 0.0270856 0.881333 0.0541712 0.237333 0.000179065
0 0.586674 0.988 0.0834236 0.024 0.000179649
0 0.721831 0.985333 0.052546 0.0293333 0.000180615
0 0.0368364 0.988667 0.0736728 0.0226667 0.00018243
0 0.204496 0.658667 0.0297941 0.0853333 0.000183877
0 0.316901 0.89 0.0151679 0.044 0.000185438
0 0.12974 0.626667 0.25948 0.746667 0.000186602
0 0.966143 0.816 0.0460455 0.0426667 0.000186654
0 0.607801 0.5 0.784399 1 0.000186671
0 0.0260022 0.006 0.0520043 0.012 0.000191371
0 0.784399 0.5 0.431203 1 0.00019168
0 0.362676 1 0.0872156 0 0.000198649
0 0.456663 0.024 0.0769231 0.048 0.000203284
0 0.219393 0.660667 0.0390032 0.0893333 0.000203528
0 0.00785482 0.517333 0.0157096 0.144 0.000206497
0 0.390574 0.014 0.099675 0.028 0.000208946
0 0.489978 0.0186667 0.0785482 0.0373333 0.000209795
0 0.662514 0.0133333 0.0801734 0.0266667 0.000217474
0 0.893012 0.985333 0.0536295 0.0293333 0.000218366
0 0.611051 0.310667 0.0238353 0.0773333 0.000222908
0 0.97779 0.441333 0.0444204 0.154667 0.000235933
0 0.220206 0.694 0.0254605 0.068 0.000238476
0 0.0184182 0.788667 0.0368364 0.372 0.000239652
0 0.368364 0.016 0.0964247 0.032 0.000240378
0 0.514626 0.0213333 0.0899242 0.0426667 0.000240701
0 0.683369 0 0.113218 0 0.000246938
0 0.00595883 0.793333 0.0119177 0.269333 0.00024828
0 0.0327736 0.483333 0.0655471 0.361333 0.0002511
0 0.241874 0.5 0.483749 1 0.000253124
0 0.972373 0.828667 0.0552546 0.0786667 0.000253921
0 0.47779 0.988667 0.0303359 0.0226667 0.000253923
0 0.983749 0.896 0.0325027 0.165333 0.000255844
0 0.910888 0.977333 0.0514626 0.0453333 0.000256356
0 0.550921 0.996667 0.0888407 0.00666667 0.000257888
0 0.466685 0.0166667 0.0893824 0.0333333 0.000262464
0 0.0167931 0.663333 0.0335861 0.337333 0.000264602
0 0.211538 0.004 0.0904659 0.008 0.000265217
0 0.436891 0.032 0.0720477 0.064 0.000266145
0 0.0119177 0.773333 0.0216685 0.253333 0.000266187
0 0.417118 0.0153333 0.0953413 0.0306667 0.000271828
0 0.283857 0.718667 0.0216685 0.0506667 0.000273056
0 0.374594 0.995333 0.0785482 0.00933333 0.00027404
0 0.288732 0.00133333 0.11701 0.00266667 0.000277558
0 0.460455 0.948667 0.0498375 0.0733333 0.000282331
0 0.96831 0.336667 0.052546 0.0493333 0.000286161
0 0.855092 0.810667 0.0720477 0.296 0.000287008
0 0.273564 0.026 0.0769231 0.052 0.000293309
0 0.217226 0.654667 0.0195016 0.0533333 0.000301877
0 0.392741 0.0153333 0.0498375 0.0306667 0.000302193
0 0.431473 0.0213333 0.0427952 0.0426667 0.000304147
0 0.410888 0.457333 0.039545 0.0986667 0.000310202
0 0.549837 0.99 0.092091 0.02 0.00031129
0 0.446371 0.195333 0.0151679 0.0546667 0.000315893
0 0.567985 0.0153333 0.103467 0.0306667 0.000320148
0 0.398971 0.024 0.0817985 0.048 0.000321471
0 0.0576923 0.0286667 0.106717 0.0573333 0.000335846
0 0.0102925 0.651333 0.020585 0.244 0.000337352
0 0.946912 0.353333 0.105092 0.088 0.000338709
0 0.794962 0.342667 0.0417118 0.136 0.000340231
0 0.0176056 0.540667 0.0352113 0.302667 0.000340841
0 0.0167931 0.0526667 0.0303359 0.105333 0.000341027
0 0.466414 0.644667 0.847237 0.710667 0.000342314
0 0.0130011 0.473333 0.0260022 0.232 0.000356517
0 0.086403 0.00533333 0.111051 0.0106667 0.000361544
0 0.16441 0 0.147887 0 0.000367364
0 0.614301 0.0133333 0.0888407 0.0266667 0.000371745
0 0.0249187 0.0133333 0.0498375 0.0266667 0.000377462
0 0.986999 0.383333 0.0238353 0.150667 0.00038328
0 0.769772 0.988667 0.0270856 0.02 0.000383333
0 0.988624 0.988 0.0130011 0.024 0.000410023
0 0.905471 0.967333 0.0287107 0.06 0.000410519
0 0.980498 1 0.0390032 0 0.000411717
0 0.939057 0.991333 0.0980498 0.0173333 0.000419286
0 0.676056 0.344667 0.616468 0.689333 0.000420106
0 0.949621 1 0.0910076 0 0.000427685
0 0.295775 0.412667 0.0195016 0.0546667 0.000443309
0 0.340195 0 0.126761 0 0.000452396
0 0.0893824 0 0.157096 0 0.000464153
0 0.687432 0.878667 0.0476706 0.208 0.000464329
0 0.537378 0.00333333 0.122427 0.00666667 0.000464826
0 0.445016 0.0246667 0.0362947 0.0493333 0.000467589
0 0.585861 0.0106667 0.0915493 0.0213333 0.000471806
0 0.89545 0.149333 0.108342 0.141333 0.000473129
0 0.0100217 0.521333 0.0146262 0.28 0.000474284
0 0.634615 0 0.111051 0 0.000494411
0 0.923348 0.988667 0.06013 0.0226667 0.00052447
0 0.031961 0.0366667 0.063922 0.0733333 0.00052817
0 0.989166 1 0.020585 0 0.000536312
0 0.434453 0.974667 0.0552546 0.0506667 0.000557899
0 0.389762 0 0.120802 0 0.000574492
0 0.989707 0.912667 0.0173348 0.148 0.000578147
0 0.485374 0.00266667 0.106176 0.00533333 0.000592886
0 0.436891 0.00333333 0.109967 0.00666667 0.000620578
0 0.928223 0.784667 0.132719 0.14 0.000648336
0 0.600758 0.293333 0.0379198 0.144 0.000678921
0 0.915222 0.984667 0.0417118 0.0253333 0.000691872
0 0.70585 0.989333 0.0379198 0.0213333 0.000700599
0 0.499187 0.0206667 0.0373781 0.0413333 0.000709421
0 0.980769 0.365333 0.0384615 0.08 0.00079233
0 0.67714 0.694667 0.56013 0.610667 0.000827377
0 0.0265439 0 0.0530878 0 0.000870458
0 0.989707 0.943333 0.0119177 0.108 0.000911033
0 0.21208 0.664 0.0254605 0.0293333 0.000919141
0 0.589382 0.000666667 0.109426 0.00133333 0.000924653
0 0.896804 0.349333 0.126219 0.0666667 0.00104775
0 0.968852 0.394667 0.0622969 0.133333 0.00124453
0 0.0390032 0.004 0.0780065 0.008 0.00126759
0 0.834778 0.847333 0.166847 0.204 0.00136992
0 0.90195 0.973333 0.0292524 0.024 0.00201886
0 0.976165 0.825333 0.0390032 0.0453333 0.00262826
0 0.898158 0.788667 0.146262 0.222667 0.00373023
0 0.466685 0.706667 0.425244 0.586667 0.00390507
0 0.830986 0.651333 0.338028 0.697333 0.00467745
0 0.902221 0.984 0.0276273 0.0293333 0.00593668
0 0.451517 0.932667 0.114301 0.134667 0.00617696
0 0.436078 0.956 0.0585049 0.056 0.00701657
0 0.603738 0.303333 0.0157096 0.084 0.0120316
0 0.672535 0.384 0.3039 0.768 0.0141209
0 0.721289 0.874667 0.106717 0.216 0.0581027
0 0.874323 0.804 0.084507 0.168 0.284129
0 0.441766 0.958667 0.088299 0.0826667 0.80179
0 0.675785 0.390667 0.0622969 0.189333 0.850989
