0 0.543879 0.0273333 0.0368364 0.0413333 1.21752e-05
0 0.665222 0.440667 0.0238353 0.1 1.21804e-05
0 0.91766 1 0.0509209 0 1.2225e-05
0 0.286295 0.977333 0.0514626 0.0453333 1.22315e-05
0 0.216685 0.426 0.106176 0.166667 1.22588e-05
0 0.556609 0.958 0.0341278 0.0626667 1.22854e-05
0 0.933369 0.940667 0.108342 0.118667 1.22903e-05
0 0.944475 0.014 0.0438787 0.028 1.23062e-05
0 0.18039 0.0166667 0.0509209 0.0333333 1.232e-05
0 0.811213 0.939333 0.118635 0.121333 1.23326e-05
0 0.880553 0.0253333 0.0536295 0.0506667 1.23359e-05
0 0.806067 1 0.0476706 0 1.23392e-05
0 0.96506 0.649333 0.0698808 0.288 1.23709e-05
0 0.22481 0.811333 0.144095 0.377333 1.23782e-05
0 0.255959 0.951333 0.0265439 0.068 1.23785e-05
0 0.577736 0.164 0.125135 0.328 1.23844e-05
0 0.870531 0.0873333 0.0216685 0.084 1.2425e-05
0 0.0847779 0.214 0.154388 0.286667 1.24271e-05
0 0.840195 0.112 0.0660888 0.224 1.2432e-05
0 0.526273 0.486 0.0211268 0.052 1.24637e-05
0 0.207476 0.98 0.035753 0.04 1.24664e-05
0 0.290628 0.717333 0.0926327 0.168 1.2476e-05
0 0.761918 0.404667 0.0362947 0.124 1.24854e-05
0 0.862405 0.123333 0.056338 0.246667 1.24951e-05
0 0.908451 0.006 0.0617551 0.012 1.25099e-05
0 0.966956 0.715333 0.0541712 0.204 1.25131e-05
0 0.64572 0.499333 0.0108342 0.0866667 1.26057e-05
0 0.762188 0.0713333 0.099675 0.142667 1.26153e-05
0 0.457476 0.343333 0.0612134 0.124 1.26325e-05
0 0.939057 0.222667 0.0687974 0.170667 1.2634e-05
0 0.498375 0.911333 0.0411701 0.1 1.26449e-05
0 0.833694 0.992 0.0400867 0.016 1.26518e-05
0 0.795504 0.52 0.039545 0.072 1.27227e-05
0 0.56338 0.95 0.0823402 0.1 1.27459e-05
0 0.605363 0.000666667 0.0503792 0.00133333 1.27492e-05
0 0.279252 0.142 0.0709642 0.246667 1.28634e-05
0 0.24377 0.608 0.0444204 0.0906667 1.28661e-05
0 0.725352 0.626 0.0660888 0.172 1.28668e-05
0 0.15493 0.0146667 0.0509209 0.0293333 1.28748e-05
0 0.742687 1 0.0595883 0 1.28749e-05
0 0.638407 0.287333 0.102384 0.161333 1.29481e-05
0 0.554984 0.79 0.052546 0.118667 1.29816e-05
0 0.129469 0.002 0.056338 0.004 1.30522e-05
0 0.862134 0.0906667 0.0341278 0.109333 1.30547e-05
0 0.164139 0.973333 0.0834236 0.0533333 1.3078e-05
0 0.656555 0.58 0.0628386 0.122667 1.31031e-05
0 0.829361 0.947333 0.0509209 0.0493333 1.31264e-05
0 0.0893824 0.996667 0.0498375 0.00666667 1.31544e-05
0 0.3448 0.984667 0.0308776 0.0306667 1.31913e-05
0 0.206934 0.058 0.0444204 0.0973333 1.32011e-05
0 0.807963 0.186 0.0449621 0.108 1.32315e-05
0 0.143554 0.747333 0.0942579 0.249333 1.32367e-05
0 0.18364 0.961333 0.0671723 0.0773333 1.32527e-05
0 0.108884 0.956 0.105092 0.088 1.32962e-05
0 0.710726 0.23 0.0617551 0.137333 1.33331e-05
0 0.968852 0.584667 0.0482123 0.156 1.33916e-05
0 0.874865 0.810667 0.250271 0.378667 1.34347e-05
0 0.485645 0.572 0.0276273 0.0533333 1.34576e-05
0 0.855905 0.956667 0.121343 0.0866667 1.34617e-05
0 0.703413 0 0.0503792 0 1.35125e-05
0 0.460726 0.846667 0.0482123 0.133333 1.3514e-05
0 0.265168 0.96 0.0904659 0.08 1.35285e-05
0 0.56013 0.486 0.128927 0.526667 1.35665e-05
0 0.789816 0.524 0.071506 0.125333 1.35723e-05
0 0.780878 0.93 0.121885 0.14 1.36109e-05
0 0.841278 0.614 0.180932 0.249333 1.36316e-05
0 0.785753 0.458 0.0752979 0.241333 1.37254e-05
0 0.0552546 0.504667 0.0693391 0.284 1.37447e-05
0 0.98727 0.813333 0.0232936 0.210667 1.37655e-05
0 0.728061 0.805333 0.0931744 0.32 1.37785e-05
0 0.331257 0.919333 0.0731311 0.161333 1.37834e-05
0 0.831528 0.508667 0.144095 0.252 1.38174e-05
0 0.320964 0.334 0.220477 0.668 1.38203e-05
0 0.456934 0.953333 0.0287107 0.072 1.38207e-05
0 0.456934 0.042 0.0482123 0.0573333 1.38522e-05
0 0.496208 0.174667 0.0530878 0.226667 1.3941e-05
0 0.5474 0.032 0.0622969 0.0586667 1.39593e-05
0 0.237811 0.0726667 0.084507 0.145333 1.39819e-05
0 0.256771 0.178 0.0574215 0.289333 1.39989e-05
0 0.0178765 0.636 0.020585 0.28 1.40914e-05
0 0.677411 0.233333 0.0612134 0.290667 1.41117e-05
0 0.459101 0.718 0.0417118 0.121333 1.41131e-05
0 0.11078 0.597333 0.186891 0.410667 1.41713e-05
0 0.58532 0.459333 0.0720477 0.148 1.41748e-05
0 0.357259 0.981333 0.0330444 0.0373333 1.42568e-05
0 0.582069 0.393333 0.0763814 0.162667 1.42747e-05
0 0.608342 0.838 0.0953413 0.254667 1.42894e-05
0 0.62351 0.976667 0.0520043 0.044 1.43123e-05
0 0.656826 0.708 0.067714 0.237333 1.43303e-05
0 0.06013 0.792 0.12026 0.296 1.43515e-05
0 0.583694 0.776 0.0655471 0.125333 1.4466e-05
0 0.618906 0.77 0.0817985 0.193333 1.44859e-05
0 0.26896 0.984 0.0341278 0.032 1.45293e-05
0 0.110509 0.122 0.144095 0.244 1.45588e-05
0 0.084507 0.806 0.169014 0.388 1.45679e-05
0 0.261918 0.524667 0.184724 0.761333 1.45832e-05
0 0.651408 0.52 0.0232936 0.0373333 1.46022e-05
0 0.841008 0.0953333 0.0427952 0.129333 1.46412e-05
0 0.738082 0.032 0.0904659 0.064 1.46993e-05
0 0.755959 0.34 0.0547129 0.128 1.48659e-05
0 0.235374 0.921333 0.0612134 0.157333 1.48748e-05
0 0.387324 0.959333 0.0834236 0.0813333 1.48864e-05
0 0.517606 0.00266667 0.0514626 0.00533333 1.49115e-05
0 0.767064 0.0413333 0.035753 0.0746667 1.492e-05
0 0.513001 0.612667 0.130011 0.542667 1.49249e-05
0 0.856176 0.993333 0.0438787 0.0133333 1.49306e-05
0 0.435265 0.0613333 0.125135 0.122667 1.49341e-05
0 0.917389 0.0153333 0.039545 0.0306667 1.49494e-05
0 0.65493 0.104 0.0444204 0.122667 1.49601e-05
0 0.756501 0.333333 0.0232936 0.088 1.49767e-05
0 0.209101 0.509333 0.135428 0.266667 1.50108e-05
0 0.726436 0.806667 0.0530878 0.168 1.5027e-05
0 0.971018 0.892667 0.0438787 0.129333 1.50974e-05
0 0.660076 0.658667 0.0503792 0.122667 1.51007e-05
0 0.20585 0.0186667 0.0476706 0.0373333 1.51555e-05
0 0.904659 0.0166667 0.0303359 0.0333333 1.5207e-05
0 0.320152 0.0246667 0.0498375 0.0333333 1.527e-05
0 0.685536 0.506 0.0720477 0.153333 1.53091e-05
0 0.954496 0.473333 0.0910076 0.562667 1.53685e-05
0 0.54442 0.43 0.0216685 0.084 1.54376e-05
0 0.792795 0.00466667 0.0482123 0.00933333 1.54562e-05
0 0.810943 0.276667 0.132178 0.553333 1.54988e-05
0 0.777086 0.178667 0.0731311 0.2 1.55268e-05
0 0.0151679 0.882 0.0303359 0.126667 1.55594e-05
0 0.562297 0.772667 0.0834236 0.185333 1.56268e-05
0 0.63299 0.482667 0.114301 0.453333 1.56393e-05
0 0.617551 0.522667 0.0671723 0.296 1.56446e-05
0 0.222373 0.980667 0.031961 0.0386667 1.56573e-05
0 0.172535 0.552667 0.0980498 0.188 1.57107e-05
0 0.464247 0.956667 0.0790899 0.0866667 1.57437e-05
0 0.840195 0.348667 0.028169 0.036 1.57554e-05
0 0.532503 0.649333 0.0585049 0.117333 1.58491e-05
0 0.582611 0.712667 0.0406284 0.1 1.58718e-05
0 0.0200433 0.329333 0.0400867 0.128 1.59347e-05
0 0.459101 0.286667 0.095883 0.226667 1.59546e-05
0 0.874594 0.0986667 0.0406284 0.117333 1.59619e-05
0 0.614843 0.903333 0.0747562 0.156 1.60658e-05
0 0.78467 0.100667 0.0872156 0.201333 1.60922e-05
0 0.333424 0.042 0.0514626 0.044 1.61063e-05
0 0.340737 0.895333 0.0541712 0.121333 1.6119e-05
0 0.971831 0.646 0.0465872 0.158667 1.61588e-05
0 0.644908 0.484667 0.0308776 0.113333 1.61616e-05
0 0.363218 0.910667 0.0742145 0.178667 1.61967e-05
0 0.945287 0.396667 0.0595883 0.145333 1.6274e-05
0 0.601571 0.292 0.0557963 0.264 1.63168e-05
0 0.764085 0.188667 0.125135 0.377333 1.63199e-05
0 0.273023 0.0226667 0.056338 0.0453333 1.63357e-05
0 0.943933 0.940667 0.0568797 0.118667 1.63425e-05
0 0.0192308 0.452 0.0384615 0.12 1.64136e-05
0 0.0509209 0.996 0.0520043 0.008 1.64382e-05
0 0.807421 0.254667 0.0514626 0.0906667 1.64456e-05
0 0.0929036 0.968667 0.109967 0.0626667 1.64676e-05
0 0.843987 1 0.0617551 0 1.64725e-05
0 0.456121 0.006 0.0530878 0.012 1.65052e-05
0 0.987541 0.715333 0.0249187 0.177333 1.65351e-05
0 0.899512 0.960667 0.127302 0.0786667 1.6581e-05
0 0.371885 0.496667 0.0514626 0.0626667 1.65839e-05
0 0.585049 0.584 0.0595883 0.125333 1.66865e-05
0 0.811484 0.01 0.0790899 0.02 1.67483e-05
0 0.0173348 0.604 0.0346696 0.12 1.67599e-05
0 0.758126 0.467333 0.0417118 0.129333 1.67957e-05
0 0.888407 0.333333 0.148429 0.173333 1.68104e-05
0 0.602654 0.714 0.0373781 0.105333 1.68416e-05
0 0.877031 0 0.0509209 0 1.68431e-05
0 0.0674431 0.984 0.0752979 0.032 1.68726e-05
0 0.701246 0.0386667 0.0287107 0.0773333 1.6903e-05
0 0.516522 0.02 0.0460455 0.04 1.70127e-05
0 0.562026 0.673333 0.0427952 0.101333 1.70184e-05
0 0.385157 0.100667 0.111593 0.201333 1.70458e-05
0 0.778711 0 0.0514626 0 1.71168e-05
0 0.58234 0.888667 0.0899242 0.222667 1.71467e-05
0 0.276544 0.184 0.170639 0.368 1.72608e-05
0 0.986457 0.612667 0.0119177 0.148 1.72813e-05
0 0.786566 0.472 0.0476706 0.128 1.73158e-05
0 0.794962 0.460667 0.0276273 0.0866667 1.73488e-05
0 0.662514 0.028 0.0834236 0.056 1.74199e-05
0 0.61701 0.632 0.132178 0.512 1.74228e-05
0 0.690683 0.589333 0.0682557 0.12 1.74327e-05
0 0.456934 0.146 0.088299 0.268 1.74501e-05
0 0.945287 0.201333 0.109426 0.402667 1.74559e-05
0 0.161972 0.0613333 0.102925 0.101333 1.75056e-05
0 0.583965 0.527333 0.0628386 0.126667 1.76936e-05
0 0.331528 0.979333 0.0292524 0.0413333 1.77393e-05
0 0.708288 0.526 0.0644637 0.286667 1.77436e-05
0 0.326652 0.824 0.0195016 0.0293333 1.78047e-05
0 0.75948 0.0753333 0.0736728 0.116 1.78062e-05
0 0.888949 0.212667 0.0975081 0.148 1.78238e-05
0 0.542795 0.00133333 0.0476706 0.00266667 1.78816e-05
0 0.783857 0.082 0.0671723 0.14 1.78865e-05
0 0.0985916 0.0586667 0.111593 0.096 1.7946e-05
0 0.61403 0.0266667 0.095883 0.0533333 1.79472e-05
0 0.156555 0.983333 0.0574215 0.0333333 1.79966e-05
0 0.639491 0.539333 0.0232936 0.0333333 1.8027e-05
0 0.671181 0.627333 0.127844 0.510667 1.80577e-05
0 0.510563 0.658667 0.0503792 0.128 1.80596e-05
0 0.83559 0.788 0.182557 0.269333 1.80652e-05
0 0.689328 0.64 0.0687974 0.285333 1.80855e-05
0 0.508126 0.709333 0.0834236 0.205333 1.81121e-05
0 0.527086 0.901333 0.0422535 0.125333 1.83232e-05
0 0.780336 0.204667 0.0352113 0.068 1.83397e-05
0 0.757313 0.304667 0.028169 0.0786667 1.84169e-05
0 0.734832 0.465333 0.0731311 0.149333 1.84256e-05
0 0.445287 0.951333 0.0303359 0.068 1.84271e-05
0 0.772752 0.0153333 0.0568797 0.0306667 1.84754e-05
0 0.68662 0.136 0.0612134 0.272 1.8482e-05
0 0.283586 0.984667 0.0341278 0.0306667 1.85078e-05
0 0.671181 0.79 0.0628386 0.132 1.85604e-05
0 0.0417118 0.0586667 0.0628386 0.117333 1.86014e-05
0 0.526544 0.516 0.0617551 0.136 1.86213e-05
0 0.532232 0.794 0.0622969 0.118667 1.86627e-05
0 0.963705 0.789333 0.0650054 0.269333 1.87258e-05
0 0.572589 0.672 0.0249187 0.0666667 1.87577e-05
0 0.75948 0.391333 0.0238353 0.0626667 1.87774e-05
0 0.706392 1 0.0585049 0 1.882e-05
0 0.985374 0.646667 0.0292524 0.301333 1.88607e-05
0 0.0178765 0.975333 0.0270856 0.0493333 1.89052e-05
0 0.562026 0.146 0.0547129 0.150667 1.89984e-05
0 0.804984 0.024 0.0325027 0.048 1.90565e-05
0 0.811484 0.271333 0.0769231 0.177333 1.91756e-05
0 0.609426 0.965333 0.0704225 0.0693333 1.91883e-05
0 0.162243 0.331333 0.173889 0.662667 1.92685e-05
0 0.256771 0.979333 0.0292524 0.0386667 1.93559e-05
0 0.638949 0.96 0.0709642 0.08 1.93709e-05
0 0.931203 0.008 0.0671723 0.016 1.94834e-05
0 0.983478 0.115333 0.0200433 0.0733333 1.94981e-05
0 0.890574 0.999333 0.0509209 0.00133333 1.95132e-05
0 0.982665 0.01 0.0346696 0.02 1.95896e-05
0 0.984832 0.145333 0.0216685 0.0693333 1.96027e-05
0 0.544691 0.955333 0.0308776 0.0626667 1.96573e-05
0 0.836945 0.371333 0.0173348 0.0466667 1.98122e-05
0 0.55065 0.408 0.0178765 0.0666667 1.98612e-05
0 0.635428 0.71 0.0574215 0.108 1.98831e-05
0 0.582611 0.967333 0.0731311 0.0653333 1.9893e-05
0 0.256771 0.649333 0.0823402 0.192 1.98952e-05
0 0.270314 0.0293333 0.0509209 0.0373333 1.9897e-05
0 0.858342 0.275333 0.121885 0.385333 1.99117e-05
0 0.972914 0.438667 0.0346696 0.138667 1.99179e-05
0 0.644637 0.982 0.0390032 0.028 1.99237e-05
0 0.678223 0.908667 0.0509209 0.182667 2.00354e-05
0 0.174973 0.028 0.101842 0.056 2.0062e-05
0 0.992687 0.569333 0.0124594 0.0933333 2.00645e-05
0 0.984561 0.178 0.0222102 0.0733333 2.00942e-05
0 0.76598 0.394 0.124594 0.457333 2.00999e-05
0 0.429307 0.885333 0.0698808 0.229333 2.01127e-05
0 0.855905 0.0166667 0.0303359 0.0333333 2.01336e-05
0 0.688787 0.098 0.0449621 0.169333 2.01485e-05
0 0.403034 0 0.0541712 0 2.01749e-05
0 0.479957 0.00333333 0.0498375 0.00666667 2.02089e-05
0 0.862676 0.112 0.0774648 0.162667 2.02143e-05
0 0.422264 0.954 0.0308776 0.0626667 2.0348e-05
0 0.456934 0.884667 0.0774648 0.230667 2.03584e-05
0 0.0192308 0.513333 0.0384615 0.125333 2.03838e-05
0 0.820693 0.986667 0.0411701 0.0266667 2.03838e-05
0 0.831528 0.291333 0.0606717 0.132 2.03942e-05
0 0.401138 0.858 0.0438787 0.108 2.04256e-05
0 0.884615 0.276667 0.111593 0.166667 2.04298e-05
0 0.0826111 0.533333 0.0937161 0.261333 2.04406e-05
0 0.511105 0.728667 0.0579632 0.129333 2.04555e-05
0 0.830986 0.287333 0.0747562 0.284 2.04733e-05
0 0.558776 0.590667 0.0590466 0.133333 2.06184e-05
0 0.75325 0 0.0514626 0 2.0632e-05
0 0.143012 0.068 0.102925 0.136 2.06575e-05
0 0.125677 0.0153333 0.0801734 0.0306667 2.06713e-05
0 0.591008 0.318 0.056338 0.129333 2.06855e-05
0 0.973727 0.436 0.0200433 0.0986667 2.07213e-05
0 0.423619 0.002 0.0975081 0.004 2.07297e-05
0 0.330986 0.812667 0.130011 0.374667 2.07357e-05
0 0.596966 0.698667 0.0238353 0.0613333 2.08197e-05
0 0.657096 0.084 0.0812568 0.168 2.08331e-05
0 0.365655 0 0.0552546 0 2.08598e-05
0 0.790628 0.03 0.105634 0.06 2.09681e-05
0 0.560943 0.00933333 0.0861322 0.0186667 2.09913e-05
0 0.536295 0.297333 0.0465872 0.114667 2.10374e-05
0 0.210455 0.971333 0.0850488 0.0573333 2.11112e-05
0 0.622427 0.984667 0.0346696 0.0226667 2.11113e-05
0 0.515168 0.954667 0.0725894 0.0906667 2.11303e-05
0 0.0197725 0.857333 0.0189599 0.250667 2.11332e-05
0 0.949079 0.144 0.028169 0.048 2.11381e-05
0 0.72779 0.224 0.0449621 0.112 2.11626e-05
0 0.643554 0.0473333 0.0790899 0.0946667 2.12393e-05
0 0.531419 0.928667 0.0747562 0.142667 2.12881e-05
0 0.738353 0.164 0.0606717 0.114667 2.13512e-05
0 0.423348 0.988 0.0547129 0.024 2.14053e-05
0 0.319339 0.00266667 0.0536295 0.00533333 2.1433e-05
0 0.247021 0.0286667 0.0411701 0.0573333 2.15087e-05
0 0.989437 0.658667 0.0102925 0.133333 2.15339e-05
0 0.729686 0.542 0.0585049 0.302667 2.16407e-05
0 0.983749 0.962 0.0325027 0.076 2.16703e-05
0 0.0195016 0.394 0.0390032 0.126667 2.172e-05
0 0.0384615 0.193333 0.0758397 0.224 2.17742e-05
0 0.782232 0.348 0.0682557 0.133333 2.18627e-05
0 0.567443 0.00133333 0.0514626 0.00266667 2.18986e-05
0 0.560943 0.709333 0.0536295 0.112 2.19051e-05
0 0.867822 0.297333 0.162514 0.594667 2.1948e-05
0 0.154388 0 0.056338 0 2.19638e-05
0 0.848592 0.0106667 0.0709642 0.0213333 2.1966e-05
0 0.408451 0.953333 0.0292524 0.072 2.19952e-05
0 0.231311 0.646 0.0411701 0.129333 2.20123e-05
0 0.172264 0.618667 0.0953413 0.170667 2.21203e-05
0 0.735374 0.698 0.0536295 0.342667 2.22152e-05
0 0.242145 0.553333 0.0498375 0.138667 2.23826e-05
0 0.816901 0.126667 0.0747562 0.165333 2.24407e-05
0 0.531961 0.584 0.0574215 0.125333 2.248e-05
0 0.917931 0.200667 0.0687974 0.268 2.2503e-05
0 0.0850488 0.929333 0.106176 0.141333 2.2537e-05
0 0.677681 0.152667 0.130011 0.305333 2.254e-05
0 0.954225 0.00133333 0.0492958 0.00266667 2.25425e-05
0 0.363489 0.882 0.0249187 0.0866667 2.25568e-05
0 0.600488 0.968667 0.0406284 0.028 2.26725e-05
0 0.874323 0.0133333 0.035753 0.0266667 2.27368e-05
0 0.397887 0.983333 0.031961 0.0333333 2.27931e-05
0 0.360509 0.00466667 0.0926327 0.00933333 2.28649e-05
0 0.482124 0.714667 0.0660888 0.130667 2.29273e-05
0 0.299837 0.884667 0.0655471 0.225333 2.29361e-05
0 0.751083 0.762 0.132719 0.476 2.29526e-05
0 0.0208559 0.39 0.0232936 0.278667 2.30761e-05
0 0.493499 0.503333 0.0216685 0.105333 2.31283e-05
0 0.64572 0.529333 0.0346696 0.28 2.32611e-05
0 0.674702 0.98 0.0189599 0.04 2.32922e-05
0 0.505417 0.00666667 0.0530878 0.0133333 2.33334e-05
0 0.485103 0.64 0.0612134 0.146667 2.33647e-05
0 0.755417 0.292 0.0579632 0.125333 2.33894e-05
0 0.0511918 0.00133333 0.0557963 0.00266667 2.3407e-05
0 0.115926 0.996667 0.0487541 0.00666667 2.34398e-05
0 0.290358 0.862 0.0411701 0.105333 2.34615e-05
0 0.933369 0.196667 0.0216685 0.0866667 2.35569e-05
0 0.487541 0.850667 0.0736728 0.136 2.36014e-05
0 0.190683 0.0633333 0.0823402 0.126667 2.37264e-05
0 0.748104 0.777333 0.0855905 0.205333 2.37318e-05
0 0.596966 0.988667 0.056338 0.0226667 2.38278e-05
0 0.206121 0.596 0.115385 0.256 2.38576e-05
0 0.486999 0.788 0.0671723 0.12 2.38881e-05
0 0.945016 0.997333 0.0514626 0.00533333 2.3928e-05
0 0.770043 0.395333 0.0189599 0.06 2.39385e-05
0 0.46533 0.0373333 0.102925 0.0746667 2.39515e-05
0 0.0392741 0.204667 0.0785482 0.409333 2.39798e-05
0 0.109967 0.834667 0.145179 0.330667 2.40982e-05
0 0.768147 0.0106667 0.0390032 0.0213333 2.44187e-05
0 0.0181473 0.918667 0.0362947 0.162667 2.44257e-05
0 0.410888 0.922667 0.0709642 0.154667 2.46424e-05
0 0.780878 0.424 0.0449621 0.12 2.48211e-05
0 0.498646 0.977333 0.0406284 0.0373333 2.49385e-05
0 0.446912 0.340667 0.0292524 0.0653333 2.50077e-05
0 0.578819 0.673333 0.0482123 0.104 2.50733e-05
0 0.0124594 0.935333 0.0249187 0.129333 2.51377e-05
0 0.245125 0.974667 0.0287107 0.0426667 2.51992e-05
0 0.691495 0.724667 0.0503792 0.137333 2.52276e-05
0 0.520585 0.465333 0.0465872 0.272 2.52421e-05
0 0.42714 0.528667 0.0352113 0.113333 2.53748e-05
0 0.0419827 0.973333 0.0839653 0.0533333 2.54147e-05
0 0.659534 0.713333 0.06013 0.12 2.5438e-05
0 0.340737 0.77 0.028169 0.116 2.54619e-05
0 0.5539 0.972 0.0709642 0.056 2.55048e-05
0 0.42714 0 0.0547129 0 2.56585e-05
0 0.563651 0.0253333 0.100217 0.0506667 2.58237e-05
0 0.476436 0.832 0.120802 0.336 2.59173e-05
0 0.295233 0.0573333 0.0942579 0.072 2.59398e-05
0 0.53792 0.406667 0.0260022 0.0773333 2.59804e-05
0 0.339924 0 0.0557963 0 2.59944e-05
0 0.836403 0.976 0.0725894 0.048 2.60484e-05
0 0.586132 0.973333 0.0520043 0.032 2.60576e-05
0 0.980498 0.838667 0.0390032 0.322667 2.61014e-05
0 0.842091 0.0193333 0.0384615 0.036 2.61101e-05
0 0.519231 0.806667 0.174973 0.386667 2.613e-05
0 0.210726 0.968 0.0628386 0.064 2.61579e-05
0 0.463434 0.297333 0.0731311 0.130667 2.62139e-05
0 0.564464 0.642 0.0693391 0.156 2.62469e-05
0 0.409534 0.324667 0.223185 0.649333 2.63659e-05
0 0.420098 0.834667 0.06013 0.117333 2.63938e-05
0 0.188245 0.985333 0.0817985 0.0293333 2.6478e-05
0 0.90493 0.002 0.0460455 0.004 2.64974e-05
0 0.00595883 0.758 0.0119177 0.145333 2.65459e-05
0 0.517064 0.792 0.0796316 0.178667 2.66222e-05
0 0.83234 0.05 0.0341278 0.068 2.67903e-05
0 0.970206 0.466 0.0595883 0.204 2.68089e-05
0 0.514897 0.032 0.105634 0.064 2.68517e-05
0 0.855905 0.00533333 0.0498375 0.0106667 2.69267e-05
0 0.790628 0.0213333 0.0384615 0.0426667 2.70054e-05
0 0.830173 0.930667 0.0232936 0.0373333 2.7014e-05
0 0.296316 0.985333 0.0335861 0.0293333 2.70744e-05
0 0.654117 0 0.052546 0 2.71444e-05
0 0.934724 0.946 0.0330444 0.0893333 2.7222e-05
0 0.335049 0.990667 0.0427952 0.0186667 2.72789e-05
0 0.502438 0.228 0.0384615 0.128 2.73323e-05
0 0.43662 0.506 0.0660888 0.161333 2.74777e-05
0 0.833694 0.0293333 0.0390032 0.048 2.75801e-05
0 0.527898 0.342 0.0417118 0.126667 2.76219e-05
0 0.0571506 0.584 0.114301 0.365333 2.76786e-05
0 0.607801 0.674667 0.0487541 0.106667 2.79278e-05
0 0.729144 0 0.0520043 0 2.80378e-05
0 0.536024 0.718 0.0687974 0.124 2.82856e-05
0 0.336945 0.798 0.0314193 0.0733333 2.843e-05
0 0.492687 0.366667 0.0687974 0.144 2.84659e-05
0 0.0316901 0.561333 0.0449621 0.282667 2.85204e-05
0 0.979144 0.440667 0.0232936 0.0653333 2.8584e-05
0 0.796045 0.23 0.0449621 0.0813333 2.86105e-05
0 0.399242 0.990667 0.0628386 0.0186667 2.87411e-05
0 0.376219 0.623333 0.0352113 0.0973333 2.88787e-05
0 0.939328 0.072 0.0780065 0.144 2.90005e-05
0 0.760834 0.201333 0.0514626 0.08 2.90197e-05
0 0.820423 0.357333 0.0622969 0.114667 2.90702e-05
0 0.362134 0.991333 0.0622969 0.0173333 2.91513e-05
0 0.768689 0.242667 0.0769231 0.16 2.92658e-05
0 0.96533 0.969333 0.0693391 0.0613333 2.92718e-05
0 0.811213 0.0326667 0.06013 0.0653333 2.94921e-05
0 0.814735 0.409333 0.0790899 0.229333 2.95389e-05
0 0.244041 0.948 0.0276273 0.0826667 2.95885e-05
0 0.862134 0.0273333 0.0893824 0.0546667 2.96595e-05
0 0.986457 0.88 0.0270856 0.189333 2.96964e-05
0 0.917118 0.144 0.0303359 0.0426667 2.97511e-05
0 0.785211 0.272 0.0666305 0.128 2.97805e-05
0 0.121073 0.674667 0.113218 0.218667 2.98042e-05
0 0.336403 0.991333 0.0628386 0.0173333 2.98341e-05
0 0.921993 0.195333 0.0650054 0.129333 2.98608e-05
0 0.0200433 0.264667 0.0400867 0.14 2.98861e-05
0 0.820964 0.898 0.152221 0.185333 3.01294e-05
0 0.447996 0.635333 0.0422535 0.124 3.01822e-05
0 0.821777 0.0246667 0.0834236 0.0493333 3.01887e-05
0 0.864301 0.0373333 0.0384615 0.0746667 3.04661e-05
0 0.417118 0.0393333 0.0498375 0.0466667 3.05073e-05
0 0.513543 0.615333 0.0704225 0.174667 3.0844e-05
0 0.233478 0.974667 0.0314193 0.04 3.10695e-05
0 0.23402 0.924667 0.028169 0.121333 3.10976e-05
0 0.632178 0.668 0.0552546 0.112 3.1116e-05
0 0.830715 0.00666667 0.0482123 0.0133333 3.11437e-05
0 0.695558 0.646667 0.0650054 0.133333 3.11716e-05
0 0.258397 0.896667 0.0758397 0.196 3.14948e-05
0 0.984561 0.08 0.0189599 0.0826667 3.1707e-05
0 0.665764 0.189333 0.0216685 0.0666667 3.17752e-05
0 0.597508 0.982 0.0227519 0.0173333 3.17959e-05
0 0.332069 0.006 0.0541712 0.012 3.18107e-05
0 0.433911 0.0473333 0.0812568 0.052 3.19388e-05
0 0.712893 0.532667 0.0455038 0.137333 3.21381e-05
0 0.9526 0.328 0.0579632 0.28 3.21731e-05
0 0.99052 0.278667 0.0167931 0.0746667 3.22133e-05
0 0.0102925 0.0186667 0.020585 0.0373333 3.23389e-05
0 0.673619 0.326 0.118635 0.156 3.24476e-05
0 0.559047 0.036 0.0942579 0.072 3.2461e-05
0 0.0265439 0.0366667 0.0530878 0.0733333 3.24762e-05
0 0.322048 0.788 0.052546 0.144 3.25179e-05
0 0.917118 0.0226667 0.0975081 0.0453333 3.26097e-05
0 0.0216685 0.266667 0.0238353 0.266667 3.26306e-05
0 0.725894 0.996 0.0725894 0.008 3.27421e-05
0 0.404117 0.01 0.0530878 0.02 3.28176e-05
0 0.767335 0.514667 0.0720477 0.173333 3.30402e-05
0 0.300379 0.89 0.0557963 0.113333 3.30729e-05
0 0.557151 0.484667 0.067714 0.158667 3.30928e-05
0 0.47454 0.987333 0.0628386 0.0253333 3.33151e-05
0 0.455309 0.592 0.102384 0.413333 3.33245e-05
0 0.989166 0.557333 0.00866739 0.122667 3.34487e-05
0 0.679307 0 0.0520043 0 3.35292e-05
0 0.0398158 0.998667 0.0547129 0.00266667 3.35638e-05
0 0.261647 0.993333 0.0585049 0.0133333 3.35676e-05
0 0.966414 0.0166667 0.0411701 0.0333333 3.36175e-05
0 0.98429 0.529333 0.0314193 0.290667 3.39136e-05
0 0.279523 0.0613333 0.0975081 0.122667 3.40509e-05
0 0.76896 0.993333 0.0384615 0.0133333 3.41173e-05
0 0.804984 1 0.0325027 0 3.41358e-05
0 0.67714 0.940667 0.0184182 0.116 3.42581e-05
0 0.843445 0.359333 0.0173348 0.0413333 3.42827e-05
0 0.235103 0.956667 0.0509209 0.0866667 3.44646e-05
0 0.0547129 0.278 0.109426 0.556 3.45979e-05
0 0.0988624 0.0293333 0.120802 0.0586667 3.46352e-05
0 0.987541 0.506667 0.0249187 0.154667 3.4658e-05
0 0.82611 1 0.0660888 0 3.48022e-05
0 0.390033 0.688667 0.0270856 0.0973333 3.48075e-05
0 0.0980498 0.0193333 0.0823402 0.0386667 3.48279e-05
0 0.767877 0.389333 0.0774648 0.173333 3.4856e-05
0 0.0325027 0.41 0.0476706 0.273333 3.51407e-05
0 0.0476706 0.272 0.0790899 0.28 3.51653e-05
0 0.875135 0.00866667 0.0417118 0.0173333 3.52096e-05
0 0.0392741 0.740667 0.0785482 0.518667 3.54408e-05
0 0.328277 0.987333 0.0216685 0.0226667 3.55311e-05
0 0.0297941 0.952667 0.0595883 0.0946667 3.55472e-05
0 0.467768 0.777333 0.0720477 0.16 3.56767e-05
0 0.81961 0.0233333 0.0368364 0.044 3.57578e-05
0 0.615655 0.581333 0.06013 0.109333 3.58057e-05
0 0.937161 0.804667 0.125677 0.390667 3.59123e-05
0 0.916847 0 0.0492958 0 3.60479e-05
0 0.331257 0.959333 0.0633803 0.0813333 3.61707e-05
0 0.98402 0.456667 0.0146262 0.028 3.62143e-05
0 0.0195016 0.540667 0.0216685 0.286667 3.62859e-05
0 0.748375 0.956667 0.0926327 0.0866667 3.66826e-05
0 0.292254 0.886 0.0265439 0.068 3.69494e-05
0 0.654117 0.385333 0.0752979 0.277333 3.70851e-05
0 0.599946 0.225333 0.0850488 0.192 3.71581e-05
0 0.00622969 0.669333 0.0124594 0.138667 3.738e-05
0 0.365655 0.947333 0.0682557 0.105333 3.74659e-05
0 0.485103 0.028 0.0915493 0.056 3.75485e-05
0 0.710184 0.00933333 0.0725894 0.0186667 3.76899e-05
0 0.0197725 0.200667 0.039545 0.148 3.79845e-05
0 0.32286 0.724 0.0682557 0.274667 3.80363e-05
0 0.429577 0.9 0.0476706 0.133333 3.83392e-05
0 0.806067 0.225333 0.0119177 0.024 3.84686e-05
0 0.680119 0.228 0.0687974 0.128 3.8568e-05
0 0.711538 0.0953333 0.0211268 0.0706667 3.86361e-05
0 0.816631 0.416667 0.06013 0.129333 3.87024e-05
0 0.503521 0 0.0536295 0 3.87688e-05
0 0.335861 0.677333 0.140845 0.453333 3.88205e-05
0 0.365655 0.709333 0.0660888 0.178667 3.89129e-05
0 0.46506 0 0.0547129 0 3.89245e-05
0 0.799837 0.22 0.0189599 0.056 3.8963e-05
0 0.425244 1 0.0606717 0 3.90132e-05
0 0.558234 0.824667 0.144637 0.350667 3.90266e-05
0 0.166035 0.991333 0.0482123 0.0173333 3.91505e-05
0 0.0154388 0.944 0.0276273 0.0933333 3.92341e-05
0 0.836674 0.0293333 0.0687974 0.0586667 3.92688e-05
0 0.0585049 0.95 0.102925 0.1 3.96269e-05
0 0.940412 0 0.0541712 0 3.96281e-05
0 0.257584 0.964667 0.0633803 0.0706667 3.97042e-05
0 0.288732 0.0306667 0.122427 0.0613333 4.00125e-05
0 0.678494 0.074 0.0687974 0.148 4.00483e-05
0 0.911159 0.028 0.0704225 0.056 4.02114e-05
0 0.763272 0.0106667 0.0725894 0.0213333 4.02117e-05
0 0.672264 0.627333 0.0725894 0.164 4.0267e-05
0 0.713705 0.718667 0.06013 0.144 4.03296e-05
0 0.30688 0.970667 0.0590466 0.0586667 4.03621e-05
0 0.719393 0.984 0.0476706 0.032 4.04956e-05
0 0.638678 0.886 0.0910076 0.212 4.07046e-05
0 0.634886 0.483333 0.0671723 0.166667 4.07215e-05
0 0.841278 0.361333 0.0184182 0.0213333 4.07331e-05
0 0.356988 0.996 0.0433369 0.008 4.08165e-05
0 0.584778 0.981333 0.039545 0.0213333 4.10165e-05
0 0.632178 0.828 0.130011 0.344 4.11099e-05
0 0.96208 0.0266667 0.0758397 0.0533333 4.1125e-05
0 0.586674 0.991333 0.0736728 0.0173333 4.11335e-05
0 0.686078 0.00333333 0.0557963 0.00666667 4.12608e-05
0 0.00541712 0.817333 0.0108342 0.144 4.1418e-05
0 0.394095 0.994667 0.0427952 0.0106667 4.14802e-05
0 0.803629 0 0.0536295 0 4.14919e-05
0 0.450704 1 0.0574215 0 4.15723e-05
0 0.329632 0.994 0.0352113 0.012 4.17708e-05
0 0.743499 0.985333 0.0460455 0.024 4.19813e-05
0 0.591008 1 0.0455038 0 4.21195e-05
0 0.776544 0.188 0.052546 0.088 4.2165e-05
0 0.75948 0.0186667 0.0390032 0.0373333 4.22995e-05
0 0.588299 1 0.0747562 0 4.23161e-05
0 0.929848 1 0.0557963 0 4.23972e-05
0 0.33559 0.806667 0.0167931 0.0693333 4.24825e-05
0 0.469935 0.992 0.0438787 0.016 4.25589e-05
0 0.209642 0.493333 0.0758397 0.205333 4.26143e-05
0 0.716956 0.949333 0.0763814 0.101333 4.28828e-05
0 0.442037 0.0226667 0.0465872 0.0453333 4.30186e-05
0 0.192579 0 0.0557963 0 4.30415e-05
0 0.988895 0.371333 0.0222102 0.129333 4.31724e-05
0 0.764626 0.036 0.0796316 0.072 4.32207e-05
0 0.494583 0.254 0.092091 0.228 4.3294e-05
0 0.979415 0.00133333 0.0368364 0.00266667 4.33686e-05
0 0.526544 0.996 0.0736728 0.008 4.34764e-05
0 0.052546 0.402667 0.105092 0.229333 4.34846e-05
0 0.0124594 0.002 0.0249187 0.004 4.35642e-05
0 0.622156 0.539333 0.0547129 0.102667 4.37033e-05
0 0.324215 1 0.0590466 0 4.38907e-05
0 0.791712 1 0.0352113 0 4.42402e-05
0 0.989707 0.31 0.020585 0.0733333 4.42486e-05
0 0.507313 0.429333 0.0514626 0.176 4.43584e-05
0 0.454496 0.958667 0.0595883 0.0826667 4.44572e-05
0 0.805255 0.965333 0.0362947 0.0693333 4.46045e-05
0 0.0861322 0.418 0.163597 0.329333 4.49213e-05
0 0.308505 0.992 0.0709642 0.016 4.52214e-05
0 0.733749 0.552 0.0579632 0.136 4.52753e-05
0 0.628927 0 0.0530878 0 4.54678e-05
0 0.988895 0.452 0.0124594 0.032 4.59265e-05
0 0.968581 0.396667 0.0390032 0.14 4.61339e-05
0 0.753792 1 0.0449621 0 4.62445e-05
0 0.744583 0.664667 0.0330444 0.102667 4.64206e-05
0 0.406284 0.992667 0.0411701 0.0146667 4.65359e-05
0 0.738895 0.692667 0.0487541 0.132 4.66504e-05
0 0.617551 0.634667 0.0682557 0.149333 4.68455e-05
0 0.00785482 0.361333 0.0157096 0.149333 4.68995e-05
0 0.437703 0.624 0.020585 0.0506667 4.70967e-05
0 0.409805 0.982667 0.0330444 0.032 4.7172e-05
0 0.743229 0.876667 0.106176 0.246667 4.72683e-05
0 0.280336 0.795333 0.0828819 0.228 4.73835e-05
0 0.48727 0.256667 0.125135 0.46 4.74166e-05
0 0.786566 0.996667 0.0693391 0.00666667 4.75729e-05
0 0.61403 0.993333 0.088299 0.0133333 4.75822e-05
0 0.783315 0.03 0.0595883 0.044 4.76503e-05
0 0.0092091 0.709333 0.0151679 0.269333 4.77538e-05
0 0.0528169 0.108 0.105634 0.216 4.77939e-05
0 0.855092 1 0.0471289 0 4.78137e-05
0 0.12649 0 0.0547129 0 4.79515e-05
0 0.6961 0.357333 0.0509209 0.152 4.8147e-05
0 0.758938 0.985333 0.0520043 0.0293333 4.81578e-05
0 0.0888407 1 0.0530878 0 4.81723e-05
0 0.991333 0.959333 0.0173348 0.0813333 4.82699e-05
0 0.903034 1 0.056338 0 4.83556e-05
0 0.0297941 0.168667 0.0379198 0.26 4.83833e-05
0 0.718581 1 0.0460455 0 4.846e-05
0 0.679036 0.315333 0.0579632 0.148 4.8664e-05
0 0.260022 0.91 0.0498375 0.116 4.87982e-05
0 0.257584 0.004 0.0536295 0.008 4.88156e-05
0 0.542253 1 0.0444204 0 4.90981e-05
0 0.607259 0.978 0.0303359 0.036 4.91134e-05
0 0.470748 0.979333 0.0368364 0.0333333 4.97136e-05
0 0.491062 0.957333 0.0774648 0.0853333 4.97856e-05
0 0.991333 0.538 0.0173348 0.145333 4.99036e-05
0 0.650054 0.184667 0.0216685 0.118667 4.99458e-05
0 0.366739 0.504 0.238353 0.765333 5.00255e-05
0 0.579361 0.993333 0.0482123 0.0133333 5.00494e-05
0 0.223998 0.994 0.0709642 0.012 5.03936e-05
0 0.0308776 0.837333 0.0617551 0.325333 5.04078e-05
0 0.983478 0.405333 0.0330444 0.248 5.10702e-05
0 0.0503792 1 0.0541712 0 5.10998e-05
0 0.481582 0.04 0.0433369 0.0586667 5.1183e-05
0 0.410076 0.986667 0.063922 0.0266667 5.15343e-05
0 0.382178 0.996667 0.0438787 0.00666667 5.16231e-05
0 0.350488 0.0606667 0.100758 0.121333 5.16355e-05
0 0.475894 1 0.0633803 0 5.17799e-05
0 0.00839653 0.963333 0.0102925 0.0733333 5.20234e-05
0 0.510834 0.02 0.0931744 0.04 5.21051e-05
0 0.817985 1 0.0390032 0 5.21636e-05
0 0.728602 0.604 0.0216685 0.0533333 5.22018e-05
0 0.0869447 0 0.0536295 0 5.22722e-05
0 0.619447 0.994 0.0460455 0.012 5.23821e-05
0 0.803088 0.233333 0.0200433 0.0373333 5.25042e-05
0 0.463164 0.985333 0.063922 0.0293333 5.25339e-05
0 0.285482 0.0293333 0.0855905 0.0506667 5.25419e-05
0 0.457746 0.981333 0.0292524 0.0346667 5.28686e-05
0 0.528982 0 0.0536295 0 5.32306e-05
0 0.028169 0.657333 0.056338 0.469333 5.35725e-05
0 0.161972 0.488 0.115926 0.229333 5.35727e-05
0 0.431473 0.96 0.0449621 0.08 5.37202e-05
0 0.331798 0.74 0.0287107 0.149333 5.40441e-05
0 0.315547 0 0.0557963 0 5.41679e-05
0 0.437432 0.988667 0.0698808 0.0226667 5.42325e-05
0 0.984832 0.908667 0.0303359 0.182667 5.4529e-05
0 0.638678 0.00333333 0.0682557 0.00666667 5.45413e-05
0 0.140033 0.993333 0.0503792 0.0133333 5.47698e-05
0 0.66468 0.37 0.056338 0.145333 5.48156e-05
0 0.443662 0.99 0.0335861 0.02 5.48506e-05
0 0.520314 0.462667 0.0438787 0.117333 5.48968e-05
0 0.760834 0.132667 0.0720477 0.134667 5.52517e-05
0 0.00975081 0.0413333 0.0184182 0.0826667 5.54331e-05
0 0.280065 0.004 0.056338 0.008 5.55041e-05
0 0.090195 0.0613333 0.126219 0.122667 5.5776e-05
0 0.430932 0.989333 0.0362947 0.0213333 5.60288e-05
0 0.230769 0.996 0.0433369 0.008 5.62782e-05
0 0.981311 0.211333 0.0373781 0.284 5.64285e-05
0 0.495937 0.993333 0.0449621 0.0133333 5.689e-05
0 0.787378 0.986 0.0373781 0.028 5.72092e-05
0 0.220477 0.672 0.0465872 0.122667 5.74029e-05
0 0.32909 1 0.0362947 0 5.74292e-05
0 0.981311 0.446667 0.0113759 0.0533333 5.79815e-05
0 0.828548 0 0.0536295 0 5.82049e-05
0 0.441766 1 0.0362947 0 5.8308e-05
0 0.40818 0.452 0.0460455 0.096 5.86872e-05
0 0.964247 0.886 0.0693391 0.228 5.87511e-05
0 0.270043 0.997333 0.0460455 0.00533333 5.88098e-05
0 0.276544 0.777333 0.119718 0.44 5.88998e-05
0 0.315005 1 0.0362947 0 5.91282e-05
0 0.333965 0.857333 0.0807151 0.154667 5.92892e-05
0 0.87351 0.533333 0.252979 0.666667 5.93122e-05
0 0.50948 0.894667 0.0384615 0.109333 5.9491e-05
0 0.736999 0.006 0.0796316 0.012 5.98889e-05
0 0.190412 0.990667 0.0471289 0.0186667 6.01244e-05
0 0.617551 1 0.0444204 0 6.03667e-05
0 0.943662 0.135333 0.0660888 0.134667 6.0403e-05
0 0.286836 0.994667 0.0633803 0.0106667 6.06208e-05
0 0.744041 0.656 0.0232936 0.0533333 6.06232e-05
0 0.524919 0.188 0.056338 0.149333 6.0693e-05
0 0.151408 0 0.0557963 0 6.08273e-05
0 0.146533 0.836667 0.095883 0.241333 6.13252e-05
0 0.508126 0.99 0.0465872 0.02 6.15251e-05
0 0.403575 1 0.0400867 0 6.15754e-05
0 0.00758397 0.234667 0.0151679 0.152 6.15883e-05
0 0.874865 0.02 0.0238353 0.032 6.16678e-05
0 0.808505 0.225333 0.024377 0.032 6.17097e-05
0 0.98727 0.645333 0.0211268 0.146667 6.17805e-05
0 0.381907 0.849333 0.122427 0.301333 6.18004e-05
0 0.765168 0.981333 0.0904659 0.0373333 6.18503e-05
0 0.56636 1 0.0471289 0 6.18594e-05
0 0.00595883 0.88 0.00866739 0.141333 6.21072e-05
0 0.232124 0.580667 0.0438787 0.113333 6.22145e-05
0 0.83234 0.754667 0.229144 0.490667 6.24716e-05
0 0.412784 0.954 0.063922 0.092 6.26891e-05
0 0.77844 1 0.0400867 0 6.28019e-05
0 0.489437 0.018 0.0807151 0.036 6.32247e-05
0 0.98402 0.445333 0.0265439 0.024 6.36632e-05
0 0.363489 1 0.0617551 0 6.37178e-05
0 0.692037 0.976 0.067714 0.048 6.39727e-05
0 0.979686 0.00533333 0.0406284 0.0106667 6.4114e-05
0 0.982665 0.02 0.0303359 0.04 6.41597e-05
0 0.116739 0.236667 0.192308 0.473333 6.42683e-05
0 0.892199 0.012 0.0346696 0.024 6.43091e-05
0 0.6013 0.281333 0.0379198 0.0933333 6.4578e-05
0 0.578548 0 0.0530878 0 6.47579e-05
0 0.492416 0.118 0.100758 0.177333 6.47894e-05
0 0.00758397 0.294667 0.0151679 0.152 6.50245e-05
0 0.557421 0.898667 0.0910076 0.170667 6.52616e-05
0 0.423619 0.538667 0.099675 0.429333 6.59354e-05
0 0.00812568 0.142667 0.0151679 0.146667 6.67631e-05
0 0.693933 1 0.0433369 0 6.69019e-05
0 0.638678 1 0.0725894 0 6.69075e-05
0 0.467768 1 0.0406284 0 6.72673e-05
0 0.87974 1 0.0541712 0 6.73188e-05
0 0.00758397 0.423333 0.0151679 0.145333 6.73235e-05
0 0.058234 0.879333 0.114301 0.241333 6.78013e-05
0 0.111051 0.738 0.216685 0.524 6.79879e-05
0 0.72156 0.615333 0.035753 0.284 6.80427e-05
0 0.422264 0.980667 0.0330444 0.0333333 6.80573e-05
0 0.75325 0.97 0.0384615 0.0546667 6.81755e-05
0 0.66441 0.988 0.0742145 0.024 6.86286e-05
0 0.588841 0.006 0.0725894 0.012 6.88474e-05
0 0.375948 0.144667 0.171181 0.289333 6.94216e-05
0 0.695558 0.321333 0.100758 0.389333 6.97374e-05
0 0.603738 0 0.052546 0 6.97938e-05
0 0.644908 0.522 0.0352113 0.0973333 6.99942e-05
0 0.299837 1 0.0655471 0 7.02549e-05
0 0.612134 0.991333 0.0585049 0.0173333 7.0557e-05
0 0.669827 0.16 0.0568797 0.154667 7.08912e-05
0 0.00650054 0.604 0.0130011 0.141333 7.13937e-05
0 0.569068 0.978667 0.0438787 0.0293333 7.14339e-05
0 0.853467 0 0.0536295 0 7.17704e-05
0 0.986186 0 0.0276273 0 7.21144e-05
0 0.00758397 0.483333 0.0151679 0.145333 7.277e-05
0 0.981853 0.932 0.0352113 0.136 7.31852e-05
0 0.390033 0.683333 0.0487541 0.14 7.33307e-05
0 0.746208 0.623333 0.0612134 0.134667 7.33867e-05
0 0.91468 0 0.0536295 0 7.34294e-05
0 0.501896 0.494 0.0449621 0.118667 7.37224e-05
0 0.293608 0.996667 0.0455038 0.00666667 7.44548e-05
0 0.979686 0.986 0.0406284 0.028 7.49747e-05
0 0.249729 0.0113333 0.0834236 0.0226667 7.54954e-05
0 0.985103 0.214 0.0297941 0.14 7.56505e-05
0 0.310943 0.991333 0.0487541 0.0173333 7.58627e-05
0 0.674431 0.987333 0.0509209 0.0253333 7.58693e-05
0 0.58857 0.265333 0.0492958 0.128 7.60799e-05
0 0.514897 0.962 0.0644637 0.076 7.63801e-05
0 0.320423 0.981333 0.0287107 0.0346667 7.6976e-05
0 0.615655 0.259333 0.113218 0.372 7.7128e-05
0 0.492416 0.0266667 0.0476706 0.04 7.73408e-05
0 0.517335 0.898 0.0780065 0.164 7.74505e-05
0 0.302275 1 0.0411701 0 7.75871e-05
0 0.644637 0.527333 0.00975081 0.0226667 7.83972e-05
0 0.553629 0 0.0530878 0 7.84192e-05
0 0.661972 0 0.0747562 0 7.87694e-05
0 0.939328 0.028 0.071506 0.056 7.94481e-05
0 0.517877 1 0.0444204 0 8.03973e-05
0 0.649242 0.99 0.0644637 0.02 8.04448e-05
0 0.98429 0.413333 0.0303359 0.122667 8.10149e-05
0 0.954496 1 0.0541712 0 8.14819e-05
0 0.875406 0.0106667 0.0195016 0.0213333 8.1544e-05
0 0.686891 0.969333 0.028169 0.0533333 8.16432e-05
0 0.539816 0.01 0.0807151 0.02 8.17434e-05
0 0.769231 0.185333 0.0379198 0.0506667 8.26841e-05
0 0.397887 0.724667 0.0622969 0.156 8.27739e-05
0 0.675515 0.999333 0.071506 0.00133333 8.29088e-05
0 0.478061 0.896 0.0742145 0.149333 8.31583e-05
0 0.43364 0.954 0.0276273 0.0626667 8.35473e-05
0 0.657909 0.995333 0.0438787 0.00933333 8.4187e-05
0 0.115114 1 0.052546 0 8.43208e-05
0 0.55688 0.990667 0.0455038 0.0186667 8.44233e-05
0 0.605363 0.985333 0.0254605 0.016 8.49915e-05
0 0.989707 0.442 0.020585 0.0226667 8.527e-05
0 0.0186891 0.984667 0.0373781 0.0306667 8.57412e-05
0 0.06961 0.00866667 0.0774648 0.0173333 8.58946e-05
0 0.254875 1 0.0427952 0 8.60326e-05
0 0.130823 0.993333 0.067714 0.0133333 8.61453e-05
0 0.355092 1 0.0417118 0 8.65977e-05
0 0.964247 0 0.0530878 0 8.73329e-05
0 0.988895 0.217333 0.0135428 0.104 8.74044e-05
0 0.134615 0.488 0.211809 0.304 8.77635e-05
0 0.562026 0.987333 0.0828819 0.0253333 8.80506e-05
0 0.324485 0.03 0.0953413 0.0573333 8.88073e-05
0 0.606446 0.992667 0.0417118 0.0146667 8.94809e-05
0 0.218039 0 0.0547129 0 8.94917e-05
0 0.386241 0.994 0.0780065 0.012 8.96876e-05
0 0.0308776 0.284 0.0595883 0.453333 9.06003e-05
0 0.969935 0.302 0.0460455 0.182667 9.09802e-05
0 0.754875 0.991333 0.0417118 0.0173333 9.18055e-05
0 0.492958 1 0.0444204 0 9.20679e-05
0 0.521939 0.948667 0.0384615 0.0653333 9.25826e-05
0 0.886782 0.006 0.0801734 0.012 9.26986e-05
0 0.0495666 0 0.0557963 0 9.2831e-05
0 0.57584 0.204667 0.0801734 0.262667 9.31204e-05
0 0.699621 0.954 0.0427952 0.084 9.31539e-05
0 0.536024 0.979333 0.0698808 0.0413333 9.32535e-05
0 0.374865 0.868667 0.0433369 0.105333 9.35272e-05
0 0.175785 0.595333 0.351571 0.809333 9.36255e-05
0 0.975352 0.346667 0.0492958 0.229333 9.37492e-05
0 0.0186891 0.998 0.0373781 0.004 9.42764e-05
0 0.877573 1 0.092091 0 9.59589e-05
0 0.0148971 1 0.0265439 0 9.66845e-05
0 0.64247 1 0.0444204 0 9.79295e-05
0 0.275731 1 0.0671723 0 9.86425e-05
0 0.279252 1 0.0449621 0 9.8659e-05
0 0.943662 0.144667 0.0509209 0.0786667 9.90333e-05
0 0.870531 0.991333 0.140845 0.0173333 9.90376e-05
0 0.860238 0.008 0.0660888 0.016 0.000100053
0 0.789545 0.00333333 0.0937161 0.00666667 0.000100458
0 0.704496 0.844 0.0503792 0.194667 0.000100991
0 0.612405 0 0.0850488 0 0.000101067
0 0.379198 1 0.0433369 0 0.000101433
0 0.77546 0.448667 0.449079 0.897333 0.000102165
0 0.0116468 0.938667 0.0146262 0.122667 0.000102268
0 0.00812568 0.542667 0.0162514 0.149333 0.000102403
0 0.330173 0.814 0.0178765 0.0386667 0.000102722
0 0.795504 0.926667 0.0384615 0.146667 0.000103128
0 0.00731311 0.822667 0.0146262 0.269333 0.000103426
0 0.173348 0.427333 0.346696 0.854667 0.000103606
0 0.0113759 0.399333 0.0151679 0.273333 0.000103856
0 0.972373 0.3 0.0260022 0.0346667 0.000103987
0 0.00975081 0.0866667 0.0195016 0.173333 0.000104353
0 0.985645 0.109333 0.0287107 0.218667 0.000105226
0 0.883261 0.0133333 0.0232936 0.0266667 0.000105611
0 0.966685 0.0266667 0.0666305 0.0533333 0.000105724
0 0.163597 0.00733333 0.101842 0.0146667 0.000107078
0 0.489978 0.989333 0.0807151 0.0213333 0.000107473
0 0.751625 0.654667 0.024377 0.0266667 0.000108075
0 0.667118 1 0.0438787 0 0.000108767
0 0.401408 0.811333 0.0931744 0.273333 0.000109027
0 0.643554 0.994 0.0465872 0.012 0.000110202
0 0.196371 0.649333 0.0839653 0.162667 0.000110214
0 0.694745 0.985333 0.0406284 0.0293333 0.000111481
0 0.286024 0.0126667 0.092091 0.0253333 0.00011167
0 0.0151679 0.462 0.0303359 0.238667 0.000111756
0 0.683369 0.988667 0.0384615 0.0226667 0.000112305
0 0.881636 0.00666667 0.0135428 0.0133333 0.000112321
0 0.959642 0.243333 0.0612134 0.113333 0.000112601
0 0.00731311 0.99 0.0146262 0.02 0.00011322
0 0.692037 0.443333 0.0666305 0.212 0.000114275
0 0.237541 1 0.067714 0 0.000115501
0 0.987541 0.0113333 0.0184182 0.0226667 0.000115731
0 0.603196 0.301333 0.0222102 0.0773333 0.000116012
0 0.531419 0.988 0.0455038 0.024 0.000116294
0 0.461538 0.03 0.0780065 0.0573333 0.000116511
0 0.463164 0.01 0.099675 0.02 0.000118472
0 0.546858 0.343333 0.088299 0.342667 0.000119022
0 0.169556 0.024 0.108342 0.048 0.000119562
0 0.21831 0.0206667 0.0888407 0.0413333 0.000119903
0 0.0102925 0.65 0.020585 0.273333 0.000120488
0 0.177681 1 0.0487541 0 0.000120564
0 0.189057 0 0.0552546 0 0.000120836
0 0.915764 0.008 0.0720477 0.016 0.000121719
0 0.240249 0 0.0547129 0 0.00012193
0 0.315005 0.02 0.0991333 0.04 0.000122668
0 0.363218 0.448 0.726436 0.896 0.000122725
0 0.482394 0.436667 0.0872156 0.345333 0.000122793
0 0.969664 0.997333 0.0487541 0.00533333 0.000123173
0 0.642199 0.526 0.0200433 0.0306667 0.000123682
0 0.669556 0.991333 0.0390032 0.0173333 0.000124254
0 0.0211268 0.012 0.0422535 0.024 0.000124377
0 0.0102925 0.236667 0.0162514 0.244 0.000124709
0 0.0268147 0.094 0.0471289 0.18 0.000124967
0 0.3448 0.570667 0.689599 0.858667 0.000125851
0 0.95558 0.317333 0.0509209 0.088 0.000126179
0 0.643554 0.354667 0.712893 0.709333 0.000126518
0 0.73429 0.886667 0.0817985 0.173333 0.000126526
0 0.156284 0.998667 0.0850488 0.00266667 0.000127111
0 0.315818 0.992667 0.035753 0.0146667 0.000127757
0 0.305255 0.994 0.0438787 0.012 0.000128045
0 0.0178765 0.792 0.035753 0.405333 0.000129046
0 0.963705 0.008 0.0595883 0.016 0.000129623
0 0.0352113 0.478667 0.0704225 0.4 0.000130931
0 0.0116468 0.777333 0.0222102 0.272 0.000131305
0 0.47779 0.428667 0.0390032 0.134667 0.000131404
0 0.26571 0.016 0.0915493 0.032 0.000131444
0 0.492687 0.5 0.985374 1 0.000132517
0 0.467497 0.0233333 0.0465872 0.0386667 0.000133557
0 0.991874 0.139333 0.0162514 0.129333 0.000135061
0 0.563109 0.668 0.596425 0.664 0.000135253
0 0.0276273 0.00866667 0.0541712 0.0173333 0.000135346
0 0.993229 0.436 0.0135428 0.0346667 0.000135765
0 0.885699 0.0113333 0.0335861 0.0146667 0.000136023
0 0.409263 0.0186667 0.102384 0.0373333 0.000136795
0 0.125948 0.00333333 0.117551 0.00666667 0.000138462
0 0.513001 0.00666667 0.100758 0.0133333 0.000138775
0 0.228602 1 0.0444204 0 0.000139071
0 0.415222 0.0473333 0.100217 0.0946667 0.000139332
0 0.156013 0.644 0.312026 0.712 0.000140935
0 0.0186891 0.227333 0.0373781 0.350667 0.000140952
0 0.44935 0.586 0.0557963 0.166667 0.000141388
0 0.0192308 0.360667 0.0384615 0.356 0.000141609
0 0.00839653 0.908667 0.0167931 0.182667 0.000142283
0 0.711538 0.0906667 0.0482123 0.181333 0.000144403
0 0.230498 0.518667 0.0622969 0.202667 0.000144622
0 0.277898 0 0.056338 0 0.000145827
0 0.0593174 0.00933333 0.0947996 0.0186667 0.000147825
0 0.417118 0.586 0.0541712 0.182667 0.000151013
0 0.44312 0.979333 0.0216685 0.0333333 0.000151302
0 0.486728 0.489333 0.0460455 0.336 0.000152886
0 0.00704225 0.939333 0.00975081 0.118667 0.000153737
0 0.732394 0.644667 0.0292524 0.0786667 0.000153852
0 0.513543 0.985333 0.071506 0.0293333 0.000153884
0 0.697183 0.927333 0.0606717 0.145333 0.000154188
0 0.0146262 0.151333 0.028169 0.222667 0.000154923
0 0.989707 0.082 0.020585 0.142667 0.000154977
0 0.988624 0.943333 0.0162514 0.113333 0.000156752
0 0.988624 0.0493333 0.0227519 0.0986667 0.000157127
0 0.205038 0.997333 0.0482123 0.00533333 0.000157751
0 0.0211268 0.036 0.0422535 0.072 0.000159452
0 0.140033 1 0.0514626 0 0.000160877
0 0.749458 0.664667 0.0178765 0.036 0.000161881
0 0.988895 0.180667 0.0102925 0.1 0.000161928
0 0.97779 0.346667 0.0411701 0.133333 0.000163177
0 0.154388 0.502667 0.267606 0.674667 0.000165555
0 0.380823 0.0133333 0.0552546 0.0266667 0.000171278
0 0.753521 0.660667 0.0151679 0.0226667 0.000171387
0 0.739166 0.94 0.0547129 0.0853333 0.000173232
0 0.441766 0.601333 0.0276273 0.106667 0.000175262
0 0.508667 0.478 0.0270856 0.0786667 0.000175315
0 0.0853196 0.998667 0.113218 0.00266667 0.00017552
0 0.561755 0 0.0888407 0 0.000176775
0 0.633261 0.156 0.0866739 0.312 0.000177602
0 0.837757 0.93 0.0287107 0.0493333 0.000180909
0 0.838028 0.00133333 0.0834236 0.00266667 0.00018188
0 0.199892 0.00333333 0.0953413 0.00666667 0.000183345
0 0.991333 0.447333 0.00866739 0.0546667 0.000185506
0 0.879469 0.0146667 0.0167931 0.0133333 0.000188258
0 0.0186891 0.545333 0.0373781 0.349333 0.00019315
0 0.00947996 1 0.0189599 0 0.000194672
0 0.433911 0.976667 0.028169 0.0333333 0.000195523
0 0.51571 0.481333 0.0227519 0.0533333 0.000199449
0 0.0176056 0.0606667 0.0330444 0.121333 0.000199989
0 0.93987 0 0.092091 0 0.000203538
0 0.719664 0.542667 0.560672 0.914667 0.000207276
0 0.720477 0.054 0.0433369 0.105333 0.000208369
0 0.213705 0 0.0547129 0 0.000209325
0 0.987812 0.118667 0.0102925 0.101333 0.000212978
0 0.0593174 0.026 0.109967 0.052 0.00021303
0 0.0284399 1 0.0514626 0 0.000216518
0 0.659534 0.182667 0.0222102 0.109333 0.000221619
0 0.0400867 0.996667 0.0801734 0.00666667 0.000228501
0 0.207205 0.998 0.0774648 0.004 0.000231275
0 0.732936 0.969333 0.0704225 0.0613333 0.000231784
0 0.521398 0.967333 0.052546 0.0413333 0.000239582
0 0.687432 0.938667 0.0314193 0.122667 0.000243144
0 0.93662 0.995333 0.110509 0.00933333 0.000245882
0 0.0994041 0.00733333 0.120802 0.0146667 0.000251179
0 0.0111051 0.552 0.0157096 0.28 0.000254422
0 0.203955 1 0.0503792 0 0.000259385
0 0.308234 0.984 0.0335861 0.0266667 0.000264603
0 0.0316901 0.04 0.0633803 0.08 0.000287256
0 0.991603 0.979333 0.0167931 0.0413333 0.000287747
0 0.96831 1 0.0622969 0 0.000291249
0 0.287649 0.004 0.119177 0.008 0.000302525
0 0.674702 0.432 0.06013 0.128 0.000311323
0 0.236186 0.00266667 0.099675 0.00533333 0.000329511
0 0.92416 0.156 0.0303359 0.0346667 0.00032981
0 0.676056 0.886 0.035753 0.164 0.000346524
0 0.0270856 0 0.0541712 0 0.000352757
0 0.606988 0.308667 0.024377 0.0413333 0.000353137
0 0.163868 0 0.150054 0 0.000356037
0 0.380823 0.645333 0.0476706 0.232 0.000359828
0 0.469393 0.5 0.791441 1 0.000367054
0 0.387595 0.902667 0.0655471 0.152 0.000383489
0 0.0896533 0 0.161972 0 0.000384338
0 0.546858 0.978 0.0362947 0.0306667 0.000385617
0 0.531419 0.34 0.0552546 0.237333 0.000392105
0 0.98429 0.995333 0.028169 0.00933333 0.000393318
0 0.988895 0.032 0.0135428 0.064 0.000393325
0 0.358072 0.014 0.0552546 0.028 0.000399372
0 0.310401 0.5 0.620802 1 0.000412946
0 0.338299 0.016 0.1013 0.032 0.000422264
0 0.400596 0.0226667 0.0536295 0.04 0.000428415
0 0.541441 0.256667 0.0666305 0.204 0.000438334
0 0.794962 0.98 0.0373781 0.04 0.000442548
0 0.348592 0.0413333 0.0893824 0.056 0.000468971
0 0.929577 0.142667 0.0433369 0.221333 0.000490564
0 0.531961 0.974667 0.0411701 0.032 0.00053626
0 0.989166 0.06 0.0119177 0.0933333 0.000565074
0 0.0411701 0.00466667 0.0823402 0.00933333 0.000569472
0 0.913055 1 0.108884 0 0.000640565
0 0.723727 0.618667 0.0227519 0.0693333 0.000647998
0 0.719393 0.0846667 0.0260022 0.076 0.000658652
0 0.967497 0.297333 0.0433369 0.0666667 0.00070493
0 0.378115 0.044 0.0942579 0.088 0.000726994
0 0.988624 1 0.020585 0 0.000746571
0 0.526815 0.236667 0.0406284 0.132 0.000768133
0 0.708559 0.0626667 0.0227519 0.122667 0.000883743
0 0.980498 1 0.0390032 0 0.000913482
0 0.756501 0.749333 0.416576 0.501333 0.000953361
0 0.346966 0.0233333 0.0557963 0.0386667 0.00136618
0 0.384074 0.65 0.0260022 0.132 0.0015589
0 0.433099 0.556667 0.0438787 0.230667 0.00169827
0 0.725894 0.617333 0.0162514 0.04 0.00171413
0 0.634345 0.407333 0.607801 0.814667 0.00256155
0 0.54415 0.381333 0.024377 0.109333 0.00257628
0 0.79415 0.971333 0.020585 0.0573333 0.00317894
0 0.400596 0.816 0.0460455 0.0746667 0.00329607
0 0.405471 0.03 0.0926327 0.052 0.00416134
0 0.374052 0.643333 0.37974 0.713333 0.00516654
0 0.567172 0.244667 0.258938 0.489333 0.00725857
0 0.433911 0.557333 0.0260022 0.149333 0.00759973
0 0.688787 0.876667 0.0460455 0.209333 0.0079777
0 0.961809 0.302 0.0341278 0.0386667 0.0106575
0 0.799025 0.980667 0.0227519 0.036 0.0132218
0 0.541712 0.366 0.0390032 0.156 0.0138266
0 0.727248 0.935333 0.0893824 0.121333 0.0157145
0 0.719122 0.787333 0.235645 0.425333 0.0169826
0 0.672806 0.364667 0.261105 0.684 0.017909
0 0.486186 0.460667 0.0330444 0.153333 0.0356976
0 0.368364 0.0266667 0.0823402 0.0533333 0.04506
0 0.929577 0.144667 0.0368364 0.0466667 0.0970989
0 0.649512 0.150667 0.035753 0.154667 0.187625
0 0.546858 0.183333 0.0839653 0.238667 0.335394
0 0.388949 0.832667 0.0617551 0.116 0.673989
0 0.711538 0.882667 0.0861322 0.234667 0.712061
0 0.679577 0.372 0.0698808 0.229333 0.812013
