0 0.842904 0.358 0.071506 0.158667 1.87772e-05
0 0.434453 0.774 0.0931744 0.142667 1.87873e-05
0 0.951517 0.35 0.0341278 0.0706667 1.88122e-05
0 0.16766 0.937333 0.0427952 0.056 1.88634e-05
0 0.631636 0.745333 0.0249187 0.0906667 1.88978e-05
0 0.781148 0.516 0.0790899 0.144 1.89013e-05
0 0.296858 0.052 0.0422535 0.0693333 1.8953e-05
0 0.672806 0.449333 0.0628386 0.269333 1.8976e-05
0 0.810672 0.13 0.0807151 0.161333 1.8988e-05
0 0.448267 0.416 0.031961 0.101333 1.90332e-05
0 0.269502 0.969333 0.039545 0.0506667 1.90484e-05
0 0.532503 0.299333 0.0487541 0.076 1.90575e-05
0 0.552817 0.222667 0.0785482 0.213333 1.91256e-05
0 0.33532 0.212 0.0520043 0.130667 1.92289e-05
0 0.268418 0.983333 0.0622969 0.0333333 1.9316e-05
0 0.232665 0.116667 0.0341278 0.0626667 1.9337e-05
0 0.9461 0.00133333 0.0547129 0.00266667 1.93914e-05
0 0.310401 0.178667 0.0801734 0.216 1.94074e-05
0 0.475623 0.828 0.141928 0.344 1.94503e-05
0 0.380011 0.344 0.0655471 0.152 1.95096e-05
0 0.986186 0.96 0.0276273 0.08 1.95717e-05
0 0.891116 0.992667 0.0487541 0.0146667 1.9609e-05
0 0.031961 0.664667 0.0368364 0.193333 1.96218e-05
0 0.816901 0.796667 0.0953413 0.209333 1.97018e-05
0 0.383532 0.278 0.0953413 0.236 1.9754e-05
0 0.640574 0 0.0514626 0 1.97927e-05
0 0.875948 0.436 0.0910076 0.152 1.98102e-05
0 0.183099 0.282667 0.0487541 0.162667 1.98701e-05
0 0.252167 0.401333 0.0796316 0.218667 1.98907e-05
0 0.516251 0.735333 0.0422535 0.084 1.99175e-05
0 0.792253 0 0.0514626 0 2.00428e-05
0 0.605092 0.0206667 0.0465872 0.0413333 2.00804e-05
0 0.216956 0.171333 0.0579632 0.244 2.00845e-05
0 0.393554 0.174 0.0308776 0.0973333 2.01024e-05
0 0.763814 0.281333 0.0216685 0.0693333 2.01297e-05
0 0.812568 0.566 0.0747562 0.26 2.01401e-05
0 0.521127 0.518 0.146262 0.508 2.01472e-05
0 0.814464 0.07 0.0850488 0.14 2.02023e-05
0 0.281148 0.59 0.0780065 0.132 2.02761e-05
0 0.532503 0.516 0.0444204 0.072 2.02949e-05
0 0.647346 0.582667 0.028169 0.0773333 2.0302e-05
0 0.156826 0.0186667 0.0471289 0.0373333 2.03105e-05
0 0.675785 0.716 0.0557963 0.12 2.03375e-05
0 0.22779 0.634 0.0893824 0.318667 2.0476e-05
0 0.606446 0.755333 0.0731311 0.297333 2.05189e-05
0 0.521939 0.276 0.159805 0.552 2.05292e-05
0 0.513543 0.594667 0.0855905 0.133333 2.05315e-05
0 0.643012 0.026 0.0400867 0.052 2.05366e-05
0 0.333153 0.759333 0.0390032 0.0626667 2.05529e-05
0 0.0872156 0.874667 0.106176 0.250667 2.07577e-05
0 0.358613 0.0793333 0.0303359 0.0706667 2.0783e-05
0 0.603738 0.00133333 0.0514626 0.00266667 2.08309e-05
0 0.381094 0.570667 0.0568797 0.0506667 2.08699e-05
0 0.669556 0.624 0.12026 0.456 2.0876e-05
0 0.63597 0.0286667 0.0801734 0.0573333 2.09471e-05
0 0.379469 0.303333 0.0417118 0.113333 2.09528e-05
0 0.810672 0.0873333 0.0579632 0.134667 2.09824e-05
0 0.64247 0.701333 0.0346696 0.0826667 2.10548e-05
0 0.460997 0.386667 0.128927 0.501333 2.10852e-05
0 0.0203142 0.398667 0.0406284 0.130667 2.1087e-05
0 0.661159 0.034 0.0850488 0.068 2.11285e-05
0 0.285211 0.682667 0.0547129 0.117333 2.11847e-05
0 0.920368 0.566667 0.0411701 0.064 2.11889e-05
0 0.738353 0.0746667 0.0400867 0.0773333 2.12108e-05
0 0.973998 0.880667 0.0390032 0.129333 2.13081e-05
0 0.208017 0.240667 0.0368364 0.108 2.13363e-05
0 0.886782 0.0833333 0.0704225 0.142667 2.14548e-05
0 0.770043 0 0.0492958 0 2.14629e-05
0 0.383532 0.966667 0.0422535 0.0426667 2.15784e-05
0 0.71831 0.283333 0.0834236 0.148 2.15957e-05
0 0.582069 0.988667 0.0482123 0.0226667 2.16066e-05
0 0.265168 0.763333 0.126219 0.473333 2.17082e-05
0 0.16468 0.962667 0.0574215 0.0533333 2.17213e-05
0 0.723456 0.558 0.0427952 0.068 2.17752e-05
0 0.601571 0.918667 0.0406284 0.106667 2.18727e-05
0 0.385157 0.836667 0.0530878 0.188 2.19062e-05
0 0.341008 0.966667 0.039545 0.048 2.19323e-05
0 0.694204 0.198667 0.0709642 0.149333 2.19417e-05
0 0.0850488 0.0313333 0.0964247 0.0626667 2.19514e-05
0 0.505146 0.397333 0.0817985 0.178667 2.21486e-05
0 0.787378 0.642 0.0503792 0.129333 2.21921e-05
0 0.0549837 0.970667 0.0460455 0.032 2.22449e-05
0 0.557151 0.678667 0.031961 0.0613333 2.22888e-05
0 0.147075 0.626667 0.0731311 0.298667 2.23152e-05
0 0.0750271 0.144667 0.150054 0.289333 2.23232e-05
0 0.293879 0.119333 0.0384615 0.0626667 2.23398e-05
0 0.236457 0.495333 0.0926327 0.118667 2.23585e-05
0 0.104009 0.576667 0.0520043 0.145333 2.24078e-05
0 0.795233 0.909333 0.0498375 0.101333 2.24571e-05
0 0.193662 0.938 0.0417118 0.0573333 2.24806e-05
0 0.53792 0.966 0.092091 0.068 2.2554e-05
0 0.36403 0.374667 0.0487541 0.117333 2.25865e-05
0 0.545504 0.962 0.0606717 0.076 2.26339e-05
0 0.27221 0.744 0.0113759 0.032 2.27608e-05
0 0.197454 0.026 0.0666305 0.052 2.27732e-05
0 0.633261 0.533333 0.0487541 0.12 2.27863e-05
0 0.158451 0.356667 0.0612134 0.150667 2.28566e-05
0 0.595883 0.693333 0.0465872 0.0666667 2.29222e-05
0 0.489437 0.672 0.0482123 0.178667 2.30142e-05
0 0.103738 0.0273333 0.0471289 0.0546667 2.30561e-05
0 0.106988 0.236667 0.155471 0.473333 2.31029e-05
0 0.386241 0.0766667 0.0910076 0.0946667 2.31048e-05
0 0.321506 0.151333 0.039545 0.0706667 2.31407e-05
0 0.185807 0.144667 0.0530878 0.182667 2.31976e-05
0 0.780336 0.987333 0.0482123 0.0253333 2.32288e-05
0 0.473998 0.209333 0.165764 0.418667 2.33086e-05
0 0.415764 0.610667 0.0471289 0.0666667 2.33537e-05
0 0.71506 0.790667 0.104009 0.2 2.33553e-05
0 0.496208 0.9 0.0422535 0.117333 2.33734e-05
0 0.41468 0.344 0.0644637 0.141333 2.33883e-05
0 0.738624 0.0326667 0.0796316 0.0653333 2.34097e-05
0 0.295504 0.984 0.0547129 0.032 2.35308e-05
0 0.547129 0.856667 0.107259 0.150667 2.35939e-05
0 0.662514 0.747333 0.0780065 0.182667 2.37037e-05
0 0.171723 0.822667 0.213434 0.354667 2.37405e-05
0 0.544691 0.766667 0.0330444 0.0906667 2.38129e-05
0 0.667118 0.532 0.0687974 0.12 2.38362e-05
0 0.688516 0.044 0.0368364 0.088 2.38738e-05
0 0.289816 0.178667 0.0541712 0.133333 2.39489e-05
0 0.0874865 0.732667 0.128386 0.134667 2.39785e-05
0 0.915222 1 0.0514626 0 2.40467e-05
0 0.219664 0.762667 0.0352113 0.096 2.41665e-05
0 0.260834 0.523333 0.127302 0.516 2.4758e-05
0 0.343174 0.71 0.0893824 0.129333 2.47613e-05
0 0.630823 0.753333 0.0427952 0.133333 2.4768e-05
0 0.117281 0.933333 0.0471289 0.0586667 2.48333e-05
0 0.896262 0.964667 0.112134 0.0706667 2.50824e-05
0 0.769231 0.248 0.063922 0.194667 2.51019e-05
0 0.251625 0.522667 0.0330444 0.0293333 2.51279e-05
0 0.444745 0.453333 0.0704225 0.144 2.5174e-05
0 0.60753 0.657333 0.0698808 0.213333 2.52022e-05
0 0.559588 0.87 0.0520043 0.121333 2.52711e-05
0 0.807963 0.646 0.052546 0.137333 2.52896e-05
0 0.31961 0.0806667 0.0400867 0.0813333 2.5356e-05
0 0.709642 0.633333 0.0834236 0.165333 2.53667e-05
0 0.847237 0.0233333 0.0736728 0.0466667 2.53776e-05
0 0.495937 0.178667 0.039545 0.136 2.53854e-05
0 0.186349 0.99 0.0931744 0.02 2.53879e-05
0 0.141116 0.0733333 0.0926327 0.146667 2.5425e-05
0 0.467226 0.830667 0.0449621 0.181333 2.55032e-05
0 0.560943 0.778667 0.0893824 0.274667 2.55099e-05
0 0.0552546 0.326 0.109426 0.233333 2.55466e-05
0 0.180119 0.340667 0.0763814 0.318667 2.55958e-05
0 0.521398 0.962667 0.0709642 0.064 2.56254e-05
0 0.0430661 0.972667 0.0861322 0.0546667 2.56326e-05
0 0.766522 0.886 0.0834236 0.190667 2.56519e-05
0 0.667118 0.923333 0.0449621 0.113333 2.56843e-05
0 0.167118 0.962667 0.0438787 0.0186667 2.59699e-05
0 0.686078 0.961333 0.0514626 0.0613333 2.60215e-05
0 0.816901 0 0.0530878 0 2.60476e-05
0 0.219122 0.110667 0.024377 0.08 2.61355e-05
0 0.0219393 0.150667 0.024377 0.216 2.61823e-05
0 0.158451 0.156667 0.0969664 0.313333 2.623e-05
0 0.378927 0.814 0.198808 0.372 2.63007e-05
0 0.287649 0.848667 0.084507 0.188 2.64133e-05
0 0.229144 0.777333 0.0487541 0.168 2.64932e-05
0 0.319339 0.116 0.0384615 0.0666667 2.64964e-05
0 0.798483 0.00266667 0.0855905 0.00533333 2.66189e-05
0 0.0549837 0.949333 0.0427952 0.072 2.66392e-05
0 0.554442 0.022 0.0460455 0.044 2.66601e-05
0 0.268689 0.527333 0.0335861 0.105333 2.67619e-05
0 0.843716 0.994 0.0482123 0.012 2.68859e-05
0 0.564464 0.201333 0.140845 0.402667 2.70025e-05
0 0.578277 0.201333 0.10455 0.282667 2.70828e-05
0 0.804442 0.0206667 0.0400867 0.0413333 2.71527e-05
0 0.587757 0.0233333 0.114843 0.0466667 2.72614e-05
0 0.177952 0.344 0.0503792 0.16 2.72819e-05
0 0.754875 0.552667 0.0308776 0.0706667 2.73103e-05
0 0.265439 0.625333 0.0780065 0.176 2.73448e-05
0 0.365385 0.295333 0.166306 0.590667 2.73716e-05
0 0.843987 0.119333 0.0303359 0.0866667 2.76029e-05
0 0.427411 0.614 0.0812568 0.118667 2.76335e-05
0 0.780607 0.311333 0.0238353 0.1 2.76476e-05
0 0.71506 0.773333 0.151679 0.453333 2.77554e-05
0 0.41766 0.818667 0.0227519 0.08 2.7808e-05
0 0.83559 0.0946667 0.0557963 0.128 2.78138e-05
0 0.852384 0.523333 0.0536295 0.118667 2.7847e-05
0 0.21831 0.166667 0.0346696 0.168 2.78508e-05
0 0.0213976 0.492667 0.0222102 0.236 2.7893e-05
0 0.897346 0.0426667 0.0774648 0.0693333 2.79921e-05
0 0.569339 0.698 0.0400867 0.0706667 2.81878e-05
0 0.668472 0.575333 0.0346696 0.0733333 2.81953e-05
0 0.00893824 0.963333 0.0113759 0.0733333 2.82097e-05
0 0.619718 0.670667 0.0390032 0.0666667 2.82165e-05
0 0.418743 0.396667 0.0877573 0.137333 2.82325e-05
0 0.431473 0.944667 0.1013 0.110667 2.82411e-05
0 0.605634 0.759333 0.0476706 0.145333 2.83461e-05
0 0.86701 0.993333 0.0482123 0.0133333 2.83463e-05
0 0.279794 0.991333 0.0438787 0.0173333 2.83936e-05
0 0.431203 0.0506667 0.0422535 0.056 2.85445e-05
0 0.531419 0.263333 0.0487541 0.108 2.86646e-05
0 0.387053 0.791333 0.0362947 0.0813333 2.88331e-05
0 0.0422535 0.629333 0.0487541 0.202667 2.89095e-05
0 0.359426 0.842667 0.0991333 0.293333 2.8935e-05
0 0.0127302 0.934 0.0254605 0.132 2.8939e-05
0 0.521398 0.520667 0.0839653 0.169333 2.89685e-05
0 0.862676 0.634667 0.0926327 0.221333 2.90254e-05
0 0.531961 0.968667 0.0422535 0.044 2.90506e-05
0 0.511918 0.76 0.121343 0.464 2.91597e-05
0 0.0566089 0.968667 0.1013 0.0626667 2.91906e-05
0 0.0758397 0.006 0.0552546 0.012 2.92011e-05
0 0.408451 0.563333 0.152763 0.452 2.92494e-05
0 0.653304 0.707333 0.0530878 0.126667 2.92597e-05
0 0.823673 0.431333 0.0872156 0.148 2.94028e-05
0 0.215601 0.0233333 0.105092 0.0466667 2.94608e-05
0 0.194475 0.962667 0.0400867 0.0266667 2.95054e-05
0 0.818527 0.992 0.0498375 0.016 2.95714e-05
0 0.670639 0.0866667 0.0910076 0.136 2.96398e-05
0 0.226706 0.716667 0.0785482 0.134667 2.96647e-05
0 0.763814 1 0.0790899 0 2.97542e-05
0 0.798754 0.251333 0.103467 0.436 2.99582e-05
0 0.717497 0 0.0503792 0 3.00276e-05
0 0.656284 0.592667 0.0687974 0.217333 3.01266e-05
0 0.85455 0.000666667 0.0547129 0.00133333 3.02057e-05
0 0.858072 0.0933333 0.0585049 0.133333 3.03189e-05
0 0.793608 0.962667 0.0498375 0.0426667 3.03657e-05
0 0.245395 0.0546667 0.0422535 0.08 3.03902e-05
0 0.579632 0 0.0530878 0 3.04441e-05
0 0.710184 0.0393333 0.0693391 0.0786667 3.0465e-05
0 0.430119 0.116667 0.0335861 0.0573333 3.05271e-05
0 0.0100217 0.0393333 0.0200433 0.0786667 3.05618e-05
0 0.718852 0.00733333 0.0444204 0.0146667 3.06625e-05
0 0.47454 0.819333 0.0227519 0.0786667 3.06945e-05
0 0.44935 0.485333 0.0373781 0.064 3.07308e-05
0 0.536024 0.663333 0.0536295 0.145333 3.07729e-05
0 0.290087 0.0666667 0.0893824 0.133333 3.08759e-05
0 0.243229 0.530667 0.0476706 0.106667 3.08986e-05
0 0.842633 0.640667 0.0774648 0.153333 3.09646e-05
0 0.459642 0.32 0.0514626 0.154667 3.09775e-05
0 0.559859 0.0593333 0.0861322 0.118667 3.09985e-05
0 0.286024 0.094 0.0628386 0.116 3.10155e-05
0 0.614572 0 0.0536295 0 3.10201e-05
0 0.228602 0.101333 0.0552546 0.202667 3.11238e-05
0 0.261647 0.148667 0.0769231 0.158667 3.11392e-05
0 0.389762 0.588 0.0492958 0.0666667 3.11702e-05
0 0.495125 0.82 0.0335861 0.072 3.12087e-05
0 0.258126 0.948667 0.0406284 0.084 3.12578e-05
0 0.754334 0.178 0.0980498 0.356 3.1273e-05
0 0.602654 0.485333 0.0557963 0.106667 3.14646e-05
0 0.945016 0.151333 0.0850488 0.148 3.15253e-05
0 0.824215 0.498667 0.067714 0.232 3.1536e-05
0 0.533857 0.71 0.0698808 0.249333 3.17499e-05
0 0.725623 0.997333 0.0774648 0.00533333 3.18064e-05
0 0.61701 0.837333 0.173348 0.325333 3.181e-05
0 0.569339 0.6 0.0379198 0.0773333 3.18597e-05
0 0.249187 0.991333 0.0823402 0.0173333 3.18995e-05
0 0.020585 0.334 0.0411701 0.129333 3.21202e-05
0 0.105905 0.058 0.0482123 0.0946667 3.22301e-05
0 0.419556 0.832667 0.138137 0.334667 3.22843e-05
0 0.339112 0.622 0.0184182 0.0866667 3.2304e-05
0 0.317985 0.963333 0.0444204 0.0626667 3.2389e-05
0 0.361863 0.952 0.0758397 0.096 3.24729e-05
0 0.690683 0.0613333 0.0552546 0.122667 3.26821e-05
0 0.517064 0.208 0.0817985 0.32 3.28266e-05
0 0.353196 0.993333 0.0465872 0.0133333 3.30754e-05
0 0.908992 0.540667 0.0595883 0.108 3.32987e-05
0 0.98727 0.966 0.0200433 0.052 3.3311e-05
0 0.440953 0.358667 0.0184182 0.0586667 3.34781e-05
0 0.258667 0.1 0.0796316 0.106667 3.34989e-05
0 0.972644 0.204 0.0406284 0.0906667 3.35489e-05
0 0.203955 0.992667 0.0482123 0.0146667 3.35675e-05
0 0.232124 0.901333 0.0579632 0.16 3.36208e-05
0 0.295233 0.228667 0.0455038 0.124 3.36318e-05
0 0.868093 0.593333 0.128386 0.52 3.36362e-05
0 0.35455 0.916 0.0362947 0.117333 3.36583e-05
0 0.950975 0.0593333 0.0492958 0.0733333 3.36819e-05
0 0.911972 0.639333 0.102384 0.228 3.36821e-05
0 0.187432 0.07 0.0790899 0.14 3.37135e-05
0 0.142741 0.0593333 0.0492958 0.0893333 3.39721e-05
0 0.140033 0.00133333 0.0547129 0.00266667 3.40725e-05
0 0.058234 0.092 0.116468 0.168 3.40943e-05
0 0.244312 0.946 0.0325027 0.0733333 3.41941e-05
0 0.138678 0.930667 0.0660888 0.122667 3.44821e-05
0 0.319068 0.202 0.0400867 0.105333 3.45987e-05
0 0.317172 0.026 0.109967 0.052 3.47863e-05
0 0.133532 0.494 0.0492958 0.137333 3.48082e-05
0 0.761376 0.313333 0.0373781 0.189333 3.4813e-05
0 0.355363 0.177333 0.0390032 0.0906667 3.48371e-05
0 0.470477 0.048 0.0417118 0.0613333 3.48566e-05
0 0.365926 0.104667 0.0817985 0.148 3.48621e-05
0 0.32909 0.990667 0.0482123 0.0186667 3.49569e-05
0 0.397616 0.814 0.035753 0.084 3.49673e-05
0 0.283586 0.971333 0.0330444 0.0466667 3.49698e-05
0 0.0208559 0.272667 0.0417118 0.134667 3.53474e-05
0 0.641387 0.958667 0.0855905 0.0826667 3.53896e-05
0 0.945016 0.371333 0.109967 0.412 3.57898e-05
0 0.288191 1 0.0769231 0 3.59673e-05
0 0.419827 0.109333 0.0855905 0.152 3.6128e-05
0 0.504875 0.789333 0.0422535 0.0906667 3.63622e-05
0 0.232394 0.841333 0.0444204 0.194667 3.63989e-05
0 0.598862 0.00733333 0.0785482 0.0146667 3.68593e-05
0 0.341278 0.981333 0.0812568 0.0373333 3.6893e-05
0 0.229957 0.981333 0.06013 0.0373333 3.69408e-05
0 0.599133 0.527333 0.0693391 0.212 3.70131e-05
0 0.462893 0.449333 0.0774648 0.245333 3.70819e-05
0 0.313109 0.0973333 0.0812568 0.106667 3.72954e-05
0 0.475081 0.117333 0.0910076 0.162667 3.73139e-05
0 0.207476 0.0213333 0.0390032 0.0426667 3.73611e-05
0 0.0598592 0.478 0.119718 0.196 3.73675e-05
0 0.489707 0.962667 0.071506 0.0746667 3.73725e-05
0 0.329361 0.176667 0.0346696 0.105333 3.75632e-05
0 0.760563 0.318 0.0595883 0.396 3.76105e-05
0 0.0143554 0.0193333 0.0265439 0.0386667 3.76486e-05
0 0.1013 0.004 0.0552546 0.008 3.7677e-05
0 0.266251 0.024 0.111051 0.048 3.77967e-05
0 0.633532 0.653333 0.0655471 0.210667 3.77981e-05
0 0.533315 0.946667 0.0373781 0.0746667 3.78494e-05
0 0.138407 0.96 0.107801 0.08 3.79165e-05
0 0.18987 0.606 0.0449621 0.118667 3.80724e-05
0 0.745666 0.202 0.0622969 0.153333 3.81793e-05
0 0.0295233 0.12 0.052546 0.146667 3.82613e-05
0 0.950163 0.221333 0.0866739 0.157333 3.8279e-05
0 0.0484832 0.727333 0.0839653 0.214667 3.83721e-05
0 0.917118 0.0786667 0.0964247 0.12 3.85524e-05
0 0.33532 0.857333 0.101842 0.184 3.85942e-05
0 0.387595 0.990667 0.0872156 0.0186667 3.8611e-05
0 0.879469 0 0.0536295 0 3.86474e-05
0 0.0888407 0.068 0.11701 0.136 3.87692e-05
0 0.547129 0.704 0.028169 0.08 3.87954e-05
0 0.137866 0.722 0.113218 0.156 3.89203e-05
0 0.704496 0.0293333 0.0254605 0.04 3.90685e-05
0 0.472914 0.768 0.0628386 0.250667 3.9179e-05
0 0.542524 0.530667 0.0817985 0.114667 3.91824e-05
0 0.443391 0.00133333 0.052546 0.00266667 3.91918e-05
0 0.34182 0.064 0.0823402 0.128 3.92548e-05
0 0.283586 0.947333 0.0341278 0.0813333 3.95073e-05
0 0.38299 0.68 0.0487541 0.0906667 3.95813e-05
0 0.855363 0.915333 0.0476706 0.102667 3.95945e-05
0 0.574756 1 0.0790899 0 3.97488e-05
0 0.526815 0.838667 0.160888 0.322667 3.98655e-05
0 0.468581 0.480667 0.0433369 0.0866667 4.00398e-05
0 0.368635 0.923333 0.0417118 0.116 4.00515e-05
0 0.812568 0.985333 0.0953413 0.0293333 4.00662e-05
0 0.39572 0.735333 0.039545 0.0706667 4.01038e-05
0 0.365926 0.776 0.0785482 0.136 4.01104e-05
0 0.0116468 0.156 0.0146262 0.181333 4.01438e-05
0 0.253521 0.993333 0.0465872 0.0133333 4.02045e-05
0 0.681473 0.986667 0.0455038 0.0266667 4.03712e-05
0 0.75623 0.983333 0.0487541 0.0333333 4.03997e-05
0 0.556067 0.993333 0.0503792 0.0133333 4.04163e-05
0 0.946912 0.618 0.0422535 0.0946667 4.04975e-05
0 0.895179 0.978667 0.0742145 0.0426667 4.05856e-05
0 0.257855 0.119333 0.0411701 0.0546667 4.0653e-05
0 0.173889 0.95 0.104009 0.1 4.06844e-05
0 0.507042 0.834667 0.084507 0.154667 4.07525e-05
0 0.403846 0.734 0.128386 0.433333 4.07555e-05
0 0.946912 0.470667 0.0769231 0.152 4.08028e-05
0 0.260022 0.961333 0.0780065 0.0773333 4.10148e-05
0 0.911701 0.578 0.0780065 0.113333 4.1097e-05
0 0.554442 0.002 0.0547129 0.004 4.11762e-05
0 0.891387 0.0173333 0.0482123 0.0346667 4.13277e-05
0 0.156555 0.296 0.0877573 0.293333 4.13642e-05
0 0.20883 0.834 0.0492958 0.204 4.14511e-05
0 0.560401 0.145333 0.0850488 0.165333 4.1646e-05
0 0.136241 0.567333 0.0644637 0.14 4.19139e-05
0 0.416576 0.026 0.118093 0.052 4.19894e-05
0 0.259751 0.834667 0.088299 0.296 4.20237e-05
0 0.160618 0.0913333 0.0709642 0.166667 4.20531e-05
0 0.720748 0.184 0.0547129 0.165333 4.218e-05
0 0.234561 0.580667 0.0866739 0.156 4.22716e-05
0 0.156826 0.246667 0.0557963 0.109333 4.23359e-05
0 0.904659 0 0.0552546 0 4.24465e-05
0 0.186891 0.896 0.0801734 0.165333 4.24764e-05
0 0.796045 0.956 0.0991333 0.0586667 4.27026e-05
0 0.74377 1 0.0444204 0 4.27485e-05
0 0.23104 0.839333 0.0698808 0.316 4.28242e-05
0 0.0268147 0.585333 0.0536295 0.165333 4.28579e-05
0 0.743229 0 0.0520043 0 4.28884e-05
0 0.94312 0.970667 0.105092 0.0586667 4.3021e-05
0 0.508667 0.677333 0.0552546 0.146667 4.33014e-05
0 0.193933 0.668667 0.0465872 0.0973333 4.34418e-05
0 0.75623 0.0473333 0.0790899 0.0946667 4.35144e-05
0 0.286024 0.947333 0.0855905 0.105333 4.36884e-05
0 0.554713 0.713333 0.0411701 0.130667 4.37646e-05
0 0.0311484 0.875333 0.0362947 0.225333 4.42823e-05
0 0.6961 0.0226667 0.0260022 0.0453333 4.44459e-05
0 0.020585 0.462667 0.0411701 0.125333 4.45501e-05
0 0.140845 0.932 0.0498375 0.0666667 4.45546e-05
0 0.43662 0.06 0.0736728 0.12 4.46449e-05
0 0.147075 0.618 0.0644637 0.124 4.46687e-05
0 0.834236 0.566667 0.0704225 0.165333 4.46863e-05
0 0.728602 0.121333 0.0595883 0.178667 4.46952e-05
0 0.74377 0.552667 0.0400867 0.0573333 4.47459e-05
0 0.378927 0.360667 0.0384615 0.108 4.47898e-05
0 0.215872 0.0726667 0.06013 0.145333 4.49168e-05
0 0.390845 0.774667 0.0622969 0.125333 4.4918e-05
0 0.559588 0.652 0.0595883 0.141333 4.49555e-05
0 0.180932 0.0206667 0.0498375 0.0413333 4.4964e-05
0 0.141658 0.988667 0.106717 0.0226667 4.50141e-05
0 0.88922 0.642 0.0850488 0.156 4.51232e-05
0 0.620802 0.996667 0.0660888 0.00666667 4.53978e-05
0 0.00975081 0.0666667 0.0162514 0.112 4.55418e-05
0 0.36403 0.03 0.111593 0.06 4.56103e-05
0 0.393012 0.966667 0.052546 0.0666667 4.5791e-05
0 0.484561 0.825333 0.0427952 0.168 4.58819e-05
0 0.442037 0.322667 0.035753 0.122667 4.59151e-05
0 0.476165 0.356667 0.035753 0.121333 4.60593e-05
0 0.836945 0.00533333 0.0834236 0.0106667 4.6393e-05
0 0.163868 0.994 0.0514626 0.012 4.64481e-05
0 0.113218 0.996 0.0530878 0.008 4.64689e-05
0 0.0200433 0.704 0.0400867 0.125333 4.64716e-05
0 0.378927 0.992667 0.0503792 0.0146667 4.65725e-05
0 0.410888 0.906 0.0893824 0.188 4.6773e-05
0 0.78792 0.028 0.0655471 0.056 4.74135e-05
0 0.210997 0.882667 0.067714 0.234667 4.74297e-05
0 0.270856 0.742 0.0227519 0.0413333 4.74377e-05
0 0.977248 0.0373333 0.0455038 0.0746667 4.74426e-05
0 0.18662 0.0846667 0.0687974 0.142667 4.75447e-05
0 0.292795 0.989333 0.0406284 0.0213333 4.75577e-05
0 0.470477 0.00733333 0.0709642 0.0146667 4.76205e-05
0 0.959101 0.636 0.0482123 0.0826667 4.77001e-05
0 0.227248 0.316667 0.0828819 0.358667 4.78458e-05
0 0.867822 0.058 0.0823402 0.116 4.80725e-05
0 0.171452 0.487333 0.0590466 0.161333 4.84857e-05
0 0.534128 0.717333 0.0487541 0.133333 4.86514e-05
0 0.608613 0.664667 0.0514626 0.118667 4.86514e-05
0 0.258938 0.53 0.0704225 0.164 4.87284e-05
0 0.138678 0.995333 0.0530878 0.00933333 4.87697e-05
0 0.782232 0.302 0.0487541 0.185333 4.89905e-05
0 0.603738 0.588667 0.0536295 0.142667 4.90256e-05
0 0.711268 0.979333 0.0823402 0.0413333 4.90365e-05
0 0.985103 0.58 0.0232936 0.136 4.93555e-05
0 0.865655 0.822 0.160347 0.356 4.94887e-05
0 0.724269 0.971333 0.0422535 0.0466667 4.95785e-05
0 0.583424 0.660667 0.0671723 0.137333 4.97262e-05
0 0.416035 0.99 0.0487541 0.02 4.97383e-05
0 0.358072 0.568 0.0520043 0.0586667 4.99221e-05
0 0.558505 0.581333 0.0606717 0.245333 5.02597e-05
0 0.40818 0.0586667 0.0807151 0.117333 5.0297e-05
0 0.862405 0.935333 0.0855905 0.129333 5.03691e-05
0 0.293337 0 0.052546 0 5.04578e-05
0 0.582611 0.778 0.0785482 0.172 5.04667e-05
0 0.63922 0.604 0.0411701 0.125333 5.08642e-05
0 0.327194 0.941333 0.0465872 0.104 5.09712e-05
0 0.969935 0.952667 0.06013 0.0946667 5.0974e-05
0 0.660076 0.01 0.0633803 0.02 5.10088e-05
0 0.53169 0.984 0.067714 0.032 5.14351e-05
0 0.720748 0.072 0.0417118 0.0933333 5.14755e-05
0 0.956663 0.5 0.0866739 0.432 5.14865e-05
0 0.307963 0.932667 0.0417118 0.110667 5.18687e-05
0 0.590466 0.496 0.035753 0.0693333 5.19256e-05
0 0.113759 0.432667 0.138678 0.252 5.23128e-05
0 0.330986 0.932667 0.0823402 0.134667 5.24517e-05
0 0.767877 1 0.0482123 0 5.28801e-05
0 0.210455 0.898667 0.0514626 0.146667 5.29206e-05
0 0.417389 0.00133333 0.0536295 0.00266667 5.31367e-05
0 0.0186891 0.672667 0.0178765 0.225333 5.31917e-05
0 0.951788 0.778667 0.0368364 0.0906667 5.34857e-05
0 0.569881 0.575333 0.0335861 0.0653333 5.34915e-05
0 0.207476 0.754 0.111593 0.414667 5.37076e-05
0 0.0292524 0.493333 0.0530878 0.144 5.38851e-05
0 0.494583 0.048 0.0487541 0.064 5.39628e-05
0 0.216414 0.732 0.0330444 0.0933333 5.41323e-05
0 0.592633 1 0.0465872 0 5.4171e-05
0 0.496208 0.721333 0.0140845 0.0586667 5.44248e-05
0 0.358884 0.905333 0.0720477 0.152 5.4575e-05
0 0.476977 0.403333 0.0579632 0.148 5.47313e-05
0 0.0178765 0.919333 0.0314193 0.126667 5.47905e-05
0 0.0308776 0.0686667 0.0509209 0.116 5.51657e-05
0 0.890845 1 0.0536295 0 5.53539e-05
0 0.181744 0.0533333 0.0482123 0.0773333 5.60199e-05
0 0.932828 0.553333 0.0379198 0.072 5.61263e-05
0 0.912784 0.886 0.101842 0.206667 5.61369e-05
0 0.687161 0.996 0.0839653 0.008 5.62519e-05
0 0.352925 0.265333 0.039545 0.08 5.67929e-05
0 0.90818 0.547333 0.0417118 0.06 5.68184e-05
0 0.916576 0.024 0.121343 0.048 5.68208e-05
0 0.699079 0.135333 0.0698808 0.132 5.6877e-05
0 0.0297941 0.0366667 0.0530878 0.0733333 5.69676e-05
0 0.205309 0.755333 0.0411701 0.0973333 5.76313e-05
0 0.213705 0.961333 0.06013 0.0773333 5.76904e-05
0 0.228873 0.992667 0.0460455 0.0146667 5.77028e-05
0 0.767877 0.92 0.0514626 0.0906667 5.77616e-05
0 0.210184 0.0826667 0.0260022 0.0906667 5.78368e-05
0 0.674702 0.645333 0.06013 0.138667 5.796e-05
0 0.088299 0.997333 0.0520043 0.00533333 5.8299e-05
0 0.290358 1 0.0444204 0 5.83208e-05
0 0.666306 0.984667 0.0487541 0.0306667 5.834e-05
0 0.273294 0.894 0.0763814 0.174667 5.83761e-05
0 0.578007 0.577333 0.0433369 0.146667 5.86477e-05
0 0.226436 0.966 0.0433369 0.0626667 5.92842e-05
0 0.228061 0.0933333 0.0422535 0.125333 5.95705e-05
0 0.94312 0.588 0.0790899 0.117333 5.96174e-05
0 0.13597 0.00666667 0.0953413 0.0133333 5.96218e-05
0 0.613759 0.0266667 0.0877573 0.0533333 5.99973e-05
0 0.393554 0.942 0.0438787 0.084 6.10596e-05
0 0.00839653 0.121333 0.0167931 0.133333 6.10674e-05
0 0.144908 0.502667 0.109967 0.170667 6.10744e-05
0 0.317985 0.829333 0.130011 0.341333 6.11032e-05
0 0.867822 0.0313333 0.0530878 0.0626667 6.11381e-05
0 0.70585 1 0.0455038 0 6.12422e-05
0 0.688516 0.977333 0.0834236 0.0453333 6.13243e-05
0 0.0303359 0.958667 0.0606717 0.0826667 6.15273e-05
0 0.313651 0.988 0.092091 0.024 6.17955e-05
0 0.952871 1 0.0541712 0 6.24843e-05
0 0.869447 0.982667 0.0877573 0.0346667 6.25488e-05
0 0.767064 0.822 0.110509 0.201333 6.26765e-05
0 0.483207 0.455333 0.0823402 0.14 6.28174e-05
0 0.443933 0.388667 0.0547129 0.316 6.32427e-05
0 0.653846 0.652667 0.0487541 0.14 6.34842e-05
0 0.0200433 0.359333 0.0400867 0.292 6.36415e-05
0 0.792253 1 0.0492958 0 6.38315e-05
0 0.612676 0.706667 0.0411701 0.0933333 6.40155e-05
0 0.351571 1 0.0498375 0 6.4671e-05
0 0.167118 0 0.0547129 0 6.49118e-05
0 0.0368364 0.413333 0.0736728 0.274667 6.49323e-05
0 0.93987 0.643333 0.115926 0.396 6.55327e-05
0 0.444204 0.0213333 0.0390032 0.0426667 6.57338e-05
0 0.529523 0.993333 0.0503792 0.0133333 6.58325e-05
0 0.00758397 0.396 0.0151679 0.149333 6.60854e-05
0 0.724269 0.532 0.107259 0.346667 6.62026e-05
0 0.817172 1 0.0503792 0 6.6215e-05
0 0.946641 0.0706667 0.0752979 0.117333 6.62168e-05
0 0.682557 0.574 0.0758397 0.134667 6.64446e-05
0 0.839112 0.490667 0.0238353 0.0933333 6.64568e-05
0 0.296587 0.726667 0.0557963 0.0853333 6.6794e-05
0 0.815005 0.0233333 0.0893824 0.0466667 6.69316e-05
0 0.21831 0 0.0498375 0 6.72075e-05
0 0.657367 0.599333 0.0438787 0.118667 6.72858e-05
0 0.780607 0.193333 0.0390032 0.162667 6.7761e-05
0 0.420639 0.0966667 0.0330444 0.0546667 6.78817e-05
0 0.033857 0.112667 0.067714 0.225333 6.79569e-05
0 0.966143 0.996667 0.0482123 0.00666667 6.80132e-05
0 0.586674 0.0293333 0.0780065 0.0586667 6.84202e-05
0 0.489978 0.054 0.0796316 0.108 6.85219e-05
0 0.343445 0.57 0.102925 0.292 6.85898e-05
0 0.634615 0.662667 0.0460455 0.128 6.87905e-05
0 0.495125 0.712667 0.028169 0.06 6.89438e-05
0 0.432015 0.962667 0.0417118 0.0533333 6.90467e-05
0 0.327465 1 0.0482123 0 6.93348e-05
0 0.0192308 0.588 0.0211268 0.248 6.95258e-05
0 0.397346 0.77 0.0384615 0.0866667 6.98369e-05
0 0.389762 1 0.0514626 0 6.99991e-05
0 0.23104 0.0573333 0.0341278 0.0773333 7.01118e-05
0 0.252979 0.243333 0.118093 0.486667 7.09352e-05
0 0.251083 0.238667 0.0774648 0.202667 7.10629e-05
0 0.722373 0.152 0.031961 0.112 7.1138e-05
0 0.304984 0.182667 0.0455038 0.104 7.14467e-05
0 0.472644 0.774667 0.0449621 0.152 7.1501e-05
0 0.392199 0.00466667 0.0520043 0.00933333 7.19495e-05
0 0.209372 0.054 0.0297941 0.076 7.20357e-05
0 0.530607 0.183333 0.0644637 0.18 7.24025e-05
0 0.456392 0.389333 0.0341278 0.0933333 7.28833e-05
0 0.0514626 0.998 0.0530878 0.004 7.29942e-05
0 0.500542 0.753333 0.063922 0.205333 7.3282e-05
0 0.584778 0.712 0.0720477 0.122667 7.33051e-05
0 0.150596 0.623333 0.0335861 0.0813333 7.33275e-05
0 0.841278 0.986667 0.101842 0.0266667 7.34138e-05
0 0.589653 0 0.0547129 0 7.34949e-05
0 0.157909 0.432 0.0893824 0.210667 7.34996e-05
0 0.80065 1 0.0877573 0 7.39429e-05
0 0.982936 0.100667 0.0341278 0.092 7.40683e-05
0 0.363759 0.995333 0.103467 0.00933333 7.40745e-05
0 0.696912 0.088 0.0460455 0.133333 7.41675e-05
0 0.320423 0.048 0.0449621 0.0693333 7.45702e-05
0 0.508126 0.196667 0.0476706 0.110667 7.4619e-05
0 0.485374 0.794667 0.0314193 0.0933333 7.47394e-05
0 0.749458 0.267333 0.0698808 0.137333 7.48323e-05
0 0.233749 0.182 0.052546 0.158667 7.49645e-05
0 0.345612 0.238 0.0400867 0.092 7.50072e-05
0 0.611322 0.012 0.0752979 0.024 7.51221e-05
0 0.529794 0.00133333 0.0541712 0.00266667 7.53084e-05
0 0.553359 1 0.0503792 0 7.53546e-05
0 0.479957 0.00333333 0.0552546 0.00666667 7.57563e-05
0 0.318797 0.76 0.0817985 0.170667 7.59236e-05
0 0.160618 0.416 0.14572 0.528 7.59462e-05
0 0.598592 0.530667 0.0520043 0.114667 7.61178e-05
0 0.581798 0.478 0.0238353 0.068 7.62253e-05
0 0.706392 0.0806667 0.0530878 0.161333 7.74299e-05
0 0.504063 0.00266667 0.0557963 0.00533333 7.77417e-05
0 0.561213 0.943333 0.0498375 0.092 7.82685e-05
0 0.972914 0.520667 0.0411701 0.0973333 7.83708e-05
0 0.636241 0.000666667 0.0861322 0.00133333 7.86249e-05
0 0.619718 0.99 0.0487541 0.02 7.89288e-05
0 0.861051 0.901333 0.106717 0.162667 7.93153e-05
0 0.00975081 0.209333 0.0195016 0.2 7.94841e-05
0 0.505959 0.756667 0.0400867 0.0866667 7.96259e-05
0 0.983749 0.238 0.0325027 0.110667 8.04501e-05
0 0.0400867 1 0.0541712 0 8.05793e-05
0 0.406826 0.0466667 0.0476706 0.0533333 8.18126e-05
0 0.866468 1 0.052546 0 8.18152e-05
0 0.767064 0 0.0530878 0 8.2068e-05
0 0.267335 0 0.052546 0 8.21627e-05
0 0.79117 0.252667 0.0622969 0.161333 8.25463e-05
0 0.21208 0.998667 0.0980498 0.00266667 8.27102e-05
0 0.617551 1 0.0487541 0 8.27893e-05
0 0.911701 0.968 0.11701 0.064 8.28578e-05
0 0.634074 0.947333 0.0460455 0.076 8.30955e-05
0 0.205038 0.962667 0.0514626 0.056 8.32785e-05
0 0.951788 0.361333 0.0736728 0.184 8.39798e-05
0 0.406284 0.963333 0.0422535 0.0493333 8.42905e-05
0 0.717226 0.379333 0.0574215 0.068 8.43391e-05
0 0.615926 0.942667 0.0931744 0.114667 8.43953e-05
0 0.669285 0.0406667 0.0785482 0.0813333 8.49055e-05
0 0.664951 1 0.0503792 0 8.49519e-05
0 0.390574 0.951333 0.0758397 0.0973333 8.53636e-05
0 0.843174 1 0.0514626 0 8.54476e-05
0 0.6961 0.986 0.0444204 0.028 8.59438e-05
0 0.20585 0.754 0.0704225 0.193333 8.71153e-05
0 0.640033 0.928667 0.095883 0.124 8.73648e-05
0 0.559859 0.584 0.0427952 0.133333 8.74933e-05
0 0.6961 0.0193333 0.0173348 0.0386667 8.7558e-05
0 0.788732 0.976 0.092091 0.048 8.78483e-05
0 0.764626 0.174667 0.0362947 0.168 8.7913e-05
0 0.456121 0.962 0.0390032 0.052 8.79479e-05
0 0.481582 0.459333 0.0465872 0.108 8.81851e-05
0 0.599133 0.907333 0.0888407 0.185333 8.82798e-05
0 0.973727 0.345333 0.0438787 0.0693333 8.85278e-05
0 0.252167 1 0.0482123 0 8.87108e-05
0 0.165493 0.427333 0.0536295 0.1 8.88043e-05
0 0.351571 0 0.0541712 0 8.88175e-05
0 0.232124 0.022 0.039545 0.044 8.94488e-05
0 0.415222 1 0.0514626 0 8.95572e-05
0 0.851571 1 0.084507 0 8.95723e-05
0 0.202329 1 0.0503792 0 8.96364e-05
0 0.866468 0.573333 0.0752979 0.170667 8.97293e-05
0 0.0446912 0.398667 0.0893824 0.442667 9.02968e-05
0 0.163055 1 0.0530878 0 9.03614e-05
0 0.261376 0.996 0.095883 0.008 9.0399e-05
0 0.516251 0.945333 0.0411701 0.0773333 9.04061e-05
0 0.911159 0.022 0.0975081 0.044 9.05127e-05
0 0.318256 0 0.0514626 0 9.08592e-05
0 0.398429 0.724667 0.0774648 0.164 9.09537e-05
0 0.789545 0 0.0547129 0 9.19911e-05
0 0.206663 0.53 0.120802 0.382667 9.23825e-05
0 0.941766 0 0.0557963 0 9.27741e-05
0 0.0788191 0.206667 0.119718 0.32 9.30451e-05
0 0.0200433 0.23 0.0400867 0.292 9.39966e-05
0 0.528169 1 0.0520043 0 9.41373e-05
0 0.124865 0.858 0.111051 0.204 9.5108e-05
0 0.24377 0 0.0520043 0 9.73049e-05
0 0.588841 0.976 0.0790899 0.048 9.78505e-05
0 0.163597 0.826667 0.132178 0.346667 9.78574e-05
0 0.616739 0.974 0.0742145 0.052 9.79539e-05
0 0.503792 0.992 0.0520043 0.016 9.81067e-05
0 0.307151 0.0193333 0.0487541 0.0386667 9.82813e-05
0 0.0877573 1 0.0552546 0 9.8836e-05
0 0.342091 0.00133333 0.0514626 0.00266667 9.90027e-05
0 0.902492 0 0.0552546 0 9.90205e-05
0 0.606176 0.986 0.0422535 0.028 9.9068e-05
0 0.87974 0.509333 0.0823402 0.128 9.91759e-05
0 0.362676 0.628 0.0514626 0.0746667 9.92353e-05
0 0.435807 0.928 0.0698808 0.122667 9.99668e-05
0 0.112947 1 0.0557963 0 0.000100223
0 0.10428 0.992 0.0752979 0.016 0.000100685
0 0.876761 0 0.0557963 0 0.000100914
0 0.00947996 0.300667 0.0189599 0.217333 0.000101595
0 0.440412 0.988667 0.0476706 0.0226667 0.000103728
0 0.399242 0.012 0.0780065 0.024 0.000103936
0 0.372427 0.675333 0.0839653 0.148 0.000104048
0 0.668472 0.964 0.0465872 0.048 0.000104483
0 0.138137 1 0.0552546 0 0.000104759
0 0.736728 0.006 0.0790899 0.012 0.000104863
0 0.813922 0 0.0547129 0 0.000104915
0 0.162784 0.998667 0.0904659 0.00266667 0.000104955
0 0.221289 0.294 0.0557963 0.196 0.000105062
0 0.583965 0.961333 0.0498375 0.064 0.000105157
0 0.792253 0.01 0.0796316 0.02 0.00010517
0 0.354009 0.00333333 0.0503792 0.00666667 0.000105227
0 0.020585 0.487333 0.0411701 0.278667 0.000106045
0 0.459101 0.455333 0.0341278 0.108 0.000106189
0 0.317443 0.902667 0.0790899 0.170667 0.000106389
0 0.00731311 0.939333 0.0102925 0.121333 0.000106493
0 0.874594 0.006 0.0937161 0.012 0.000106516
0 0.229957 0.946 0.0287107 0.0733333 0.00010754
0 0.0511918 0.824667 0.067714 0.233333 0.000108035
0 0.284128 0.0226667 0.0720477 0.0453333 0.000108187
0 0.220477 0.0266667 0.0314193 0.0533333 0.000108718
0 0.56961 0.522667 0.0471289 0.258667 0.000109003
0 0.297129 0.644667 0.594258 0.710667 0.000109047
0 0.0157096 0.101333 0.028169 0.165333 0.000109519
0 0.238082 1 0.0785482 0 0.000109521
0 0.15493 0.305333 0.0585049 0.144 0.000109745
0 0.0162514 0.773333 0.0325027 0.210667 0.000110374
0 0.390033 0 0.0541712 0 0.000110549
0 0.245125 0.0166667 0.0460455 0.0333333 0.00011113
0 0.439599 1 0.0503792 0 0.000111519
0 0.108884 0.548 0.0855905 0.234667 0.000111898
0 0.188787 0.71 0.0622969 0.137333 0.000112097
0 0.489166 0.761333 0.035753 0.128 0.000112362
0 0.164139 0.869333 0.0877573 0.194667 0.000112518
0 0.450433 0.356 0.0222102 0.072 0.000112963
0 0.979957 0.0206667 0.0400867 0.0413333 0.00011314
0 0.115385 0.016 0.101842 0.032 0.000113175
0 0.562839 0.984667 0.0931744 0.0306667 0.000113276
0 0.166306 0.028 0.100758 0.056 0.0001143
0 0.485103 0.919333 0.067714 0.161333 0.00011445
0 0.690683 0.869333 0.167931 0.261333 0.000115178
0 0.628657 0.710667 0.0265439 0.0773333 0.000115833
0 0.439599 0.982667 0.0763814 0.0346667 0.000116242
0 0.457205 0.395333 0.0465872 0.156 0.000117549
0 0.465872 1 0.0498375 0 0.00011783
0 0.480498 0.986 0.0487541 0.028 0.000117934
0 0.0297941 0.728 0.0455038 0.154667 0.0001181
0 0.579361 0.539333 0.0276273 0.108 0.000118295
0 0.851842 0 0.0557963 0 0.000118406
0 0.144366 0.526667 0.0514626 0.149333 0.000120299
0 0.564193 0 0.0557963 0 0.0001215
0 0.407909 0.794667 0.0346696 0.0853333 0.000122356
0 0.640845 1 0.0530878 0 0.00012262
0 0.369989 0.386667 0.0476706 0.0586667 0.000122713
0 0.708288 0.924667 0.0514626 0.110667 0.00012284
0 0.711268 0.391333 0.0801734 0.108 0.000123931
0 0.983207 0.176667 0.0335861 0.116 0.000125082
0 0.537649 1 0.088299 0 0.00012533
0 0.218039 0.962667 0.0384615 0.0346667 0.000125436
0 0.249458 0.00466667 0.0774648 0.00933333 0.000126005
0 0.87974 0.046 0.0422535 0.0466667 0.000127429
0 0.709372 0.0133333 0.0644637 0.0266667 0.000127497
0 0.185807 0.00333333 0.084507 0.00666667 0.000128077
0 0.00839653 0.488 0.0167931 0.149333 0.000128258
0 0.984561 0.427333 0.0287107 0.1 0.000128814
0 0.98429 0.391333 0.0303359 0.092 0.000131291
0 0.261647 0.518 0.0303359 0.0333333 0.000131635
0 0.466143 0.410667 0.800108 0.821333 0.000131924
0 0.227519 1 0.0498375 0 0.000132491
0 0.560943 0.02 0.0893824 0.04 0.000132824
0 0.641387 0.989333 0.0520043 0.0213333 0.000132947
0 0.650054 0.995333 0.084507 0.00933333 0.000133651
0 0.0509209 1 0.0552546 0 0.000133831
0 0.763001 0.973333 0.0828819 0.0533333 0.000135262
0 0.764355 0 0.0834236 0 0.000135479
0 0.056338 0.775333 0.112676 0.364 0.000135994
0 0.220477 0.058 0.0260022 0.084 0.000137179
0 0.0100217 0.428667 0.0189599 0.228 0.000137613
0 0.268689 0.0166667 0.0498375 0.0333333 0.000137753
0 0.0203142 0.872 0.0406284 0.256 0.000138814
0 0.526815 0.943333 0.0861322 0.113333 0.00014001
0 0.384615 0.917333 0.0812568 0.138667 0.000140405
0 0.416576 0.022 0.0476706 0.044 0.000141032
0 0.688245 0.0186667 0.0492958 0.0373333 0.000142065
0 0.0213976 0.987333 0.0427952 0.0253333 0.000142395
0 0.447996 0.35 0.00975081 0.0466667 0.0001433
0 0.0604009 0.6 0.102384 0.216 0.000144447
0 0.983749 0.487333 0.0303359 0.1 0.000145633
0 0.936349 0.516667 0.0785482 0.164 0.000146477
0 0.43987 0 0.0552546 0 0.000147055
0 0.715872 0.108 0.0482123 0.125333 0.000149348
0 0.2974 0.954667 0.0368364 0.088 0.000149577
0 0.736999 0.44 0.0471289 0.152 0.000150121
0 0.504063 1 0.052546 0 0.000150329
0 0.0671723 0.008 0.0769231 0.016 0.000150866
0 0.539816 0 0.0557963 0 0.000151703
0 0.0660888 0.993333 0.0736728 0.0133333 0.000153153
0 0.843445 0.024 0.0855905 0.048 0.000153157
0 0.413597 0.960667 0.0709642 0.0786667 0.000153452
0 0.327194 0 0.0552546 0 0.000153619
0 0.172535 0.746 0.0828819 0.198667 0.000154193
0 0.96208 0.985333 0.0736728 0.0293333 0.000154581
0 0.98429 0.545333 0.0314193 0.096 0.000154686
0 0.218852 0.944 0.0335861 0.0613333 0.000154818
0 0.116197 0.782 0.151138 0.350667 0.000155533
0 0.212893 0.420667 0.425785 0.841333 0.000156766
0 0.461538 0.990667 0.084507 0.0186667 0.000157124
0 0.502709 0.966 0.0487541 0.0493333 0.000158005
0 0.0387324 0.214 0.0774648 0.358667 0.00015831
0 0.415222 0 0.0547129 0 0.000158624
0 0.192308 0.0113333 0.0790899 0.0226667 0.000158858
0 0.308776 0.951333 0.0595883 0.0973333 0.000160269
0 0.656826 0.944 0.0492958 0.0853333 0.000160275
0 0.534399 0.028 0.0590466 0.056 0.000160377
0 0.468852 0.022 0.0427952 0.044 0.000160871
0 0.500813 0.725333 0.0438787 0.122667 0.000161536
0 0.942579 0.642 0.0725894 0.18 0.000162535
0 0.112134 0 0.056338 0 0.000165645
0 0.00866739 0.549333 0.0173348 0.154667 0.000165852
0 0.984832 0 0.0303359 0 0.000166356
0 0.690412 0.0246667 0.0124594 0.0306667 0.000167643
0 0.478873 0.351333 0.0249187 0.076 0.000168831
0 0.743499 0.523333 0.0503792 0.116 0.000169795
0 0.776544 0.276 0.0265439 0.106667 0.000170223
0 0.504605 0.0173333 0.0492958 0.0346667 0.000172488
0 0.956392 0.256 0.0872156 0.306667 0.000172656
0 0.987812 0.930667 0.024377 0.138667 0.000172924
0 0.505146 0.927333 0.0774648 0.118667 0.000173468
0 0.21506 0.034 0.0455038 0.068 0.000173861
0 0.0622969 0 0.056338 0 0.000174135
0 0.643824 0.966 0.0482123 0.0466667 0.000174173
0 0.973998 0.392667 0.0476706 0.148 0.00017543
0 0.741333 0.922667 0.052546 0.117333 0.000175576
0 0.0208559 0.999333 0.0417118 0.00133333 0.000176104
0 0.514085 0 0.056338 0 0.000176558
0 0.315818 0.0113333 0.0801734 0.0226667 0.000176676
0 0.0861322 0 0.056338 0 0.000177555
0 0.973998 0.146 0.0498375 0.174667 0.000178632
0 0.463434 0.930667 0.0557963 0.125333 0.000178736
0 0.693662 0.034 0.0102925 0.0386667 0.000179308
0 0.1961 0.63 0.0736728 0.164 0.000180207
0 0.736186 0.984 0.0520043 0.032 0.000180336
0 0.0105634 0.867333 0.0102925 0.233333 0.000180904
0 0.989437 0.264667 0.0178765 0.129333 0.000181878
0 0.812297 0.862667 0.148971 0.274667 0.000181952
0 0.709642 0.962 0.0650054 0.068 0.000182594
0 0.815818 0 0.118093 0 0.000182688
0 0.0211268 0.640667 0.0346696 0.257333 0.000183197
0 0.277356 0 0.0552546 0 0.000183504
0 0.967226 0.519333 0.0655471 0.212 0.000183541
0 0.201246 0.536 0.0839653 0.170667 0.000184967
0 0.878386 0.0233333 0.0417118 0.0466667 0.000186406
0 0.207205 0.706667 0.0362947 0.101333 0.00018856
0 0.151408 0 0.0557963 0 0.000189392
0 0.416035 0.0146667 0.0834236 0.0293333 0.000189655
0 0.361051 0.012 0.0807151 0.024 0.000190592
0 0.697725 0.973333 0.0400867 0.04 0.000191275
0 0.991062 0.958667 0.00812568 0.0826667 0.000191837
0 0.124594 1 0.099675 0 0.000191978
0 0.987541 0.014 0.0238353 0.028 0.000192366
0 0.743499 0.11 0.052546 0.124 0.000193346
0 0.00812568 0.991333 0.0162514 0.0173333 0.000193422
0 0.450704 0.354 0.0368364 0.1 0.000193657
0 0.0365655 0.0606667 0.0731311 0.121333 0.000194927
0 0.239978 0.00733333 0.0769231 0.0146667 0.000195522
0 0.302275 0 0.0552546 0 0.000196579
0 0.468581 0.0166667 0.0888407 0.0333333 0.00019856
0 0.138137 0 0.056338 0 0.000199298
0 0.950704 0.088 0.0985916 0.176 0.00019947
0 0.968039 0.006 0.0552546 0.012 0.000199482
0 0.477248 0 0.056338 0 0.000200291
0 0.744312 0.468667 0.0671723 0.273333 0.000201421
0 0.540087 0.016 0.0866739 0.032 0.000201847
0 0.41441 0.993333 0.099675 0.0133333 0.000206433
0 0.490249 0.726 0.0195016 0.052 0.0002112
0 0.952871 0.849333 0.0736728 0.189333 0.000211382
0 0.177952 0.641333 0.0633803 0.12 0.000212012
0 0.316089 0.024 0.0666305 0.048 0.000212455
0 0.436349 0.957333 0.0612134 0.0853333 0.000212846
0 0.887595 0.032 0.0796316 0.064 0.000213702
0 0.263814 0.0193333 0.0801734 0.0386667 0.000214323
0 0.436349 0.022 0.0796316 0.044 0.000214609
0 0.969935 0.715333 0.0471289 0.121333 0.000215314
0 0.82909 0.471333 0.0644637 0.108 0.000216024
0 0.357801 0.0373333 0.0438787 0.0506667 0.000216695
0 0.521127 0.213333 0.0400867 0.146667 0.000217243
0 0.234561 0.026 0.0650054 0.052 0.000217967
0 0.384615 0.0413333 0.0455038 0.0506667 0.000230472
0 0.509751 0.992 0.0964247 0.016 0.000232508
0 0.0604009 0.248 0.120802 0.496 0.00023251
0 0.603196 0.958667 0.0687974 0.0826667 0.000234411
0 0.96831 0.594 0.0547129 0.142667 0.000235338
0 0.252709 0 0.0547129 0 0.000236437
0 0.962351 0.326667 0.0471289 0.0853333 0.000237229
0 0.585861 0 0.106717 0 0.000238027
0 0.862134 0.474 0.0503792 0.116 0.000238795
0 0.298483 0.002 0.0888407 0.004 0.000239105
0 0.981853 0.322667 0.0362947 0.224 0.000239688
0 0.00812568 0.611333 0.0162514 0.156 0.000239984
0 0.987541 0.786667 0.0216685 0.125333 0.000242836
0 0.786836 0.247333 0.0287107 0.102667 0.000245891
0 0.116468 0.394667 0.232936 0.789333 0.000248968
0 0.00839653 0.702 0.0167931 0.228 0.000249431
0 0.533044 0.05 0.0379198 0.068 0.000251848
0 0.00893824 0.828 0.0178765 0.256 0.000253787
0 0.972644 0.875333 0.0547129 0.241333 0.000254568
0 0.661159 0.957333 0.0915493 0.0853333 0.000258731
0 0.725623 0.520667 0.0687974 0.193333 0.000259792
0 0.837486 0.927333 0.0812568 0.134667 0.000260582
0 0.499187 0.026 0.0807151 0.052 0.00026344
0 0.213976 0 0.0552546 0 0.000266734
0 0.572589 0.87 0.106176 0.26 0.000268241
0 0.707205 0.0606667 0.0341278 0.121333 0.000272554
0 0.086403 1 0.0980498 0 0.000273774
0 0.983478 0.994667 0.0265439 0.0106667 0.000274214
0 0.152763 0.460667 0.0595883 0.118667 0.000274478
0 0.417118 0.944 0.035753 0.0853333 0.000275231
0 0.444475 0.344 0.0157096 0.0533333 0.000275527
0 0.0105634 1 0.0211268 0 0.000275939
0 0.697454 0.94 0.103467 0.109333 0.000276374
0 0.859967 0.6 0.280065 0.8 0.000277291
0 0.0108342 0.520667 0.0195016 0.246667 0.000278092
0 0.640033 0.985333 0.0872156 0.0293333 0.000278962
0 0.892741 0.012 0.0953413 0.024 0.000280225
0 0.984832 0.580667 0.0303359 0.252 0.000281589
0 0.982936 0.212 0.0341278 0.277333 0.000283177
0 0.442849 0.944 0.0373781 0.0853333 0.00028488
0 0.0704225 0.526 0.140845 0.412 0.000287126
0 0.892741 0.994667 0.128927 0.0106667 0.000287978
0 0.164951 0.00133333 0.121885 0.00266667 0.000296499
0 0.0590466 0.0293333 0.108342 0.0586667 0.000296592
0 0.690412 0.0366667 0.024377 0.0386667 0.000296694
0 0.028169 0.602 0.056338 0.342667 0.000303005
0 0.0178765 0.05 0.0346696 0.1 0.0003034
0 0.972914 0.473333 0.0476706 0.157333 0.000308632
0 0.982936 0.643333 0.0341278 0.156 0.00030882
0 0.0422535 0.997333 0.084507 0.00533333 0.000313315
0 0.532232 0.0246667 0.039545 0.0493333 0.000313455
0 0.0289816 1 0.052546 0 0.000316764
0 0.189328 0 0.0557963 0 0.000316897
0 0.989707 0.144 0.0195016 0.16 0.000318227
0 0.152221 0.588667 0.304442 0.822667 0.000320795
0 0.511647 0.0226667 0.0720477 0.0453333 0.000322344
0 0.00839653 0.908 0.0167931 0.184 0.000328999
0 0.470206 0.96 0.0422535 0.08 0.000330701
0 0.484832 0.986 0.0790899 0.028 0.000330775
0 0.956392 0.762667 0.0861322 0.298667 0.000333142
0 0.0235645 0.0113333 0.0471289 0.0226667 0.00033319
0 0.335861 0.0213333 0.071506 0.0426667 0.000343175
0 0.387866 0.00666667 0.105092 0.0133333 0.000346956
0 0.911159 0.00533333 0.104009 0.0106667 0.000348774
0 0.337486 0.00466667 0.099675 0.00933333 0.000352902
0 0.981853 0.084 0.0362947 0.168 0.000358282
0 0.961268 0.0293333 0.0536295 0.0453333 0.000360999
0 0.701517 0.898 0.131094 0.204 0.000367731
0 0.439057 0 0.113218 0 0.000370261
0 0.571506 0.519333 0.0314193 0.118667 0.000373358
0 0.972914 0.236 0.0541712 0.16 0.000374434
0 0.523294 0.632 0.686891 0.736 0.000375261
0 0.96533 0 0.056338 0 0.000378074
0 0.984561 0.456667 0.0308776 0.249333 0.000379266
0 0.263814 0 0.102925 0 0.000383472
0 0.96208 0.0106667 0.0758397 0.0213333 0.000386565
0 0.169556 0.619333 0.0422535 0.084 0.000389682
0 0.0877573 0.00333333 0.136511 0.00666667 0.000395227
0 0.866197 0 0.130011 0 0.000417975
0 0.991603 0.940667 0.0124594 0.118667 0.00042269
0 0.400867 0.616 0.0823402 0.0986667 0.000426345
0 0.209913 0 0.0937161 0 0.00042682
0 0.969664 0.812 0.0433369 0.125333 0.000428781
0 0.981311 0.322667 0.0373781 0.0906667 0.000428871
0 0.967497 0.667333 0.0509209 0.161333 0.000432216
0 0.781419 0.347333 0.437161 0.694667 0.000432631
0 0.98727 0.364 0.0200433 0.109333 0.000443863
0 0.343716 0.589333 0.067714 0.125333 0.000450364
0 0.992145 0.975333 0.0157096 0.0493333 0.000450437
0 0.98104 0.995333 0.0379198 0.00933333 0.000453499
0 0.988624 0.733333 0.020585 0.112 0.00045973
0 0.287649 0.723333 0.0249187 0.0493333 0.000462794
0 0.986728 0.304667 0.0211268 0.110667 0.000469184
0 0.536295 0 0.11701 0 0.000472595
0 0.176327 0.582 0.0503792 0.148 0.00047795
0 0.470477 0.966667 0.0330444 0.0453333 0.000482737
0 0.490791 0.0146667 0.0866739 0.0293333 0.000496163
0 0.0102925 0.614 0.0184182 0.246667 0.000520934
0 0.987812 0.208667 0.0178765 0.116 0.000522867
0 0.747833 0.477333 0.039545 0.170667 0.000560126
0 0.0181473 0.834 0.024377 0.257333 0.000561121
0 0.484561 0.964 0.0427952 0.072 0.000570704
0 0.936891 0.996 0.106717 0.008 0.00057223
0 0.605092 0.968667 0.0379198 0.0493333 0.000576626
0 0.990249 0.419333 0.0130011 0.134667 0.000580558
0 0.979415 1 0.0379198 0 0.000587585
0 0.988624 0.672667 0.0184182 0.124 0.000594216
0 0.131094 0.530667 0.136511 0.376 0.000600147
0 0.0422535 0.735333 0.0509209 0.1 0.00060158
0 0.490249 0.944667 0.0433369 0.084 0.000604912
0 0.980228 0.0706667 0.039545 0.0906667 0.000628755
0 0.228602 0.241333 0.0574215 0.154667 0.000642155
0 0.488895 0 0.124052 0 0.000655725
0 0.987812 1 0.0178765 0 0.000660772
0 0.842633 0.448667 0.0709642 0.228 0.000739249
0 0.988353 0.518667 0.0167931 0.117333 0.000750634
0 0.987541 0.985333 0.0108342 0.0293333 0.000757632
0 0.982394 0.84 0.0287107 0.208 0.000771997
0 0.91468 0 0.118635 0 0.000785278
0 0.953142 0.0393333 0.0904659 0.0786667 0.000810508
0 0.988624 0.609333 0.0162514 0.117333 0.000814303
0 0.988082 0.456667 0.0162514 0.113333 0.000817441
0 0.732123 0.0813333 0.0297941 0.141333 0.000823018
0 0.988353 0.918 0.0135428 0.14 0.000846257
0 0.978332 0.034 0.0433369 0.0653333 0.000956893
0 0.797942 0.5 0.404117 1 0.00098956
0 0.964247 0.0633333 0.071506 0.126667 0.00104307
0 0.0303359 0.826667 0.0606717 0.285333 0.00104596
0 0.584778 0.938 0.0666305 0.105333 0.00104838
0 0.955309 0.736 0.0568797 0.112 0.00109283
0 0.580444 0.506667 0.0211268 0.0826667 0.00112227
0 0.969935 0.287333 0.0514626 0.134667 0.00118929
0 0.222644 0.5 0.445287 1 0.00121724
0 0.396804 0.0293333 0.0655471 0.0533333 0.0012835
0 0.666035 0.476 0.667931 0.952 0.00129926
0 0.723456 0.692 0.504334 0.616 0.00135906
0 0.747833 0.96 0.0731311 0.0666667 0.00137337
0 0.766793 0.89 0.146804 0.22 0.00143125
0 0.77844 0.229333 0.0195016 0.096 0.00163453
0 0.0379198 0.00666667 0.0758397 0.0133333 0.00182319
0 0.804171 0.907333 0.106717 0.153333 0.00216553
0 0.988082 0.0566667 0.020585 0.1 0.00226516
0 0.48104 0.96 0.0292524 0.0533333 0.00230094
0 0.359155 0.0233333 0.0606717 0.0466667 0.00232809
0 0.349404 0.606667 0.0400867 0.0933333 0.00243671
0 0.381094 0.644 0.0774648 0.0666667 0.0029655
0 0.160076 0.594 0.0287107 0.092 0.0032073
0 0.371885 0.518667 0.433911 0.962667 0.0032524
0 0.768147 0.936 0.105092 0.096 0.00389137
0 0.15818 0.556 0.071506 0.226667 0.00407094
0 0.380011 0.614 0.118635 0.22 0.00408473
0 0.572048 0.902 0.0758397 0.161333 0.00410007
0 0.969122 0.760667 0.0433369 0.129333 0.00713433
0 0.379198 0.625333 0.056338 0.0533333 0.0105739
0 0.703955 0.444667 0.0427952 0.164 0.0110506
0 0.96831 0.0526667 0.052546 0.0893333 0.011273
0 0.156284 0.578 0.0460455 0.126667 0.013578
0 0.771668 0.244667 0.0330444 0.153333 0.013849
0 0.720206 0.483333 0.244312 0.689333 0.0174427
0 0.732394 0.927333 0.119177 0.126667 0.0231757
0 0.960997 0.762667 0.0325027 0.08 0.0311855
0 0.773023 0.245333 0.0195016 0.112 0.0849935
0 0.37351 0.607333 0.088299 0.113333 0.272238
0 0.847508 0.466667 0.0362947 0.112 0.50171
0 0.72779 0.112667 0.0222102 0.110667 0.545592
0 0.718852 0.45 0.0693391 0.22 0.840483
