0 0.175244 0.200667 0.270314 0.401333 1.10071e-05
0 0.145991 0.583333 0.0482123 0.126667 1.10108e-05
0 0.093987 0.676667 0.0687974 0.18 1.10246e-05
0 0.971831 0.944 0.0390032 0.064 1.10554e-05
0 0.429848 0.993333 0.0438787 0.0133333 1.11038e-05
0 0.0265439 0.616667 0.0444204 0.137333 1.1155e-05
0 0.542795 0.963333 0.102925 0.0733333 1.11742e-05
0 0.721289 0.187333 0.203142 0.374667 1.11969e-05
0 0.0273564 0.494 0.0482123 0.145333 1.11983e-05
0 0.474269 0.797333 0.203142 0.405333 1.12401e-05
0 0.799567 0.856 0.0498375 0.125333 1.12409e-05
0 0.587216 0.328 0.0465872 0.168 1.12427e-05
0 0.55688 0.884667 0.092091 0.22 1.12495e-05
0 0.491874 0.778 0.0801734 0.148 1.13148e-05
0 0.370802 0.150667 0.024377 0.122667 1.13224e-05
0 0.28494 0.464 0.15493 0.288 1.1328e-05
0 0.157367 0.674667 0.0492958 0.106667 1.13949e-05
0 0.86701 0.226 0.0536295 0.0866667 1.1415e-05
0 0.456663 0.524667 0.0671723 0.142667 1.14468e-05
0 0.816089 0.333333 0.0785482 0.165333 1.14692e-05
0 0.91143 0.804 0.17714 0.392 1.15425e-05
0 0.0276273 0.678 0.0465872 0.137333 1.1701e-05
0 0.936891 0.501333 0.0460455 0.064 1.17697e-05
0 0.160076 0.342667 0.0471289 0.136 1.17835e-05
0 0.18364 0.278 0.0780065 0.188 1.18093e-05
0 0.252979 0.418 0.084507 0.156 1.18278e-05
0 0.38299 0.472 0.0585049 0.138667 1.18382e-05
0 0.517335 0.529333 0.0509209 0.296 1.18394e-05
0 0.584778 0.326 0.0633803 0.289333 1.1867e-05
0 0.256771 0.916 0.0476706 0.114667 1.18857e-05
0 0.105905 0.586 0.0503792 0.134667 1.19089e-05
0 0.606988 0.992 0.0406284 0.016 1.1934e-05
0 0.888949 0.646667 0.0520043 0.096 1.19571e-05
0 0.884345 0.879333 0.113218 0.22 1.19728e-05
0 0.971289 0.048 0.0379198 0.064 1.20147e-05
0 0.213705 0.274 0.0460455 0.158667 1.20506e-05
0 0.573673 0.829333 0.201517 0.341333 1.20849e-05
0 0.985103 0.177333 0.0232936 0.104 1.2113e-05
0 0.817172 0.596 0.0774648 0.138667 1.21163e-05
0 0.834778 0.514667 0.0888407 0.149333 1.21238e-05
0 0.623239 0.05 0.0590466 0.1 1.21381e-05
0 0.594258 0.643333 0.0953413 0.212 1.21859e-05
0 0.209101 0.086 0.0411701 0.0786667 1.21943e-05
0 0.238895 0.960667 0.0877573 0.0786667 1.22158e-05
0 0.906013 0.268667 0.0915493 0.268 1.22223e-05
0 0.364843 0.403333 0.140303 0.630667 1.22702e-05
0 0.628115 0.930667 0.0265439 0.0773333 1.2295e-05
0 0.620531 0.988 0.031961 0.024 1.23884e-05
0 0.368635 0.996667 0.0471289 0.00666667 1.24215e-05
0 0.407367 0.476667 0.0530878 0.129333 1.24427e-05
0 0.738895 0.904667 0.056338 0.14 1.2464e-05
0 0.670368 0.625333 0.138137 0.552 1.25544e-05
0 0.66766 0.938667 0.0254605 0.088 1.25573e-05
0 0.61701 0.844667 0.0487541 0.193333 1.25786e-05
0 0.160888 0.15 0.0942579 0.3 1.25971e-05
0 0.709913 0.400667 0.0373781 0.105333 1.26184e-05
0 0.694745 0.723333 0.0482123 0.302667 1.26655e-05
0 0.438516 0.0906667 0.0731311 0.136 1.2723e-05
0 0.942849 0.998 0.0482123 0.004 1.27977e-05
0 0.330986 0.0273333 0.0325027 0.0546667 1.28036e-05
0 0.630282 0.648667 0.0828819 0.150667 1.28381e-05
0 0.944204 0.337333 0.099675 0.16 1.29669e-05
0 0.637053 0.368667 0.028169 0.0653333 1.30089e-05
0 0.31636 0.957333 0.0964247 0.0853333 1.30168e-05
0 0.912784 0.962667 0.130011 0.0746667 1.30414e-05
0 0.931744 0.092 0.0780065 0.184 1.3049e-05
0 0.605634 0.265333 0.0790899 0.178667 1.30539e-05
0 0.772752 0.0253333 0.0807151 0.0506667 1.30656e-05
0 0.479686 0.114667 0.0330444 0.096 1.30685e-05
0 0.383261 0.530667 0.0861322 0.248 1.30697e-05
0 0.208559 0.118667 0.0455038 0.106667 1.30861e-05
0 0.895991 0.215333 0.0400867 0.0573333 1.30871e-05
0 0.798212 0.105333 0.0427952 0.0853333 1.30911e-05
0 0.0547129 0.0933333 0.0476706 0.114667 1.30969e-05
0 0.612134 0.836667 0.0758397 0.286667 1.31087e-05
0 0.942849 0.204667 0.0947996 0.182667 1.31108e-05
0 0.789003 0.149333 0.100217 0.170667 1.3161e-05
0 0.589653 0.634667 0.052546 0.117333 1.31835e-05
0 0.972914 0.487333 0.0411701 0.092 1.3185e-05
0 0.490249 0.592 0.0790899 0.178667 1.31861e-05
0 0.0782774 0.274667 0.13597 0.277333 1.32202e-05
0 0.758397 0.208 0.0888407 0.250667 1.3373e-05
0 0.883261 0.196 0.0471289 0.0453333 1.33783e-05
0 0.762188 0.335333 0.0834236 0.161333 1.34007e-05
0 0.586945 0.540667 0.06013 0.284 1.34825e-05
0 0.272481 0.839333 0.177681 0.321333 1.34865e-05
0 0.668202 0.966 0.0287107 0.044 1.35741e-05
0 0.767606 0.02 0.0455038 0.04 1.35801e-05
0 0.198267 0.940667 0.0368364 0.105333 1.35987e-05
0 0.836132 0.076 0.0763814 0.152 1.37236e-05
0 0.487541 0.518667 0.0704225 0.16 1.37492e-05
0 0.636782 0.98 0.0417118 0.04 1.37495e-05
0 0.185265 0.148667 0.0704225 0.204 1.3759e-05
0 0.311213 0.0506667 0.0308776 0.072 1.37743e-05
0 0.137053 0.113333 0.0834236 0.226667 1.38296e-05
0 0.316901 0.413333 0.105092 0.138667 1.38447e-05
0 0.661701 0.266667 0.103467 0.272 1.38611e-05
0 0.612947 0.5 0.13597 0.568 1.39119e-05
0 0.862134 0.646667 0.0492958 0.08 1.3941e-05
0 0.78467 0.646667 0.0915493 0.218667 1.39447e-05
0 0.536024 0.142667 0.0980498 0.272 1.39655e-05
0 0.947183 0.969333 0.0991333 0.0613333 1.40034e-05
0 0.982665 0.968 0.0346696 0.064 1.40267e-05
0 0.646262 0.383333 0.0195016 0.0866667 1.40687e-05
0 0.377844 0.0606667 0.0254605 0.044 1.4095e-05
0 0.722102 0.148 0.0390032 0.0586667 1.41646e-05
0 0.210997 0.221333 0.0731311 0.229333 1.41996e-05
0 0.386241 0.989333 0.0736728 0.0213333 1.4228e-05
0 0.0197725 0.336 0.039545 0.114667 1.42348e-05
0 0.891928 0.512 0.103467 0.250667 1.42633e-05
0 0.380553 0.993333 0.0460455 0.0133333 1.43596e-05
0 0.734561 0.05 0.0747562 0.0733333 1.43645e-05
0 0.417931 0.519333 0.13597 0.601333 1.43755e-05
0 0.443391 0.91 0.0482123 0.092 1.44083e-05
0 0.0652763 0.996667 0.0482123 0.00666667 1.44163e-05
0 0.0799025 0.0193333 0.0492958 0.0386667 1.44325e-05
0 0.17091 0.192 0.163055 0.384 1.44334e-05
0 0.407638 0.410667 0.0763814 0.24 1.44552e-05
0 0.864572 0.433333 0.0953413 0.256 1.45235e-05
0 0.106446 0.052 0.0503792 0.0666667 1.45477e-05
0 0.710455 0.676 0.0384615 0.114667 1.46538e-05
0 0.659805 0.472667 0.0606717 0.113333 1.46697e-05
0 0.985374 0.111333 0.0249187 0.1 1.4719e-05
0 0.0186891 0.424667 0.0178765 0.246667 1.47216e-05
0 0.394908 0.922 0.0520043 0.0706667 1.4735e-05
0 0.65818 0.140667 0.101842 0.281333 1.47891e-05
0 0.673348 0.622 0.0812568 0.177333 1.4815e-05
0 0.9461 0.154667 0.107801 0.309333 1.48516e-05
0 0.869447 0.99 0.0747562 0.02 1.48541e-05
0 0.25325 0.160667 0.0698808 0.204 1.49127e-05
0 0.9052 0.191333 0.0758397 0.153333 1.49416e-05
0 0.851029 0.683333 0.0660888 0.113333 1.50236e-05
0 0.669556 0.502667 0.0270856 0.0666667 1.50632e-05
0 0.773294 0.982 0.0698808 0.036 1.50698e-05
0 0.32286 0.0526667 0.0422535 0.0893333 1.51103e-05
0 0.637324 0.352 0.0568797 0.144 1.51449e-05
0 0.284399 0.966667 0.0520043 0.048 1.51635e-05
0 0.357259 0.006 0.052546 0.012 1.52398e-05
0 0.589382 0.907333 0.0823402 0.14 1.53147e-05
0 0.211268 0.396667 0.0238353 0.166667 1.53478e-05
0 0.637866 0.208 0.103467 0.216 1.53982e-05
0 0.186891 0.994667 0.0704225 0.0106667 1.54306e-05
0 0.378115 0.072 0.0530878 0.144 1.5659e-05
0 0.259751 0.974667 0.0287107 0.048 1.5674e-05
0 0.630823 0.593333 0.0763814 0.152 1.57484e-05
0 0.581257 0.446 0.0184182 0.052 1.57581e-05
0 0.0923619 0.920667 0.0417118 0.126667 1.57751e-05
0 0.761918 0.804 0.0536295 0.162667 1.58207e-05
0 0.415222 0.516667 0.0807151 0.193333 1.58863e-05
0 0.625406 1 0.0655471 0 1.59178e-05
0 0.582069 0.437333 0.0341278 0.0933333 1.59199e-05
0 0.713434 0.578 0.0812568 0.172 1.59363e-05
0 0.110238 0.0793333 0.0644637 0.145333 1.59595e-05
0 0.337486 0.107333 0.0628386 0.14 1.60608e-05
0 0.311213 0.916 0.1013 0.168 1.60962e-05
0 0.535211 0.550667 0.0487541 0.104 1.60971e-05
0 0.713976 0.167333 0.0693391 0.132 1.61316e-05
0 0.180661 0.762 0.0503792 0.166667 1.61494e-05
0 0.136241 0.997333 0.0785482 0.00533333 1.61603e-05
0 0.514355 0.464667 0.0471289 0.118667 1.62191e-05
0 0.158992 0.611333 0.0438787 0.110667 1.62223e-05
0 0.660076 0.585333 0.0514626 0.12 1.62306e-05
0 0.377031 0.423333 0.0682557 0.116 1.62344e-05
0 0.702871 0.962 0.0492958 0.0573333 1.6239e-05
0 0.0438787 0.0626667 0.0509209 0.0933333 1.63161e-05
0 0.580986 0.213333 0.0449621 0.133333 1.63171e-05
0 0.51896 0.0506667 0.0455038 0.0693333 1.63667e-05
0 0.0325027 0.168 0.0400867 0.216 1.64155e-05
0 0.476165 0.196 0.137595 0.392 1.64451e-05
0 0.511647 0.412667 0.0579632 0.121333 1.64769e-05
0 0.98429 0.913333 0.0195016 0.0906667 1.65269e-05
0 0.247291 0.976667 0.0308776 0.0466667 1.65444e-05
0 0.0869447 0.919333 0.0872156 0.161333 1.65526e-05
0 0.78467 0.264667 0.0774648 0.132 1.66445e-05
0 0.472914 0.0893333 0.0249187 0.08 1.66849e-05
0 0.156013 0.711333 0.0736728 0.156 1.67466e-05
0 0.256771 0.765333 0.113759 0.229333 1.67973e-05
0 0.861322 0.0113333 0.0303359 0.0226667 1.68663e-05
0 0.153575 0.997333 0.0460455 0.00533333 1.68786e-05
0 0.715601 0.950667 0.071506 0.0986667 1.70009e-05
0 0.832882 0.466 0.100217 0.121333 1.70934e-05
0 0.70558 1 0.0579632 0 1.71572e-05
0 0.40818 0.414 0.0579632 0.142667 1.71683e-05
0 0.0278982 0.554667 0.0449621 0.138667 1.71787e-05
0 0.682015 0.580667 0.056338 0.137333 1.72219e-05
0 0.865385 1 0.0503792 0 1.736e-05
0 0.87026 0.358667 0.151138 0.549333 1.73774e-05
0 0.891387 0.403333 0.0514626 0.0546667 1.75092e-05
0 0.536295 0.405333 0.0671723 0.149333 1.75357e-05
0 0.672535 0.860667 0.0287107 0.153333 1.75819e-05
0 0.852384 0 0.0492958 0 1.75924e-05
0 0.382719 0.00466667 0.0514626 0.00933333 1.76718e-05
0 0.737541 0.651333 0.0731311 0.164 1.77428e-05
0 0.127573 0.998 0.0471289 0.004 1.77512e-05
0 0.225081 0.685333 0.0449621 0.213333 1.77614e-05
0 0.868635 0.00666667 0.0113759 0.0133333 1.77616e-05
0 0.281419 0.994 0.0438787 0.012 1.77932e-05
0 0.173889 0.842667 0.184182 0.314667 1.78021e-05
0 0.9461 0.272 0.0926327 0.162667 1.78238e-05
0 0.764626 0.204667 0.156555 0.409333 1.79715e-05
0 0.570964 0.468 0.0541712 0.306667 1.79784e-05
0 0.260834 0.915333 0.0687974 0.169333 1.80287e-05
0 0.846154 0.644667 0.0509209 0.06 1.80684e-05
0 0.417118 0.0673333 0.0725894 0.134667 1.81176e-05
0 0.867822 0.624667 0.0465872 0.0466667 1.81221e-05
0 0.521939 0.535333 0.0406284 0.108 1.8143e-05
0 0.482124 0.405333 0.0823402 0.202667 1.82079e-05
0 0.161701 0.938667 0.0807151 0.122667 1.82331e-05
0 0.638137 0.397333 0.0487541 0.125333 1.82944e-05
0 0.0433369 0.0286667 0.0520043 0.0573333 1.83098e-05
0 0.192308 0.0246667 0.0585049 0.0493333 1.83187e-05
0 0.830173 0 0.0503792 0 1.83613e-05
0 0.791983 0 0.0520043 0 1.84364e-05
0 0.434724 0.472667 0.0785482 0.14 1.84396e-05
0 0.667931 0.714 0.0682557 0.148 1.84482e-05
0 0.312026 0.650667 0.151679 0.24 1.84901e-05
0 0.0888407 0.998 0.0476706 0.004 1.85921e-05
0 0.0723185 0.922667 0.031961 0.114667 1.86339e-05
0 0.0758397 0.156 0.151679 0.312 1.87439e-05
0 0.729686 0.807333 0.11701 0.158667 1.88759e-05
0 0.0807151 0.088 0.0953413 0.146667 1.89417e-05
0 0.700433 0.977333 0.0346696 0.04 1.89777e-05
0 0.232124 0.144 0.0752979 0.28 1.90188e-05
0 0.703955 0.708667 0.0178765 0.044 1.90338e-05
0 0.330173 0.997333 0.0438787 0.00533333 1.90703e-05
0 0.193662 0.0826667 0.0352113 0.0613333 1.90849e-05
0 0.562297 0.546 0.0823402 0.132 1.92738e-05
0 0.0167931 0.701333 0.0335861 0.12 1.93025e-05
0 0.61078 0.104 0.0904659 0.208 1.93626e-05
0 0.58532 0.0233333 0.0850488 0.0466667 1.94053e-05
0 0.730498 0.396 0.0980498 0.218667 1.94087e-05
0 0.0181473 0.796 0.0362947 0.130667 1.9646e-05
0 0.796045 0.0913333 0.024377 0.0893333 1.97024e-05
0 0.687432 0.422 0.0249187 0.0946667 1.97256e-05
0 0.466956 0.157333 0.0390032 0.16 1.9731e-05
0 0.786566 0.487333 0.143012 0.590667 1.97393e-05
0 0.660076 0.397333 0.0666305 0.24 1.97642e-05
0 0.0184182 0.398 0.0368364 0.121333 1.97947e-05
0 0.983478 0.822667 0.0308776 0.221333 1.98453e-05
0 0.892741 0.00333333 0.0530878 0.00666667 1.9846e-05
0 0.530607 0.016 0.0449621 0.032 1.9994e-05
0 0.880823 0 0.0509209 0 2.00825e-05
0 0.316631 0.510667 0.120802 0.221333 2.01742e-05
0 0.84805 0.413333 0.0980498 0.109333 2.01789e-05
0 0.558234 0.326 0.0687974 0.270667 2.02031e-05
0 0.884074 0.128667 0.0476706 0.076 2.02208e-05
0 0.720477 0.300667 0.0314193 0.0893333 2.02422e-05
0 0.56961 0.208667 0.154388 0.417333 2.02666e-05
0 0.788191 0.211333 0.0964247 0.148 2.03166e-05
0 0.693933 0.660667 0.0422535 0.116 2.03415e-05
0 0.539545 0.341333 0.0725894 0.165333 2.04399e-05
0 0.866468 0.75 0.0514626 0.278667 2.04916e-05
0 0.192308 0.996667 0.0444204 0.00666667 2.05195e-05
0 0.789274 0.347333 0.0812568 0.153333 2.0626e-05
0 0.172806 0.374 0.0520043 0.116 2.07198e-05
0 0.155742 0.114667 0.0471289 0.106667 2.07914e-05
0 0.781961 0.994 0.0471289 0.012 2.07937e-05
0 0.43364 0.917333 0.0839653 0.165333 2.08039e-05
0 0.725894 0.496 0.163597 0.632 2.08285e-05
0 0.627031 0.966667 0.0232936 0.0533333 2.09054e-05
0 0.563109 0.631333 0.0752979 0.284 2.10273e-05
0 0.213705 0.266 0.0276273 0.0973333 2.10315e-05
0 0.20558 0.832 0.0557963 0.141333 2.11211e-05
0 0.865385 0.014 0.0167931 0.028 2.13056e-05
0 0.644908 0.000666667 0.052546 0.00133333 2.1353e-05
0 0.696371 0.402 0.0276273 0.105333 2.14118e-05
0 0.272481 0.974 0.0335861 0.044 2.14889e-05
0 0.819068 0.998667 0.0465872 0.00266667 2.14955e-05
0 0.76598 0 0.0530878 0 2.15243e-05
0 0.0720477 0.845333 0.144095 0.309333 2.16087e-05
0 0.871614 0.326 0.0487541 0.108 2.16238e-05
0 0.295775 0.0233333 0.063922 0.0466667 2.16751e-05
0 0.42714 0.934667 0.0471289 0.0853333 2.17596e-05
0 0.467497 0.391333 0.145179 0.622667 2.18314e-05
0 0.572048 0.421333 0.0444204 0.104 2.1845e-05
0 0.67091 0.787333 0.0666305 0.148 2.18539e-05
0 0.926056 0.0766667 0.0373781 0.0733333 2.18594e-05
0 0.50948 0.335333 0.0893824 0.217333 2.18665e-05
0 0.310943 0.346667 0.092091 0.232 2.19236e-05
0 0.615385 0.342 0.0736728 0.158667 2.19247e-05
0 0.631907 0 0.0514626 0 2.19538e-05
0 0.651679 1 0.0628386 0 2.20657e-05
0 0.313109 0.877333 0.145179 0.2 2.20916e-05
0 0.0590466 0.992667 0.0736728 0.0146667 2.21328e-05
0 0.580173 0.0126667 0.0455038 0.0253333 2.21557e-05
0 0.0165222 0.671333 0.0178765 0.244 2.22223e-05
0 0.254605 0.342667 0.122427 0.293333 2.22614e-05
0 0.6013 0.606 0.0444204 0.110667 2.23006e-05
0 0.735103 0.57 0.0823402 0.246667 2.23048e-05
0 0.330986 0.0666667 0.0650054 0.133333 2.23791e-05
0 0.839924 0.322667 0.0926327 0.250667 2.25021e-05
0 0.805796 0.0926667 0.0742145 0.142667 2.25154e-05
0 0.260834 0.992667 0.0590466 0.0146667 2.26092e-05
0 0.957747 0.00133333 0.0509209 0.00266667 2.26603e-05
0 0.332882 0.173333 0.0720477 0.210667 2.26841e-05
0 0.184182 0.211333 0.104009 0.364 2.28037e-05
0 0.861051 0.718 0.067714 0.137333 2.29295e-05
0 0.98429 0.968 0.0227519 0.0426667 2.29743e-05
0 0.408722 0.174 0.0687974 0.182667 2.31141e-05
0 0.437703 0.158667 0.0671723 0.162667 2.31235e-05
0 0.954225 0.245333 0.0915493 0.490667 2.31377e-05
0 0.535211 0.466667 0.0682557 0.130667 2.31428e-05
0 0.463164 0.467333 0.0758397 0.134667 2.31999e-05
0 0.768418 0.991333 0.0406284 0.0173333 2.3282e-05
0 0.357259 0.156 0.0514626 0.202667 2.32868e-05
0 0.61078 0.264 0.152221 0.528 2.33572e-05
0 0.843445 0.999333 0.0476706 0.00133333 2.33726e-05
0 0.661159 0.507333 0.0449621 0.118667 2.34705e-05
0 0.860238 0.636667 0.0942579 0.084 2.35376e-05
0 0.928223 1 0.0503792 0 2.36469e-05
0 0.286836 0.949333 0.0872156 0.0986667 2.36881e-05
0 0.784128 0.822 0.0503792 0.164 2.37757e-05
0 0.73429 0.979333 0.0752979 0.0413333 2.39053e-05
0 0.750542 0.964667 0.0427952 0.0706667 2.39765e-05
0 0.103738 0.0213333 0.0503792 0.0426667 2.39794e-05
0 0.0647346 0.716667 0.0742145 0.204 2.39887e-05
0 0.330986 0.00266667 0.0520043 0.00533333 2.43177e-05
0 0.764085 0.584667 0.0731311 0.164 2.43191e-05
0 0.455309 0.996667 0.0482123 0.00666667 2.43556e-05
0 0.431203 0.407333 0.0736728 0.193333 2.43746e-05
0 0.022481 0.265333 0.0352113 0.202667 2.44032e-05
0 0.812297 0.992 0.0850488 0.016 2.44206e-05
0 0.733207 0.103333 0.0969664 0.206667 2.44649e-05
0 0.591008 0.96 0.0877573 0.08 2.44738e-05
0 0.860238 0.618667 0.0476706 0.024 2.46923e-05
0 0.669285 0.990667 0.0373781 0.0186667 2.47072e-05
0 0.25325 0.0853333 0.0341278 0.0853333 2.47313e-05
0 0.159805 0.396667 0.0487541 0.116 2.47701e-05
0 0.635699 0.468 0.0622969 0.114667 2.48464e-05
0 0.538732 0.791333 0.0807151 0.292 2.49018e-05
0 0.791441 0.0246667 0.109426 0.0493333 2.50454e-05
0 0.39247 0.0233333 0.102384 0.0466667 2.50488e-05
0 0.728061 0.491333 0.099675 0.185333 2.50561e-05
0 0.480228 0.998 0.0492958 0.004 2.52006e-05
0 0.236457 0.0886667 0.0384615 0.0866667 2.52483e-05
0 0.631094 1 0.0325027 0 2.52805e-05
0 0.0178765 0.606667 0.0260022 0.250667 2.53073e-05
0 0.334236 0.254 0.0411701 0.497333 2.53147e-05
0 0.0853196 0.115333 0.122969 0.230667 2.53714e-05
0 0.647616 0.903333 0.0492958 0.169333 2.54904e-05
0 0.457476 0.0166667 0.0417118 0.0333333 2.5507e-05
0 0.881094 0.270667 0.0872156 0.170667 2.55679e-05
0 0.725894 0.727333 0.0747562 0.134667 2.56295e-05
0 0.953955 0.722 0.092091 0.508 2.56478e-05
0 0.0184182 0.86 0.0368364 0.136 2.56578e-05
0 0.987812 0.876667 0.0092091 0.129333 2.57559e-05
0 0.482665 0.669333 0.092091 0.242667 2.57584e-05
0 0.261105 0.0653333 0.0769231 0.130667 2.59658e-05
0 0.681473 0.462667 0.056338 0.130667 2.60336e-05
0 0.315818 0.514 0.177681 0.630667 2.60894e-05
0 0.250813 0.654667 0.101842 0.213333 2.60937e-05
0 0.603467 0.206667 0.105092 0.258667 2.62139e-05
0 0.485915 0.361333 0.0585049 0.152 2.63112e-05
0 0.923619 0.0733333 0.0422535 0.024 2.63129e-05
0 0.306067 0.996 0.0476706 0.008 2.63296e-05
0 0.365114 0.648 0.218852 0.624 2.63756e-05
0 0.128927 0.00733333 0.056338 0.0146667 2.63922e-05
0 0.315005 0.0246667 0.103467 0.0493333 2.64698e-05
0 0.0809859 0.740667 0.0449621 0.124 2.65153e-05
0 0.632719 0.982667 0.0216685 0.0346667 2.65426e-05
0 0.928223 0 0.052546 0 2.65856e-05
0 0.707205 0.0886667 0.0763814 0.148 2.66652e-05
0 0.189328 0.936 0.0698808 0.128 2.66724e-05
0 0.320964 0.0326667 0.0297941 0.06 2.67148e-05
0 0.0360238 0.968 0.0720477 0.064 2.67313e-05
0 0.725894 0.998 0.0780065 0.004 2.68966e-05
0 0.641387 0.966667 0.0498375 0.0666667 2.69622e-05
0 0.133261 0.0846667 0.0368364 0.105333 2.69942e-05
0 0.547671 0.778 0.0585049 0.153333 2.70303e-05
0 0.722644 0.334667 0.0617551 0.122667 2.71078e-05
0 0.458017 0.883333 0.10455 0.193333 2.71488e-05
0 0.86701 0.0186667 0.031961 0.0373333 2.72465e-05
0 0.660888 0.405333 0.0487541 0.136 2.72606e-05
0 0.84507 0.623333 0.035753 0.036 2.73589e-05
0 0.604821 0.528 0.0438787 0.128 2.75901e-05
0 0.782503 0.0993333 0.0850488 0.198667 2.76043e-05
0 0.931473 0.0486667 0.0850488 0.0973333 2.76056e-05
0 0.0641928 0.788667 0.0980498 0.209333 2.76486e-05
0 0.393824 0.965333 0.0530878 0.0506667 2.77273e-05
0 0.776544 1 0.0850488 0 2.77744e-05
0 0.986728 0.294 0.0222102 0.110667 2.7891e-05
0 0.805525 0.997333 0.0476706 0.00533333 2.79402e-05
0 0.798754 0.00533333 0.0828819 0.0106667 2.8032e-05
0 0.192579 0.664667 0.107801 0.161333 2.81409e-05
0 0.108613 0.717333 0.118635 0.170667 2.83142e-05
0 0.251354 0.519333 0.0985916 0.204 2.83203e-05
0 0.609426 0.412667 0.0704225 0.129333 2.84247e-05
0 0.0503792 0.204667 0.0985916 0.252 2.84827e-05
0 0.660618 0.981333 0.0536295 0.0373333 2.84874e-05
0 0.544691 0.988667 0.0720477 0.0226667 2.85075e-05
0 0.0398158 0.994667 0.0503792 0.0106667 2.8523e-05
0 0.602113 0.623333 0.0276273 0.0813333 2.85389e-05
0 0.116739 0.94 0.0947996 0.12 2.85721e-05
0 0.50948 0.91 0.0427952 0.0946667 2.86439e-05
0 0.484019 0.226667 0.0579632 0.184 2.88184e-05
0 0.210726 0.600667 0.056338 0.177333 2.907e-05
0 0.902763 1 0.0503792 0 2.90804e-05
0 0.900867 0.2 0.020585 0.0373333 2.91097e-05
0 0.689057 0.398 0.0693391 0.228 2.91285e-05
0 0.820693 0.664 0.108342 0.138667 2.9137e-05
0 0.22156 0.525333 0.0411701 0.0986667 2.93553e-05
0 0.408722 0.349333 0.0514626 0.178667 2.95822e-05
0 0.135699 0.666 0.125135 0.177333 2.96314e-05
0 0.217226 0.0246667 0.0617551 0.0493333 2.96654e-05
0 0.633803 0.0186667 0.0422535 0.0373333 2.9681e-05
0 0.677681 0.258 0.136511 0.516 2.97318e-05
0 0.380282 0.164667 0.063922 0.193333 2.97472e-05
0 0.413326 0.982667 0.092091 0.0346667 2.98383e-05
0 0.489437 0.945333 0.088299 0.109333 2.98389e-05
0 0.0891116 0 0.0547129 0 2.98676e-05
0 0.890033 0.028 0.084507 0.056 2.99186e-05
0 0.681473 0.520667 0.0790899 0.142667 2.99821e-05
0 0.266793 0.0226667 0.113218 0.0453333 3.00499e-05
0 0.777898 0.478 0.0390032 0.0573333 3.00643e-05
0 0.924431 0.386 0.13922 0.492 3.0105e-05
0 0.568527 0.0253333 0.119718 0.0506667 3.01082e-05
0 0.46208 0.231333 0.0455038 0.193333 3.03037e-05
0 0.0650054 0 0.0541712 0 3.03465e-05
0 0.233207 0.902 0.0579632 0.153333 3.03526e-05
0 0.381094 0.934667 0.112134 0.130667 3.05268e-05
0 0.369718 0.209333 0.141387 0.418667 3.06324e-05
0 0.554171 0.997333 0.0476706 0.00533333 3.07774e-05
0 0.985645 0.239333 0.0222102 0.118667 3.07777e-05
0 0.337757 0.371333 0.06013 0.196 3.08376e-05
0 0.117822 0.0706667 0.0947996 0.141333 3.08471e-05
0 0.411972 1 0.0666305 0 3.08743e-05
0 0.508397 0.211333 0.0947996 0.241333 3.08794e-05
0 0.030065 0.882 0.0352113 0.201333 3.09753e-05
0 0.83857 0.0306667 0.0866739 0.0613333 3.1029e-05
0 0.505688 0.998 0.0482123 0.004 3.11201e-05
0 0.634886 0.026 0.0595883 0.052 3.11488e-05
0 0.693933 0.802 0.0704225 0.132 3.15401e-05
0 0.239437 0.946667 0.0628386 0.106667 3.18565e-05
0 0.041441 0.194667 0.0828819 0.389333 3.19887e-05
0 0.633532 0.519333 0.0742145 0.150667 3.20077e-05
0 0.621073 0.904 0.0536295 0.192 3.20186e-05
0 0.137324 0.582667 0.119718 0.194667 3.2031e-05
0 0.61701 1 0.0368364 0 3.21575e-05
0 0.0178765 0.46 0.035753 0.12 3.22296e-05
0 0.991603 0.841333 0.0157096 0.245333 3.24422e-05
0 0.661972 0.482667 0.0238353 0.0613333 3.25923e-05
0 0.140845 0.03 0.0595883 0.06 3.29689e-05
0 0.105092 0.549333 0.101842 0.210667 3.3039e-05
0 0.197183 0.766667 0.0455038 0.146667 3.31411e-05
0 0.706663 0.048 0.0612134 0.0666667 3.31991e-05
0 0.171993 0.0833333 0.0384615 0.0653333 3.32358e-05
0 0.0173348 0.645333 0.0346696 0.122667 3.33119e-05
0 0.0942579 0.0233333 0.141928 0.0466667 3.33331e-05
0 0.74052 0.00133333 0.0541712 0.00266667 3.33958e-05
0 0.247833 0.946667 0.0308776 0.104 3.34222e-05
0 0.236457 0.994667 0.0655471 0.0106667 3.34635e-05
0 0.217768 0.996 0.0444204 0.008 3.34663e-05
0 0.708017 0.931333 0.0552546 0.137333 3.3503e-05
0 0.103196 0.282667 0.186891 0.565333 3.3545e-05
0 0.967497 0.959333 0.063922 0.0813333 3.36083e-05
0 0.255146 0.403333 0.151679 0.748 3.36452e-05
0 0.55688 0.0466667 0.0465872 0.064 3.36623e-05
0 0.562026 0.102 0.0904659 0.204 3.3717e-05
0 0.574756 0.464 0.0433369 0.12 3.38073e-05
0 0.570152 0.268667 0.0503792 0.169333 3.39074e-05
0 0.205038 0.526667 0.0482123 0.144 3.39376e-05
0 0.795233 0.844 0.0758397 0.258667 3.40853e-05
0 0.742145 0.0186667 0.0498375 0.0373333 3.40936e-05
0 0.605905 0 0.0536295 0 3.41666e-05
0 0.53467 0.272667 0.0899242 0.209333 3.41875e-05
0 0.98727 0.784 0.0113759 0.136 3.42608e-05
0 0.0159805 0.547333 0.0178765 0.236 3.43958e-05
0 0.479957 0.146 0.0595883 0.22 3.4465e-05
0 0.928494 0.138667 0.0899242 0.248 3.48913e-05
0 0.21533 0.738667 0.128386 0.448 3.48925e-05
0 0.540628 0.066 0.0823402 0.132 3.49255e-05
0 0.383803 0.354667 0.0612134 0.162667 3.5066e-05
0 0.0092091 0.966 0.0119177 0.068 3.51691e-05
0 0.212351 0.601333 0.0877573 0.285333 3.51961e-05
0 0.440412 0.992 0.0942579 0.016 3.52968e-05
0 0.920368 0.102 0.0682557 0.121333 3.53053e-05
0 0.696912 0.724 0.0492958 0.114667 3.55557e-05
0 0.975352 0.784 0.0492958 0.232 3.55579e-05
0 0.96831 0.0226667 0.0427952 0.0453333 3.55765e-05
0 0.0159805 0.579333 0.031961 0.121333 3.56368e-05
0 0.23429 0.760667 0.0308776 0.0893333 3.56457e-05
0 0.514897 0.898667 0.0817985 0.144 3.57068e-05
0 0.255417 0.651333 0.138137 0.46 3.5912e-05
0 0.377031 0.0306667 0.0585049 0.0613333 3.6012e-05
0 0.297671 0.00733333 0.0709642 0.0146667 3.60838e-05
0 0.783857 0.786 0.0249187 0.0573333 3.61222e-05
0 0.0836945 0.472667 0.158722 0.236 3.61973e-05
0 0.933099 0.875333 0.0969664 0.190667 3.62192e-05
0 0.197454 0.489333 0.0449621 0.12 3.64839e-05
0 0.310401 0.254 0.0476706 0.502667 3.66286e-05
0 0.180932 0.018 0.0455038 0.036 3.67192e-05
0 0.588299 0.451333 0.0238353 0.0413333 3.67295e-05
0 0.134886 0.889333 0.0910076 0.189333 3.684e-05
0 0.964518 0.141333 0.0687974 0.277333 3.70757e-05
0 0.740791 0.028 0.115385 0.056 3.71375e-05
0 0.529252 0.996667 0.0487541 0.00666667 3.72921e-05
0 0.743229 0.985333 0.0465872 0.024 3.73921e-05
0 0.940683 0.632 0.100217 0.266667 3.75885e-05
0 0.723998 0.219333 0.0763814 0.166667 3.76218e-05
0 0.0568797 0.950667 0.0823402 0.0986667 3.76495e-05
0 0.465872 0.415333 0.0736728 0.126667 3.76794e-05
0 0.0812568 0.939333 0.0303359 0.105333 3.81237e-05
0 0.472373 0.0726667 0.0606717 0.145333 3.81793e-05
0 0.189057 0.0793333 0.0801734 0.110667 3.81869e-05
0 0.232394 0.457333 0.0433369 0.128 3.88506e-05
0 0.560943 0.626667 0.0926327 0.128 3.89324e-05
0 0.488353 0.991333 0.0785482 0.0173333 3.90494e-05
0 0.0197725 0.887333 0.0200433 0.212 3.91163e-05
0 0.641116 0.0813333 0.0720477 0.146667 3.91713e-05
0 0.673619 0.002 0.088299 0.004 3.92163e-05
0 0.891658 1 0.0509209 0 3.92941e-05
0 0.483478 0.0853333 0.0482123 0.136 3.93842e-05
0 0.170368 0.580667 0.0471289 0.132 3.95687e-05
0 0.369989 0.108667 0.0855905 0.188 3.96072e-05
0 0.259751 0.944667 0.0330444 0.1 3.96654e-05
0 0.363759 0.990667 0.106717 0.0186667 3.97881e-05
0 0.617551 0.0326667 0.0747562 0.0653333 4.00651e-05
0 0.516522 0.278 0.155471 0.556 4.0104e-05
0 0.718581 0.263333 0.0417118 0.132 4.02399e-05
0 0.602654 0.476667 0.0666305 0.124 4.02426e-05
0 0.98429 0.688667 0.0260022 0.121333 4.04007e-05
0 0.195287 1 0.0622969 0 4.05102e-05
0 0.694204 0.006 0.0482123 0.012 4.06157e-05
0 0.214518 0.064 0.0812568 0.128 4.09506e-05
0 0.612134 0.982667 0.0769231 0.0346667 4.10561e-05
0 0.0487541 0.124 0.0834236 0.181333 4.11246e-05
0 0.206663 0.0566667 0.0449621 0.068 4.12011e-05
0 0.64545 0.984667 0.0308776 0.0306667 4.14226e-05
0 0.773294 0.498 0.0828819 0.132 4.15415e-05
0 0.60428 1 0.0427952 0 4.19552e-05
0 0.690683 0.213333 0.0899242 0.242667 4.20758e-05
0 0.98402 0.941333 0.024377 0.0693333 4.23185e-05
0 0.0200433 0.916667 0.0400867 0.166667 4.24376e-05
0 0.71831 1 0.0433369 0 4.25515e-05
0 0.0297941 0.975333 0.0411701 0.0493333 4.2799e-05
0 0.717768 0.00266667 0.0530878 0.00533333 4.28931e-05
0 0.442037 0.0233333 0.106176 0.0466667 4.29e-05
0 0.281961 0.05 0.0417118 0.0626667 4.29053e-05
0 0.929307 0.81 0.13597 0.38 4.29555e-05
0 0.437432 1 0.0655471 0 4.30229e-05
0 0.688516 0.998667 0.0769231 0.00266667 4.32617e-05
0 0.286024 0.249333 0.0682557 0.424 4.33408e-05
0 0.163055 0.0833333 0.0801734 0.134667 4.33803e-05
0 0.468581 0 0.0520043 0 4.34292e-05
0 0.379469 0.831333 0.195558 0.337333 4.34402e-05
0 0.511376 0.064 0.0812568 0.128 4.34707e-05
0 0.0869447 0.0266667 0.0947996 0.0533333 4.3628e-05
0 0.457746 0.286667 0.0628386 0.173333 4.36352e-05
0 0.75325 1 0.0449621 0 4.36884e-05
0 0.321506 0.110667 0.105634 0.202667 4.42277e-05
0 0.262189 0.221333 0.106176 0.269333 4.42548e-05
0 0.535211 0.955333 0.0877573 0.0893333 4.43034e-05
0 0.407367 0.00133333 0.0520043 0.00266667 4.43127e-05
0 0.214247 0.258667 0.128386 0.517333 4.43998e-05
0 0.242687 0.996 0.0422535 0.008 4.45938e-05
0 0.255688 0.0193333 0.0433369 0.0386667 4.46865e-05
0 0.885428 0.198 0.0893824 0.0866667 4.48223e-05
0 0.0633803 1 0.0509209 0 4.48387e-05
0 0.359155 0.253333 0.0422535 0.477333 4.48466e-05
0 0.181473 0.418 0.0628386 0.161333 4.5146e-05
0 0.261918 0.189333 0.132719 0.378667 4.51662e-05
0 0.986186 0.878667 0.0276273 0.242667 4.53479e-05
0 0.777086 0.794 0.0189599 0.0786667 4.55866e-05
0 0.718852 0.174667 0.0433369 0.0826667 4.56777e-05
0 0.21533 0.937333 0.0666305 0.125333 4.57513e-05
0 0.555796 0.028 0.063922 0.056 4.64921e-05
0 0.780065 1 0.0476706 0 4.67228e-05
0 0.653034 0 0.0547129 0 4.68423e-05
0 0.922535 0.404667 0.092091 0.161333 4.70681e-05
0 0.580715 0 0.0541712 0 4.72052e-05
0 0.751896 0.861333 0.0888407 0.224 4.73887e-05
0 0.183911 0.418667 0.0947996 0.357333 4.76954e-05
0 0.432828 0.0193333 0.0411701 0.0386667 4.77096e-05
0 0.656555 0.006 0.0530878 0.012 4.77624e-05
0 0.163326 0.993333 0.0980498 0.0133333 4.78592e-05
0 0.0549837 0.393333 0.108884 0.242667 4.79871e-05
0 0.0176056 0.922 0.031961 0.118667 4.81306e-05
0 0.586674 0.0966667 0.092091 0.148 4.83187e-05
0 0.641116 0.851333 0.0655471 0.289333 4.84485e-05
0 0.986999 0.391333 0.0227519 0.110667 4.85503e-05
0 0.926056 0.544 0.0482123 0.106667 4.88805e-05
0 0.153575 0.00466667 0.0568797 0.00933333 4.91676e-05
0 0.478602 0.674 0.127302 0.476 4.91677e-05
0 0.510563 0.0913333 0.0796316 0.14 4.94881e-05
0 0.839924 0.996 0.108884 0.008 4.95164e-05
0 0.461809 0.345333 0.0850488 0.173333 4.96901e-05
0 0.0213976 0.146667 0.0232936 0.181333 4.97247e-05
0 0.165764 0.0626667 0.0801734 0.125333 4.97338e-05
0 0.822589 0.226 0.0687974 0.244 5.00799e-05
0 0.691224 0 0.0541712 0 5.04581e-05
0 0.871073 0.008 0.0368364 0.016 5.06493e-05
0 0.708288 0.264667 0.0590466 0.268 5.11889e-05
0 0.656826 0.988667 0.039545 0.0226667 5.12662e-05
0 0.219122 0.0986667 0.0817985 0.16 5.13871e-05
0 0.279252 0.000666667 0.0514626 0.00133333 5.15892e-05
0 0.0774648 0.892 0.0487541 0.162667 5.1615e-05
0 0.403034 1 0.0444204 0 5.17428e-05
0 0.953413 0.518 0.0422535 0.0893333 5.17702e-05
0 0.229144 0.284667 0.0855905 0.302667 5.18028e-05
0 0.704225 0.401333 0.0693391 0.146667 5.21222e-05
0 0.583153 0.986667 0.0687974 0.0266667 5.2308e-05
0 0.0124594 0.34 0.0249187 0.194667 5.23367e-05
0 0.484561 0.282 0.0807151 0.201333 5.24881e-05
0 0.180119 0.00133333 0.0557963 0.00266667 5.26317e-05
0 0.975081 0.701333 0.0498375 0.197333 5.2843e-05
0 0.662784 0.044 0.0947996 0.088 5.29111e-05
0 0.339653 0.382 0.0476706 0.102667 5.29381e-05
0 0.350217 0.415333 0.0135428 0.028 5.38641e-05
0 0.415493 0.962667 0.0530878 0.0453333 5.39478e-05
0 0.656555 1 0.0390032 0 5.39563e-05
0 0.113489 1 0.0492958 0 5.39854e-05
0 0.0167931 0.522 0.0335861 0.124 5.4213e-05
0 0.206392 0.892 0.0552546 0.149333 5.42422e-05
0 0.607801 0.533333 0.0216685 0.0853333 5.45179e-05
0 0.332611 0.03 0.0693391 0.06 5.46206e-05
0 0.760834 0.00533333 0.0893824 0.0106667 5.51694e-05
0 0.81338 0.430667 0.0817985 0.130667 5.52447e-05
0 0.763543 0.094 0.0947996 0.145333 5.52766e-05
0 0.40818 0.892667 0.127302 0.198667 5.56047e-05
0 0.0390032 0.640667 0.0780065 0.452 5.58058e-05
0 0.516793 0 0.0552546 0 5.58954e-05
0 0.991874 0.75 0.0162514 0.257333 5.61699e-05
0 0.164951 1 0.0460455 0 5.68632e-05
0 0.88922 0.439333 0.0915493 0.134667 5.69278e-05
0 0.969393 0.887333 0.0590466 0.188 5.75983e-05
0 0.584778 0.262 0.0330444 0.121333 5.78309e-05
0 0.866197 0.01 0.0195016 0.0173333 5.81916e-05
0 0.161972 1 0.0693391 0 5.89949e-05
0 0.0335861 0.53 0.0671723 0.252 5.90589e-05
0 0.433369 0.349333 0.0585049 0.170667 5.90622e-05
0 0.207746 0.513333 0.0839653 0.229333 5.92692e-05
0 0.565005 0.208667 0.0801734 0.273333 5.96545e-05
0 0.983749 0.0233333 0.0314193 0.0466667 5.96697e-05
0 0.690141 0.976667 0.0736728 0.0466667 5.99998e-05
0 0.91468 0.140667 0.130553 0.281333 6.02477e-05
0 0.580173 0.994667 0.0465872 0.0106667 6.03265e-05
0 0.862405 0.00266667 0.0725894 0.00533333 6.03591e-05
0 0.158992 0.459333 0.0482123 0.14 6.05428e-05
0 0.98429 0.518 0.0314193 0.110667 6.06704e-05
0 0.986457 0.698 0.0270856 0.313333 6.09752e-05
0 0.346966 0.413333 0.0384615 0.0746667 6.12429e-05
0 0.11078 0.996 0.113218 0.008 6.12817e-05
0 0.802275 0 0.0541712 0 6.1322e-05
0 0.378386 1 0.0460455 0 6.14943e-05
0 0.841008 0.234667 0.0720477 0.117333 6.16633e-05
0 0.877031 0.137333 0.0866739 0.149333 6.17113e-05
0 0.542795 0 0.0552546 0 6.18223e-05
0 0.985645 0.451333 0.0287107 0.108 6.18874e-05
0 0.963705 0.028 0.0725894 0.056 6.20238e-05
0 0.555525 0.0153333 0.0471289 0.0306667 6.25175e-05
0 0.309317 0.766667 0.2026 0.416 6.25719e-05
0 0.865114 1 0.0520043 0 6.30072e-05
0 0.992145 0.927333 0.0157096 0.145333 6.35533e-05
0 0.720748 0.332667 0.0362947 0.0706667 6.36064e-05
0 0.20585 0.0186667 0.0455038 0.0373333 6.36509e-05
0 0.300379 1 0.0644637 0 6.44913e-05
0 0.916847 0.471333 0.109967 0.132 6.45141e-05
0 0.229686 0.00133333 0.0552546 0.00266667 6.45707e-05
0 0.0067714 0.300667 0.0135428 0.145333 6.46882e-05
0 0.190683 1 0.0455038 0 6.51548e-05
0 0.965872 0.999333 0.0487541 0.00133333 6.51706e-05
0 0.138949 1 0.0482123 0 6.52298e-05
0 0.788462 0.034 0.0893824 0.068 6.53761e-05
0 0.953142 1 0.052546 0 6.56532e-05
0 0.520314 0.936667 0.0482123 0.0893333 6.57432e-05
0 0.980228 0.00133333 0.039545 0.00266667 6.60202e-05
0 0.903034 0 0.0541712 0 6.61261e-05
0 0.14247 0.768667 0.0790899 0.182667 6.6909e-05
0 0.989437 0.145333 0.0146262 0.125333 6.73216e-05
0 0.431473 0 0.052546 0 6.75865e-05
0 0.428765 1 0.0438787 0 6.78438e-05
0 0.0186891 0.03 0.0373781 0.06 6.83479e-05
0 0.419827 0.122 0.0834236 0.18 6.88876e-05
0 0.988353 0.72 0.0124594 0.138667 6.90048e-05
0 0.155471 0.0566667 0.0487541 0.076 6.92283e-05
0 0.244583 0.119333 0.0384615 0.129333 6.93321e-05
0 0.787649 0.434667 0.104009 0.32 6.94378e-05
0 0.266793 1 0.0417118 0 6.98512e-05
0 0.341278 1 0.0465872 0 6.98799e-05
0 0.20883 0.882 0.0763814 0.236 7.01135e-05
0 0.662514 0.973333 0.0725894 0.0533333 7.02659e-05
0 0.692579 1 0.0438787 0 7.05597e-05
0 0.259209 0.103333 0.0893824 0.166667 7.05783e-05
0 0.951246 0.516 0.0975081 0.381333 7.07677e-05
0 0.505146 0.018 0.0482123 0.036 7.11576e-05
0 0.599133 0.00466667 0.0790899 0.00933333 7.11858e-05
0 0.314464 0.990667 0.0980498 0.0186667 7.18143e-05
0 0.985915 0.0733333 0.028169 0.146667 7.24124e-05
0 0.412243 0.919333 0.0975081 0.0866667 7.25586e-05
0 0.827736 0 0.0541712 0 7.30096e-05
0 0.168472 0.870667 0.0942579 0.208 7.30702e-05
0 0.292524 1 0.0444204 0 7.32625e-05
0 0.0736728 0.652667 0.115926 0.249333 7.33828e-05
0 0.901679 0.63 0.122969 0.457333 7.35458e-05
0 0.168472 0.618 0.100758 0.225333 7.35671e-05
0 0.22156 0.356667 0.0379198 0.137333 7.40244e-05
0 0.437974 0.241333 0.0503792 0.272 7.4927e-05
0 0.153846 0.0193333 0.0498375 0.0386667 7.5344e-05
0 0.983478 0.631333 0.0308776 0.132 7.54697e-05
0 0.214789 0.992667 0.0893824 0.0146667 7.60639e-05
0 0.475081 0.00733333 0.084507 0.0146667 7.64331e-05
0 0.0067714 0.397333 0.0135428 0.141333 7.67364e-05
0 0.589924 1 0.0465872 0 7.67442e-05
0 0.866468 0.338667 0.0850488 0.149333 7.67865e-05
0 0.970477 0.27 0.0590466 0.236 7.68564e-05
0 0.89247 0.717333 0.0872156 0.173333 7.74438e-05
0 0.624323 0.924 0.0438787 0.106667 7.7572e-05
0 0.776544 0 0.0547129 0 7.801e-05
0 0.491874 0.00133333 0.0541712 0.00266667 7.86229e-05
0 0.393554 0.424667 0.787107 0.849333 7.90804e-05
0 0.0476706 1 0.0660888 0 7.92921e-05
0 0.133803 0.496 0.0780065 0.226667 7.96724e-05
0 0.00731311 0.18 0.0146262 0.138667 7.96838e-05
0 0.718581 0.0206667 0.0471289 0.0386667 7.98457e-05
0 0.0186891 0.358 0.0373781 0.294667 8.02114e-05
0 0.261647 1 0.0628386 0 8.06952e-05
0 0.0530878 0.254667 0.106176 0.506667 8.08501e-05
0 0.627844 0 0.0552546 0 8.11871e-05
0 0.780065 0.455333 0.0509209 0.06 8.15684e-05
0 0.23402 0.736667 0.0487541 0.153333 8.28244e-05
0 0.215872 1 0.0460455 0 8.46128e-05
0 0.337216 1 0.0752979 0 8.5906e-05
0 0.81338 1 0.0774648 0 8.69004e-05
0 0.0108342 0.932667 0.0130011 0.134667 8.69797e-05
0 0.976436 0.339333 0.0471289 0.193333 8.70023e-05
0 0.985645 0.154 0.0287107 0.308 8.71186e-05
0 0.00947996 0.309333 0.0135428 0.234667 8.73645e-05
0 0.43662 0.287333 0.0855905 0.238667 8.94044e-05
0 0.713705 0.971333 0.0752979 0.0573333 8.95426e-05
0 0.565276 1 0.0503792 0 9.04867e-05
0 0.208559 0.461333 0.0400867 0.154667 9.06469e-05
0 0.686078 0.82 0.102384 0.36 9.14976e-05
0 0.35753 0.37 0.0628386 0.137333 9.1584e-05
0 0.989437 0.207333 0.0113759 0.129333 9.19285e-05
0 0.890574 0.997333 0.140845 0.00533333 9.26038e-05
0 0.964789 0.988667 0.0693391 0.0226667 9.26309e-05
0 0.662243 0.0806667 0.0763814 0.161333 9.33425e-05
0 0.409534 0.228667 0.0975081 0.276 9.38675e-05
0 0.086403 1 0.0807151 0 9.47025e-05
0 0.814464 0.01 0.0742145 0.02 9.47546e-05
0 0.00704225 0.94 0.0108342 0.12 9.49462e-05
0 0.954225 0 0.0547129 0 9.5069e-05
0 0.171723 0.762667 0.099675 0.221333 9.54817e-05
0 0.376219 0.262667 0.114301 0.258667 9.55945e-05
0 0.529523 0.733333 0.0460455 0.248 9.57356e-05
0 0.515439 0.996667 0.0991333 0.00666667 9.6045e-05
0 0.241062 1 0.0444204 0 9.63001e-05
0 0.170098 0.760667 0.139762 0.38 9.64478e-05
0 0.411159 0.246 0.0433369 0.377333 9.7737e-05
0 0.031961 0.280667 0.063922 0.34 9.78638e-05
0 0.0593174 0.0646667 0.103467 0.129333 9.83304e-05
0 0.736728 0.0226667 0.0975081 0.0453333 9.8574e-05
0 0.47454 1 0.0747562 0 9.89092e-05
0 0.861322 0.401333 0.0476706 0.0373333 9.90314e-05
0 0.0138137 0.998667 0.0232936 0.00266667 9.90447e-05
0 0.0278982 0.950667 0.0557963 0.0986667 9.95751e-05
0 0.738353 0 0.0552546 0 9.98664e-05
0 0.706934 0.986667 0.0433369 0.0266667 9.98671e-05
0 0.00866739 0.0393333 0.0173348 0.0786667 0.000100755
0 0.0162514 0.983333 0.0325027 0.0333333 0.000100993
0 0.316901 1 0.0465872 0 0.000101418
0 0.0067714 0.990667 0.0135428 0.0186667 0.000101597
0 0.384886 0.25 0.0417118 0.430667 0.000101632
0 0.244041 0.0606667 0.0406284 0.0653333 0.000102657
0 0.842091 1 0.0514626 0 0.000102724
0 0.540899 1 0.0514626 0 0.000104322
0 0.988895 0.940667 0.0092091 0.1 0.00010435
0 0.23727 1 0.0671723 0 0.000104541
0 0.889762 0.008 0.0644637 0.016 0.000104952
0 0.714789 0 0.0557963 0 0.000105115
0 0.982936 0.575333 0.0341278 0.124 0.000105504
0 0.215601 0.717333 0.0823402 0.264 0.000105624
0 0.992687 0.201333 0.0146262 0.194667 0.00010595
0 0.651408 0.0493333 0.0752979 0.0746667 0.00010671
0 0.242416 0.0226667 0.0417118 0.0453333 0.000106897
0 0.112134 0 0.056338 0 0.000107098
0 0.835049 0 0.0796316 0 0.000107297
0 0.248917 0.00666667 0.0752979 0.0133333 0.000107525
0 0.615114 0.012 0.0828819 0.024 0.000107992
0 0.453684 1 0.0471289 0 0.000108343
0 0.695287 0.988667 0.0438787 0.0226667 0.000108822
0 0.222373 0.417333 0.0547129 0.266667 0.000109543
0 0.491333 1 0.0487541 0 0.000110549
0 0.290628 0.014 0.0763814 0.028 0.000111697
0 0.0151679 0.00933333 0.0303359 0.0186667 0.000111758
0 0.0251896 0.661333 0.0503792 0.341333 0.000112311
0 0.210455 0.738 0.0568797 0.166667 0.000112484
0 0.440412 0.0146667 0.0758397 0.0293333 0.000112495
0 0.970206 0.485333 0.0541712 0.16 0.000112647
0 0.804442 1 0.0487541 0 0.000113484
0 0.0327736 0.414667 0.0655471 0.357333 0.000113697
0 0.968581 0.0326667 0.0628386 0.0653333 0.000113715
0 0.34805 0.002 0.088299 0.004 0.000115923
0 0.765168 0.0133333 0.0872156 0.0266667 0.000116972
0 0.489166 0 0.0552546 0 0.000117255
0 0.0143554 0.215333 0.024377 0.188 0.000117524
0 0.464247 0 0.0552546 0 0.000117671
0 0.00595883 0.699333 0.0119177 0.148 0.000118294
0 0.0408992 0.0213333 0.0817985 0.0426667 0.000118451
0 0.896533 0.172 0.0541712 0.096 0.000119034
0 0.901408 1 0.0975081 0 0.000119159
0 0.666576 0.88 0.0557963 0.24 0.000119804
0 0.328007 0 0.0547129 0 0.000120442
0 0.00893824 0.424 0.0135428 0.237333 0.000120536
0 0.980228 0.00533333 0.039545 0.0106667 0.000120664
0 0.589924 0.738667 0.109426 0.293333 0.00012069
0 0.587216 1 0.0780065 0 0.000120853
0 0.0195016 0.161333 0.0390032 0.248 0.000120861
0 0.129198 0.0266667 0.0471289 0.0506667 0.0001219
0 0.704767 0.03 0.0866739 0.06 0.000122014
0 0.990791 0.107333 0.0184182 0.161333 0.000122527
0 0.900325 0.191333 0.0346696 0.052 0.000123557
0 0.516522 1 0.0503792 0 0.00012411
0 0.130823 0.054 0.0449621 0.076 0.000124153
0 0.971831 0.634 0.0552546 0.188 0.000125247
0 0.00785482 0.239333 0.0146262 0.193333 0.000126995
0 0.415493 0.278667 0.135428 0.557333 0.000127032
0 0.199892 0.006 0.0780065 0.012 0.000127375
0 0.840466 0.724667 0.124052 0.198667 0.000128931
0 0.550379 1 0.0823402 0 0.000130002
0 0.112676 0.638 0.178765 0.430667 0.000130298
0 0.280878 0.02 0.0427952 0.04 0.000131434
0 0.21533 0.41 0.430661 0.82 0.000133525
0 0.00731311 0.0653333 0.0146262 0.112 0.000134486
0 0.491874 0.0486667 0.0444204 0.0626667 0.000134548
0 0.222373 0.413333 0.0362947 0.146667 0.000135923
0 0.301192 0 0.0552546 0 0.00013628
0 0.849946 0.158 0.101842 0.177333 0.000136416
0 0.780607 0.802 0.143012 0.361333 0.000136444
0 0.665222 0.460667 0.669556 0.921333 0.000136723
0 0.353738 0 0.0552546 0 0.00013696
0 0.0744854 0 0.0557963 0 0.00013761
0 0.276273 0 0.0552546 0 0.000138979
0 0.137866 0 0.0568797 0 0.000139119
0 0.115114 0.0266667 0.0969664 0.0533333 0.000140088
0 0.732665 0.952667 0.0763814 0.0946667 0.000140349
0 0.941224 0.004 0.0752979 0.008 0.000140577
0 0.0067714 0.49 0.0135428 0.142667 0.000140967
0 0.391658 0 0.0541712 0 0.000141361
0 0.976165 0.407333 0.0465872 0.169333 0.000141447
0 0.89572 0.0753333 0.0947996 0.116 0.000142056
0 0.260563 0.620667 0.521127 0.758667 0.000142392
0 0.0100217 0.0173333 0.0200433 0.0346667 0.000142918
0 0.865926 0.198 0.128386 0.361333 0.000144614
0 0.986457 0.274 0.0270856 0.292 0.000145411
0 0.107259 0.861333 0.0975081 0.218667 0.00014687
0 0.863489 1 0.0877573 0 0.000146987
0 0.0771939 0.523333 0.154388 0.473333 0.000149929
0 0.0189599 0.998 0.0379198 0.004 0.000149995
0 0.941495 0.999333 0.108342 0.00133333 0.000152671
0 0.71533 0.0133333 0.0828819 0.0266667 0.0001527
0 0.180119 0.48 0.0796316 0.189333 0.000153407
0 0.602113 0 0.0557963 0 0.000154083
0 0.418743 0.00866667 0.0780065 0.0173333 0.000154525
0 0.0184182 0.486667 0.0368364 0.272 0.000154542
0 0.238353 0.026 0.0747562 0.052 0.000155731
0 0.563651 0.0193333 0.0947996 0.0386667 0.000157243
0 0.976706 0 0.0465872 0 0.000157417
0 0.878115 0.412667 0.084507 0.0733333 0.000158444
0 0.514355 0 0.0557963 0 0.000159181
0 0.192849 0.0246667 0.0888407 0.0493333 0.000159247
0 0.985915 0 0.028169 0 0.000160273
0 0.00947996 1 0.0189599 0 0.000160739
0 0.0346696 0.991333 0.0693391 0.0173333 0.000160895
0 0.138137 0.418667 0.276273 0.837333 0.000161293
0 0.176327 0 0.0568797 0 0.00016506
0 0.251083 0 0.0557963 0 0.000167512
0 0.576923 0 0.0552546 0 0.000167871
0 0.240249 0.0133333 0.0872156 0.0266667 0.00016912
0 0.00704225 0.908 0.0140845 0.184 0.000170107
0 0.635699 0.00133333 0.1013 0.00266667 0.000171278
0 0.0590466 0.00866667 0.0866739 0.0173333 0.000171442
0 0.0121885 0.475333 0.0232936 0.204 0.000172679
0 0.98429 0.578667 0.0314193 0.277333 0.000173877
0 0.181744 0.0666667 0.0373781 0.072 0.00017533
0 0.914139 0 0.0915493 0 0.00017588
0 0.137866 0.00733333 0.100217 0.0146667 0.000177144
0 0.680661 0.0486667 0.067714 0.0653333 0.000180076
0 0.989707 0.338 0.020585 0.204 0.000181293
0 0.46533 0.0113333 0.0834236 0.0226667 0.000182966
0 0.106176 0.834 0.138678 0.332 0.000183067
0 0.0181473 0.786667 0.0362947 0.365333 0.000183564
0 0.648971 0.0226667 0.0465872 0.04 0.000183934
0 0.988353 0.0126667 0.0200433 0.0253333 0.000187703
0 0.158992 0.512667 0.187974 0.524 0.000189409
0 0.00866739 0.117333 0.0162514 0.152 0.000189669
0 0.657367 0.666667 0.685265 0.666667 0.000190681
0 0.0100217 0.707333 0.0189599 0.217333 0.000190969
0 0.583424 0.00733333 0.0704225 0.0146667 0.000192948
0 0.200975 0 0.056338 0 0.000194232
0 0.0295233 0.102667 0.0514626 0.154667 0.000194669
0 0.68662 0.01 0.0947996 0.02 0.000195907
0 0.0633803 0.862667 0.0801734 0.229333 0.000196351
0 0.538462 0 0.056338 0 0.000196784
0 0.439328 0 0.0552546 0 0.000197885
0 0.472914 0.0253333 0.0595883 0.0506667 0.000199749
0 0.788732 0 0.105092 0 0.000200187
0 0.0151679 0.0993333 0.0260022 0.166667 0.000201718
0 0.989166 0.269333 0.0119177 0.136 0.000202893
0 0.491062 0.0213333 0.0449621 0.0426667 0.000204773
0 0.653034 0.948 0.0406284 0.08 0.000205894
0 0.213976 0.02 0.0866739 0.04 0.000206234
0 0.545233 0.00666667 0.0742145 0.0133333 0.000206755
0 0.985374 0.457333 0.0292524 0.290667 0.000207974
0 0.937432 0.553333 0.0763814 0.210667 0.000208304
0 0.3987 0.944667 0.0953413 0.0653333 0.000213803
0 0.00650054 0.580667 0.0130011 0.145333 0.000214559
0 0.416035 0 0.0552546 0 0.000217668
0 0.312026 0 0.0964247 0 0.000217755
0 0.226165 0 0.0568797 0 0.000218671
0 0.350488 0.414 0.0216685 0.044 0.000218674
0 0.0116468 0.641333 0.0232936 0.213333 0.000219436
0 0.390574 0.002 0.0953413 0.004 0.000223369
0 0.0135428 0.834 0.0216685 0.230667 0.00022511
0 0.0067714 0.795333 0.0135428 0.262667 0.000225178
0 0.981853 0.998667 0.031961 0.00266667 0.000225422
0 0.986999 0.604 0.0195016 0.141333 0.000226221
0 0.548212 0.705333 0.0606717 0.178667 0.000228478
0 0.170639 0.521333 0.0498375 0.146667 0.000229004
0 0.163326 0.026 0.0926327 0.052 0.000232074
0 0.0067714 0.642 0.0135428 0.150667 0.000234619
0 0.510834 0.02 0.0877573 0.04 0.000238851
0 0.967768 0.568 0.0612134 0.168 0.000239685
0 0.817172 0.829333 0.0568797 0.165333 0.0002545
0 0.0306067 0.844667 0.0590466 0.310667 0.000256164
0 0.470748 0.544667 0.751896 0.910667 0.000257353
0 0.475894 0.0473333 0.0330444 0.0546667 0.000260897
0 0.0270856 1 0.0509209 0 0.000264345
0 0.989707 0.329333 0.0130011 0.133333 0.000267007
0 0.0644637 0.79 0.125677 0.38 0.000267067
0 0.689328 0.867333 0.0482123 0.244 0.000274371
0 0.890574 0.633333 0.0834236 0.141333 0.000286254
0 0.83532 0.247333 0.0292524 0.0973333 0.000289214
0 0.0495666 0 0.0568797 0 0.000290794
0 0.992958 0.384 0.0140845 0.178667 0.000294015
0 0.991333 1 0.0173348 0 0.000295011
0 0.991062 0.0366667 0.0178765 0.0733333 0.000296602
0 0.992958 0.292667 0.0140845 0.201333 0.000299224
0 0.692579 0.0253333 0.039545 0.048 0.000300415
0 0.991333 0.661333 0.0162514 0.208 0.000306474
0 0.738895 0.00133333 0.110509 0.00266667 0.000311979
0 0.79442 0.487333 0.0449621 0.0493333 0.000313271
0 0.00812568 0.558 0.0130011 0.246667 0.000320717
0 0.322048 0.258 0.127302 0.254667 0.000321212
0 0.262189 0 0.108342 0 0.000332293
0 0.160076 0.526 0.088299 0.294667 0.000336509
0 0.586945 0 0.115385 0 0.000337216
0 0.991874 0.478 0.0151679 0.166667 0.000339305
0 0.870531 0.413333 0.0520043 0.0453333 0.000340169
0 0.0151679 0.05 0.0303359 0.1 0.00034214
0 0.965601 0 0.067714 0 0.00034361
0 0.15493 0.531333 0.056338 0.201333 0.000357836
0 0.12974 0.648667 0.25948 0.702667 0.000360175
0 0.489707 0.00133333 0.104009 0.00266667 0.000361715
0 0.989707 0.422 0.0140845 0.129333 0.000375201
0 0.0980498 0.004 0.105092 0.008 0.000386061
0 0.66143 0.0146667 0.0910076 0.0293333 0.00038742
0 0.991062 0.542 0.0157096 0.169333 0.000392882
0 0.828548 0.382 0.342904 0.764 0.000393882
0 0.903034 0.0993333 0.0520043 0.092 0.000397213
0 0.43987 0 0.099675 0 0.000410884
0 0.865114 0.209333 0.110509 0.141333 0.000418598
0 0.715601 0.873333 0.0585049 0.168 0.00042234
0 0.00785482 0.650667 0.0124594 0.256 0.000426103
0 0.213164 0 0.121885 0 0.00043146
0 0.986999 0.989333 0.0130011 0.0213333 0.000444312
0 0.636241 0.933333 0.0503792 0.133333 0.000455659
0 0.0200433 0.00666667 0.0400867 0.0133333 0.000467168
0 0.539816 0 0.121885 0 0.00048634
0 0.163868 0.00133333 0.138137 0.00266667 0.000490385
0 0.989978 0.0566667 0.0146262 0.0946667 0.000492937
0 0.784399 0.455333 0.063922 0.172 0.000493645
0 0.868906 0.694 0.107259 0.324 0.000526047
0 0.481853 0.0286667 0.0341278 0.044 0.000528082
0 0.782232 0.5 0.435536 1 0.000558201
0 0.942037 0.535333 0.0465872 0.110667 0.000570552
0 0.290628 0.5 0.581257 1 0.000580701
0 0.310943 0.290667 0.151679 0.581333 0.000613392
0 0.314735 0.401333 0.424702 0.802667 0.000618553
0 0.987541 1 0.020585 0 0.000625977
0 0.890845 0.13 0.0947996 0.254667 0.000636079
0 0.979957 0.998 0.0400867 0.004 0.000656394
0 0.0333153 0.034 0.0666305 0.068 0.000659154
0 0.0614843 0.000666667 0.118635 0.00133333 0.000781395
0 0.795504 0.472 0.0655471 0.101333 0.000795009
0 0.978873 1 0.0411701 0 0.00079641
0 0.828277 0.265333 0.0335861 0.0586667 0.000931572
0 0.820152 0.690667 0.359697 0.618667 0.00146411
0 0.666576 0.0326667 0.0666305 0.06 0.00167196
0 0.0268147 0.002 0.0536295 0.004 0.00229563
0 0.535753 0.648 0.336945 0.704 0.00396639
0 0.721289 0.788667 0.242145 0.422667 0.0133473
0 0.637866 0.948667 0.0276273 0.0813333 0.0146198
0 0.87351 0.677333 0.0655471 0.130667 0.0239389
0 0.899512 0.118667 0.0817985 0.104 0.0291564
0 0.790358 0.469333 0.0487541 0.0613333 0.0294076
0 0.53467 0.721333 0.191766 0.488 0.0372157
0 0.824215 0.835333 0.0991333 0.212 0.0510217
0 0.720748 0.884 0.102384 0.232 0.655827
0 0.553359 0.714 0.0991333 0.292 0.921504
