0 0.195016 0.056 0.0379198 0.0826667 8.80739e-06
0 0.566631 0.945333 0.0314193 0.0666667 8.82e-06
0 0.433911 0.161333 0.0151679 0.0346667 8.83443e-06
0 0.319339 0.358667 0.0373781 0.064 8.85946e-06
0 0.889491 0.94 0.112676 0.12 8.87088e-06
0 0.581798 0.332667 0.0747562 0.334667 8.87691e-06
0 0.658992 0.0766667 0.0417118 0.0813333 8.89531e-06
0 0.580444 0.914 0.0850488 0.172 8.90687e-06
0 0.862676 0.912667 0.095883 0.174667 8.94125e-06
0 0.63922 0.955333 0.0855905 0.0893333 8.96531e-06
0 0.520856 0.046 0.0438787 0.0653333 8.9705e-06
0 0.922806 0.966667 0.117551 0.0666667 8.97477e-06
0 0.59507 0.569333 0.0254605 0.0613333 8.99213e-06
0 0.206663 0.114 0.024377 0.105333 9.00772e-06
0 0.210726 0.528 0.0335861 0.0986667 9.04446e-06
0 0.735915 0.912 0.0861322 0.176 9.05447e-06
0 0.146533 0.561333 0.1013 0.312 9.05727e-06
0 0.336403 0.238 0.0650054 0.313333 9.07032e-06
0 0.0192308 0.792 0.0384615 0.138667 9.08762e-06
0 0.343716 0.354667 0.031961 0.0826667 9.10463e-06
0 0.242416 0.966667 0.0373781 0.0533333 9.11182e-06
0 0.92389 0.832667 0.152221 0.334667 9.12997e-06
0 0.53494 0.652 0.0666305 0.338667 9.1663e-06
0 0.686891 0.552 0.071506 0.117333 9.17879e-06
0 0.456392 0.476667 0.0297941 0.110667 9.21538e-06
0 0.302817 0.226 0.0866739 0.305333 9.21713e-06
0 0.532232 0.213333 0.0731311 0.352 9.22082e-06
0 0.804442 0.481333 0.0530878 0.0746667 9.22559e-06
0 0.854821 0.046 0.0509209 0.06 9.27224e-06
0 0.763543 0.961333 0.0872156 0.0773333 9.35585e-06
0 0.819339 0.818667 0.204225 0.362667 9.35832e-06
0 0.821235 0.948 0.099675 0.104 9.36378e-06
0 0.608342 0.236 0.0520043 0.136 9.37492e-06
0 0.457476 0.102667 0.0514626 0.165333 9.37516e-06
0 0.468039 0.508 0.020585 0.0586667 9.38416e-06
0 0.368635 0.399333 0.0341278 0.084 9.38579e-06
0 0.659263 0.406 0.0790899 0.1 9.39212e-06
0 0.312297 0.448 0.127302 0.357333 9.39603e-06
0 0.859155 0.296667 0.126761 0.281333 9.4155e-06
0 0.456392 0.218 0.109967 0.265333 9.4279e-06
0 0.634615 0.457333 0.0763814 0.322667 9.42926e-06
0 0.365385 0.724667 0.0417118 0.0706667 9.44125e-06
0 0.792524 0.03 0.063922 0.06 9.48815e-06
0 0.527898 0.209333 0.249729 0.418667 9.49741e-06
0 0.436891 0.994667 0.0796316 0.0106667 9.49854e-06
0 0.583424 0.418 0.0801734 0.148 9.50786e-06
0 0.570423 0.536 0.0346696 0.0613333 9.63383e-06
0 0.837216 0.993333 0.0785482 0.0133333 9.63838e-06
0 0.381907 0.396 0.035753 0.088 9.64727e-06
0 0.937974 0.1 0.118635 0.16 9.68023e-06
0 0.659263 0.345333 0.0877573 0.136 9.68625e-06
0 0.418472 0.382667 0.150054 0.672 9.69698e-06
0 0.948808 0.178667 0.102384 0.357333 9.70254e-06
0 0.62026 0.238667 0.0455038 0.0906667 9.72445e-06
0 0.167118 0.935333 0.039545 0.0706667 9.73051e-06
0 0.192037 0.792667 0.137053 0.265333 9.74432e-06
0 0.222914 0.464667 0.0352113 0.105333 9.83792e-06
0 0.563651 0.95 0.0807151 0.1 9.84729e-06
0 0.221018 0.615333 0.0422535 0.116 9.88138e-06
0 0.367822 0.69 0.0346696 0.06 9.88836e-06
0 0.946371 0.958 0.101842 0.084 9.92174e-06
0 0.982123 0.568667 0.035753 0.137333 9.9254e-06
0 0.353467 0.884 0.0384615 0.141333 9.97911e-06
0 0.221018 0.916 0.0455038 0.106667 9.99409e-06
0 0.931473 0.23 0.106717 0.22 1.00093e-05
0 0.318797 0.966667 0.039545 0.048 1.0033e-05
0 0.406284 0.456667 0.0487541 0.156 1.00683e-05
0 0.657909 0.266667 0.108884 0.288 1.00703e-05
0 0.154117 0.582667 0.0536295 0.130667 1.00759e-05
0 0.981311 0.630667 0.0373781 0.136 1.00767e-05
0 0.566089 0.834 0.035753 0.18 1.01005e-05
0 0.355092 0.454667 0.0384615 0.0853333 1.01034e-05
0 0.757584 0.0173333 0.0460455 0.0346667 1.01084e-05
0 0.281961 0.156667 0.0352113 0.0733333 1.02019e-05
0 0.219664 0.114667 0.0222102 0.101333 1.02121e-05
0 0.547942 0.515333 0.0287107 0.06 1.02641e-05
0 0.640845 0.878 0.0682557 0.244 1.03079e-05
0 0.925785 0.526 0.148429 0.281333 1.03359e-05
0 0.60753 0.546667 0.0352113 0.0506667 1.03397e-05
0 0.0417118 0.849333 0.0552546 0.245333 1.03519e-05
0 0.904659 0.999333 0.0465872 0.00133333 1.03655e-05
0 0.41766 0.0453333 0.0422535 0.064 1.04098e-05
0 0.579361 0.679333 0.00704225 0.0146667 1.04331e-05
0 0.208288 0.655333 0.0590466 0.270667 1.0465e-05
0 0.51896 0.226667 0.162514 0.453333 1.04696e-05
0 0.345341 0.126667 0.0287107 0.064 1.0485e-05
0 0.401679 0.777333 0.0731311 0.381333 1.05214e-05
0 0.983749 0.26 0.0325027 0.133333 1.05277e-05
0 0.578819 0.733333 0.0427952 0.133333 1.05414e-05
0 0.107801 0.279333 0.16468 0.276 1.056e-05
0 0.612947 0.401333 0.0796316 0.146667 1.05634e-05
0 0.305796 0.578 0.109967 0.241333 1.05712e-05
0 0.458017 0.877333 0.095883 0.245333 1.05926e-05
0 0.537378 0.224 0.0704225 0.176 1.06081e-05
0 0.175515 0.989333 0.0931744 0.0213333 1.06364e-05
0 0.605905 0.773333 0.0904659 0.192 1.06365e-05
0 0.482124 0.298 0.0693391 0.116 1.06533e-05
0 0.636241 0.467333 0.0547129 0.158667 1.06535e-05
0 0.40493 0.514 0.0807151 0.334667 1.06614e-05
0 0.231311 0.884667 0.0444204 0.126667 1.06939e-05
0 0.159805 0.09 0.0650054 0.169333 1.06977e-05
0 0.144637 0.97 0.101842 0.06 1.06997e-05
0 0.573402 0.676667 0.0146262 0.0413333 1.07126e-05
0 0.913597 0.180667 0.172806 0.361333 1.07783e-05
0 0.983749 0.324 0.0325027 0.136 1.08551e-05
0 0.182557 0.204 0.0400867 0.0906667 1.08977e-05
0 0.388407 0.244667 0.092091 0.14 1.09116e-05
0 0.504605 0.318 0.024377 0.0306667 1.09811e-05
0 0.388407 0.961333 0.0866739 0.0773333 1.10035e-05
0 0.943391 0.998 0.0492958 0.004 1.1005e-05
0 0.419285 0.186667 0.189599 0.373333 1.10853e-05
0 0.337486 0.086 0.0325027 0.068 1.13007e-05
0 0.472914 0.992667 0.0660888 0.0146667 1.14309e-05
0 0.406555 0.272 0.0287107 0.0746667 1.14844e-05
0 0.924973 0.404 0.150054 0.242667 1.14905e-05
0 0.161701 0.118667 0.0893824 0.237333 1.14957e-05
0 0.457205 0.0746667 0.0747562 0.149333 1.15055e-05
0 0.279523 0.209333 0.0487541 0.0986667 1.15244e-05
0 0.546316 0.0506667 0.0417118 0.0693333 1.15531e-05
0 0.317985 0.311333 0.0314193 0.0413333 1.15808e-05
0 0.595883 0.27 0.0390032 0.0493333 1.15953e-05
0 0.604821 0.996 0.0438787 0.008 1.16172e-05
0 0.53792 0.664 0.0368364 0.168 1.16175e-05
0 0.982936 0.846667 0.024377 0.130667 1.16353e-05
0 0.508938 0.718 0.0644637 0.252 1.17002e-05
0 0.710997 0.462 0.0742145 0.169333 1.17274e-05
0 0.504334 0.326 0.0151679 0.0253333 1.18215e-05
0 0.434182 0.292 0.0373781 0.0613333 1.18216e-05
0 0.770043 0.878 0.0991333 0.164 1.18417e-05
0 0.71506 0.422 0.111593 0.116 1.18477e-05
0 0.242145 0.233333 0.0736728 0.277333 1.19035e-05
0 0.479415 0.16 0.0975081 0.32 1.19116e-05
0 0.805525 0.0926667 0.125677 0.185333 1.19594e-05
0 0.41766 0.996667 0.0455038 0.00666667 1.19621e-05
0 0.647346 0.977333 0.0270856 0.0453333 1.19697e-05
0 0.713434 0.816 0.187432 0.368 1.1971e-05
0 0.502438 0.673333 0.0352113 0.08 1.19782e-05
0 0.281419 0.970667 0.0406284 0.0533333 1.19908e-05
0 0.219122 0.191333 0.125135 0.382667 1.2049e-05
0 0.355363 0.484667 0.0422535 0.0813333 1.20616e-05
0 0.466685 0.309333 0.0265439 0.0453333 1.21682e-05
0 0.309588 0.390667 0.0341278 0.064 1.21971e-05
0 0.220748 0.290667 0.0763814 0.133333 1.22144e-05
0 0.377573 0.515333 0.0671723 0.361333 1.22303e-05
0 0.536295 0.512 0.0650054 0.288 1.22436e-05
0 0.736186 0.871333 0.115926 0.257333 1.22589e-05
0 0.612405 0.637333 0.0796316 0.170667 1.22615e-05
0 0.256771 0.956667 0.0769231 0.0866667 1.23252e-05
0 0.534128 0.586667 0.0379198 0.141333 1.23636e-05
0 0.609426 0.898 0.0834236 0.166667 1.23668e-05
0 0.127302 0.928667 0.0650054 0.129333 1.24061e-05
0 0.659534 0.555333 0.0341278 0.06 1.24288e-05
0 0.573402 0.212 0.148971 0.424 1.24301e-05
0 0.717226 0.026 0.0682557 0.052 1.2449e-05
0 0.342904 0.396667 0.0346696 0.084 1.24675e-05
0 0.594258 0.544 0.0314193 0.04 1.24748e-05
0 0.267876 0.79 0.150054 0.276 1.25068e-05
0 0.269502 0.945333 0.039545 0.0853333 1.25241e-05
0 0.0192308 0.762667 0.0211268 0.274667 1.25372e-05
0 0.270856 0.176667 0.169014 0.353333 1.25436e-05
0 0.370802 0.974 0.0384615 0.052 1.25575e-05
0 0.323131 0.0766667 0.0276273 0.0786667 1.26264e-05
0 0.816089 0.216 0.18039 0.378667 1.26675e-05
0 0.356717 0.687333 0.0438787 0.118667 1.27125e-05
0 0.0189599 0.203333 0.0379198 0.137333 1.27171e-05
0 0.660347 0.548 0.0552546 0.109333 1.27195e-05
0 0.587486 0.340667 0.0807151 0.153333 1.27277e-05
0 0.216685 0.349333 0.0693391 0.325333 1.27976e-05
0 0.436891 0.775333 0.0438787 0.164 1.28077e-05
0 0.583965 0.570667 0.0422535 0.114667 1.28307e-05
0 0.828277 0.508667 0.212351 0.670667 1.28316e-05
0 0.0923619 0.819333 0.184724 0.361333 1.28377e-05
0 0.362134 0.0733333 0.0427952 0.08 1.28579e-05
0 0.55688 0.313333 0.0195016 0.0373333 1.28789e-05
0 0.760293 0.515333 0.0763814 0.18 1.28959e-05
0 0.409805 0.714 0.0666305 0.166667 1.29127e-05
0 0.355905 0.397333 0.0346696 0.0853333 1.29434e-05
0 0.41468 0.0733333 0.0937161 0.138667 1.29487e-05
0 0.157638 0.945333 0.0834236 0.109333 1.29692e-05
0 0.983749 0.138667 0.0314193 0.133333 1.30285e-05
0 0.578007 0.688667 0.020585 0.0386667 1.30491e-05
0 0.579632 0.996 0.0433369 0.008 1.30855e-05
0 0.607801 0.738 0.147346 0.524 1.31379e-05
0 0.390574 0.301333 0.063922 0.288 1.31855e-05
0 0.312568 0.276667 0.148429 0.553333 1.32341e-05
0 0.37649 0.879333 0.0411701 0.129333 1.32637e-05
0 0.609697 0.468667 0.0807151 0.164 1.33676e-05
0 0.486728 0.343333 0.0666305 0.132 1.3386e-05
0 0.322319 0.78 0.239437 0.44 1.34732e-05
0 0.610238 0.581333 0.0438787 0.104 1.34811e-05
0 0.0910076 0.784 0.182015 0.237333 1.35057e-05
0 0.195016 0.915333 0.0498375 0.105333 1.35347e-05
0 0.10753 0.09 0.144637 0.174667 1.35567e-05
0 0.245125 0.912667 0.0417118 0.121333 1.35582e-05
0 0.467768 0.0433333 0.0438787 0.0706667 1.36027e-05
0 0.57909 0.149333 0.0444204 0.138667 1.36038e-05
0 0.660888 0.462667 0.0595883 0.168 1.36122e-05
0 0.441224 0.281333 0.0687974 0.266667 1.36718e-05
0 0.723998 0.056 0.0980498 0.104 1.37068e-05
0 0.636782 0.108 0.0850488 0.216 1.37195e-05
0 0.362676 0.663333 0.095883 0.238667 1.37252e-05
0 0.436078 0.908667 0.0942579 0.145333 1.37481e-05
0 0.635428 0.588667 0.0747562 0.110667 1.37762e-05
0 0.229957 0.941333 0.039545 0.0826667 1.3782e-05
0 0.219122 0.72 0.102384 0.237333 1.37932e-05
0 0.106988 0.641333 0.195558 0.234667 1.38035e-05
0 0.762188 0.0286667 0.0888407 0.0573333 1.38161e-05
0 0.983749 0.199333 0.0325027 0.142667 1.38492e-05
0 0.658992 0.924 0.052546 0.133333 1.38518e-05
0 0.48104 0.628 0.0346696 0.08 1.38634e-05
0 0.829632 0.996667 0.0460455 0.00666667 1.38941e-05
0 0.684182 0.449333 0.100758 0.256 1.3984e-05
0 0.457476 0.324 0.0482123 0.106667 1.3991e-05
0 0.443933 0.514 0.0514626 0.116 1.40047e-05
0 0.72481 0.202 0.195016 0.404 1.40613e-05
0 0.452058 0.676 0.0265439 0.0746667 1.41901e-05
0 0.338299 0.133333 0.039545 0.133333 1.41916e-05
0 0.184453 0.151333 0.0731311 0.302667 1.42241e-05
0 0.531961 0.570667 0.0216685 0.0586667 1.42984e-05
0 0.587486 0.210667 0.0742145 0.141333 1.43069e-05
0 0.882178 0.876 0.113218 0.248 1.43422e-05
0 0.378657 0.723333 0.0769231 0.156 1.43829e-05
0 0.473456 0.528 0.138678 0.578667 1.43855e-05
0 0.447996 0.697333 0.0617551 0.322667 1.43863e-05
0 0.566089 0.978667 0.0368364 0.0373333 1.43974e-05
0 0.563651 0.648 0.137053 0.525333 1.44334e-05
0 0.760834 0.510667 0.0969664 0.32 1.44471e-05
0 0.513272 0.974 0.0384615 0.052 1.44549e-05
0 0.304171 0.941333 0.0460455 0.0773333 1.4561e-05
0 0.505417 0.606 0.0520043 0.150667 1.4619e-05
0 0.78467 0.815333 0.0763814 0.118667 1.46618e-05
0 0.874865 0.740667 0.231853 0.518667 1.46945e-05
0 0.508126 0.323333 0.00866739 0.0173333 1.4781e-05
0 0.944204 0.874667 0.0910076 0.250667 1.47896e-05
0 0.767606 0.995333 0.0465872 0.00933333 1.47974e-05
0 0.231582 0.776667 0.109967 0.446667 1.4894e-05
0 0.271127 0.314 0.0460455 0.0626667 1.49322e-05
0 0.642741 0.911333 0.0492958 0.14 1.49393e-05
0 0.00785482 0.963333 0.0102925 0.0733333 1.49511e-05
0 0.482665 0.473333 0.0476706 0.133333 1.50243e-05
0 0.433369 0.26 0.035753 0.0746667 1.50262e-05
0 0.590195 0.272 0.0742145 0.112 1.52056e-05
0 0.612676 0.96 0.0877573 0.08 1.5222e-05
0 0.42416 0.157333 0.028169 0.048 1.52662e-05
0 0.957476 0.0206667 0.052546 0.0413333 1.53046e-05
0 0.36078 0.198 0.134345 0.396 1.53236e-05
0 0.1552 0.529333 0.0536295 0.122667 1.53525e-05
0 0.383803 0.602667 0.0330444 0.144 1.53584e-05
0 0.888137 0.594 0.165222 0.289333 1.5463e-05
0 0.0178765 0.723333 0.035753 0.129333 1.54904e-05
0 0.53792 0.112 0.0736728 0.224 1.55284e-05
0 0.377031 0.454667 0.0498375 0.165333 1.55815e-05
0 0.127031 0.93 0.0482123 0.076 1.5601e-05
0 0.643283 0.993333 0.039545 0.0133333 1.57537e-05
0 0.786295 0.420667 0.0926327 0.169333 1.58457e-05
0 0.660618 0.975333 0.0265439 0.0466667 1.58586e-05
0 0.638407 0.540667 0.0752979 0.132 1.58657e-05
0 0.0541712 0.146667 0.108342 0.293333 1.59312e-05
0 0.915222 0.076 0.0991333 0.152 1.59779e-05
0 0.776544 0.476 0.0492958 0.088 1.59888e-05
0 0.307421 0.156667 0.0807151 0.150667 1.60102e-05
0 0.422806 0.955333 0.0893824 0.0893333 1.60555e-05
0 0.0593174 0.0306667 0.0915493 0.0613333 1.60733e-05
0 0.0327736 0.444667 0.0482123 0.257333 1.61011e-05
0 0.307963 0.749333 0.125135 0.202667 1.61375e-05
0 0.509209 0.119333 0.0801734 0.238667 1.6159e-05
0 0.459642 0.271333 0.0752979 0.166667 1.61693e-05
0 0.0918202 0.928 0.117551 0.144 1.61793e-05
0 0.559317 0.516667 0.0297941 0.0573333 1.61988e-05
0 0.454496 0.994667 0.0444204 0.0106667 1.62169e-05
0 0.255146 0.108 0.0866739 0.216 1.63377e-05
0 0.222373 0.556667 0.0417118 0.113333 1.63918e-05
0 0.286295 0.388667 0.0893824 0.276 1.6409e-05
0 0.572589 0.086 0.0368364 0.0946667 1.644e-05
0 0.383803 0.526667 0.0655471 0.186667 1.64601e-05
0 0.222102 0.401333 0.0303359 0.0986667 1.65392e-05
0 0.709372 0.944 0.0947996 0.112 1.65757e-05
0 0.304442 0.294 0.0325027 0.076 1.67442e-05
0 0.206392 0.981333 0.0617551 0.0373333 1.67554e-05
0 0.479957 0.818667 0.141928 0.362667 1.68418e-05
0 0.717226 0.0153333 0.0455038 0.0306667 1.6854e-05
0 0.538462 0.0926667 0.0509209 0.174667 1.68631e-05
0 0.0219393 0.296 0.0276273 0.28 1.69355e-05
0 0.582069 0.207333 0.0763814 0.3 1.69436e-05
0 0.692849 0.0433333 0.0465872 0.0653333 1.70136e-05
0 0.690412 0.138667 0.111051 0.176 1.7022e-05
0 0.584778 0.542667 0.0308776 0.048 1.7074e-05
0 0.57909 0.673333 0.0130011 0.0266667 1.71486e-05
0 0.755146 0.280667 0.124594 0.425333 1.72334e-05
0 0.213434 0.940667 0.0899242 0.118667 1.72335e-05
0 0.526273 0.924667 0.0362947 0.0893333 1.73166e-05
0 0.42091 0.134667 0.0899242 0.173333 1.73365e-05
0 0.344529 0 0.0650054 0 1.73535e-05
0 0.568256 0.993333 0.0433369 0.0133333 1.73992e-05
0 0.486728 0.100667 0.0904659 0.156 1.74621e-05
0 0.304442 0.242 0.0953413 0.142667 1.74751e-05
0 0.896533 0.0186667 0.0444204 0.0373333 1.74933e-05
0 0.33234 0.416667 0.0406284 0.0786667 1.75479e-05
0 0.741874 0.995333 0.0471289 0.00933333 1.76238e-05
0 0.609426 0.58 0.0270856 0.056 1.77204e-05
0 0.156555 0.0213333 0.0455038 0.0426667 1.77284e-05
0 0.861593 0.068 0.100217 0.136 1.78022e-05
0 0.495666 0.824667 0.0628386 0.158667 1.78219e-05
0 0.0576923 0.597333 0.0785482 0.24 1.78289e-05
0 0.306067 0.954 0.0758397 0.092 1.78784e-05
0 0.354821 0.989333 0.0390032 0.0213333 1.78853e-05
0 0.76571 0.938667 0.0807151 0.122667 1.78936e-05
0 0.093987 0.970667 0.121885 0.0586667 1.78941e-05
0 0.461809 0.486 0.0200433 0.0706667 1.79599e-05
0 0.143554 0.986 0.0660888 0.028 1.80587e-05
0 0.209642 0.474667 0.0368364 0.181333 1.80926e-05
0 0.702329 0.977333 0.0362947 0.0453333 1.81185e-05
0 0.287378 0.93 0.0872156 0.14 1.81733e-05
0 0.380282 0.668 0.035753 0.130667 1.82063e-05
0 0.0192308 0.264667 0.0384615 0.134667 1.82574e-05
0 0.759751 0.0586667 0.0482123 0.088 1.82952e-05
0 0.446371 0.00866667 0.0628386 0.0173333 1.82973e-05
0 0.446641 0.467333 0.0297941 0.110667 1.83053e-05
0 0.118906 0.165333 0.237811 0.330667 1.83103e-05
0 0.697454 0.706 0.159805 0.286667 1.83105e-05
0 0.226165 0.758667 0.313651 0.482667 1.83494e-05
0 0.417118 0.770667 0.0725894 0.189333 1.8401e-05
0 0.114301 0.996667 0.0520043 0.00666667 1.84042e-05
0 0.646262 0.390667 0.0346696 0.04 1.84914e-05
0 0.637053 0.0793333 0.0671723 0.145333 1.8493e-05
0 0.351842 0.918 0.06013 0.164 1.84957e-05
0 0.805255 0.994667 0.0449621 0.0106667 1.86843e-05
0 0.229144 0.466 0.0552546 0.182667 1.87376e-05
0 0.786024 0.858667 0.0780065 0.282667 1.87466e-05
0 0.463976 0.75 0.0612134 0.337333 1.8754e-05
0 0.244583 0.0553333 0.0384615 0.076 1.87609e-05
0 0.803629 0.402 0.115385 0.289333 1.87637e-05
0 0.642741 0.954667 0.0633803 0.0906667 1.88496e-05
0 0.807421 0.024 0.0417118 0.048 1.89502e-05
0 0.411159 0.525333 0.0736728 0.157333 1.89591e-05
0 0.348862 0.0173333 0.0650054 0.0346667 1.89784e-05
0 0.492687 0.990667 0.0384615 0.0186667 1.90071e-05
0 0.163868 0.992 0.0503792 0.016 1.92412e-05
0 0.361322 0.662667 0.149512 0.608 1.92794e-05
0 0.209372 0.147333 0.0341278 0.134667 1.92994e-05
0 0.28494 0.100667 0.0509209 0.137333 1.93158e-05
0 0.479957 0.994 0.0422535 0.012 1.9316e-05
0 0.325569 0.116 0.0725894 0.165333 1.93533e-05
0 0.497291 0.982 0.028169 0.036 1.93983e-05
0 0.780607 0.022 0.0487541 0.044 1.95522e-05
0 0.235645 0.153333 0.0606717 0.144 1.95715e-05
0 0.186349 0.890667 0.0866739 0.2 1.95952e-05
0 0.214789 0.414667 0.0341278 0.16 1.96096e-05
0 0.569881 0.121333 0.0368364 0.112 1.96196e-05
0 0.375406 0.94 0.0747562 0.12 1.96286e-05
0 0.985645 0.957333 0.0287107 0.0853333 1.96976e-05
0 0.474269 0.534 0.0687974 0.174667 1.98067e-05
0 0.510293 0.981333 0.0227519 0.0373333 1.98653e-05
0 0.953142 0.491333 0.0937161 0.534667 1.99309e-05
0 0.965601 0.971333 0.0687974 0.0573333 1.99378e-05
0 0.987541 0.814 0.0140845 0.142667 2.00066e-05
0 0.327736 0.986 0.0422535 0.028 2.01272e-05
0 0.465872 0.216 0.148429 0.432 2.01397e-05
0 0.442579 0.607333 0.0704225 0.156 2.01705e-05
0 0.98402 0.453333 0.031961 0.146667 2.01949e-05
0 0.660076 0.946 0.024377 0.076 2.0343e-05
0 0.0815276 0.155333 0.163055 0.310667 2.03665e-05
0 0.211809 0.467333 0.0812568 0.396 2.04038e-05
0 0.0181473 0.914667 0.0362947 0.170667 2.04535e-05
0 0.11078 0.026 0.112134 0.052 2.04661e-05
0 0.581257 0.474 0.0780065 0.153333 2.05536e-05
0 0.461809 0.964 0.0850488 0.072 2.06226e-05
0 0.289545 0.0666667 0.0937161 0.133333 2.06384e-05
0 0.539545 0.522667 0.0606717 0.125333 2.08166e-05
0 0.581257 0.958667 0.0812568 0.0826667 2.09109e-05
0 0.484561 0.752667 0.0622969 0.276 2.10224e-05
0 0.428223 0.655333 0.126219 0.564 2.10676e-05
0 0.93039 0 0.0536295 0 2.11139e-05
0 0.491874 0.963333 0.063922 0.0733333 2.11805e-05
0 0.562839 0.667333 0.0314193 0.156 2.12805e-05
0 0.554713 0.989333 0.0411701 0.0213333 2.12858e-05
0 0.219122 0.354667 0.0612134 0.133333 2.13663e-05
0 0.405742 0.654667 0.0335861 0.122667 2.14328e-05
0 0.255417 0.098 0.0482123 0.142667 2.15151e-05
0 0.23429 0.530667 0.0839653 0.210667 2.16084e-05
0 0.333153 0.979333 0.0671723 0.0413333 2.16577e-05
0 0.442037 0.326 0.0574215 0.14 2.17924e-05
0 0.581528 0.534 0.0687974 0.116 2.18679e-05
0 0.410888 0.4 0.067714 0.16 2.18829e-05
0 0.271939 0.0253333 0.0606717 0.0506667 2.18976e-05
0 0.215872 0.580667 0.0839653 0.185333 2.19349e-05
0 0.0438787 0.0586667 0.071506 0.117333 2.19605e-05
0 0.44935 0.322 0.0178765 0.0413333 2.19643e-05
0 0.940953 1 0.0509209 0 2.20808e-05
0 0.304984 0.332 0.056338 0.266667 2.22258e-05
0 0.171452 0.0566667 0.0471289 0.076 2.22482e-05
0 0.987541 0.72 0.0162514 0.141333 2.24744e-05
0 0.052546 0.193333 0.105092 0.205333 2.25792e-05
0 0.00785482 0.787333 0.0157096 0.150667 2.26188e-05
0 0.271398 0.189333 0.0476706 0.0613333 2.26505e-05
0 0.0850488 0.0573333 0.106176 0.0986667 2.26595e-05
0 0.986728 0.767333 0.0265439 0.286667 2.26779e-05
0 0.376219 0.0753333 0.0655471 0.129333 2.27213e-05
0 0.219122 0.404667 0.17714 0.697333 2.27485e-05
0 0.379469 0.992667 0.0449621 0.0146667 2.27938e-05
0 0.619718 0.584 0.0260022 0.0506667 2.28301e-05
0 0.718039 0.994667 0.0438787 0.0106667 2.28321e-05
0 0.771668 0.779333 0.0904659 0.268 2.28402e-05
0 0.559317 0.58 0.0579632 0.138667 2.29127e-05
0 0.366468 0.314667 0.0330444 0.0506667 2.29138e-05
0 0.369447 0.945333 0.0390032 0.088 2.2926e-05
0 0.687432 1 0.0585049 0 2.30235e-05
0 0.160076 0.579333 0.0861322 0.18 2.31105e-05
0 0.623781 1 0.067714 0 2.31449e-05
0 0.553088 0.407333 0.128927 0.468 2.33365e-05
0 0.345612 0.920667 0.035753 0.113333 2.34257e-05
0 0.407367 0.824667 0.135428 0.350667 2.3443e-05
0 0.762459 0.41 0.112134 0.257333 2.35162e-05
0 0.345341 0.964 0.0297941 0.056 2.35939e-05
0 0.0509209 0.278 0.0964247 0.252 2.37111e-05
0 0.416576 0.0313333 0.092091 0.0626667 2.37349e-05
0 0.572589 0.0546667 0.0444204 0.0773333 2.38004e-05
0 0.887324 1 0.0823402 0 2.38365e-05
0 0.616468 0.266667 0.0335861 0.0666667 2.38666e-05
0 0.0216685 0.177333 0.028169 0.258667 2.41251e-05
0 0.657096 0.991333 0.0368364 0.0173333 2.43068e-05
0 0.466414 0.149333 0.084507 0.184 2.43672e-05
0 0.606446 0.54 0.0709642 0.128 2.44623e-05
0 0.854821 0.0166667 0.0498375 0.0333333 2.44726e-05
0 0.304442 0.966667 0.0444204 0.056 2.46072e-05
0 0.186078 0.952 0.0926327 0.096 2.46249e-05
0 0.647887 0.0453333 0.0790899 0.0853333 2.46358e-05
0 0.485645 1 0.0655471 0 2.46678e-05
0 0.948808 0.0273333 0.0969664 0.0546667 2.46832e-05
0 0.11403 0.00133333 0.0568797 0.00266667 2.47534e-05
0 0.13922 0.549333 0.210184 0.389333 2.47964e-05
0 0.0181473 0.358667 0.0362947 0.136 2.48541e-05
0 0.787649 1 0.0650054 0 2.49218e-05
0 0.208017 0.542667 0.0411701 0.184 2.49831e-05
0 0.0593174 0.963333 0.100217 0.0733333 2.50717e-05
0 0.965601 0.0806667 0.0655471 0.158667 2.51736e-05
0 0.463434 0.617333 0.067714 0.242667 2.51894e-05
0 0.294691 0.02 0.0422535 0.04 2.53349e-05
0 0.33857 0.108667 0.028169 0.0573333 2.54143e-05
0 0.020585 0.723333 0.0379198 0.276 2.55582e-05
0 0.219664 0.08 0.0189599 0.0986667 2.55792e-05
0 0.358613 0.256667 0.0758397 0.132 2.55853e-05
0 0.976977 0.0313333 0.0460455 0.0626667 2.56568e-05
0 0.460455 0.405333 0.0465872 0.157333 2.59966e-05
0 0.31338 0.032 0.0947996 0.064 2.60275e-05
0 0.521668 0.981333 0.0260022 0.0373333 2.60852e-05
0 0.418202 0.006 0.0498375 0.012 2.61551e-05
0 0.395179 0.0446667 0.0460455 0.0706667 2.6298e-05
0 0.818256 0.0253333 0.125135 0.0506667 2.63317e-05
0 0.375677 1 0.0633803 0 2.63831e-05
0 0.95585 0.757333 0.088299 0.485333 2.65046e-05
0 0.356988 0.968667 0.0292524 0.06 2.65506e-05
0 0.486186 0.884 0.0807151 0.173333 2.66531e-05
0 0.680932 0.986 0.0411701 0.028 2.67946e-05
0 0.485915 0.404667 0.0725894 0.156 2.69561e-05
0 0.0213976 0.388 0.0232936 0.261333 2.69678e-05
0 0.510834 0.525333 0.0725894 0.141333 2.69998e-05
0 0.212622 0.0306667 0.0904659 0.0613333 2.72325e-05
0 0.904117 1 0.0498375 0 2.72788e-05
0 0.588299 0.0713333 0.0747562 0.142667 2.75305e-05
0 0.321506 0.396 0.0373781 0.0693333 2.76094e-05
0 0.207205 0.004 0.0460455 0.008 2.76111e-05
0 0.435265 0.392667 0.0666305 0.3 2.77424e-05
0 0.242145 0.262667 0.12351 0.416 2.78431e-05
0 0.865385 1 0.0482123 0 2.79277e-05
0 0.562568 0.662667 0.06013 0.181333 2.7953e-05
0 0.407367 0.6 0.0650054 0.152 2.7968e-05
0 0.0444204 0.970667 0.0888407 0.0586667 2.80593e-05
0 0.457746 0.498 0.0162514 0.044 2.80726e-05
0 0.404388 0.308 0.0254605 0.0933333 2.80937e-05
0 0.510022 0.726 0.0612134 0.118667 2.81851e-05
0 0.537107 1 0.0622969 0 2.82225e-05
0 0.266793 0 0.052546 0 2.82457e-05
0 0.591278 0.0266667 0.115385 0.0533333 2.82654e-05
0 0.967497 0.998 0.0476706 0.004 2.82712e-05
0 0.531148 0.986667 0.0406284 0.0266667 2.83177e-05
0 0.557151 0.018 0.0449621 0.036 2.84241e-05
0 0.351842 0.454667 0.0536295 0.165333 2.85361e-05
0 0.507042 0.99 0.0346696 0.02 2.86289e-05
0 0.880011 0 0.0536295 0 2.88146e-05
0 0.201788 0.992667 0.0514626 0.0146667 2.88189e-05
0 0.13922 0.995333 0.0509209 0.00933333 2.88622e-05
0 0.986457 0.968667 0.0184182 0.0626667 2.90709e-05
0 0.313922 0.082 0.0460455 0.124 2.91743e-05
0 0.971018 0.947333 0.0579632 0.105333 2.91845e-05
0 0.763001 0.0826667 0.0915493 0.165333 2.92071e-05
0 0.527627 0.854 0.0260022 0.092 2.92458e-05
0 0.431473 0.657333 0.0698808 0.170667 2.93036e-05
0 0.741333 0.448 0.0904659 0.146667 2.94289e-05
0 0.0872156 0 0.056338 0 2.94486e-05
0 0.850488 1 0.0758397 0 2.95757e-05
0 0.556609 0.851333 0.140303 0.297333 2.9619e-05
0 0.020585 0.514667 0.0411701 0.125333 2.96561e-05
0 0.211809 0.110667 0.0541712 0.221333 2.96938e-05
0 0.920368 0.154667 0.0953413 0.232 2.97076e-05
0 0.860509 0.0533333 0.107801 0.0773333 2.97363e-05
0 0.440141 0.0333333 0.0980498 0.0666667 2.98132e-05
0 0.530878 0.381333 0.0617551 0.112 2.9962e-05
0 0.33857 1 0.0400867 0 3.01123e-05
0 0.614301 1 0.0411701 0 3.03426e-05
0 0.566631 0.113333 0.0671723 0.226667 3.03616e-05
0 0.46831 0.746667 0.0557963 0.154667 3.05391e-05
0 0.240249 0.990667 0.0503792 0.0186667 3.05854e-05
0 0.184995 0.0946667 0.0471289 0.16 3.08439e-05
0 0.40195 0.889333 0.0736728 0.176 3.09326e-05
0 0.601029 0.15 0.0828819 0.254667 3.10318e-05
0 0.437161 1 0.0747562 0 3.13488e-05
0 0.246479 0.878 0.0595883 0.18 3.14065e-05
0 0.373239 0.00133333 0.0855905 0.00266667 3.14416e-05
0 0.683369 0.928667 0.0785482 0.116 3.14981e-05
0 0.263814 0.522667 0.11701 0.261333 3.17737e-05
0 0.712351 0.990667 0.084507 0.0186667 3.18719e-05
0 0.245937 0.301333 0.056338 0.0853333 3.21358e-05
0 0.961809 0.210667 0.0687974 0.328 3.21365e-05
0 0.182286 0.024 0.0449621 0.048 3.2344e-05
0 0.642199 0.0286667 0.122969 0.0573333 3.23528e-05
0 0.512188 1 0.0666305 0 3.23922e-05
0 0.649242 0.946667 0.0222102 0.088 3.24694e-05
0 0.156284 0.837333 0.140303 0.325333 3.24704e-05
0 0.280878 0.975333 0.06013 0.0493333 3.26344e-05
0 0.0186891 0.422667 0.0373781 0.128 3.26718e-05
0 0.378657 0.389333 0.0682557 0.285333 3.2764e-05
0 0.691495 0.0293333 0.125135 0.0586667 3.2776e-05
0 0.737812 1 0.0704225 0 3.29847e-05
0 0.66766 0.0826667 0.0969664 0.144 3.30071e-05
0 0.830444 0.022 0.0498375 0.044 3.30185e-05
0 0.43662 0.402667 0.0455038 0.154667 3.30281e-05
0 0.98727 0.661333 0.0200433 0.144 3.31118e-05
0 0.187703 0.066 0.0752979 0.132 3.32022e-05
0 0.0598592 0.641333 0.119718 0.336 3.32813e-05
0 0.988353 0.294 0.0189599 0.145333 3.33931e-05
0 0.343174 0.104667 0.0633803 0.209333 3.3481e-05
0 0.27519 0.238 0.0790899 0.225333 3.34839e-05
0 0.476977 1 0.0406284 0 3.35419e-05
0 0.146533 0.701333 0.106717 0.205333 3.35472e-05
0 0.772481 0.285333 0.215601 0.570667 3.3667e-05
0 0.552546 0.978 0.0390032 0.0413333 3.38893e-05
0 0.968581 0.787333 0.0552546 0.348 3.39308e-05
0 0.0888407 0.999333 0.0520043 0.00133333 3.39782e-05
0 0.264626 0.0246667 0.10455 0.0493333 3.41753e-05
0 0.387053 0.038 0.0947996 0.076 3.44275e-05
0 0.387324 0.987333 0.0704225 0.0253333 3.44385e-05
0 0.671723 0.919333 0.0747562 0.161333 3.453e-05
0 0.812297 0.993333 0.0915493 0.0133333 3.45371e-05
0 0.598862 1 0.0666305 0 3.46023e-05
0 0.792253 0 0.0547129 0 3.46182e-05
0 0.114843 0.946 0.115926 0.108 3.46668e-05
0 0.0176056 0.85 0.0352113 0.148 3.47365e-05
0 0.274106 0.879333 0.0834236 0.174667 3.4812e-05
0 0.233207 0.583333 0.106717 0.372 3.48403e-05
0 0.85428 0 0.0541712 0 3.52244e-05
0 0.991874 0.718667 0.0151679 0.282667 3.53831e-05
0 0.225352 0.0693333 0.0509209 0.138667 3.56845e-05
0 0.552546 0.949333 0.0400867 0.08 3.57738e-05
0 0.307963 0.293333 0.0720477 0.128 3.58524e-05
0 0.232665 0.403333 0.0687974 0.164 3.61269e-05
0 0.439599 1 0.0449621 0 3.62732e-05
0 0.0392741 0.752667 0.0785482 0.494667 3.66305e-05
0 0.542524 0.024 0.120802 0.048 3.6668e-05
0 0.26273 0.39 0.0953413 0.156 3.67174e-05
0 0.531148 0.0153333 0.0460455 0.0306667 3.67386e-05
0 0.449621 0.702 0.0400867 0.116 3.67658e-05
0 0.489166 0.75 0.0585049 0.14 3.67664e-05
0 0.0208559 0.0306667 0.0417118 0.0613333 3.6779e-05
0 0.52844 0.790667 0.0276273 0.0933333 3.67921e-05
0 0.450975 0.496667 0.0157096 0.0493333 3.68829e-05
0 0.715872 0 0.0547129 0 3.70266e-05
0 0.640303 1 0.0390032 0 3.72281e-05
0 0.918472 0.0186667 0.0503792 0.032 3.72756e-05
0 0.0929036 0.988667 0.0763814 0.0226667 3.73038e-05
0 0.637595 0.991333 0.084507 0.0173333 3.73165e-05
0 0.503521 0.649333 0.116468 0.432 3.76062e-05
0 0.537649 0.980667 0.0709642 0.0386667 3.76806e-05
0 0.536295 0.02 0.0812568 0.04 3.83563e-05
0 0.361593 0.987333 0.0752979 0.0253333 3.86375e-05
0 0.988624 0.928667 0.0227519 0.142667 3.87515e-05
0 0.0113759 0.934 0.0151679 0.132 3.88987e-05
0 0.461809 0.992667 0.088299 0.0146667 3.90891e-05
0 0.36701 0 0.052546 0 3.92442e-05
0 0.906826 0 0.0520043 0 3.95145e-05
0 0.98402 0.121333 0.031961 0.242667 3.96493e-05
0 0.506501 0.0153333 0.0476706 0.0306667 3.98338e-05
0 0.590195 1 0.0427952 0 4.00318e-05
0 0.403034 1 0.0444204 0 4.04293e-05
0 0.031961 0.596 0.0455038 0.256 4.04903e-05
0 0.760293 0.111333 0.0774648 0.0893333 4.06701e-05
0 0.555255 0.496 0.0682557 0.146667 4.0712e-05
0 0.761105 0.991333 0.0877573 0.0173333 4.08206e-05
0 0.98727 0.599333 0.0211268 0.153333 4.10662e-05
0 0.352654 1 0.0422535 0 4.13656e-05
0 0.449892 0.662 0.0568797 0.121333 4.13723e-05
0 0.894095 0.994 0.13597 0.012 4.14218e-05
0 0.742687 0 0.0552546 0 4.14634e-05
0 0.95558 0 0.0552546 0 4.15473e-05
0 0.966956 0.345333 0.0606717 0.336 4.17805e-05
0 0.324215 0.048 0.0384615 0.0613333 4.20031e-05
0 0.51571 1 0.0368364 0 4.20054e-05
0 0.481311 0.63 0.0492958 0.158667 4.21209e-05
0 0.144908 0.024 0.129469 0.048 4.24165e-05
0 0.541983 1 0.0384615 0 4.24432e-05
0 0.00893824 0.04 0.0157096 0.08 4.24655e-05
0 0.562839 0.99 0.0769231 0.02 4.26557e-05
0 0.535753 0.882 0.0314193 0.0893333 4.26957e-05
0 0.111863 0.410667 0.181473 0.394667 4.27228e-05
0 0.494041 0.0226667 0.12026 0.0453333 4.27585e-05
0 0.704496 1 0.0417118 0 4.29353e-05
0 0.753792 1 0.0460455 0 4.31166e-05
0 0.379198 0.396 0.0530878 0.144 4.31641e-05
0 0.063922 1 0.0520043 0 4.37195e-05
0 0.468581 0.004 0.0509209 0.008 4.41967e-05
0 0.0576923 0.878667 0.113218 0.242667 4.4289e-05
0 0.302004 0.984667 0.0503792 0.0306667 4.44816e-05
0 0.332069 0.0113333 0.0476706 0.0226667 4.46082e-05
0 0.263814 0.316 0.0780065 0.282667 4.46898e-05
0 0.780878 0.0593333 0.0503792 0.084 4.48997e-05
0 0.0270856 0.723333 0.0541712 0.42 4.52344e-05
0 0.663868 0.986667 0.0763814 0.0266667 4.53733e-05
0 0.410618 0.00133333 0.0899242 0.00266667 4.54007e-05
0 0.307421 0.004 0.0503792 0.008 4.54816e-05
0 0.892741 0.0266667 0.122427 0.0533333 4.58275e-05
0 0.670368 0.0453333 0.0492958 0.0666667 4.58277e-05
0 0.242145 0.986667 0.0899242 0.0266667 4.58447e-05
0 0.583424 0.101333 0.0552546 0.168 4.5928e-05
0 0.288462 1 0.0503792 0 4.6182e-05
0 0.555525 0 0.0536295 0 4.6197e-05
0 0.212351 0.0853333 0.0292524 0.144 4.62485e-05
0 0.313651 1 0.0476706 0 4.62973e-05
0 0.268689 0.288 0.0628386 0.0586667 4.63297e-05
0 0.666306 1 0.0368364 0 4.6358e-05
0 0.980769 0.981333 0.0384615 0.0373333 4.63965e-05
0 0.154117 0 0.0557963 0 4.64831e-05
0 0.828819 1 0.0465872 0 4.6854e-05
0 0.823673 0.0306667 0.0828819 0.0613333 4.68834e-05
0 0.829902 0 0.0552546 0 4.68848e-05
0 0.226436 0.648 0.197183 0.626667 4.71384e-05
0 0.633532 0.0493333 0.0449621 0.064 4.72742e-05
0 0.967226 0.578667 0.0536295 0.274667 4.73965e-05
0 0.0576923 0.262 0.115385 0.524 4.86421e-05
0 0.334236 0.398 0.0747562 0.265333 4.87338e-05
0 0.420098 0.0233333 0.0612134 0.0466667 4.88308e-05
0 0.778982 1 0.0444204 0 4.90288e-05
0 0.410618 0.0106667 0.0790899 0.0213333 4.91208e-05
0 0.403304 0 0.0536295 0 4.95801e-05
0 0.888137 0.472667 0.196641 0.302667 4.96391e-05
0 0.00514626 0.172667 0.0102925 0.156 4.97907e-05
0 0.992416 0.256667 0.0151679 0.254667 5.03835e-05
0 0.358613 0.0713333 0.0704225 0.142667 5.04924e-05
0 0.227519 0.0893333 0.0303359 0.138667 5.06342e-05
0 0.116468 0.0633333 0.115926 0.126667 5.07683e-05
0 0.728332 1 0.0460455 0 5.08404e-05
0 0.26273 0.179333 0.0693391 0.164 5.10534e-05
0 0.580715 0 0.0541712 0 5.11654e-05
0 0.207205 0.866667 0.0893824 0.266667 5.15843e-05
0 0.617822 0 0.0536295 0 5.15864e-05
0 0.453142 0.312 0.0167931 0.0426667 5.18859e-05
0 0.528711 0.417333 0.0693391 0.229333 5.18992e-05
0 0.983749 0.215333 0.0325027 0.364 5.232e-05
0 0.942308 0.988667 0.0926327 0.0226667 5.24226e-05
0 0.57286 0.832 0.0612134 0.269333 5.26157e-05
0 0.0571506 0.536667 0.114301 0.222667 5.26228e-05
0 0.0314193 0.956 0.0628386 0.088 5.29221e-05
0 0.916306 0 0.0536295 0 5.30936e-05
0 0.00650054 0.721333 0.0130011 0.144 5.31593e-05
0 0.481311 0.0153333 0.0471289 0.0306667 5.33304e-05
0 0.175785 1 0.0514626 0 5.44602e-05
0 0.566901 1 0.0406284 0 5.50245e-05
0 0.388137 0.332 0.0482123 0.088 5.50502e-05
0 0.771398 0.458667 0.0899242 0.12 5.52057e-05
0 0.378657 1 0.0433369 0 5.55301e-05
0 0.517064 0 0.0536295 0 5.58185e-05
0 0.686349 0.98 0.0693391 0.04 5.60484e-05
0 0.268418 0.989333 0.0655471 0.0213333 5.60952e-05
0 0.0170639 0.911333 0.0308776 0.124 5.62467e-05
0 0.0170639 0.668 0.0341278 0.136 5.64141e-05
0 0.550108 0.432 0.0254605 0.04 5.65709e-05
0 0.00731311 0.85 0.0146262 0.153333 5.66185e-05
0 0.492687 0.00133333 0.0536295 0.00266667 5.66342e-05
0 0.447725 0.04 0.0352113 0.0613333 5.671e-05
0 0.355092 0.941333 0.0308776 0.0986667 5.69351e-05
0 0.804171 1 0.0460455 0 5.70322e-05
0 0.967497 0.456667 0.0606717 0.233333 5.74173e-05
0 0.0178765 0.668667 0.0216685 0.246667 5.76012e-05
0 0.230498 0.05 0.0308776 0.0706667 5.81025e-05
0 0.257855 0.0266667 0.063922 0.0533333 5.81964e-05
0 0.359426 0.706 0.039545 0.0573333 5.82787e-05
0 0.062026 0.41 0.124052 0.326667 5.88291e-05
0 0.64247 0 0.0541712 0 5.92022e-05
0 0.691224 0 0.0552546 0 5.95166e-05
0 0.0203142 0.120667 0.0406284 0.241333 5.9695e-05
0 0.113489 1 0.0536295 0 5.97692e-05
0 0.584507 0.00733333 0.0747562 0.0146667 6.01281e-05
0 0.00595883 0.233333 0.0119177 0.157333 6.07008e-05
0 0.988082 0.232667 0.0184182 0.150667 6.09715e-05
0 0.0560672 0.100667 0.112134 0.201333 6.09993e-05
0 0.39247 0.306667 0.0373781 0.0826667 6.11181e-05
0 0.0828819 0.529333 0.165764 0.544 6.13805e-05
0 0.711268 0.103333 0.122427 0.206667 6.2197e-05
0 0.41441 0.994667 0.0964247 0.0106667 6.24819e-05
0 0.988353 0.54 0.0211268 0.152 6.26044e-05
0 0.309317 0.0226667 0.0433369 0.0453333 6.26401e-05
0 0.767606 0 0.056338 0 6.28928e-05
0 0.909805 0.495333 0.18039 0.684 6.31071e-05
0 0.329632 0 0.0536295 0 6.3292e-05
0 0.988082 0.00866667 0.020585 0.0173333 6.32953e-05
0 0.0178765 0.576 0.035753 0.133333 6.3366e-05
0 0.239437 1 0.0509209 0 6.41072e-05
0 0.264626 0.988667 0.0503792 0.0226667 6.42575e-05
0 0.657909 0.0233333 0.0687974 0.0466667 6.42693e-05
0 0.0113759 0.0186667 0.0227519 0.0373333 6.44979e-05
0 0.62351 0.0226667 0.084507 0.0453333 6.46058e-05
0 0.305796 0.984667 0.0850488 0.0306667 6.4652e-05
0 0.0132719 0.152 0.0265439 0.194667 6.49991e-05
0 0.180932 0.002 0.0530878 0.004 6.50321e-05
0 0.244583 0.022 0.0438787 0.044 6.50369e-05
0 0.286836 0.302667 0.0579632 0.24 6.54024e-05
0 0.0067714 0.292667 0.0135428 0.156 6.54553e-05
0 0.230498 0.00533333 0.0449621 0.0106667 6.60489e-05
0 0.244041 0.00133333 0.0503792 0.00266667 6.63994e-05
0 0.393554 0.00733333 0.0514626 0.0146667 6.66596e-05
0 0.00758397 0.0653333 0.0119177 0.122667 6.76256e-05
0 0.456663 0.00733333 0.0455038 0.0146667 6.79578e-05
0 0.983749 0.585333 0.0325027 0.368 6.81073e-05
0 0.742958 0.096 0.118635 0.144 6.87215e-05
0 0.99052 0.961333 0.0102925 0.0773333 6.88413e-05
0 0.333965 0.402667 0.0557963 0.146667 6.94033e-05
0 0.134615 0.883333 0.111051 0.166667 7.00676e-05
0 0.201246 1 0.052546 0 7.05409e-05
0 0.355634 0.831333 0.112134 0.337333 7.0737e-05
0 0.986186 0.87 0.0276273 0.26 7.08503e-05
0 0.0311484 0.217333 0.0622969 0.368 7.11681e-05
0 0.686078 0.0493333 0.0926327 0.0853333 7.1268e-05
0 0.987541 0.876667 0.0140845 0.150667 7.13264e-05
0 0.692308 0.0146667 0.0509209 0.0293333 7.14151e-05
0 0.861593 0.0253333 0.107801 0.0506667 7.15198e-05
0 0.0880282 1 0.0547129 0 7.15319e-05
0 0.991603 0.596 0.0157096 0.288 7.2204e-05
0 0.985374 0 0.0292524 0 7.36423e-05
0 0.440953 0 0.0530878 0 7.38046e-05
0 0.0408992 1 0.0547129 0 7.39542e-05
0 0.026273 0.882 0.0460455 0.212 7.40578e-05
0 0.559859 0.805333 0.0276273 0.0906667 7.46142e-05
0 0.988895 0.482 0.0222102 0.150667 7.52053e-05
0 0.211268 0.0486667 0.0260022 0.0706667 7.66048e-05
0 0.667389 0 0.0552546 0 7.67873e-05
0 0.00893824 0.792667 0.0178765 0.292 7.70781e-05
0 0.890845 0 0.0536295 0 7.73141e-05
0 0.979144 0.0106667 0.0417118 0.0213333 7.74175e-05
0 0.82286 0.0566667 0.0769231 0.084 7.79131e-05
0 0.286295 0.861333 0.115385 0.277333 7.90589e-05
0 0.984832 0.05 0.0303359 0.0733333 7.93054e-05
0 0.988353 0.358 0.0211268 0.156 8.06325e-05
0 0.631094 0.0153333 0.0487541 0.0306667 8.13233e-05
0 0.582882 0.483333 0.834236 0.966667 8.1514e-05
0 0.45558 0.314 0.0108342 0.028 8.24578e-05
0 0.909263 0.263333 0.181473 0.278667 8.25934e-05
0 0.942037 0.0286667 0.111593 0.0573333 8.28535e-05
0 0.991874 0.874667 0.0151679 0.245333 8.4331e-05
0 0.356446 0.292667 0.0292524 0.0813333 8.51504e-05
0 0.720748 0.744667 0.18364 0.510667 8.52024e-05
0 0.0303359 0.094 0.056338 0.164 8.52205e-05
0 0.292254 0.657333 0.584507 0.685333 8.63541e-05
0 0.138407 1 0.0536295 0 8.67265e-05
0 0.290628 0.0246667 0.0872156 0.0493333 8.68765e-05
0 0.229415 0 0.052546 0 8.87179e-05
0 0.0335861 0.551333 0.0671723 0.358667 8.88591e-05
0 0.43987 0.03 0.0758397 0.06 9.03443e-05
0 0.989707 0.04 0.020585 0.08 9.03701e-05
0 0.562568 0.00266667 0.0872156 0.00533333 9.09167e-05
0 0.981853 0.024 0.0362947 0.048 9.11898e-05
0 0.00812568 0.994 0.0162514 0.012 9.12701e-05
0 0.533586 0.972667 0.0411701 0.0413333 9.17931e-05
0 0.0195016 0.364 0.0390032 0.336 9.20341e-05
0 0.466956 0 0.0541712 0 9.28263e-05
0 0.00866739 0.201333 0.0173348 0.24 9.30862e-05
0 0.542795 0.926 0.0411701 0.102667 9.36462e-05
0 0.263814 1 0.0520043 0 9.43577e-05
0 0.942308 0 0.0547129 0 9.44031e-05
0 0.160347 0.024 0.0758397 0.048 9.45737e-05
0 0.358072 0.406 0.071506 0.153333 9.4901e-05
0 0.815818 0.540667 0.368364 0.918667 9.59854e-05
0 0.219393 0.0113333 0.0390032 0.0226667 9.60419e-05
0 0.00704225 0.357333 0.0140845 0.154667 9.62536e-05
0 0.96533 1 0.0509209 0 9.67866e-05
0 0.991062 0.168667 0.0178765 0.233333 9.78041e-05
0 0.5948 0.0513333 0.0465872 0.0733333 9.82516e-05
0 0.189057 0.0273333 0.0747562 0.0546667 9.82621e-05
0 0.786836 0.038 0.111051 0.076 9.82842e-05
0 0.712622 0.0233333 0.127302 0.0466667 9.84586e-05
0 0.00541712 0.114667 0.0108342 0.154667 9.88979e-05
0 0.781148 0.0846667 0.084507 0.105333 9.9944e-05
0 0.924973 1 0.095883 0 0.000100022
0 0.334236 0.940667 0.0368364 0.084 0.000100559
0 0.372698 0.454667 0.745395 0.909333 0.000100878
0 0.549296 0.83 0.0985916 0.34 0.000103578
0 0.00866739 0.514 0.0173348 0.145333 0.000103818
0 0.208017 0.997333 0.099675 0.00533333 0.000103858
0 0.988895 0.116 0.0178765 0.141333 0.000103934
0 0.552546 0.94 0.0660888 0.12 0.000103983
0 0.352654 0.83 0.0606717 0.276 0.00010417
0 0.838841 0.024 0.115385 0.048 0.000104234
0 0.911701 0.0233333 0.0812568 0.0466667 0.000104294
0 0.445287 0.275333 0.0379198 0.0706667 0.000104547
0 0.210726 0.008 0.0617551 0.016 0.00010491
0 0.713976 0 0.0541712 0 0.000105132
0 0.287649 0.654 0.127844 0.34 0.000105317
0 0.219935 0.046 0.0184182 0.068 0.000105809
0 0.577465 0 0.0552546 0 0.000105997
0 0.243499 0.296 0.0265439 0.0453333 0.000106237
0 0.173077 0.542 0.346154 0.916 0.000107707
0 0.0609426 0.0606667 0.107801 0.121333 0.000107881
0 0.25325 0.301333 0.0352113 0.0293333 0.000108257
0 0.972373 0.886667 0.0530878 0.226667 0.000108981
0 0.0200433 0.489333 0.0400867 0.288 0.000110579
0 0.524919 0.00333333 0.0866739 0.00666667 0.000112028
0 0.0146262 1 0.028169 0 0.000112109
0 0.988082 0.418 0.0227519 0.161333 0.000113242
0 0.625135 0.00333333 0.0877573 0.00666667 0.000113541
0 0.614572 0 0.0547129 0 0.000113857
0 0.286295 0.006 0.0763814 0.012 0.000114677
0 0.54442 0.418667 0.0660888 0.12 0.000114982
0 0.788732 0.476667 0.0606717 0.0546667 0.000115271
0 0.668743 0.016 0.0514626 0.032 0.000115448
0 0.537649 0.851333 0.0417118 0.118667 0.000116555
0 0.526544 0.452667 0.0660888 0.108 0.000117352
0 0.304442 0 0.0541712 0 0.000118162
0 0.318256 0.034 0.067714 0.068 0.000118203
0 0.865114 0 0.0541712 0 0.000118251
0 0.0511918 1 0.0557963 0 0.000118671
0 0.160888 1 0.107259 0 0.000119169
0 0.983749 0.407333 0.0325027 0.366667 0.00012027
0 0.539003 0 0.0552546 0 0.00012037
0 0.839653 0 0.0552546 0 0.000120435
0 0.549025 0.872 0.0568797 0.256 0.000121365
0 0.967226 0.997333 0.0590466 0.00533333 0.000121373
0 0.689328 0 0.0547129 0 0.000122051
0 0.0465872 0.018 0.0931744 0.036 0.000122174
0 0.14247 0.413333 0.28494 0.826667 0.000123052
0 0.254063 0.29 0.0422535 0.0413333 0.000124043
0 0.369989 0.014 0.0433369 0.028 0.000124113
0 0.277627 0 0.0547129 0 0.000124522
0 0.112134 0 0.056338 0 0.000125403
0 0.993499 0.942667 0.0130011 0.114667 0.000125828
0 0.0211268 1 0.0422535 0 0.000127563
0 0.346966 0.31 0.039545 0.206667 0.000129684
0 0.739707 0 0.0547129 0 0.000129772
0 0.98429 0.994 0.028169 0.012 0.000130175
0 0.639762 0 0.0552546 0 0.000130873
0 0.789816 0 0.0552546 0 0.000132944
0 0.00758397 0.42 0.0151679 0.149333 0.000134474
0 0.349404 0.0866667 0.0541712 0.109333 0.000135719
0 0.589653 0.0266667 0.0817985 0.0533333 0.000135965
0 0.238353 0.00733333 0.0650054 0.0146667 0.000136681
0 0.00866739 0.0846667 0.0173348 0.169333 0.000136715
0 0.136511 0.00333333 0.107259 0.00666667 0.000139579
0 0.0100217 0.295333 0.0200433 0.265333 0.000139834
0 0.72454 0.002 0.0947996 0.004 0.000141108
0 0.263001 0.254 0.0774648 0.129333 0.000142107
0 0.375948 0.824 0.0628386 0.237333 0.000142456
0 0.664951 0 0.0547129 0 0.000142625
0 0.0130011 0.863333 0.0130011 0.236 0.000144126
0 0.111863 0.869333 0.131636 0.261333 0.000144433
0 0.804713 0.844667 0.052546 0.110667 0.000146164
0 0.465601 0.68 0.031961 0.088 0.000146824
0 0.514085 0 0.0552546 0 0.000146919
0 0.593987 0.024 0.0471289 0.048 0.000146961
0 0.815005 0 0.0547129 0 0.00014733
0 0.217226 0.442667 0.434453 0.885333 0.000147552
0 0.46506 0.0106667 0.0742145 0.0213333 0.000147724
0 0.978873 0 0.0422535 0 0.000147842
0 0.786836 0.00266667 0.0850488 0.00533333 0.000149383
0 0.0067714 0.909333 0.0092091 0.141333 0.000150829
0 0.336674 0.01 0.0861322 0.02 0.000151037
0 0.651679 0.5 0.696641 1 0.000151107
0 0.716143 0.564 0.567714 0.872 0.000151598
0 0.874594 0.248667 0.189057 0.497333 0.000151901
0 0.540358 0.0146667 0.0893824 0.0293333 0.000152462
0 0.213164 0.0226667 0.0265439 0.0453333 0.000152855
0 0.989166 0.94 0.0108342 0.117333 0.000153526
0 0.0227519 0.988667 0.0455038 0.0226667 0.000154432
0 0.992145 0.415333 0.0157096 0.268 0.000156182
0 0.137866 0 0.0568797 0 0.000157728
0 0.224269 0.0326667 0.0433369 0.0653333 0.00015811
0 0.312026 0.00466667 0.084507 0.00933333 0.000158508
0 0.487811 0.016 0.0872156 0.032 0.000159552
0 0.708017 0.00333333 0.0758397 0.00666667 0.000160469
0 0.566901 0.0133333 0.0893824 0.0266667 0.000161183
0 0.52519 0.882 0.0547129 0.236 0.00016377
0 0.287107 0.644 0.20585 0.485333 0.000165158
0 0.00839653 0.604 0.0167931 0.146667 0.000166973
0 0.639762 0.0186667 0.0985916 0.0373333 0.000168645
0 0.617551 0.0133333 0.0877573 0.0266667 0.000168943
0 0.00866739 0.903333 0.0173348 0.193333 0.000170014
0 0.568527 0.792 0.0557963 0.114667 0.000170102
0 0.989707 0.054 0.0151679 0.0973333 0.000174162
0 0.465872 0.02 0.0465872 0.04 0.000175025
0 0.333424 0.0273333 0.0417118 0.0546667 0.000175339
0 0.743229 0.0146667 0.0964247 0.0293333 0.000178836
0 0.450704 0.300667 0.0249187 0.0466667 0.000179259
0 0.49052 0 0.0557963 0 0.000184171
0 0.0176056 0.607333 0.0352113 0.318667 0.000184845
0 0.0157096 0.0546667 0.0314193 0.109333 0.000185259
0 0.397075 0.0233333 0.0628386 0.0466667 0.000185333
0 0.0151679 0.84 0.0260022 0.264 0.000188222
0 0.349946 0.294 0.0335861 0.0493333 0.000188992
0 0.0105634 0.514667 0.0178765 0.258667 0.00018993
0 0.764355 0 0.0552546 0 0.000192259
0 0.437974 0.00733333 0.088299 0.0146667 0.000192403
0 0.861863 0.00333333 0.102925 0.00666667 0.000197838
0 0.0105634 1 0.0211268 0 0.000198117
0 0.2026 0 0.0552546 0 0.000198593
0 0.340737 0.0446667 0.0476706 0.0893333 0.000199393
0 0.112947 0.999333 0.130553 0.00133333 0.000201433
0 0.668202 0.016 0.0947996 0.032 0.000202868
0 0.820693 0.00333333 0.0758397 0.00666667 0.000207781
0 0.0197725 0.838667 0.039545 0.322667 0.000208414
0 0.268689 0.309333 0.0812568 0.0986667 0.000209822
0 0.159534 0.529333 0.289816 0.661333 0.000209954
0 0.151408 0 0.0568797 0 0.000210614
0 0.51896 0.0126667 0.0931744 0.0253333 0.000214709
0 0.00975081 0.388667 0.0173348 0.249333 0.000215622
0 0.114301 0.776 0.228602 0.424 0.000219157
0 0.686078 0.026 0.0991333 0.052 0.000220179
0 0.685807 0.956667 0.0530878 0.0813333 0.000226101
0 0.868364 0.0126667 0.0964247 0.0253333 0.00023302
0 0.649242 0.00333333 0.095883 0.00666667 0.000235695
0 0.0842362 0.0146667 0.115385 0.0293333 0.000237538
0 0.992958 0.971333 0.0140845 0.0573333 0.000243697
0 0.347237 0.096 0.0335861 0.0746667 0.000244962
0 0.939328 0.0153333 0.104009 0.0306667 0.000245721
0 0.751083 0.710667 0.116468 0.266667 0.000245899
0 0.741874 0.470667 0.516251 0.941333 0.000249507
0 0.253521 0 0.0541712 0 0.000252058
0 0.260022 0 0.0855905 0 0.000256332
0 0.196371 0 0.0839653 0 0.000257973
0 0.770856 0.00333333 0.0747562 0.00666667 0.000261302
0 0.00866739 0.692667 0.0162514 0.244 0.000265463
0 0.526815 0.83 0.0362947 0.150667 0.000265699
0 0.38597 0.0146667 0.0861322 0.0293333 0.000270371
0 0.56636 0.5 0.745937 1 0.000273613
0 0.378657 0.0333333 0.0660888 0.0666667 0.000282982
0 0.533315 0.949333 0.0427952 0.088 0.000283761
0 0.687703 0.00333333 0.0926327 0.00666667 0.000284285
0 0.487541 0.680667 0.0411701 0.0973333 0.000289051
0 0.073402 0 0.0568797 0 0.000292122
0 0.150325 0.672 0.30065 0.656 0.00029551
0 0.966143 0 0.067714 0 0.000298031
0 0.0731311 1 0.0953413 0 0.0003065
0 0.359426 0.0433333 0.0579632 0.084 0.000307387
0 0.912784 0.00466667 0.113759 0.00933333 0.000313202
0 0.178223 0 0.056338 0 0.000322071
0 0.115926 0.012 0.115926 0.024 0.000323849
0 0.98104 1 0.0379198 0 0.000351264
0 0.851842 0.345333 0.296316 0.690667 0.000367658
0 0.0425244 0.996667 0.0850488 0.00666667 0.000377763
0 0.613759 0 0.124594 0 0.000379157
0 0.787649 0 0.133261 0 0.000380114
0 0.0287107 1 0.0530878 0 0.000384653
0 0.0130011 0.616667 0.0195016 0.257333 0.000402486
0 0.988082 0.982667 0.0130011 0.0346667 0.000406629
0 0.988624 1 0.0195016 0 0.000409641
0 0.963705 0 0.056338 0 0.000418953
0 0.399242 0.318 0.0162514 0.036 0.000421487
0 0.839924 0 0.137053 0 0.000431773
0 0.684182 0.968667 0.0400867 0.044 0.000436779
0 0.492145 0.00133333 0.109967 0.00266667 0.000448597
0 0.473456 0.674 0.0541712 0.153333 0.000453395
0 0.538732 0.892 0.0547129 0.157333 0.00045626
0 0.738624 0 0.13922 0 0.000463409
0 0.403846 0.315333 0.0124594 0.0253333 0.000469315
0 0.539274 0 0.126219 0 0.000492732
0 0.687974 0 0.138678 0 0.00049319
0 0.0362947 0.03 0.0725894 0.06 0.000496208
0 0.0660888 0.006 0.0780065 0.012 0.00050226
0 0.883532 0.187333 0.147346 0.284 0.000504063
0 0.219935 0.028 0.0238353 0.048 0.000532893
0 0.364301 0.5 0.728602 1 0.000561586
0 0.54117 0.799333 0.0335861 0.084 0.000572535
0 0.307963 0.764 0.14247 0.472 0.000601489
0 0.369177 0.0286667 0.039545 0.052 0.000604709
0 0.162514 0.00266667 0.122427 0.00533333 0.000606348
0 0.0492958 0 0.0574215 0 0.000629103
0 0.454767 0.0253333 0.0352113 0.04 0.000638449
0 0.316089 0.576667 0.515168 0.846667 0.00070044
0 0.55688 0.764 0.0325027 0.12 0.000740864
0 0.890303 0 0.134886 0 0.000768295
0 0.296316 0.308 0.035753 0.056 0.000793163
0 0.466143 0.699333 0.024377 0.052 0.000816916
0 0.0235645 0.002 0.0471289 0.004 0.000856591
0 0.472644 0.705333 0.0222102 0.0373333 0.000924169
0 0.3448 0.315333 0.0362947 0.0546667 0.00107028
0 0.318527 0.836 0.0931744 0.264 0.00118643
0 0.93987 0 0.113759 0 0.00130506
0 0.0896533 0 0.159805 0 0.00141071
0 0.0417118 0.00333333 0.0834236 0.00666667 0.00248038
0 0.535753 0.424 0.0509209 0.056 0.00264481
0 0.297129 0.307333 0.0265439 0.0333333 0.0029289
0 0.547942 0.804 0.0308776 0.186667 0.00889613
0 0.349404 0.308 0.0249187 0.0346667 0.0095779
0 0.475081 0.692667 0.0335861 0.06 0.0268144
0 0.550921 0.791333 0.0249187 0.084 0.548872
