0 0.940953 0.206667 0.104009 0.317333 1.72831e-05
0 0.64247 0.853333 0.0292524 0.0746667 1.73474e-05
0 0.510022 0.0746667 0.0373781 0.0613333 1.73582e-05
0 0.949621 0.854667 0.0888407 0.208 1.74311e-05
0 0.330986 0.04 0.056338 0.0426667 1.74821e-05
0 0.36078 0.524 0.106176 0.205333 1.75507e-05
0 0.593174 0.878667 0.0260022 0.0586667 1.75691e-05
0 0.541983 0.66 0.0406284 0.157333 1.76823e-05
0 0.504875 0.648 0.0444204 0.136 1.76969e-05
0 0.376219 0.203333 0.100217 0.366667 1.77239e-05
0 0.516522 0.78 0.039545 0.130667 1.77695e-05
0 0.329632 0.830667 0.198808 0.338667 1.78337e-05
0 0.558505 0.261333 0.0509209 0.08 1.78663e-05
0 0.0647346 0.282667 0.121885 0.461333 1.78874e-05
0 0.270585 0.946 0.0287107 0.0893333 1.79381e-05
0 0.185807 0.054 0.0910076 0.0893333 1.79481e-05
0 0.807963 0.988667 0.0622969 0.0226667 1.79614e-05
0 0.98402 0.230667 0.0297941 0.0986667 1.79724e-05
0 0.247291 0.0313333 0.0698808 0.0626667 1.79782e-05
0 0.176869 0.46 0.0937161 0.250667 1.79832e-05
0 0.0270856 0.971333 0.0541712 0.0573333 1.80354e-05
0 0.644366 0.954667 0.0330444 0.072 1.80363e-05
0 0.420639 0.167333 0.14247 0.334667 1.80939e-05
0 0.720748 0.302 0.0352113 0.0893333 1.81239e-05
0 0.506501 0.982 0.028169 0.036 1.81343e-05
0 0.3513 0.277333 0.0991333 0.432 1.81714e-05
0 0.897887 0.608 0.0763814 0.149333 1.8172e-05
0 0.773294 0.402667 0.0427952 0.101333 1.81853e-05
0 0.453142 0.934667 0.0297941 0.0666667 1.82012e-05
0 0.917389 0.963333 0.126219 0.0733333 1.82313e-05
0 0.582069 0.948667 0.0254605 0.0813333 1.82541e-05
0 0.910888 0.642667 0.0492958 0.101333 1.82641e-05
0 0.757042 0.694 0.0579632 0.150667 1.83261e-05
0 0.292524 0.765333 0.144095 0.469333 1.8362e-05
0 0.481582 0.918 0.0650054 0.164 1.83922e-05
0 0.353196 0.0393333 0.056338 0.044 1.84502e-05
0 0.359967 0.554 0.0492958 0.068 1.84948e-05
0 0.632178 0.0213333 0.0455038 0.0426667 1.85557e-05
0 0.46208 0.963333 0.0823402 0.0733333 1.85862e-05
0 0.234561 0.05 0.035753 0.1 1.8627e-05
0 0.406826 0.55 0.0628386 0.150667 1.87767e-05
0 0.717497 0.234667 0.137053 0.458667 1.87906e-05
0 0.960726 0.0806667 0.0460455 0.0893333 1.88389e-05
0 0.614843 0.0306667 0.106176 0.0613333 1.887e-05
0 0.59507 0.95 0.0276273 0.0813333 1.88723e-05
0 0.0124594 0.880667 0.0249187 0.198667 1.88981e-05
0 0.426327 0.529333 0.15493 0.597333 1.895e-05
0 0.888949 0.102667 0.110509 0.205333 1.90023e-05
0 0.545233 0.508 0.0384615 0.0906667 1.90479e-05
0 0.253792 0.386667 0.0612134 0.237333 1.90526e-05
0 0.719935 0.556 0.035753 0.0773333 1.90679e-05
0 0.86403 0.998 0.0476706 0.004 1.90853e-05
0 0.788732 0.942 0.0866739 0.116 1.90874e-05
0 0.614301 0.717333 0.0693391 0.277333 1.9101e-05
0 0.691224 0.844667 0.0866739 0.148 1.91188e-05
0 0.244583 0.0246667 0.039545 0.0493333 1.91552e-05
0 0.224269 0.240667 0.0422535 0.0866667 1.91852e-05
0 0.551192 0.376 0.0590466 0.122667 1.92713e-05
0 0.114843 0.989333 0.131094 0.0213333 1.9292e-05
0 0.56961 0.289333 0.0438787 0.0986667 1.93523e-05
0 0.477519 0.914 0.0427952 0.14 1.93891e-05
0 0.64545 0.456 0.0341278 0.08 1.94082e-05
0 0.700975 0.921333 0.0346696 0.104 1.94471e-05
0 0.561755 0.795333 0.0195016 0.110667 1.94831e-05
0 0.18662 0.026 0.0969664 0.052 1.94862e-05
0 0.59182 0.24 0.031961 0.101333 1.94901e-05
0 0.459101 0.636 0.0622969 0.165333 1.96155e-05
0 0.287378 0.954667 0.067714 0.0906667 1.96163e-05
0 0.458559 0.0713333 0.06013 0.134667 1.9666e-05
0 0.787107 0.696 0.056338 0.176 1.97215e-05
0 0.710455 0.202 0.0785482 0.158667 1.97264e-05
0 0.618906 0.851333 0.0276273 0.076 1.97574e-05
0 0.625677 0.337333 0.0433369 0.0933333 1.97582e-05
0 0.259209 0.941333 0.0308776 0.0826667 1.97764e-05
0 0.972914 0.508667 0.0487541 0.129333 1.98324e-05
0 0.759751 0.691333 0.0872156 0.308 1.98405e-05
0 0.98429 0.594 0.0270856 0.126667 1.98666e-05
0 0.538191 0.268667 0.0633803 0.206667 1.99572e-05
0 0.862676 0.827333 0.125135 0.273333 1.99719e-05
0 0.796045 0.639333 0.0417118 0.110667 1.99903e-05
0 0.23727 0.064 0.0780065 0.128 2.00349e-05
0 0.947996 0.565333 0.0834236 0.152 2.00902e-05
0 0.985915 0.966667 0.0216685 0.0533333 2.01729e-05
0 0.667389 0.813333 0.0325027 0.072 2.01768e-05
0 0.79415 0.0166667 0.0487541 0.0333333 2.02137e-05
0 0.139762 0.0866667 0.115926 0.173333 2.02527e-05
0 0.583965 0.664667 0.0671723 0.145333 2.03171e-05
0 0.785211 0.272 0.0438787 0.0986667 2.03787e-05
0 0.630823 0.952 0.0276273 0.072 2.03835e-05
0 0.811755 0.368667 0.0492958 0.105333 2.03871e-05
0 0.232665 0.754 0.0362947 0.156 2.04136e-05
0 0.95883 0.046 0.0628386 0.092 2.07788e-05
0 0.608072 0.575333 0.0655471 0.262667 2.08205e-05
0 0.447996 0.519333 0.0433369 0.0626667 2.09215e-05
0 0.482936 0.0486667 0.0438787 0.0653333 2.09331e-05
0 0.713976 0.949333 0.0671723 0.101333 2.10446e-05
0 0.96533 0.978 0.0693391 0.044 2.10528e-05
0 0.77221 0.126 0.0460455 0.121333 2.10613e-05
0 0.514085 0.172 0.0682557 0.152 2.10881e-05
0 0.68662 0.96 0.0850488 0.08 2.11019e-05
0 0.254875 0.278667 0.125135 0.442667 2.11956e-05
0 0.771668 0.641333 0.039545 0.0933333 2.12154e-05
0 0.88922 0.766 0.130553 0.230667 2.12288e-05
0 0.865114 0.944667 0.12351 0.110667 2.12791e-05
0 0.58234 0.982 0.0325027 0.036 2.12905e-05
0 0.669556 0.980667 0.0411701 0.0306667 2.13897e-05
0 0.646533 0.485333 0.0330444 0.0693333 2.13937e-05
0 0.760293 0.550667 0.039545 0.0853333 2.14133e-05
0 0.459372 0.708 0.0682557 0.176 2.14549e-05
0 0.885699 0.048 0.0801734 0.088 2.14752e-05
0 0.442037 0.46 0.0877573 0.138667 2.15009e-05
0 0.460184 0.782 0.127302 0.436 2.15113e-05
0 0.917389 0 0.0536295 0 2.15317e-05
0 0.619989 0.652667 0.0276273 0.0573333 2.15469e-05
0 0.575298 0.802 0.020585 0.1 2.15658e-05
0 0.435265 0.534 0.0568797 0.132 2.16001e-05
0 0.479415 0.636 0.0747562 0.250667 2.16188e-05
0 0.231853 0.158 0.0910076 0.316 2.17204e-05
0 0.907096 0.515333 0.0492958 0.126667 2.17963e-05
0 0.744041 0.08 0.0406284 0.0853333 2.18618e-05
0 0.617281 0.745333 0.121885 0.509333 2.19582e-05
0 0.112676 1 0.0574215 0 2.19823e-05
0 0.830986 0.162 0.0823402 0.182667 2.21284e-05
0 0.748917 0.43 0.0384615 0.092 2.21752e-05
0 0.41441 0.966 0.0888407 0.068 2.25581e-05
0 0.558776 0.994667 0.0579632 0.0106667 2.2672e-05
0 0.734832 0.971333 0.0547129 0.0573333 2.2744e-05
0 0.608613 0.09 0.0362947 0.068 2.28683e-05
0 0.596154 0.982667 0.0330444 0.0346667 2.28761e-05
0 0.874052 0.692667 0.0947996 0.148 2.28763e-05
0 0.46831 0.0433333 0.0438787 0.0573333 2.29705e-05
0 0.15195 0.396 0.127302 0.285333 2.30331e-05
0 0.984832 0.167333 0.0249187 0.110667 2.3079e-05
0 0.818527 0.693333 0.100758 0.181333 2.3106e-05
0 0.761647 0.99 0.0660888 0.02 2.31752e-05
0 0.536566 0.474667 0.124052 0.466667 2.32213e-05
0 0.0612134 0.88 0.12026 0.24 2.3243e-05
0 0.296046 0.945333 0.0427952 0.0986667 2.32867e-05
0 0.688245 0.18 0.0709642 0.133333 2.32906e-05
0 0.708288 0.272667 0.0352113 0.0893333 2.33036e-05
0 0.695829 0.066 0.0460455 0.0973333 2.33371e-05
0 0.946641 0.702667 0.0807151 0.165333 2.34141e-05
0 0.895991 0.792 0.0780065 0.149333 2.3448e-05
0 0.233478 0.937333 0.0476706 0.0853333 2.3458e-05
0 0.304713 0.581333 0.112134 0.162667 2.36152e-05
0 0.522481 0.994667 0.0579632 0.0106667 2.36626e-05
0 0.730228 0.983333 0.0314193 0.0333333 2.36734e-05
0 0.0273564 0.582 0.0547129 0.3 2.37126e-05
0 0.246208 0.0833333 0.0427952 0.126667 2.37394e-05
0 0.564464 0.03 0.109426 0.06 2.37967e-05
0 0.761376 0.0713333 0.088299 0.142667 2.38081e-05
0 0.568256 0.264 0.141928 0.528 2.38485e-05
0 0.00622969 0.78 0.0124594 0.146667 2.38805e-05
0 0.522481 0.052 0.0687974 0.0933333 2.38911e-05
0 0.220206 0.0173333 0.0417118 0.0346667 2.39608e-05
0 0.0195016 0.0893333 0.0390032 0.12 2.39716e-05
0 0.585049 0.127333 0.0433369 0.0573333 2.40124e-05
0 0.912243 0.0893333 0.0834236 0.149333 2.40193e-05
0 0.667931 0 0.0520043 0 2.40655e-05
0 0.740791 0.195333 0.088299 0.156 2.40681e-05
0 0.9461 0.0133333 0.0503792 0.0266667 2.40787e-05
0 0.235103 0.96 0.0801734 0.08 2.4086e-05
0 0.67416 0.00333333 0.0774648 0.00666667 2.4106e-05
0 0.507042 0.0166667 0.0455038 0.0333333 2.4238e-05
0 0.5474 0.468 0.0406284 0.072 2.43093e-05
0 0.417389 0.934667 0.067714 0.130667 2.43139e-05
0 0.565005 0.862667 0.0530878 0.274667 2.43477e-05
0 0.909805 0.728667 0.0785482 0.129333 2.43929e-05
0 0.716956 0.0286667 0.106717 0.0573333 2.44685e-05
0 0.471831 0.512667 0.0465872 0.0706667 2.4508e-05
0 0.670368 0.852667 0.0287107 0.0733333 2.45395e-05
0 0.750271 0.938 0.063922 0.124 2.45772e-05
0 0.89545 0.0493333 0.0476706 0.0586667 2.46101e-05
0 0.74377 0.990667 0.0379198 0.0186667 2.46115e-05
0 0.619447 0.918 0.0276273 0.0946667 2.46662e-05
0 0.98429 0.535333 0.0314193 0.129333 2.46834e-05
0 0.0278982 0.770667 0.0514626 0.312 2.47031e-05
0 0.709372 0.334667 0.0330444 0.088 2.47843e-05
0 0.721018 0.166667 0.173348 0.333333 2.48066e-05
0 0.284128 0.990667 0.0655471 0.0186667 2.48676e-05
0 0.612676 0.916 0.0617551 0.168 2.4895e-05
0 0.609155 0.208667 0.0698808 0.166667 2.49059e-05
0 0.944475 0.398667 0.111051 0.194667 2.51669e-05
0 0.572048 0.742667 0.0260022 0.133333 2.51939e-05
0 0.79415 0.906 0.114843 0.142667 2.52396e-05
0 0.0742145 1 0.0574215 0 2.527e-05
0 0.772752 0.577333 0.0384615 0.096 2.53378e-05
0 0.630823 0.454667 0.0362947 0.08 2.53576e-05
0 0.62351 0.990667 0.0650054 0.0186667 2.54437e-05
0 0.138407 1 0.0568797 0 2.54945e-05
0 0.212893 0.627333 0.0422535 0.198667 2.55281e-05
0 0.319068 0.713333 0.0834236 0.178667 2.5542e-05
0 0.840466 0.998 0.0492958 0.004 2.55695e-05
0 0.807692 0.604 0.0606717 0.144 2.55882e-05
0 0.141116 0.00266667 0.0579632 0.00533333 2.56064e-05
0 0.355634 0.543333 0.0568797 0.14 2.5664e-05
0 0.986999 0.75 0.0173348 0.142667 2.57032e-05
0 0.78494 0.608 0.0379198 0.0986667 2.57817e-05
0 0.523023 0.952667 0.0817985 0.0946667 2.57832e-05
0 0.44312 0.383333 0.0931744 0.294667 2.5865e-05
0 0.114301 0.592 0.228602 0.346667 2.59306e-05
0 0.47156 0.981333 0.0373781 0.0373333 2.60848e-05
0 0.914139 0.707333 0.129469 0.230667 2.61535e-05
0 0.356446 0.088 0.0487541 0.109333 2.61943e-05
0 0.479144 0.644667 0.0449621 0.137333 2.62454e-05
0 0.212351 0.419333 0.0758397 0.182667 2.63078e-05
0 0.640303 0.306 0.0487541 0.0946667 2.63093e-05
0 0.311213 0.864667 0.105634 0.270667 2.64416e-05
0 0.985915 0.812667 0.0184182 0.150667 2.64805e-05
0 0.345612 0.584667 0.0509209 0.06 2.6512e-05
0 0.426869 0.6 0.063922 0.12 2.65395e-05
0 0.3448 0.458667 0.0536295 0.106667 2.65572e-05
0 0.610509 0.430667 0.0390032 0.08 2.6566e-05
0 0.979957 0.0266667 0.0400867 0.0533333 2.66068e-05
0 0.954225 0.243333 0.0915493 0.486667 2.66234e-05
0 0.569339 0.982 0.0346696 0.0306667 2.66317e-05
0 0.595612 0.539333 0.0330444 0.0813333 2.66621e-05
0 0.618635 0.538 0.0292524 0.076 2.6729e-05
0 0.466685 0.299333 0.0557963 0.124 2.67802e-05
0 0.5948 0.198 0.0379198 0.0866667 2.68142e-05
0 0.189057 0.0666667 0.0790899 0.133333 2.68399e-05
0 0.331528 0.171333 0.193933 0.342667 2.68512e-05
0 0.106717 0.198 0.15493 0.396 2.68756e-05
0 0.457746 0.58 0.0769231 0.202667 2.69644e-05
0 0.551463 0.807333 0.0650054 0.166667 2.70755e-05
0 0.537649 0.570667 0.0644637 0.16 2.71042e-05
0 0.340466 0.473333 0.095883 0.149333 2.71155e-05
0 0.219664 0.032 0.0557963 0.064 2.72033e-05
0 0.280878 0.024 0.0482123 0.04 2.72391e-05
0 0.64247 0 0.0530878 0 2.72464e-05
0 0.659805 0.974 0.0530878 0.052 2.72919e-05
0 0.637866 0.656 0.0828819 0.208 2.73698e-05
0 0.607801 0.982 0.0314193 0.0333333 2.73857e-05
0 0.608613 0.581333 0.0406284 0.133333 2.73857e-05
0 0.472644 0.456 0.0547129 0.136 2.74148e-05
0 0.861322 0.794 0.092091 0.134667 2.74435e-05
0 0.218039 0.515333 0.18364 0.276 2.7449e-05
0 0.492416 0.562 0.0390032 0.06 2.74589e-05
0 0.560943 0.684 0.0471289 0.274667 2.75479e-05
0 0.577736 0.953333 0.0817985 0.0933333 2.76652e-05
0 0.0452329 0.174667 0.0904659 0.349333 2.77108e-05
0 0.286024 0.052 0.0931744 0.08 2.77562e-05
0 0.766251 0.0273333 0.112134 0.0546667 2.78639e-05
0 0.611863 0.391333 0.125135 0.468 2.7905e-05
0 0.311484 0.95 0.0877573 0.1 2.79176e-05
0 0.532503 0.0486667 0.0400867 0.068 2.79274e-05
0 0.397887 0.0466667 0.0503792 0.072 2.79513e-05
0 0.480769 0.0173333 0.0460455 0.0346667 2.79701e-05
0 0.503521 0.578 0.0449621 0.124 2.79766e-05
0 0.492687 0.084 0.0796316 0.141333 2.79813e-05
0 0.0354821 0.502667 0.0547129 0.293333 2.8078e-05
0 0.508938 0.184 0.0460455 0.0693333 2.81701e-05
0 0.259209 0.139333 0.0731311 0.244 2.81739e-05
0 0.728332 0.61 0.0406284 0.0813333 2.83132e-05
0 0.478061 0.384 0.0579632 0.16 2.83574e-05
0 0.00541712 0.842667 0.0108342 0.149333 2.83707e-05
0 0.670639 0.529333 0.035753 0.064 2.85026e-05
0 0.00541712 0.686 0.0108342 0.145333 2.85647e-05
0 0.0289816 0.410667 0.0492958 0.253333 2.87172e-05
0 0.547942 0.981333 0.0362947 0.024 2.87262e-05
0 0.583965 0.874 0.0541712 0.252 2.87479e-05
0 0.907638 0.980667 0.0774648 0.0386667 2.89505e-05
0 0.0747562 0.411333 0.149512 0.377333 2.93703e-05
0 0.447725 0.800667 0.0384615 0.129333 2.94195e-05
0 0.916847 0.273333 0.151138 0.546667 2.94558e-05
0 0.377573 0.139333 0.0812568 0.172 2.95055e-05
0 0.618093 0 0.0530878 0 2.95894e-05
0 0.707747 0.273333 0.0785482 0.226667 2.95956e-05
0 0.63299 0.414667 0.0384615 0.104 2.96689e-05
0 0.0260022 0.89 0.0520043 0.182667 2.96977e-05
0 0.25325 0.349333 0.105634 0.216 2.97119e-05
0 0.84805 0.418667 0.088299 0.162667 2.97516e-05
0 0.166306 0.002 0.0574215 0.004 2.99391e-05
0 0.233478 0.11 0.0346696 0.134667 3.00804e-05
0 0.8039 0.997333 0.0465872 0.00533333 3.00854e-05
0 0.967226 0.999333 0.0460455 0.00133333 3.02029e-05
0 0.684453 0.392667 0.0796316 0.284 3.03457e-05
0 0.536295 0.0693333 0.0747562 0.138667 3.03753e-05
0 0.485103 0.502667 0.0666305 0.210667 3.0458e-05
0 0.837216 0.748667 0.126219 0.193333 3.04759e-05
0 0.455309 0.814 0.0655471 0.204 3.074e-05
0 0.858072 0.544667 0.0541712 0.124 3.0809e-05
0 0.614301 0.673333 0.0552546 0.096 3.09574e-05
0 0.880823 0.0153333 0.0476706 0.0306667 3.10184e-05
0 0.963976 0.408667 0.0622969 0.150667 3.13207e-05
0 0.478602 0.578667 0.0482123 0.12 3.13646e-05
0 0.558776 0.0493333 0.0406284 0.064 3.13884e-05
0 0.869177 0.0546667 0.0449621 0.0666667 3.14119e-05
0 0.619447 0.817333 0.0287107 0.072 3.14468e-05
0 0.384074 0.844667 0.0704225 0.310667 3.14505e-05
0 0.00704225 0.919333 0.0140845 0.161333 3.14974e-05
0 0.895179 0.544 0.0536295 0.125333 3.15591e-05
0 0.989978 0.290667 0.0157096 0.128 3.15653e-05
0 0.773023 0.518667 0.0411701 0.101333 3.1643e-05
0 0.839653 0.27 0.148429 0.324 3.16475e-05
0 0.00866739 0.0706667 0.0173348 0.141333 3.16773e-05
0 0.712893 0.458 0.0823402 0.265333 3.18003e-05
0 0.684724 0.28 0.0595883 0.152 3.18735e-05
0 0.0311484 0.213333 0.0492958 0.272 3.18934e-05
0 0.813922 0.356667 0.0774648 0.233333 3.19835e-05
0 0.974269 0.942667 0.0514626 0.114667 3.20139e-05
0 0.0866739 0.606667 0.126761 0.277333 3.20432e-05
0 0.917118 0.830667 0.132178 0.285333 3.22363e-05
0 0.290358 0.028 0.130011 0.056 3.22391e-05
0 0.763001 0.338667 0.0915493 0.274667 3.23443e-05
0 0.629469 0.481333 0.0346696 0.064 3.24765e-05
0 0.718852 0.986667 0.0368364 0.0266667 3.25474e-05
0 0.853738 0.0833333 0.0400867 0.0786667 3.25941e-05
0 0.782503 0.622 0.14572 0.468 3.26835e-05
0 0.683911 0.341333 0.0568797 0.149333 3.27639e-05
0 0.559317 0.238667 0.0417118 0.0613333 3.27793e-05
0 0.755959 0.994667 0.0438787 0.0106667 3.2847e-05
0 0.637053 0.00466667 0.0801734 0.00933333 3.29566e-05
0 0.563922 0.574667 0.0628386 0.157333 3.30617e-05
0 0.736999 0.522 0.0926327 0.270667 3.30951e-05
0 0.380282 0.738 0.0660888 0.212 3.31125e-05
0 0.696912 0.992667 0.0536295 0.0146667 3.31417e-05
0 0.561213 0.0233333 0.0812568 0.0466667 3.31719e-05
0 0.855092 0.0173333 0.0471289 0.0346667 3.3235e-05
0 0.0444204 0.644 0.0888407 0.682667 3.33426e-05
0 0.504605 0.531333 0.0287107 0.0706667 3.33693e-05
0 0.387053 0.592667 0.0828819 0.105333 3.35975e-05
0 0.877844 0.733333 0.204225 0.496 3.36732e-05
0 0.91468 1 0.052546 0 3.37784e-05
0 0.637866 0.166 0.131636 0.332 3.3803e-05
0 0.491874 0.0286667 0.111593 0.0573333 3.38192e-05
0 0.760293 0.460667 0.0417118 0.0946667 3.38332e-05
0 0.573402 0.874667 0.024377 0.0586667 3.39581e-05
0 0.621073 0.788667 0.031961 0.0893333 3.39639e-05
0 0.733749 0.782667 0.0687974 0.184 3.3964e-05
0 0.630553 0.994667 0.0422535 0.0106667 3.40059e-05
0 0.539816 0.882 0.0709642 0.153333 3.40139e-05
0 0.653846 0.329333 0.0346696 0.0986667 3.40736e-05
0 0.643824 0.590667 0.0893824 0.128 3.41487e-05
0 0.580173 0 0.0530878 0 3.41769e-05
0 0.567443 0.724 0.0232936 0.08 3.43096e-05
0 0.346154 0.118667 0.0520043 0.106667 3.44316e-05
0 0.607259 0.535333 0.0303359 0.0786667 3.4462e-05
0 0.852925 0.0946667 0.103467 0.178667 3.4503e-05
0 0.7974 0.403333 0.0487541 0.108 3.4525e-05
0 0.692849 0.874667 0.125677 0.250667 3.46132e-05
0 0.608613 0.0726667 0.0774648 0.145333 3.46238e-05
0 0.539816 0.110667 0.0861322 0.144 3.47304e-05
0 0.905471 0.0133333 0.0492958 0.0266667 3.48781e-05
0 0.0333153 0.961333 0.0666305 0.0773333 3.50578e-05
0 0.54442 0.208 0.035753 0.064 3.51231e-05
0 0.347237 0.582 0.0812568 0.084 3.51835e-05
0 0.633261 0.054 0.0422535 0.0733333 3.52009e-05
0 0.356446 0.989333 0.071506 0.0213333 3.52585e-05
0 0.00622969 0.139333 0.0113759 0.150667 3.54202e-05
0 0.429848 0.604667 0.0341278 0.0866667 3.54648e-05
0 0.268418 0.530667 0.0568797 0.08 3.55164e-05
0 0.685265 0.47 0.0725894 0.142667 3.55387e-05
0 0.502167 0.960667 0.0411701 0.0786667 3.56059e-05
0 0.305255 0.002 0.052546 0.004 3.56911e-05
0 0.716143 0.588 0.0433369 0.0693333 3.57605e-05
0 0.789816 0.266 0.0931744 0.265333 3.58445e-05
0 0.657638 0.384 0.113759 0.429333 3.58509e-05
0 0.0517335 0.004 0.0579632 0.008 3.58845e-05
0 0.163597 1 0.056338 0 3.60788e-05
0 0.635157 0.213333 0.0731311 0.184 3.60936e-05
0 0.0498375 1 0.056338 0 3.61867e-05
0 0.981311 0.263333 0.031961 0.236 3.62324e-05
0 0.892199 0 0.0552546 0 3.6312e-05
0 0.657909 0.0593333 0.0427952 0.092 3.64604e-05
0 0.923619 0.514 0.0942579 0.164 3.65084e-05
0 0.61078 0.771333 0.0438787 0.148 3.66532e-05
0 0.653034 0.289333 0.0687974 0.170667 3.6676e-05
0 0.380011 0 0.0720477 0 3.67675e-05
0 0.843716 0.987333 0.0850488 0.0253333 3.6819e-05
0 0.97156 0.05 0.0449621 0.06 3.68356e-05
0 0.63299 0.817333 0.0276273 0.0693333 3.70116e-05
0 0.657909 0.468667 0.0709642 0.14 3.70358e-05
0 0.0200433 0.128 0.0400867 0.256 3.71215e-05
0 0.940412 1 0.0520043 0 3.7196e-05
0 0.726436 0.642 0.0812568 0.233333 3.72261e-05
0 0.764355 0.641333 0.0747562 0.136 3.7327e-05
0 0.566901 0.865333 0.0438787 0.128 3.74332e-05
0 0.825298 0.0233333 0.0828819 0.0466667 3.75063e-05
0 0.683099 0.400667 0.0541712 0.145333 3.75417e-05
0 0.599946 0.006 0.0817985 0.012 3.76666e-05
0 0.0352113 0.216 0.0704225 0.408 3.79538e-05
0 0.737541 0.404667 0.0872156 0.254667 3.79638e-05
0 0.780336 0.998667 0.0482123 0.00266667 3.79936e-05
0 0.761647 0.350667 0.0628386 0.157333 3.80502e-05
0 0.909805 0.477333 0.141387 0.258667 3.80998e-05
0 0.615385 0.281333 0.0736728 0.288 3.81531e-05
0 0.480228 0.956667 0.0492958 0.0866667 3.84241e-05
0 0.827465 0.831333 0.182557 0.337333 3.85415e-05
0 0.187432 0.668667 0.111593 0.209333 3.85452e-05
0 0.604009 0.998 0.0455038 0.004 3.86917e-05
0 0.00514626 0.231333 0.0102925 0.150667 3.87107e-05
0 0.653304 0.827333 0.0455038 0.142667 3.88644e-05
0 0.707747 0.563333 0.0373781 0.0733333 3.89316e-05
0 0.720477 0.0193333 0.0433369 0.0386667 3.89937e-05
0 0.320152 0.006 0.0541712 0.012 3.91901e-05
0 0.0159805 0.012 0.031961 0.024 3.93409e-05
0 0.449079 0.283333 0.0476706 0.113333 3.94841e-05
0 0.659263 0.887333 0.0758397 0.225333 3.95802e-05
0 0.706663 0.343333 0.0514626 0.14 3.97044e-05
0 0.868093 0 0.0547129 0 3.97199e-05
0 0.891928 0.0633333 0.0839653 0.126667 3.97707e-05
0 0.787649 0.998 0.0769231 0.004 3.98327e-05
0 0.560943 0.123333 0.0807151 0.246667 3.98861e-05
0 0.486457 0.24 0.106176 0.152 3.99224e-05
0 0.953142 0.749333 0.0937161 0.488 4.00535e-05
0 0.821777 0.635333 0.0693391 0.156 4.00594e-05
0 0.693391 0 0.0530878 0 4.01703e-05
0 0.873239 0.0233333 0.0888407 0.0466667 4.02243e-05
0 0.242958 0 0.0547129 0 4.03766e-05
0 0.189599 1 0.0552546 0 4.06156e-05
0 0.203142 0.997333 0.0530878 0.00533333 4.08965e-05
0 0.619177 0.98 0.0292524 0.0373333 4.08971e-05
0 0.0387324 1 0.0557963 0 4.10624e-05
0 0.461538 0.523333 0.0541712 0.124 4.16408e-05
0 0.605634 0.104 0.0725894 0.130667 4.19045e-05
0 0.71831 0.540667 0.136511 0.502667 4.1973e-05
0 0.310401 0.406667 0.151679 0.192 4.20165e-05
0 0.942579 0.08 0.0769231 0.138667 4.20766e-05
0 0.407367 0.626 0.0660888 0.14 4.21578e-05
0 0.769231 0.00666667 0.071506 0.0133333 4.21678e-05
0 0.706663 0.284 0.0547129 0.133333 4.21797e-05
0 0.353467 0.999333 0.052546 0.00133333 4.21981e-05
0 0.631907 0.675333 0.0362947 0.0706667 4.22024e-05
0 0.732394 0.349333 0.0585049 0.141333 4.23176e-05
0 0.00650054 0.564667 0.0130011 0.142667 4.23337e-05
0 0.106176 0.842 0.173348 0.289333 4.25454e-05
0 0.649242 0.990667 0.0709642 0.0186667 4.25723e-05
0 0.570152 0.198667 0.0406284 0.064 4.27415e-05
0 0.711268 0.468667 0.0552546 0.137333 4.29256e-05
0 0.599946 0.452 0.0362947 0.064 4.31219e-05
0 0.884886 0.388 0.118635 0.186667 4.32532e-05
0 0.368093 0.497333 0.0460455 0.114667 4.32695e-05
0 0.419014 0.421333 0.0482123 0.101333 4.32817e-05
0 0.708559 0.404667 0.0541712 0.137333 4.33747e-05
0 0.776815 0.424 0.144095 0.482667 4.33899e-05
0 0.439599 0.926 0.0167931 0.0546667 4.34391e-05
0 0.31013 0.282667 0.140303 0.242667 4.3654e-05
0 0.151679 0.523333 0.130011 0.262667 4.36641e-05
0 0.706392 0.992 0.0411701 0.016 4.37518e-05
0 0.456121 0.589333 0.0509209 0.128 4.38311e-05
0 0.191766 0 0.056338 0 4.41355e-05
0 0.792524 0.349333 0.0877573 0.149333 4.42085e-05
0 0.559317 0.280667 0.0633803 0.316 4.42769e-05
0 0.990249 0.229333 0.0140845 0.128 4.42934e-05
0 0.65818 0.898667 0.0509209 0.141333 4.43259e-05
0 0.768418 0.276 0.0731311 0.149333 4.44856e-05
0 0.723998 0.696 0.0579632 0.165333 4.44885e-05
0 0.831528 0.0186667 0.0498375 0.0373333 4.469e-05
0 0.498104 0.457333 0.0622969 0.146667 4.47989e-05
0 0.520043 0.208 0.0487541 0.08 4.48055e-05
0 0.00622969 0.321333 0.0124594 0.146667 4.48583e-05
0 0.54117 0.166 0.0888407 0.132 4.48749e-05
0 0.557421 0.0173333 0.0455038 0.0346667 4.49293e-05
0 0.738624 0.528667 0.0839653 0.132 4.5271e-05
0 0.911159 0.582 0.114843 0.236 4.53781e-05
0 0.622156 0.757333 0.0341278 0.0826667 4.54491e-05
0 0.559859 0.962 0.0644637 0.076 4.55297e-05
0 0.672535 0.577333 0.0471289 0.072 4.56238e-05
0 0.573673 0.4 0.0465872 0.112 4.59799e-05
0 0.335049 0.343333 0.095883 0.238667 4.6011e-05
0 0.73429 0.280667 0.0785482 0.137333 4.60199e-05
0 0.531961 0.0173333 0.0455038 0.0346667 4.60514e-05
0 0.989437 0.380667 0.0146262 0.14 4.61905e-05
0 0.386511 0.036 0.118635 0.072 4.62155e-05
0 0.408992 0.992667 0.063922 0.0146667 4.65138e-05
0 0.796045 0.575333 0.0449621 0.113333 4.65826e-05
0 0.583153 0.574667 0.0449621 0.133333 4.6617e-05
0 0.791441 0.633333 0.0899242 0.277333 4.67436e-05
0 0.224269 0.724667 0.0314193 0.14 4.69531e-05
0 0.653034 0.762667 0.0709642 0.226667 4.71652e-05
0 0.0387324 0.477333 0.0774648 0.450667 4.72843e-05
0 0.767335 0 0.0536295 0 4.73955e-05
0 0.633803 0.958 0.0617551 0.084 4.78022e-05
0 0.491603 0.979333 0.0200433 0.0413333 4.78123e-05
0 0.660076 0.961333 0.0731311 0.0773333 4.79956e-05
0 0.585861 0.962667 0.052546 0.0746667 4.81358e-05
0 0.606176 0.022 0.0444204 0.044 4.8228e-05
0 0.0549837 0.108667 0.107801 0.217333 4.83424e-05
0 0.654388 0.812 0.0335861 0.0773333 4.8385e-05
0 0.071506 0.0593333 0.112676 0.118667 4.85304e-05
0 0.311755 0.513333 0.130553 0.218667 4.85668e-05
0 0.939057 0.654667 0.121885 0.152 4.86998e-05
0 0.500813 0.454 0.0872156 0.236 4.8849e-05
0 0.468852 0.00133333 0.0514626 0.00266667 4.89591e-05
0 0.632449 0.982 0.0308776 0.0333333 4.91017e-05
0 0.718581 0 0.052546 0 4.91124e-05
0 0.732665 0.026 0.052546 0.052 4.9425e-05
0 0.71208 0.00266667 0.0774648 0.00533333 4.96577e-05
0 0.294691 0.997333 0.0509209 0.00533333 4.97834e-05
0 0.565005 0.757333 0.114843 0.466667 4.9861e-05
0 0.637324 0.664 0.0514626 0.122667 4.98735e-05
0 0.00704225 0.628 0.0140845 0.144 4.99473e-05
0 0.843174 0 0.0557963 0 4.99932e-05
0 0.597508 0.507333 0.0325027 0.068 5.02163e-05
0 0.989166 0.504 0.0162514 0.141333 5.04026e-05
0 0.21533 0.666 0.0666305 0.38 5.04107e-05
0 0.69935 0.654 0.0455038 0.105333 5.04886e-05
0 0.441495 0.897333 0.0422535 0.205333 5.05533e-05
0 0.587486 0.0253333 0.0633803 0.0506667 5.06797e-05
0 0.207476 0.983333 0.0758397 0.0333333 5.06946e-05
0 0.81961 0.127333 0.0552546 0.129333 5.08947e-05
0 0.632719 0.822667 0.0411701 0.144 5.11914e-05
0 0.87974 0.518 0.0552546 0.132 5.13019e-05
0 0.697454 0.906 0.052546 0.153333 5.15261e-05
0 0.631365 0.882 0.0622969 0.236 5.15279e-05
0 0.00650054 0.989333 0.0130011 0.0213333 5.16431e-05
0 0.898429 0.664667 0.0774648 0.129333 5.18898e-05
0 0.533586 0.231333 0.0433369 0.0706667 5.19274e-05
0 0.580444 0.859333 0.0178765 0.068 5.2302e-05
0 0.255417 0.646 0.0850488 0.244 5.23511e-05
0 0.388137 0.99 0.0774648 0.02 5.24741e-05
0 0.821777 0.422 0.0693391 0.142667 5.26918e-05
0 0.274377 0.028 0.0785482 0.056 5.31375e-05
0 0.743229 0 0.0530878 0 5.32029e-05
0 0.757584 0.0453333 0.0449621 0.056 5.32619e-05
0 0.505417 0.996667 0.0433369 0.00666667 5.3264e-05
0 0.262189 0.497333 0.114843 0.157333 5.36526e-05
0 0.513814 0.219333 0.0839653 0.124 5.37007e-05
0 0.608613 0.824 0.0612134 0.266667 5.37123e-05
0 0.585049 0.871333 0.0465872 0.113333 5.37566e-05
0 0.0184182 0.303333 0.0368364 0.396 5.42085e-05
0 0.763001 0.586 0.0568797 0.150667 5.45449e-05
0 0.0148971 1 0.0254605 0 5.45507e-05
0 0.945287 0.0273333 0.107259 0.0546667 5.47107e-05
0 0.35753 0.158 0.0617551 0.0866667 5.49273e-05
0 0.569339 0.458667 0.0400867 0.064 5.50359e-05
0 0.78792 0.182 0.0796316 0.222667 5.50546e-05
0 0.00650054 0.381333 0.0130011 0.146667 5.52737e-05
0 0.263543 0.990667 0.0828819 0.0186667 5.52967e-05
0 0.791983 0.038 0.092091 0.076 5.54165e-05
0 0.437432 0.804667 0.0406284 0.0546667 5.59562e-05
0 0.637324 0.0433333 0.0731311 0.0866667 5.60592e-05
0 0.282232 0.00333333 0.0541712 0.00666667 5.60867e-05
0 0.94935 0.486667 0.1013 0.578667 5.61481e-05
0 0.644095 0.760667 0.0368364 0.0813333 5.62513e-05
0 0.606717 0.119333 0.0346696 0.076 5.62847e-05
0 0.890033 1 0.0530878 0 5.65032e-05
0 0.508397 0.052 0.0417118 0.0693333 5.65377e-05
0 0.268689 0.998667 0.0455038 0.00266667 5.66901e-05
0 0.500813 0.345333 0.0947996 0.224 5.69597e-05
0 0.21831 0 0.0552546 0 5.69828e-05
0 0.915222 0 0.052546 0 5.72196e-05
0 0.817443 0 0.0552546 0 5.72292e-05
0 0.317443 0.997333 0.0520043 0.00533333 5.72661e-05
0 0.0663597 0.993333 0.0774648 0.0133333 5.73143e-05
0 0.861051 0.639333 0.0872156 0.150667 5.75041e-05
0 0.431744 0.0553333 0.0953413 0.110667 5.76267e-05
0 0.605905 0.172 0.0384615 0.096 5.77249e-05
0 0.736457 0.416667 0.0590466 0.134667 5.79414e-05
0 0.667931 0.086 0.0671723 0.124 5.83162e-05
0 0.672806 0.620667 0.0487541 0.0813333 5.8425e-05
0 0.99377 0.255333 0.0124594 0.254667 5.85921e-05
0 0.624052 0.391333 0.0400867 0.0893333 5.87886e-05
0 0.611322 0.958 0.0460455 0.084 5.90099e-05
0 0.631094 0.894 0.0422535 0.142667 5.90915e-05
0 0.651408 0.768667 0.0482123 0.134667 5.96374e-05
0 0.39247 0 0.0557963 0 5.9827e-05
0 0.68987 0.64 0.124052 0.410667 5.99826e-05
0 0.988353 0.689333 0.0146262 0.146667 6.0225e-05
0 0.555255 0 0.0541712 0 6.03075e-05
0 0.88597 0.341333 0.172806 0.306667 6.13168e-05
0 0.484561 0.992667 0.0579632 0.0146667 6.22224e-05
0 0.972644 0.782 0.0547129 0.332 6.2307e-05
0 0.631907 0.724 0.06013 0.122667 6.23191e-05
0 0.140845 0.742667 0.28169 0.514667 6.25335e-05
0 0.445829 0.920667 0.028169 0.0813333 6.27582e-05
0 0.0836945 0.0746667 0.129469 0.149333 6.29409e-05
0 0.645179 0.981333 0.0368364 0.032 6.31788e-05
0 0.785753 0.434 0.0482123 0.105333 6.33922e-05
0 0.431203 0.997333 0.0476706 0.00533333 6.35265e-05
0 0.231582 0.988667 0.0698808 0.0226667 6.36124e-05
0 0.313651 0.525333 0.185265 0.616 6.38037e-05
0 0.590195 0.506 0.0622969 0.230667 6.40031e-05
0 0.785482 0.550667 0.0422535 0.109333 6.40294e-05
0 0.530607 0 0.0536295 0 6.4094e-05
0 0.985915 0.344 0.028169 0.309333 6.43814e-05
0 0.419285 0.00666667 0.0541712 0.0133333 6.43848e-05
0 0.494312 0 0.0536295 0 6.45276e-05
0 0.737541 1 0.0590466 0 6.46271e-05
0 0.564735 0.276667 0.0622969 0.158667 6.5067e-05
0 0.988624 0.907333 0.0227519 0.185333 6.5313e-05
0 0.316631 0 0.0557963 0 6.56487e-05
0 0.176327 1 0.0872156 0 6.57514e-05
0 0.737541 0.468667 0.0590466 0.134667 6.63027e-05
0 0.656284 0.996 0.0482123 0.008 6.67493e-05
0 0.796587 0.467333 0.406826 0.934667 6.69433e-05
0 0.586674 0.046 0.0379198 0.0493333 6.71129e-05
0 0.417931 0.585333 0.0417118 0.072 6.71304e-05
0 0.0362947 0.096 0.071506 0.162667 6.72282e-05
0 0.00785482 0.503333 0.0157096 0.145333 6.74116e-05
0 0.0192308 0.823333 0.0384615 0.353333 6.76218e-05
0 0.990249 0.443333 0.0162514 0.137333 6.78154e-05
0 0.00758397 0.441333 0.0151679 0.146667 6.81603e-05
0 0.37974 0.00866667 0.0498375 0.0173333 6.83146e-05
0 0.956121 0 0.0552546 0 6.86423e-05
0 0.864843 0.700667 0.133803 0.244 6.86472e-05
0 0.560672 0.204667 0.0509209 0.153333 6.89638e-05
0 0.989166 0.626667 0.0140845 0.141333 7.02271e-05
0 0.426327 0.877333 0.0509209 0.122667 7.03451e-05
0 0.571235 0.244667 0.0362947 0.076 7.06353e-05
0 0.276002 0.0126667 0.0969664 0.0253333 7.08617e-05
0 0.767064 0.462667 0.0975081 0.248 7.11473e-05
0 0.986728 0.640667 0.0265439 0.348 7.12416e-05
0 0.602654 0.474667 0.0352113 0.0666667 7.12816e-05
0 0.580715 1 0.0476706 0 7.14695e-05
0 0.306067 0.250667 0.153846 0.501333 7.15767e-05
0 0.113759 0 0.056338 0 7.16376e-05
0 0.785482 0.488 0.0465872 0.106667 7.17843e-05
0 0.988895 0.962667 0.0102925 0.0746667 7.19783e-05
0 0.680661 0.686667 0.052546 0.133333 7.23087e-05
0 0.380011 0.999333 0.0482123 0.00133333 7.25603e-05
0 0.795775 0.52 0.0465872 0.114667 7.27914e-05
0 0.174431 0.582 0.105092 0.230667 7.28971e-05
0 0.440953 0 0.0541712 0 7.30272e-05
0 0.385699 0.034 0.092091 0.068 7.3486e-05
0 0.985915 0.835333 0.028169 0.329333 7.44019e-05
0 0.823402 0.919333 0.0964247 0.105333 7.44349e-05
0 0.94312 0.527333 0.111593 0.257333 7.46516e-05
0 0.608072 0.0506667 0.0427952 0.0586667 7.47374e-05
0 0.986457 0.214 0.0270856 0.278667 7.50101e-05
0 0.969122 0.016 0.0487541 0.032 7.50903e-05
0 0.749729 0.00333333 0.0790899 0.00666667 7.5164e-05
0 0.00704225 0.0886667 0.0119177 0.145333 7.53653e-05
0 0.542524 0.998667 0.0492958 0.00266667 7.56934e-05
0 0.0655471 0.0153333 0.0834236 0.0306667 7.57017e-05
0 0.248375 0.630667 0.131636 0.448 7.61414e-05
0 0.540358 0.504667 0.0655471 0.158667 7.63115e-05
0 0.57286 0.361333 0.0731311 0.181333 7.68398e-05
0 0.631094 0.524667 0.071506 0.124 7.70072e-05
0 0.280878 0.410667 0.141387 0.306667 7.7011e-05
0 0.910618 0.022 0.0985916 0.044 7.72855e-05
0 0.633261 0.768 0.0411701 0.128 7.74715e-05
0 0.67416 0.608 0.0926327 0.2 7.76522e-05
0 0.565005 0.69 0.0303359 0.148 7.78326e-05
0 0.745666 0.882667 0.10455 0.234667 7.85213e-05
0 0.00839653 0.2 0.0167931 0.242667 7.93465e-05
0 0.610238 0.893333 0.0406284 0.133333 7.9747e-05
0 0.809588 0.548 0.0503792 0.117333 7.98506e-05
0 0.763543 1 0.0633803 0 7.98894e-05
0 0.163868 0 0.0568797 0 7.99166e-05
0 0.769772 0.522 0.0780065 0.137333 8.00323e-05
0 0.0241062 0.998667 0.0482123 0.00266667 8.01183e-05
0 0.833424 0.572667 0.0796316 0.158667 8.04692e-05
0 0.479686 0.995333 0.0417118 0.00933333 8.07175e-05
0 0.00758397 0.690667 0.0140845 0.290667 8.079e-05
0 0.405742 0.998 0.0498375 0.004 8.13713e-05
0 0.0127302 0.576667 0.0254605 0.278667 8.18042e-05
0 0.0119177 0.77 0.0238353 0.297333 8.19764e-05
0 0.632719 0.301333 0.0476706 0.178667 8.28735e-05
0 0.865114 1 0.0530878 0 8.30296e-05
0 0.60753 0.828 0.0427952 0.141333 8.38327e-05
0 0.799837 0.002 0.0785482 0.004 8.39025e-05
0 0.889491 0 0.0541712 0 8.39593e-05
0 0.814464 0.997333 0.103467 0.00533333 8.41231e-05
0 0.887595 0.204 0.178223 0.325333 8.42918e-05
0 0.610509 0.996667 0.0834236 0.00666667 8.466e-05
0 0.00622969 0.909333 0.00812568 0.136 8.46924e-05
0 0.250542 0.582667 0.0709642 0.0986667 8.47372e-05
0 0.989707 0.0193333 0.020585 0.0386667 8.49032e-05
0 0.324485 0.0886667 0.11701 0.132 8.52206e-05
0 0.796045 0.460667 0.0492958 0.110667 8.53602e-05
0 0.274919 0.576667 0.103467 0.238667 8.5413e-05
0 0.443662 0.00666667 0.0509209 0.0133333 8.573e-05
0 0.729957 1 0.039545 0 8.57834e-05
0 0.666576 0.00866667 0.0763814 0.0173333 8.58183e-05
0 0.221831 0.615333 0.0373781 0.126667 8.66524e-05
0 0.712622 0.979333 0.0687974 0.0413333 8.67872e-05
0 0.637324 1 0.0687974 0 8.68074e-05
0 0.164139 0.994 0.173348 0.012 8.70381e-05
0 0.467497 0 0.0541712 0 8.71121e-05
0 0.392741 0.022 0.0509209 0.0333333 8.71708e-05
0 0.125948 1 0.0969664 0 8.76898e-05
0 0.615655 0.012 0.0785482 0.024 8.77231e-05
0 0.217497 0.028 0.0947996 0.056 8.8311e-05
0 0.709642 0.74 0.102925 0.349333 8.86945e-05
0 0.21533 1 0.0557963 0 8.87673e-05
0 0.459913 0.944 0.0509209 0.112 8.88963e-05
0 0.589653 0 0.0547129 0 8.89457e-05
0 0.353738 0 0.0574215 0 8.90522e-05
0 0.986999 0.877333 0.0162514 0.152 8.9393e-05
0 0.644366 0.790667 0.0352113 0.08 9.00165e-05
0 0.986728 0.462 0.0265439 0.337333 9.07432e-05
0 0.470206 0.31 0.121343 0.414667 9.07888e-05
0 0.615655 0 0.0547129 0 9.11255e-05
0 0.133803 0.456 0.225352 0.36 9.14798e-05
0 0.461268 0.993333 0.0731311 0.0133333 9.16413e-05
0 0.991603 0.685333 0.0124594 0.272 9.21092e-05
0 0.0869447 0 0.0557963 0 9.21703e-05
0 0.0127302 0.913333 0.0146262 0.173333 9.23176e-05
0 0.285482 0.147333 0.148429 0.294667 9.28924e-05
0 0.229144 0.998 0.0530878 0.004 9.30738e-05
0 0.988624 0.564667 0.0151679 0.148 9.35903e-05
0 0.724269 0.606667 0.0790899 0.109333 9.37385e-05
0 0.448537 0.300667 0.0736728 0.225333 9.38769e-05
0 0.731853 0.0986667 0.0910076 0.138667 9.40855e-05
0 0.566089 0.126 0.0769231 0.126667 9.48482e-05
0 0.137866 0 0.0568797 0 9.50653e-05
0 0.66441 0.550667 0.0568797 0.0986667 9.5068e-05
0 0.00947996 0.568 0.0146262 0.290667 9.50683e-05
0 0.719935 0.092 0.0455038 0.104 9.53214e-05
0 0.562297 0.176667 0.0476706 0.0706667 9.53655e-05
0 0.352654 1 0.0541712 0 9.57815e-05
0 0.651679 0.382 0.0628386 0.161333 9.62366e-05
0 0.970477 0.212 0.0590466 0.253333 9.6237e-05
0 0.618093 0.677333 0.0346696 0.056 9.6283e-05
0 0.266522 0.675333 0.533044 0.649333 9.63569e-05
0 0.681203 0.997333 0.0482123 0.00533333 9.65836e-05
0 0.887324 0.641333 0.124594 0.218667 9.71874e-05
0 0.575569 0.437333 0.0427952 0.088 9.76003e-05
0 0.789816 0.58 0.0617551 0.184 9.76168e-05
0 0.864843 0 0.0547129 0 9.84782e-05
0 0.0119177 0.120667 0.0195016 0.206667 9.86377e-05
0 0.550108 0.004 0.0839653 0.008 9.87211e-05
0 0.0092091 1 0.0184182 0 9.87998e-05
0 0.628927 1 0.0455038 0 9.90446e-05
0 0.236999 0.00866667 0.0893824 0.0173333 9.90642e-05
0 0.71208 1 0.0633803 0 9.92211e-05
0 0.456934 0.997333 0.0482123 0.00533333 9.97496e-05
0 0.989166 0.170667 0.0130011 0.136 9.98997e-05
0 0.821506 0.484 0.0666305 0.141333 0.000100545
0 0.716143 0.553333 0.0747562 0.16 0.000100661
0 0.969122 0.584667 0.0617551 0.294667 0.00010144
0 0.223185 0.672 0.0390032 0.272 0.00010155
0 0.992687 0.436667 0.0113759 0.281333 0.000101925
0 0.0861322 0.998 0.163597 0.004 0.000102502
0 0.871885 0.57 0.0915493 0.164 0.000102809
0 0.602925 1 0.0476706 0 0.000102861
0 0.764355 0.470667 0.063922 0.146667 0.000102967
0 0.0113759 0.834667 0.0140845 0.274667 0.000103424
0 0.988353 0.00733333 0.0157096 0.0146667 0.000103463
0 0.336945 0.0453333 0.12026 0.0906667 0.000103568
0 0.814464 0.414 0.122969 0.246667 0.000103896
0 0.619989 0.7 0.0384615 0.0746667 0.000104009
0 0.225081 0.425333 0.0427952 0.12 0.000104451
0 0.517335 1 0.0476706 0 0.000104587
0 0.768147 1 0.0476706 0 0.000105109
0 0.416847 0 0.0557963 0 0.000105611
0 0.332069 0.00933333 0.0530878 0.0186667 0.000106317
0 0.97156 1 0.0568797 0 0.00010724
0 0.664951 0 0.0547129 0 0.000107478
0 0.513001 0.997333 0.0801734 0.00533333 0.000107555
0 0.638949 0.112 0.0817985 0.149333 0.000108207
0 0.577736 0.810667 0.0373781 0.272 0.000108221
0 0.31636 1 0.0541712 0 0.000108658
0 0.868364 0.997333 0.132178 0.00533333 0.000108942
0 0.115385 0.0146667 0.122427 0.0293333 0.000109048
0 0.640574 0 0.0547129 0 0.000109728
0 0.733749 0.0546667 0.039545 0.064 0.00010996
0 0.25325 0 0.0547129 0 0.000110181
0 0.942037 0 0.0541712 0 0.000110998
0 0.291983 1 0.0530878 0 0.000111441
0 0.767606 0.0213333 0.0444204 0.04 0.000111511
0 0.337757 1 0.0850488 0 0.00011196
0 0.667389 0.0546667 0.0964247 0.109333 0.000112102
0 0.83532 0.064 0.0790899 0.0906667 0.000112681
0 0.612134 0.410667 0.0682557 0.234667 0.000115167
0 0.488353 0.0246667 0.0893824 0.0493333 0.000115417
0 0.483478 0.976667 0.0265439 0.0413333 0.000115481
0 0.851571 1 0.0790899 0 0.000115693
0 0.48429 0.487333 0.0509209 0.124 0.000115743
0 0.22779 0 0.0547129 0 0.000116616
0 0.0170639 0.052 0.0341278 0.104 0.000117146
0 0.188787 0 0.0557963 0 0.00011747
0 0.465601 0.0206667 0.0471289 0.0413333 0.000117502
0 0.631094 0.735333 0.0303359 0.084 0.000117664
0 0.0184182 0.669333 0.0368364 0.426667 0.000118761
0 0.182557 0.002 0.0758397 0.004 0.000119111
0 0.791712 0.422 0.0872156 0.129333 0.000119136
0 0.0067714 0.848667 0.0135428 0.286667 0.000119373
0 0.841008 0.635333 0.127302 0.249333 0.000119647
0 0.760022 0.0273333 0.0942579 0.0546667 0.000119847
0 0.98104 0 0.0379198 0 0.000119995
0 0.36701 0.801333 0.0785482 0.298667 0.000121166
0 0.486186 1 0.0687974 0 0.00012125
0 0.706934 0.136 0.115926 0.272 0.00012235
0 0.478061 1 0.0449621 0 0.000122525
0 0.0211268 0.490667 0.0422535 0.349333 0.000122678
0 0.703955 1 0.0438787 0 0.000122893
0 0.00893824 0.288 0.0178765 0.272 0.000122933
0 0.991062 0.847333 0.0157096 0.294667 0.000123009
0 0.230769 0.387333 0.0628386 0.185333 0.000123109
0 0.835049 0.89 0.132719 0.198667 0.000123258
0 0.819068 0.56 0.361863 0.88 0.000123434
0 0.348592 0.00466667 0.103467 0.00933333 0.000124058
0 0.841008 1 0.052546 0 0.000124148
0 0.839653 0 0.056338 0 0.000124274
0 0.550108 0.736667 0.0417118 0.201333 0.000125511
0 0.565005 0.0126667 0.0812568 0.0253333 0.000125795
0 0.770856 0.114667 0.113759 0.229333 0.000126049
0 0.843174 0.0586667 0.0471289 0.064 0.000126209
0 0.663868 0.693333 0.0644637 0.173333 0.000126222
0 0.631094 0.381333 0.0574215 0.226667 0.000126676
0 0.287649 1 0.084507 0 0.000126677
0 0.422806 0 0.0947996 0 0.000126987
0 0.230228 0.409333 0.0780065 0.357333 0.000127122
0 0.483207 0.953333 0.0260022 0.072 0.000128099
0 0.240249 1 0.0536295 0 0.00012893
0 0.992416 0.164667 0.0151679 0.212 0.000129294
0 0.168472 0.0306667 0.112676 0.0613333 0.000129652
0 0.564735 0 0.0547129 0 0.000130004
0 0.433369 0.854 0.102925 0.292 0.000130556
0 0.214789 0.380667 0.429577 0.761333 0.000130815
0 0.577736 0.265333 0.0362947 0.08 0.000131524
0 0.65493 1 0.0476706 0 0.000131761
0 0.610238 0.036 0.0850488 0.072 0.000132067
0 0.747291 0.917333 0.0352113 0.125333 0.000132552
0 0.368093 0.118 0.0482123 0.116 0.000133518
0 0.66441 0.995333 0.0850488 0.00933333 0.000134077
0 0.0384615 0.0666667 0.0769231 0.133333 0.000134501
0 0.224269 0.522 0.235103 0.689333 0.000134724
0 0.871885 0.454667 0.109967 0.173333 0.000135305
0 0.151679 0.00933333 0.111593 0.0186667 0.000136823
0 0.700433 0.933333 0.0780065 0.133333 0.000137548
0 0.816089 1 0.0503792 0 0.000137847
0 0.791712 1 0.0503792 0 0.000138902
0 0.590195 0.509333 0.0482123 0.125333 0.000140781
0 0.540899 1 0.0492958 0 0.000141212
0 0.974269 0.0813333 0.0514626 0.154667 0.000141556
0 0.964518 1 0.0514626 0 0.000142003
0 0.0628386 0 0.056338 0 0.000142126
0 0.266522 1 0.0509209 0 0.000142782
0 0.960726 0.000666667 0.0644637 0.00133333 0.000143237
0 0.305255 0.00133333 0.0763814 0.00266667 0.000143353
0 0.538191 0.0233333 0.0850488 0.0466667 0.000143809
0 0.377844 1 0.052546 0 0.000145522
0 0.169556 0.638 0.339112 0.724 0.000145814
0 0.53792 1 0.0736728 0 0.000146967
0 0.971289 0.404667 0.0574215 0.289333 0.000147333
0 0.985103 0.0193333 0.0276273 0.0386667 0.000147534
0 0.368093 0.576 0.0471289 0.056 0.000148287
0 0.739978 0 0.0552546 0 0.000149093
0 0.990791 0.561333 0.0140845 0.293333 0.000150828
0 0.593987 0.026 0.0373781 0.044 0.000151644
0 0.429577 1 0.0487541 0 0.000152192
0 0.690141 0 0.0552546 0 0.000152355
0 0.717497 0.00866667 0.0796316 0.0173333 0.000152726
0 0.847508 0.515333 0.0872156 0.148 0.000153102
0 0.594529 0.149333 0.0406284 0.101333 0.000153129
0 0.407909 0.604 0.0498375 0.0773333 0.000153146
0 0.991874 0.922667 0.0162514 0.154667 0.000153839
0 0.0287107 1 0.0541712 0 0.000154053
0 0.682015 0.56 0.0422535 0.064 0.000154502
0 0.641928 0.338667 0.0379198 0.104 0.000155519
0 0.540087 0 0.0552546 0 0.000155921
0 0.416035 0.392667 0.832069 0.785333 0.000156252
0 0.587216 1 0.0725894 0 0.000157074
0 0.578548 1 0.0487541 0 0.000157107
0 0.562026 1 0.0861322 0 0.000157982
0 0.98402 0.997333 0.0254605 0.00533333 0.000158996
0 0.694475 0.135333 0.0509209 0.110667 0.000159427
0 0.686891 0.685333 0.0725894 0.253333 0.000159891
0 0.977519 0.885333 0.0449621 0.229333 0.000160058
0 0.312839 0.995333 0.10455 0.00933333 0.000160086
0 0.0874865 1 0.095883 0 0.000161871
0 0.777086 0 0.0557963 0 0.000162862
0 0.714789 0 0.0547129 0 0.000164693
0 0.979144 0 0.0417118 0 0.000164908
0 0.967497 0.0253333 0.0606717 0.0506667 0.000165184
0 0.740249 0.877333 0.0427952 0.112 0.00016524
0 0.374865 1 0.0812568 0 0.000165773
0 0.408451 0.064 0.0758397 0.12 0.00016735
0 0.638137 0 0.100758 0 0.000167666
0 0.845612 0.026 0.0899242 0.052 0.000167783
0 0.813922 0 0.0557963 0 0.000169038
0 0.80065 1 0.0747562 0 0.000170732
0 0.29117 0 0.0547129 0 0.000174486
0 0.0438787 0.995333 0.0877573 0.00933333 0.000177019
0 0.789003 0.474667 0.0731311 0.170667 0.000177184
0 0.517064 0.01 0.0839653 0.02 0.000177188
0 0.79415 0.0153333 0.084507 0.0306667 0.00017788
0 0.744041 0.0233333 0.0417118 0.0413333 0.000178487
0 0.987812 0.938 0.0135428 0.116 0.000178547
0 0.403575 1 0.0509209 0 0.000179092
0 0.586132 0 0.106176 0 0.000181366
0 0.0124594 0.364 0.0227519 0.282667 0.000185304
0 0.679577 1 0.0492958 0 0.000186459
0 0.419556 0.05 0.0536295 0.0706667 0.000186572
0 0.225352 1 0.0910076 0 0.000186711
0 0.33559 0.114667 0.115385 0.229333 0.000187402
0 0.354009 0.012 0.0557963 0.024 0.00018783
0 0.454496 1 0.0487541 0 0.00018837
0 0.21208 0.004 0.0969664 0.008 0.000189349
0 0.775731 0.196 0.0444204 0.0613333 0.000192106
0 0.515168 0 0.0552546 0 0.00019494
0 0.491062 0 0.0547129 0 0.000195555
0 0.938787 0.999333 0.110509 0.00133333 0.000196365
0 0.986457 0.0486667 0.0270856 0.0973333 0.000198285
0 0.713705 0.052 0.0850488 0.104 0.000199128
0 0.731582 0.95 0.031961 0.0866667 0.000199673
0 0.450163 1 0.0736728 0 0.000203617
0 0.0124594 0.647333 0.0195016 0.292 0.000204062
0 0.612947 0.418 0.0503792 0.142667 0.000205897
0 0.687432 1 0.0725894 0 0.000209544
0 0.987812 0.103333 0.024377 0.206667 0.000210349
0 0.314735 0.416667 0.562297 0.833333 0.000218303
0 0.68987 0 0.10455 0 0.00022053
0 0.407909 0.0253333 0.0541712 0.0426667 0.000220532
0 0.263001 0 0.125135 0 0.000231342
0 0.62026 0.468 0.0530878 0.114667 0.000232252
0 0.347508 0.0446667 0.10455 0.0546667 0.000235737
0 0.578819 0.158667 0.0568797 0.128 0.000245861
0 0.494041 0.506667 0.0433369 0.0773333 0.000247755
0 0.812839 0.534 0.0774648 0.206667 0.00025012
0 0.988082 0.0493333 0.0195016 0.0693333 0.000250667
0 0.609697 0.497333 0.0308776 0.064 0.000250768
0 0.411701 1 0.0790899 0 0.000252398
0 0.551733 0.398667 0.0839653 0.28 0.000254403
0 0.355905 0.11 0.0725894 0.172 0.000254606
0 0.942579 0.0173333 0.0964247 0.0346667 0.000255277
0 0.706934 0.734667 0.0628386 0.202667 0.000257643
0 0.331798 0.0246667 0.0557963 0.028 0.000264029
0 0.874594 0.00533333 0.0926327 0.0106667 0.000265692
0 0.463434 0.006 0.100217 0.012 0.000266643
0 0.823944 0.00466667 0.084507 0.00933333 0.00026719
0 0.864843 0.575333 0.131636 0.254667 0.000267213
0 0.568256 0.782667 0.0498375 0.162667 0.000273924
0 0.0585049 0.0366667 0.115926 0.0733333 0.000277035
0 0.321235 0.026 0.134345 0.052 0.000282825
0 0.900867 1 0.0975081 0 0.000289393
0 0.919285 0.00866667 0.099675 0.0173333 0.000290035
0 0.552275 0.438667 0.0373781 0.0773333 0.000291396
0 0.831528 0.0893333 0.0530878 0.0906667 0.00029552
0 0.839382 0.516 0.199892 0.482667 0.000298387
0 0.0135428 0.488667 0.0227519 0.292 0.000298391
0 0.537378 0 0.112676 0 0.000312169
0 0.990249 0.107333 0.0119177 0.137333 0.000315922
0 0.70585 0.109333 0.0520043 0.12 0.000316833
0 0.668472 0.14 0.0671723 0.101333 0.000320262
0 0.4461 0.334 0.0503792 0.132 0.000321197
0 0.716143 0.918667 0.0411701 0.133333 0.000322775
0 0.387053 0.012 0.112134 0.024 0.00032388
0 0.992145 0.974667 0.0157096 0.0506667 0.000325077
0 0.242687 0.706667 0.0574215 0.24 0.000330949
0 0.738082 0 0.10455 0 0.000331253
0 0.695558 0.586667 0.0476706 0.0613333 0.000332164
0 0.840737 0 0.143012 0 0.000337283
0 0.676598 0.583333 0.0617551 0.134667 0.000341061
0 0.790087 0 0.120802 0 0.000358912
0 0.834507 0.042 0.0969664 0.084 0.000368726
0 0.163055 0 0.16143 0 0.000390107
0 0.963976 0 0.0547129 0 0.0003921
0 0.490791 0 0.107259 0 0.000396072
0 0.83857 0.499333 0.141928 0.204 0.000398175
0 0.63597 0.365333 0.0379198 0.0933333 0.000411727
0 0.911972 0.000666667 0.0980498 0.00133333 0.000423558
0 0.0384615 0 0.0574215 0 0.000426542
0 0.968581 0.00533333 0.0628386 0.0106667 0.000431525
0 0.462893 0.612667 0.586674 0.774667 0.000438308
0 0.467497 0.337333 0.0758397 0.205333 0.000446807
0 0.133532 0.504 0.267064 0.746667 0.000450598
0 0.521398 0.5 0.727519 1 0.000453009
0 0.366197 0.0186667 0.0671723 0.0346667 0.000454552
0 0.980228 1 0.0373781 0 0.00045692
0 0.711809 0.613333 0.0400867 0.08 0.000457931
0 0.98727 0.986667 0.0113759 0.0266667 0.000495445
0 0.435807 0.0133333 0.0947996 0.0266667 0.000496126
0 0.982394 0.995333 0.0352113 0.00933333 0.000514824
0 0.668472 0.164667 0.0444204 0.0786667 0.000524711
0 0.313109 0.00866667 0.132178 0.0173333 0.000543749
0 0.0855905 0.004 0.114843 0.008 0.000548401
0 0.987541 1 0.0184182 0 0.000561703
0 0.785211 0.17 0.052546 0.134667 0.000587315
0 0.891658 0 0.143012 0 0.000624434
0 0.0230228 0.00133333 0.0460455 0.00266667 0.000642459
0 0.807421 0.134 0.117551 0.268 0.000672573
0 0.824485 0.102 0.0888407 0.134667 0.000684051
0 0.33559 0.016 0.0720477 0.032 0.000723513
0 0.992958 0.0653333 0.0140845 0.130667 0.000748667
0 0.678494 0.644667 0.0698808 0.113333 0.000756618
0 0.593716 0.452667 0.0552546 0.0973333 0.000762403
0 0.681473 0.5 0.637053 1 0.000764259
0 0.748104 0.332667 0.503792 0.665333 0.000783703
0 0.716685 0.895333 0.0801734 0.209333 0.000844401
0 0.940683 0 0.112134 0 0.00093649
0 0.423348 0.03 0.0861322 0.06 0.000970697
0 0.989978 0.0526667 0.0102925 0.105333 0.000974179
0 0.555525 0.764 0.0276273 0.122667 0.00106899
0 0.286295 0.5 0.572589 1 0.00112768
0 0.88299 0.516667 0.112676 0.161333 0.00116949
0 0.267606 0.554 0.084507 0.129333 0.00118217
0 0.481311 0.396667 0.0817985 0.254667 0.00134158
0 0.358072 0.0186667 0.101842 0.0373333 0.0014411
0 0.0417118 0.00333333 0.0834236 0.00666667 0.00144237
0 0.696641 0.620667 0.0585049 0.108 0.00161895
0 0.687432 0.108 0.0790899 0.154667 0.00166715
0 0.443662 0.028 0.0498375 0.048 0.0017044
0 0.32584 0.726 0.390574 0.548 0.00176561
0 0.429307 0.864 0.0503792 0.272 0.00202022
0 0.720477 0.639333 0.48104 0.721333 0.00288142
0 0.347237 0.0253333 0.0931744 0.04 0.00368914
0 0.333153 0.794 0.130011 0.361333 0.00433141
0 0.61078 0.476667 0.0297941 0.0466667 0.00442325
0 0.56013 0.418667 0.0520043 0.157333 0.00545767
0 0.797942 0.122 0.0823402 0.153333 0.0055703
0 0.693933 0.619333 0.0433369 0.0626667 0.0112337
0 0.440683 0.868667 0.0287107 0.182667 0.0690808
0 0.561755 0.421333 0.0368364 0.096 0.0992822
0 0.730498 0.908667 0.0471289 0.150667 0.530941
0 0.564193 0.76 0.0276273 0.146667 0.765044
