0 0.321235 0.986 0.0476706 0.0253333 6.16112e-06
0 0.981853 0.506 0.0362947 0.126667 6.20435e-06
0 0.153846 0.625333 0.24377 0.328 6.235e-06
0 0.49377 0.789333 0.0536295 0.165333 6.25697e-06
0 0.935536 0.42 0.0650054 0.114667 6.26529e-06
0 0.346425 0.198667 0.0330444 0.125333 6.34134e-06
0 0.0184182 0.210667 0.0368364 0.104 6.3521e-06
0 0.684724 0.724667 0.0736728 0.292 6.40401e-06
0 0.0157096 0.586 0.0314193 0.084 6.41091e-06
0 0.978873 0.819333 0.0314193 0.068 6.4267e-06
0 0.495395 0.846 0.0807151 0.166667 6.43935e-06
0 0.236999 0.964667 0.0893824 0.0706667 6.46517e-06
0 0.683099 0.406667 0.0866739 0.136 6.49312e-06
0 0.479415 0.0913333 0.0595883 0.166667 6.49752e-06
0 0.497562 0.983333 0.0341278 0.0333333 6.51552e-06
0 0.67714 0.347333 0.084507 0.172 6.52993e-06
0 0.520314 0.0426667 0.0308776 0.0853333 6.53085e-06
0 0.22481 0.936667 0.084507 0.113333 6.53624e-06
0 0.766251 0.976667 0.0297941 0.044 6.59863e-06
0 0.553629 0.434667 0.0130011 0.0266667 6.61161e-06
0 0.024377 0.681333 0.0476706 0.136 6.62423e-06
0 0.379469 0 0.0503792 0 6.63227e-06
0 0.858072 0.976667 0.0390032 0.0226667 6.68165e-06
0 0.868635 0.824667 0.0839653 0.153333 6.73003e-06
0 0.971018 0.0106667 0.0536295 0.0213333 6.7383e-06
0 0.393824 0.718667 0.0617551 0.405333 6.77095e-06
0 0.0622969 0.999333 0.0520043 0.00133333 6.78162e-06
0 0.52519 0.568 0.0254605 0.0426667 6.78162e-06
0 0.0874865 0.006 0.0557963 0.012 6.80878e-06
0 0.0297941 0.155333 0.0498375 0.132 6.81776e-06
0 0.96506 0.552667 0.0211268 0.0413333 6.82297e-06
0 0.859967 0.0353333 0.0731311 0.0706667 6.82947e-06
0 0.972373 0.646667 0.0346696 0.0853333 6.83477e-06
0 0.65493 0.162 0.0617551 0.190667 6.83712e-06
0 0.634886 0.411333 0.028169 0.0706667 6.84088e-06
0 0.0276273 0.340667 0.0541712 0.142667 6.89434e-06
0 0.930119 0.961333 0.0422535 0.0213333 6.91287e-06
0 0.881907 0.438667 0.0465872 0.0506667 6.913e-06
0 0.488624 0.915333 0.0877573 0.166667 6.91548e-06
0 0.860238 0.966667 0.0823402 0.0453333 6.95844e-06
0 0.918743 0.0133333 0.0346696 0.0266667 6.9735e-06
0 0.123239 0.018 0.0839653 0.036 7.00598e-06
0 0.872156 0.974 0.0433369 0.0253333 7.01458e-06
0 0.924431 0.0413333 0.0752979 0.0826667 7.03097e-06
0 0.985915 0.878667 0.028169 0.112 7.05882e-06
0 0.231582 0.0573333 0.0308776 0.096 7.06611e-06
0 0.895179 0.726 0.153304 0.172 7.1121e-06
0 0.643824 0.538 0.0362947 0.0626667 7.12049e-06
0 0.41766 0.190667 0.0628386 0.282667 7.1242e-06
0 0.26896 0.008 0.0503792 0.016 7.15764e-06
0 0.696912 0.024 0.0774648 0.048 7.16317e-06
0 0.38597 0.0306667 0.0947996 0.0613333 7.17481e-06
0 0.175515 0.501333 0.0866739 0.144 7.17534e-06
0 0.425785 0.776 0.0574215 0.16 7.18468e-06
0 0.946912 0.945333 0.0487541 0.048 7.19866e-06
0 0.255146 0.0686667 0.0801734 0.137333 7.20045e-06
0 0.656826 0.526667 0.0297941 0.072 7.20365e-06
0 0.884886 0.970667 0.0406284 0.0293333 7.2134e-06
0 0.578007 0.870667 0.084507 0.258667 7.22267e-06
0 0.833424 0.00933333 0.0687974 0.0186667 7.23217e-06
0 0.675244 0.306667 0.0427952 0.125333 7.35478e-06
0 0.556338 0.419333 0.0606717 0.225333 7.37029e-06
0 0.383803 0.278667 0.052546 0.194667 7.3747e-06
0 0.944475 0.276 0.0514626 0.141333 7.39497e-06
0 0.825569 0.86 0.0790899 0.168 7.443e-06
0 0.73104 0.0246667 0.0330444 0.0493333 7.45228e-06
0 0.620531 0.230667 0.0557963 0.0746667 7.4543e-06
0 0.938787 0.584 0.0660888 0.0853333 7.4748e-06
0 0.38597 0.0466667 0.0926327 0.0933333 7.47581e-06
0 0.945829 0.970667 0.0476706 0.0266667 7.48322e-06
0 0.840466 0.424667 0.0850488 0.121333 7.49338e-06
0 0.164139 0.151333 0.109426 0.265333 7.51217e-06
0 0.271939 0.196667 0.204767 0.393333 7.56186e-06
0 0.464247 0.0333333 0.0910076 0.0666667 7.5626e-06
0 0.213705 0.0426667 0.0807151 0.0853333 7.56384e-06
0 0.0178765 0.827333 0.035753 0.121333 7.57934e-06
0 0.620531 0.728667 0.0232936 0.052 7.5962e-06
0 0.580715 0.657333 0.0823402 0.301333 7.5984e-06
0 0.473456 0.174 0.170098 0.348 7.62122e-06
0 0.93039 0.986667 0.0427952 0.0186667 7.65873e-06
0 0.574485 0.963333 0.0254605 0.0733333 7.69844e-06
0 0.443662 0 0.0498375 0 7.70286e-06
0 0.326381 0.950667 0.1013 0.0986667 7.72187e-06
0 0.33532 0.14 0.0422535 0.12 7.78144e-06
0 0.813651 0.728667 0.0617551 0.212 7.79725e-06
0 0.372427 0.176667 0.166306 0.353333 7.79928e-06
0 0.982936 0.58 0.0254605 0.072 7.81654e-06
0 0.216414 0.0286667 0.039545 0.0573333 7.82674e-06
0 0.330986 0.078 0.0855905 0.156 7.84834e-06
0 0.955038 0.542667 0.0574215 0.264 7.8534e-06
0 0.485915 0.713333 0.0704225 0.178667 7.86616e-06
0 0.939057 0.190667 0.121885 0.381333 7.90411e-06
0 0.686078 0.902667 0.039545 0.149333 7.9329e-06
0 0.48429 0.978667 0.0595883 0.0426667 7.98738e-06
0 0.550921 0.460667 0.0260022 0.0413333 8.03539e-06
0 0.0980498 0.0993333 0.124594 0.198667 8.0381e-06
0 0.887866 0.962667 0.0899242 0.0533333 8.04184e-06
0 0.361593 0.52 0.13922 0.352 8.04981e-06
0 0.981853 0.51 0.0232936 0.0813333 8.06203e-06
0 0.127844 0.0113333 0.0585049 0.0226667 8.09373e-06
0 0.0297941 0.1 0.0498375 0.144 8.1887e-06
0 0.0433369 0.322667 0.0693391 0.237333 8.22736e-06
0 0.334236 0.03 0.105092 0.06 8.24896e-06
0 0.61078 0.66 0.0742145 0.144 8.26671e-06
0 0.785482 0.0313333 0.0790899 0.0626667 8.27322e-06
0 0.58234 0.671333 0.0509209 0.14 8.27713e-06
0 0.624323 0.734 0.0514626 0.3 8.44559e-06
0 0.90195 0.78 0.0650054 0.088 8.46732e-06
0 0.711538 0.736 0.0514626 0.144 8.49244e-06
0 0.262459 0.452667 0.0980498 0.308 8.51053e-06
0 0.730769 0.715333 0.0855905 0.305333 8.51072e-06
0 0.401408 0.744667 0.028169 0.0253333 8.58e-06
0 0.732665 0.728 0.0547129 0.154667 8.58758e-06
0 0.233207 0.164 0.105634 0.293333 8.69788e-06
0 0.393283 0.722667 0.0509209 0.157333 8.79248e-06
0 0.574485 0.293333 0.052546 0.16 8.79952e-06
0 0.409805 0.74 0.0276273 0.0346667 8.8083e-06
0 0.162784 0.858667 0.0980498 0.234667 8.96526e-06
0 0.774377 0.210667 0.248646 0.421333 8.98588e-06
0 0.795233 0.981333 0.0455038 0.0373333 9.02351e-06
0 0.784399 0.86 0.105092 0.218667 9.1041e-06
0 0.839924 0.948667 0.0514626 0.0653333 9.16611e-06
0 0.534399 0.102 0.0492958 0.161333 9.20583e-06
0 0.663868 0.901333 0.0373781 0.152 9.22716e-06
0 0.667118 0.79 0.0709642 0.118667 9.25289e-06
0 0.177952 0.0253333 0.0536295 0.0506667 9.32552e-06
0 0.929036 0.829333 0.0552546 0.0826667 9.38785e-06
0 0.436891 0.256667 0.0514626 0.145333 9.40296e-06
0 0.627302 0.188667 0.247021 0.377333 9.4587e-06
0 0.72454 0.0273333 0.0828819 0.0546667 9.46529e-06
0 0.642199 0.0133333 0.0276273 0.0266667 9.50727e-06
0 0.978602 0.000666667 0.0427952 0.00133333 9.54981e-06
0 0.904659 0.455333 0.0823402 0.0813333 9.63844e-06
0 0.896533 0.16 0.0693391 0.170667 9.68967e-06
0 0.96506 0.570667 0.0276273 0.04 9.69352e-06
0 0.981311 0.961333 0.0373781 0.0773333 9.70356e-06
0 0.687432 0.834667 0.0444204 0.117333 9.70956e-06
0 0.909805 0.546667 0.0861322 0.136 9.78354e-06
0 0.828819 0.004 0.0465872 0.008 9.78773e-06
0 0.789816 0.728 0.0585049 0.189333 9.78984e-06
0 0.182286 0.213333 0.150054 0.426667 9.79978e-06
0 0.646533 0.0166667 0.0557963 0.0333333 9.80263e-06
0 0.219935 0.0906667 0.138678 0.181333 9.80521e-06
0 0.511647 0.594 0.0709642 0.308 9.80601e-06
0 0.989166 0.818 0.0216685 0.132 9.81508e-06
0 0.112676 0.390667 0.127844 0.285333 9.87557e-06
0 0.862134 0.364 0.0785482 0.154667 9.87842e-06
0 0.0842362 0.735333 0.108884 0.3 9.89995e-06
0 0.858072 0.984 0.0574215 0.032 9.94678e-06
0 0.086403 0.998667 0.052546 0.00266667 1.00619e-05
0 0.687974 0.658667 0.0595883 0.141333 1.01597e-05
0 0.354821 0.052 0.0736728 0.104 1.02075e-05
0 0.883261 0.363333 0.0720477 0.268 1.02371e-05
0 0.652221 0.162 0.0834236 0.318667 1.02527e-05
0 0.665222 0.730667 0.0455038 0.130667 1.02681e-05
0 0.186349 0.957333 0.139762 0.0853333 1.0291e-05
0 0.807963 0.142 0.114301 0.284 1.0322e-05
0 0.513814 0.663333 0.0471289 0.156 1.03315e-05
0 0.897075 0.966667 0.0422535 0.032 1.0397e-05
0 0.304713 0.956 0.0731311 0.088 1.0414e-05
0 0.973185 0.364 0.0276273 0.0746667 1.04206e-05
0 0.485645 0.0653333 0.0828819 0.130667 1.04404e-05
0 0.21831 0.0593333 0.0368364 0.1 1.04921e-05
0 0.671452 0.0466667 0.0330444 0.08 1.05911e-05
0 0.82611 0.568 0.0238353 0.0506667 1.0617e-05
0 0.884345 0.985333 0.06013 0.0293333 1.06182e-05
0 0.519502 0.736667 0.071506 0.145333 1.06262e-05
0 0.267606 0.998 0.0498375 0.004 1.06514e-05
0 0.764626 0.302667 0.0731311 0.458667 1.06538e-05
0 0.135428 0.951333 0.133261 0.0973333 1.06615e-05
0 0.923077 1 0.0660888 0 1.06864e-05
0 0.891658 0.948 0.0812568 0.104 1.07484e-05
0 0.408722 0.654667 0.0622969 0.152 1.07611e-05
0 0.896262 0.218 0.0742145 0.134667 1.07648e-05
0 0.585861 0.096 0.0817985 0.192 1.07708e-05
0 0.810672 0.95 0.039545 0.044 1.07887e-05
0 0.472644 0.791333 0.0937161 0.209333 1.08144e-05
0 0.813109 0.78 0.109426 0.330667 1.08551e-05
0 0.657367 0.108 0.0449621 0.152 1.09003e-05
0 0.21208 0.646 0.103467 0.26 1.0918e-05
0 0.379469 1 0.0373781 0 1.09339e-05
0 0.408451 0.595333 0.0823402 0.201333 1.10671e-05
0 0.164139 0.0413333 0.115926 0.0826667 1.11546e-05
0 0.28494 0.038 0.0877573 0.076 1.11589e-05
0 0.213705 0.887333 0.10455 0.18 1.12051e-05
0 0.579632 0.222667 0.15818 0.445333 1.12212e-05
0 0.642199 0.939333 0.0839653 0.121333 1.12458e-05
0 0.307421 0.850667 0.0438787 0.154667 1.12584e-05
0 0.21533 0.932 0.115385 0.136 1.13374e-05
0 0.840195 0.942667 0.0736728 0.114667 1.13626e-05
0 0.96831 0 0.0406284 0 1.13814e-05
0 0.958288 0.734 0.0834236 0.156 1.14006e-05
0 0.976706 0.390667 0.0411701 0.0826667 1.15222e-05
0 0.361863 0.96 0.145179 0.08 1.15336e-05
0 0.616197 0.949333 0.105634 0.101333 1.15424e-05
0 0.467497 0.398 0.108342 0.252 1.16367e-05
0 0.902221 0.0553333 0.0200433 0.0653333 1.16426e-05
0 0.710184 0.430667 0.0574215 0.144 1.16644e-05
0 0.879198 0.402667 0.146262 0.578667 1.17181e-05
0 0.579902 0.908667 0.0904659 0.134667 1.17293e-05
0 0.114572 0.996667 0.0492958 0.00666667 1.17793e-05
0 0.0316901 0.501333 0.0471289 0.258667 1.18419e-05
0 0.889491 0.218667 0.146262 0.437333 1.18649e-05
0 0.281961 1 0.0514626 0 1.19198e-05
0 0.460184 0.933333 0.0937161 0.128 1.20118e-05
0 0.559859 0.974667 0.0471289 0.0453333 1.20372e-05
0 0.549837 0.44 0.0130011 0.0346667 1.20613e-05
0 0.0289816 0.794667 0.0417118 0.293333 1.21843e-05
0 0.526815 0.818667 0.0287107 0.112 1.2233e-05
0 0.215872 0.337333 0.304984 0.674667 1.2252e-05
0 0.726436 0.652 0.0552546 0.122667 1.22776e-05
0 0.448808 0.196 0.0536295 0.194667 1.22808e-05
0 0.414139 0.91 0.105634 0.18 1.22954e-05
0 0.453413 1 0.0325027 0 1.23019e-05
0 0.124323 0.676 0.133803 0.256 1.23038e-05
0 0.556067 0.417333 0.0438787 0.0933333 1.23389e-05
0 0.9461 0.632667 0.107801 0.604 1.24713e-05
0 0.244583 0.008 0.0503792 0.016 1.25243e-05
0 0.684453 0.594667 0.0666305 0.144 1.25282e-05
0 0.320693 0.569333 0.0801734 0.421333 1.25691e-05
0 0.546045 0.983333 0.035753 0.0333333 1.25939e-05
0 0.352925 0.158667 0.0211268 0.16 1.26511e-05
0 0.177952 0.0593333 0.0536295 0.0866667 1.26666e-05
0 0.836132 0.654667 0.0915493 0.2 1.27084e-05
0 0.516251 0.032 0.101842 0.064 1.27426e-05
0 0.0192308 0.98 0.0330444 0.04 1.27813e-05
0 0.585861 0.0806667 0.0557963 0.121333 1.28108e-05
0 0.897075 0.702667 0.071506 0.194667 1.28161e-05
0 0.281961 0.91 0.134886 0.18 1.28204e-05
0 0.635428 0.976667 0.0530878 0.0466667 1.28518e-05
0 0.284399 0.0266667 0.106176 0.0533333 1.28877e-05
0 0.951788 0.352 0.0964247 0.528 1.2919e-05
0 0.863489 0.0293333 0.0855905 0.0586667 1.29287e-05
0 0.927681 0.944 0.0438787 0.032 1.29855e-05
0 0.553629 0.433333 0.0335861 0.0266667 1.29944e-05
0 0.401408 1 0.0823402 0 1.30244e-05
0 0.175515 0.0666667 0.102925 0.104 1.31177e-05
0 0.669827 0.026 0.052546 0.052 1.33465e-05
0 0.98402 0.609333 0.0276273 0.0826667 1.33536e-05
0 0.990249 0.77 0.0173348 0.105333 1.33548e-05
0 0.707747 0.594667 0.0731311 0.261333 1.33997e-05
0 0.485374 0.653333 0.0606717 0.162667 1.34406e-05
0 0.263001 0.0166667 0.0850488 0.0333333 1.346e-05
0 0.603738 0.246 0.06013 0.158667 1.34729e-05
0 0.711268 0.615333 0.0487541 0.124 1.35252e-05
0 0.351571 0.511333 0.056338 0.513333 1.35358e-05
0 0.303629 0 0.052546 0 1.35399e-05
0 0.394908 1 0.0390032 0 1.35417e-05
0 0.0200433 0.424 0.0400867 0.114667 1.36087e-05
0 0.34805 0.202 0.0568797 0.161333 1.36197e-05
0 0.470748 0.762 0.191766 0.476 1.36487e-05
0 0.689057 0.727333 0.0736728 0.132 1.36496e-05
0 0.519231 0.00266667 0.0471289 0.00533333 1.36857e-05
0 0.622698 0.727333 0.052546 0.124 1.37277e-05
0 0.177681 0.804 0.355363 0.392 1.37457e-05
0 0.945287 0.992667 0.0487541 0.0146667 1.38051e-05
0 0.809047 0.969333 0.0644637 0.056 1.38054e-05
0 0.666847 0.64 0.147346 0.661333 1.38212e-05
0 0.624865 1 0.0687974 0 1.3825e-05
0 0.972644 0.476667 0.0211268 0.0813333 1.39215e-05
0 0.760022 0.719333 0.0812568 0.169333 1.40389e-05
0 0.981853 0.144667 0.0362947 0.185333 1.40689e-05
0 0.213976 0.707333 0.221018 0.361333 1.40794e-05
0 0.636782 0.0866667 0.0590466 0.141333 1.40845e-05
0 0.224269 0.678 0.387866 0.644 1.40935e-05
0 0.679848 0.247333 0.0444204 0.225333 1.41012e-05
0 0.510834 0.984667 0.0368364 0.0306667 1.41193e-05
0 0.16143 0.922 0.105092 0.156 1.41426e-05
0 0.00731311 0.066 0.0113759 0.116 1.41827e-05
0 0.559588 0.818 0.182015 0.364 1.4245e-05
0 0.608342 0.0613333 0.084507 0.122667 1.43465e-05
0 0.650325 1 0.0752979 0 1.43604e-05
0 0.758938 0.812 0.121343 0.256 1.44516e-05
0 0.030065 0.665333 0.06013 0.317333 1.44762e-05
0 0.536295 1 0.0650054 0 1.44794e-05
0 0.836674 0.564 0.0427952 0.072 1.44944e-05
0 0.561213 0.088 0.056338 0.136 1.45319e-05
0 0.853196 0.858 0.0520043 0.126667 1.46667e-05
0 0.75948 0.978 0.0910076 0.044 1.46903e-05
0 0.921452 0.510667 0.149512 0.656 1.47024e-05
0 0.983478 0.219333 0.0308776 0.150667 1.47621e-05
0 0.0148971 0.701333 0.0297941 0.122667 1.48257e-05
0 0.979686 0.911333 0.0406284 0.177333 1.49394e-05
0 0.983749 0.7 0.0325027 0.149333 1.50099e-05
0 0.5948 0.374 0.0617551 0.145333 1.50625e-05
0 0.403846 0.514667 0.0514626 0.517333 1.5075e-05
0 0.71506 0.834 0.0509209 0.134667 1.51109e-05
0 0.988624 0.890667 0.0184182 0.0853333 1.51176e-05
0 0.507584 0.0986667 0.0823402 0.197333 1.51284e-05
0 0.442037 0.186 0.0335861 0.137333 1.51921e-05
0 0.866197 0.795333 0.148429 0.209333 1.52346e-05
0 0.817985 0.522667 0.0704225 0.272 1.52805e-05
0 0.846696 1 0.0585049 0 1.52904e-05
0 0.412514 0.00533333 0.0687974 0.0106667 1.52949e-05
0 0.0495666 0.823333 0.0991333 0.353333 1.5316e-05
0 0.207746 0.841333 0.152221 0.237333 1.53688e-05
0 0.659805 0.648667 0.0769231 0.289333 1.54244e-05
0 0.846425 0.805333 0.0937161 0.0933333 1.54588e-05
0 0.786836 0.707333 0.0872156 0.310667 1.55176e-05
0 0.852654 0 0.0530878 0 1.55624e-05
0 0.24052 0.957333 0.107259 0.0853333 1.55995e-05
0 0.66468 0.654667 0.0650054 0.144 1.56432e-05
0 0.0132719 0.006 0.0265439 0.012 1.56794e-05
0 0.0994041 0.000666667 0.0568797 0.00133333 1.56817e-05
0 0.878927 0 0.0514626 0 1.57169e-05
0 0.515439 0.872 0.0612134 0.256 1.58324e-05
0 0.655471 0.543333 0.056338 0.102667 1.58393e-05
0 0.48727 0.948667 0.0861322 0.102667 1.59632e-05
0 0.924973 0.056 0.0265439 0.056 1.60332e-05
0 0.408992 0.270667 0.0780065 0.242667 1.60572e-05
0 0.517335 1 0.0335861 0 1.60608e-05
0 0.361593 0.00533333 0.0731311 0.0106667 1.60725e-05
0 0.886782 0.028 0.0823402 0.056 1.60923e-05
0 0.961809 0.913333 0.0471289 0.0293333 1.61886e-05
0 0.230769 0.004 0.0509209 0.008 1.62036e-05
0 0.639762 0.655333 0.0704225 0.156 1.62046e-05
0 0.934724 0.13 0.0492958 0.233333 1.62629e-05
0 0.153034 0.00933333 0.0579632 0.0186667 1.62799e-05
0 0.990249 0.859333 0.0184182 0.1 1.62985e-05
0 0.527086 0.592 0.0530878 0.125333 1.63564e-05
0 0.554984 0.864667 0.0471289 0.084 1.63628e-05
0 0.559047 0.154 0.084507 0.246667 1.63709e-05
0 0.816089 0.484667 0.0666305 0.124 1.63802e-05
0 0.385157 0.351333 0.0801734 0.172 1.63881e-05
0 0.00947996 0.0426667 0.0157096 0.0853333 1.64037e-05
0 0.942579 0 0.0520043 0 1.65718e-05
0 0.0769231 0.415333 0.153846 0.638667 1.66131e-05
0 0.553629 0.444667 0.0249187 0.0226667 1.66291e-05
0 0.813651 0.903333 0.110509 0.193333 1.66772e-05
0 0.86078 0.946 0.101842 0.0973333 1.67021e-05
0 0.960184 0.964667 0.0774648 0.0546667 1.67297e-05
0 0.896262 0.088 0.0514626 0.138667 1.67896e-05
0 0.937432 0.453333 0.00812568 0.024 1.68785e-05
0 0.521668 0.672 0.0823402 0.2 1.68802e-05
0 0.311213 0.0473333 0.0861322 0.0946667 1.6898e-05
0 0.679848 0.163333 0.056338 0.241333 1.69232e-05
0 0.368093 0.766 0.22481 0.468 1.69399e-05
0 0.62974 0.0133333 0.0362947 0.0266667 1.69903e-05
0 0.647616 0.300667 0.0254605 0.108 1.69974e-05
0 0.659263 0.489333 0.0628386 0.138667 1.70306e-05
0 0.598862 1 0.0774648 0 1.70473e-05
0 0.679848 0.101333 0.0758397 0.202667 1.71783e-05
0 0.911972 0.595333 0.0980498 0.145333 1.73712e-05
0 0.139491 0.996 0.0514626 0.008 1.76146e-05
0 0.156284 0.984667 0.0720477 0.0306667 1.76645e-05
0 0.413055 0.741333 0.141387 0.517333 1.77542e-05
0 0.708017 0.370667 0.0444204 0.125333 1.78559e-05
0 0.975352 0.394 0.0232936 0.0546667 1.79418e-05
0 0.906555 0.988 0.0438787 0.024 1.80306e-05
0 0.786836 0.520667 0.0752979 0.121333 1.80607e-05
0 0.786295 0.47 0.0817985 0.118667 1.8078e-05
0 0.428494 0.714 0.0574215 0.166667 1.81433e-05
0 0.836945 0.552 0.0173348 0.056 1.81577e-05
0 0.413597 0.268 0.0547129 0.149333 1.81929e-05
0 0.412243 0.952667 0.0899242 0.0946667 1.82031e-05
0 0.0167931 0.638 0.0249187 0.233333 1.83885e-05
0 0.990249 0.828 0.0151679 0.0906667 1.8535e-05
0 0.562026 0.686667 0.0763814 0.192 1.86362e-05
0 0.611051 0.0753333 0.0660888 0.121333 1.8642e-05
0 0.644366 0.0266667 0.117551 0.0533333 1.87975e-05
0 0.107259 0.864 0.134345 0.272 1.88637e-05
0 0.713434 0.062 0.084507 0.124 1.88724e-05
0 0.45883 0.0413333 0.0693391 0.0826667 1.88848e-05
0 0.985915 0.295333 0.0249187 0.1 1.89069e-05
0 0.82611 0.396 0.191766 0.730667 1.89363e-05
0 0.98727 0.93 0.0254605 0.1 1.89423e-05
0 0.440141 1 0.0406284 0 1.90088e-05
0 0.147075 0.008 0.0807151 0.016 1.9055e-05
0 0.467497 0.986667 0.0325027 0.0266667 1.90712e-05
0 0.978332 0.773333 0.0433369 0.304 1.91256e-05
0 0.929036 0.652667 0.112676 0.302667 1.91519e-05
0 0.379469 0.523333 0.0666305 0.308 1.91833e-05
0 0.96506 0.956667 0.0698808 0.0866667 1.95568e-05
0 0.16468 0.420667 0.118093 0.286667 1.95707e-05
0 0.632719 0.108667 0.084507 0.217333 1.95865e-05
0 0.603467 1 0.0346696 0 1.96994e-05
0 0.0834236 0.955333 0.130011 0.0893333 1.97011e-05
0 0.257313 0.985333 0.071506 0.0293333 1.98052e-05
0 0.670639 0.924 0.071506 0.152 1.9816e-05
0 0.655471 1 0.0411701 0 1.98447e-05
0 0.761376 0.0133333 0.10455 0.0266667 1.99029e-05
0 0.254063 0 0.0530878 0 1.99271e-05
0 0.839924 0.474667 0.0807151 0.125333 1.99455e-05
0 0.981582 0.776 0.0368364 0.152 1.99482e-05
0 0.427411 0.162667 0.135428 0.325333 1.99789e-05
0 0.0365655 0.999333 0.0536295 0.00133333 1.99848e-05
0 0.199892 0.746 0.115926 0.276 1.99862e-05
0 0.886241 0.374 0.0812568 0.113333 2.00564e-05
0 0.288462 0.496667 0.191224 0.308 2.01819e-05
0 0.235915 0.0266667 0.127302 0.0533333 2.03278e-05
0 0.985103 0.643333 0.0265439 0.0946667 2.04402e-05
0 0.572048 0.345333 0.0671723 0.162667 2.04642e-05
0 0.641387 1 0.0400867 0 2.04687e-05
0 0.566089 0.0293333 0.109426 0.0586667 2.05037e-05
0 0.853738 0.506 0.0953413 0.22 2.07344e-05
0 0.894095 0.99 0.0417118 0.02 2.07731e-05
0 0.962893 0.0306667 0.0731311 0.0613333 2.09238e-05
0 0.563109 0.656667 0.146804 0.561333 2.09446e-05
0 0.573673 0.233333 0.0855905 0.157333 2.10003e-05
0 0.427681 0.718 0.0807151 0.310667 2.10578e-05
0 0.457746 0.500667 0.0390032 0.449333 2.10682e-05
0 0.764355 0.0246667 0.119177 0.0493333 2.10811e-05
0 0.738353 0.366 0.0552546 0.177333 2.11242e-05
0 0.988353 0.954 0.0232936 0.092 2.1219e-05
0 0.0403575 0.968667 0.0807151 0.0626667 2.12833e-05
0 0.763001 0.998667 0.0807151 0.00266667 2.13564e-05
0 0.529794 1 0.0270856 0 2.13823e-05
0 0.728332 0.811333 0.119718 0.153333 2.13955e-05
0 0.822589 0.539333 0.0536295 0.124 2.14638e-05
0 0.670098 0.018 0.0314193 0.036 2.15069e-05
0 0.598862 0.931333 0.0536295 0.137333 2.15515e-05
0 0.807963 0.976667 0.0449621 0.0333333 2.18387e-05
0 0.812297 0.406667 0.0915493 0.141333 2.18757e-05
0 0.40818 0.358 0.0622969 0.126667 2.19477e-05
0 0.16441 0.995333 0.0514626 0.00933333 2.1948e-05
0 0.568797 0.000666667 0.0498375 0.00133333 2.19669e-05
0 0.615655 1 0.0384615 0 2.20133e-05
0 0.684182 0.47 0.0780065 0.129333 2.20249e-05
0 0.922806 0.504 0.0872156 0.170667 2.20261e-05
0 0.737812 0.886667 0.0552546 0.141333 2.20461e-05
0 0.644366 0.892 0.0655471 0.216 2.20881e-05
0 0.483478 0.604 0.0915493 0.258667 2.20964e-05
0 0.0184182 0.518667 0.0368364 0.109333 2.21214e-05
0 0.756771 0.65 0.0704225 0.156 2.21808e-05
0 0.513001 0.214667 0.15493 0.429333 2.22615e-05
0 0.27519 0.164667 0.148429 0.329333 2.22708e-05
0 0.711809 0.401333 0.170098 0.661333 2.23658e-05
0 0.68039 0.529333 0.0736728 0.125333 2.24724e-05
0 0.679036 0.226667 0.0850488 0.346667 2.24754e-05
0 0.869718 0.99 0.0427952 0.02 2.2515e-05
0 0.70558 0.346667 0.0731311 0.157333 2.25977e-05
0 0.0541712 0.928 0.107259 0.144 2.26029e-05
0 0.767064 0.641333 0.16143 0.666667 2.27061e-05
0 0.28467 0.796 0.22481 0.408 2.27141e-05
0 0.442849 0.929333 0.0633803 0.141333 2.27164e-05
0 0.0276273 0.219333 0.0541712 0.212 2.2795e-05
0 0.326111 0.26 0.156013 0.52 2.28446e-05
0 0.978602 0.96 0.0427952 0.08 2.28516e-05
0 0.930119 1 0.0444204 0 2.28841e-05
0 0.786836 0.402667 0.0969664 0.210667 2.28846e-05
0 0.923077 0.984 0.0855905 0.032 2.29583e-05
0 0.556067 0.958 0.0893824 0.084 2.29698e-05
0 0.96506 0 0.0503792 0 2.3033e-05
0 0.374594 0.92 0.0850488 0.16 2.31058e-05
0 0.0392741 0.0153333 0.0568797 0.0306667 2.31907e-05
0 0.176056 0.620667 0.121343 0.276 2.32413e-05
0 0.50325 1 0.0379198 0 2.3295e-05
0 0.0111051 0.026 0.0222102 0.052 2.33111e-05
0 0.177411 0.17 0.296316 0.34 2.33691e-05
0 0.489707 0 0.0530878 0 2.34955e-05
0 0.543066 0.00466667 0.0438787 0.00933333 2.34956e-05
0 0.90195 0.412667 0.0422535 0.0173333 2.35343e-05
0 0.0799025 0.144 0.159805 0.288 2.35618e-05
0 0.279794 0 0.0536295 0 2.35869e-05
0 0.894366 0.426667 0.0574215 0.234667 2.35948e-05
0 0.549025 0.0106667 0.0752979 0.0213333 2.35973e-05
0 0.486728 0.999333 0.0687974 0.00133333 2.36104e-05
0 0.460455 0.274667 0.0530878 0.144 2.36262e-05
0 0.0604009 0.286 0.120802 0.310667 2.37391e-05
0 0.733749 0.406 0.0937161 0.137333 2.3934e-05
0 0.543066 1 0.0341278 0 2.40216e-05
0 0.00487541 0.853333 0.00975081 0.136 2.41101e-05
0 0.353196 1 0.0520043 0 2.41427e-05
0 0.709913 0.524 0.0644637 0.136 2.42182e-05
0 0.383803 0.414667 0.119718 0.205333 2.42339e-05
0 0.583965 0.0386667 0.0368364 0.0693333 2.45868e-05
0 0.960997 0.106667 0.0650054 0.146667 2.46007e-05
0 0.981853 0.476 0.0222102 0.096 2.46428e-05
0 0.111593 0.293333 0.223185 0.586667 2.46438e-05
0 0.817985 0.988 0.0455038 0.024 2.46538e-05
0 0.533315 0.0353333 0.0265439 0.0706667 2.48009e-05
0 0.788462 0.982 0.0861322 0.036 2.48605e-05
0 0.166847 0.07 0.125677 0.14 2.4887e-05
0 0.591008 1 0.035753 0 2.48906e-05
0 0.621885 0.0213333 0.0736728 0.0426667 2.50987e-05
0 0.486457 0.594667 0.0606717 0.154667 2.51157e-05
0 0.513814 0.515333 0.154388 0.702667 2.52788e-05
0 0.436078 1 0.0758397 0 2.53143e-05
0 0.189599 0.994667 0.0509209 0.0106667 2.53467e-05
0 0.61078 0.378 0.0406284 0.0786667 2.54438e-05
0 0.826652 0 0.0541712 0 2.5444e-05
0 0.0162514 0.647333 0.0325027 0.113333 2.56915e-05
0 0.433911 0.652 0.0585049 0.168 2.5701e-05
0 0.709372 0.466 0.100217 0.209333 2.57719e-05
0 0.514897 0 0.052546 0 2.57807e-05
0 0.43039 0.443333 0.0438787 0.398667 2.57876e-05
0 0.0679848 0.594 0.13597 0.318667 2.58134e-05
0 0.108342 0.773333 0.175515 0.418667 2.58391e-05
0 0.687161 0.0506667 0.0752979 0.101333 2.59321e-05
0 0.345341 0.987333 0.0503792 0.0226667 2.59771e-05
0 0.0923619 0.0106667 0.0796316 0.0213333 2.60063e-05
0 0.540087 0.247333 0.0487541 0.318667 2.60374e-05
0 0.178223 0.008 0.0574215 0.016 2.60672e-05
0 0.206121 0.006 0.0557963 0.012 2.62266e-05
0 0.427681 0.0726667 0.0763814 0.145333 2.62291e-05
0 0.457205 0.654667 0.0541712 0.181333 2.62367e-05
0 0.571777 0.801333 0.0449621 0.0933333 2.64087e-05
0 0.0121885 0.286667 0.024377 0.181333 2.64831e-05
0 0.95585 0.548 0.0471289 0.0826667 2.65184e-05
0 0.820693 0.584667 0.0541712 0.126667 2.65187e-05
0 0.817443 0.95 0.0985916 0.1 2.66151e-05
0 0.715872 0.246667 0.186891 0.493333 2.66333e-05
0 0.783315 0.99 0.0455038 0.02 2.66786e-05
0 0.484019 0.988667 0.0460455 0.0226667 2.66991e-05
0 0.191495 0.982667 0.10455 0.0346667 2.67565e-05
0 0.156013 0.834 0.166847 0.329333 2.68533e-05
0 0.786295 0.588667 0.0774648 0.169333 2.69832e-05
0 0.534399 0.162667 0.0633803 0.202667 2.70189e-05
0 0.556067 0.594667 0.0893824 0.237333 2.70195e-05
0 0.983749 0.990667 0.0325027 0.0186667 2.71417e-05
0 0.900596 0.998667 0.0796316 0.00266667 2.71891e-05
0 0.384615 0 0.0866739 0 2.73286e-05
0 0.562297 1 0.0650054 0 2.73798e-05
0 0.377302 0.971333 0.0287107 0.0466667 2.74085e-05
0 0.0362947 0.221333 0.0725894 0.325333 2.7439e-05
0 0.268147 0.97 0.178765 0.06 2.75554e-05
0 0.46506 0.004 0.0687974 0.008 2.75766e-05
0 0.31013 0.00866667 0.0774648 0.0173333 2.76772e-05
0 0.125406 0.00133333 0.0568797 0.00266667 2.77095e-05
0 0.465872 0 0.0530878 0 2.7725e-05
0 0.609426 0.595333 0.0877573 0.22 2.77532e-05
0 0.06013 0.145333 0.12026 0.266667 2.83744e-05
0 0.635699 0.472 0.0655471 0.128 2.83756e-05
0 0.463976 0.392 0.171723 0.768 2.84622e-05
0 0.540087 0 0.0530878 0 2.85597e-05
0 0.981853 0.513333 0.0362947 0.322667 2.85785e-05
0 0.239166 0.03 0.0785482 0.06 2.87088e-05
0 0.790087 0.648667 0.0742145 0.161333 2.88691e-05
0 0.277086 0.0766667 0.102384 0.153333 2.90162e-05
0 0.932286 0.758 0.0964247 0.145333 2.90867e-05
0 0.631365 0.988 0.0427952 0.024 2.91203e-05
0 0.982936 0.042 0.0341278 0.084 2.92269e-05
0 0.704496 0 0.0547129 0 2.94203e-05
0 0.0736728 0.000666667 0.056338 0.00133333 2.95868e-05
0 0.039545 0.174 0.0790899 0.348 2.97458e-05
0 0.0189599 0.952 0.0379198 0.0826667 2.98135e-05
0 0.45883 0.661333 0.092091 0.293333 2.98559e-05
0 0.519502 0.916667 0.063922 0.124 3.01106e-05
0 0.98727 0.0793333 0.0189599 0.092 3.01853e-05
0 0.420639 0.978667 0.067714 0.0426667 3.03374e-05
0 0.0549837 0.0786667 0.109967 0.152 3.03464e-05
0 0.643554 0.985333 0.0379198 0.0293333 3.03968e-05
0 0.388407 0.973333 0.0292524 0.0346667 3.04213e-05
0 0.921723 0.830667 0.156555 0.338667 3.05536e-05
0 0.59182 0.00333333 0.052546 0.00666667 3.06307e-05
0 0.488082 0.0286667 0.0747562 0.0573333 3.06432e-05
0 0.760563 0.461333 0.104009 0.2 3.07161e-05
0 0.0135428 0.157333 0.0270856 0.168 3.07163e-05
0 0.732665 0.597333 0.0687974 0.144 3.09008e-05
0 0.629198 0 0.052546 0 3.09099e-05
0 0.966143 0.451333 0.0557963 0.284 3.09397e-05
0 0.437703 0 0.0823402 0 3.1097e-05
0 0.988353 0.936667 0.0200433 0.0626667 3.12211e-05
0 0.757584 0.583333 0.0893824 0.233333 3.14494e-05
0 0.810401 0.644 0.0801734 0.269333 3.15799e-05
0 0.480228 1 0.0438787 0 3.16972e-05
0 0.0750271 1 0.0557963 0 3.18764e-05
0 0.833965 0.558667 0.0157096 0.0346667 3.19086e-05
0 0.976436 0.42 0.0189599 0.0746667 3.20376e-05
0 0.586403 0.986667 0.0308776 0.024 3.20924e-05
0 0.00650054 0.618 0.0130011 0.108 3.23523e-05
0 0.0192308 0.168667 0.0384615 0.276 3.23557e-05
0 0.904659 0.0773333 0.0552546 0.154667 3.24825e-05
0 0.555796 0.014 0.0379198 0.028 3.25512e-05
0 0.916576 0.235333 0.0325027 0.137333 3.26094e-05
0 0.989978 0.54 0.0200433 0.146667 3.27132e-05
0 0.758397 0.981333 0.0585049 0.0373333 3.27157e-05
0 0.575027 0.006 0.0828819 0.012 3.29803e-05
0 0.861863 0.00666667 0.063922 0.0133333 3.30234e-05
0 0.710184 0.304667 0.0379198 0.270667 3.32126e-05
0 0.733749 0.524667 0.0947996 0.204 3.32202e-05
0 0.109155 0.152667 0.205309 0.305333 3.33667e-05
0 0.239707 0.998 0.0514626 0.004 3.34699e-05
0 0.809317 0.004 0.0790899 0.008 3.36317e-05
0 0.0495666 1 0.0547129 0 3.40696e-05
0 0.638137 0.583333 0.063922 0.118667 3.40807e-05
0 0.945016 0.164 0.0471289 0.0853333 3.40994e-05
0 0.926869 0.322667 0.108342 0.424 3.43131e-05
0 0.248917 0.714 0.0915493 0.310667 3.43156e-05
0 0.935807 0.918667 0.105634 0.162667 3.4328e-05
0 0.739437 0.274 0.0888407 0.548 3.43298e-05
0 0.584778 0.466667 0.0666305 0.141333 3.43665e-05
0 0.768147 0.988 0.0346696 0.0213333 3.43739e-05
0 0.0222102 0.924 0.0444204 0.152 3.44345e-05
0 0.975352 0.448667 0.0200433 0.0893333 3.44423e-05
0 0.725081 0.996667 0.0861322 0.00666667 3.45206e-05
0 0.641116 0.331333 0.106717 0.342667 3.46399e-05
0 0.0116468 0.122667 0.0178765 0.2 3.5316e-05
0 0.571506 0.016 0.0390032 0.032 3.53613e-05
0 0.836674 0.348 0.0839653 0.146667 3.57236e-05
0 0.911701 0.006 0.0628386 0.012 3.58192e-05
0 0.839112 0.151333 0.121343 0.3 3.5827e-05
0 0.615926 0.196 0.0790899 0.125333 3.58593e-05
0 0.65493 0 0.0530878 0 3.60571e-05
0 0.887866 0.649333 0.11701 0.226667 3.61993e-05
0 0.00595883 0.212 0.0119177 0.125333 3.62631e-05
0 0.0216685 0.0126667 0.0433369 0.0253333 3.63971e-05
0 0.700163 0.913333 0.0828819 0.173333 3.65247e-05
0 0.96533 0.648667 0.0693391 0.297333 3.68933e-05
0 0.527086 0.828 0.0476706 0.16 3.7047e-05
0 0.557692 0.597333 0.0687974 0.138667 3.71772e-05
0 0.0455038 0.894667 0.0877573 0.176 3.71975e-05
0 0.00704225 0.120667 0.0130011 0.14 3.76012e-05
0 0.361051 0.182667 0.114301 0.365333 3.76022e-05
0 0.741333 0.342667 0.126219 0.213333 3.76215e-05
0 0.863489 0.284 0.0910076 0.2 3.76754e-05
0 0.610238 0.594 0.0622969 0.126667 3.76857e-05
0 0.891928 1 0.0417118 0 3.7734e-05
0 0.488082 0.553333 0.0455038 0.133333 3.7736e-05
0 0.939057 0.45 0.024377 0.0253333 3.78493e-05
0 0.754875 0 0.0547129 0 3.79346e-05
0 0.565547 0 0.0530878 0 3.8219e-05
0 0.0506501 0.780667 0.1013 0.310667 3.84488e-05
0 0.98429 0.00466667 0.0227519 0.00933333 3.84521e-05
0 0.281419 1 0.0557963 0 3.84863e-05
0 0.733207 0.466667 0.0817985 0.136 3.87837e-05
0 0.432286 0.418 0.101842 0.337333 3.87886e-05
0 0.969664 0.042 0.0606717 0.084 3.88264e-05
0 0.671452 0.866 0.0352113 0.148 3.88886e-05
0 0.951517 0.243333 0.0287107 0.145333 3.91568e-05
0 0.752979 1 0.0433369 0 3.92086e-05
0 0.781148 1 0.0455038 0 3.93129e-05
0 0.11403 1 0.0536295 0 3.94424e-05
0 0.53467 0.227333 0.0834236 0.201333 3.95904e-05
0 0.886241 0 0.0671723 0 4.00744e-05
0 0.736457 0.948667 0.0785482 0.102667 4.04272e-05
0 0.564735 0.965333 0.0590466 0.0693333 4.0638e-05
0 0.326923 0.994 0.052546 0.012 4.06648e-05
0 0.434453 0.348667 0.0650054 0.188 4.0724e-05
0 0.482665 0.366667 0.0368364 0.269333 4.08651e-05
0 0.780878 0 0.0547129 0 4.0897e-05
0 0.863489 1 0.0736728 0 4.10064e-05
0 0.969664 0.652 0.0498375 0.170667 4.11884e-05
0 0.679577 0 0.0536295 0 4.12333e-05
0 0.00785482 0.968 0.0113759 0.064 4.16272e-05
0 0.82909 1 0.0427952 0 4.18316e-05
0 0.00541712 0.731333 0.0108342 0.134667 4.1985e-05
0 0.456934 0.349333 0.0655471 0.213333 4.20353e-05
0 0.161159 0.710667 0.119718 0.248 4.20781e-05
0 0.52221 0.0186667 0.0325027 0.0373333 4.20946e-05
0 0.432015 0.526667 0.0752979 0.328 4.23351e-05
0 0.970206 0.333333 0.0595883 0.173333 4.23582e-05
0 0.927411 0.193333 0.0433369 0.138667 4.23871e-05
0 0.565547 1 0.0400867 0 4.26576e-05
0 0.989437 0.550667 0.0113759 0.0933333 4.30685e-05
0 0.989707 0.969333 0.0151679 0.0613333 4.30692e-05
0 0.608072 0.464 0.0817985 0.186667 4.31273e-05
0 0.213976 0.996667 0.0530878 0.00666667 4.31678e-05
0 0.515439 0.012 0.0752979 0.024 4.32027e-05
0 0.182286 0.006 0.0774648 0.012 4.32538e-05
0 0.79415 0.992 0.0476706 0.016 4.33548e-05
0 0.751083 0.966 0.0449621 0.06 4.33623e-05
0 0.902492 0.417333 0.0270856 0.0213333 4.34044e-05
0 0.71208 0.289333 0.111051 0.341333 4.34788e-05
0 0.586132 0.597333 0.063922 0.136 4.35287e-05
0 0.687974 0.995333 0.0823402 0.00933333 4.35499e-05
0 0.963976 0.894 0.0720477 0.212 4.3563e-05
0 0.0251896 0.018 0.0503792 0.036 4.35677e-05
0 0.394366 0.985333 0.0487541 0.0293333 4.36623e-05
0 0.985915 0.332 0.0184182 0.0986667 4.38717e-05
0 0.622969 0.210667 0.121343 0.346667 4.41111e-05
0 0.862947 0.982667 0.0888407 0.0346667 4.41688e-05
0 0.00839653 0.204 0.0157096 0.197333 4.42441e-05
0 0.615385 0.486 0.135428 0.521333 4.43401e-05
0 0.504875 0.158667 0.0975081 0.229333 4.43917e-05
0 0.717226 1 0.0455038 0 4.44873e-05
0 0.22779 0 0.0536295 0 4.44913e-05
0 0.459372 0.64 0.143012 0.613333 4.45769e-05
0 0.0520043 0.996 0.0693391 0.008 4.48087e-05
0 0.647616 0.964667 0.0514626 0.0706667 4.49184e-05
0 0.988353 0 0.0232936 0 4.49659e-05
0 0.991333 0.181333 0.0173348 0.133333 4.49783e-05
0 0.00568797 0.793333 0.0113759 0.141333 4.50802e-05
0 0.517064 0.0206667 0.0720477 0.0413333 4.5087e-05
0 0.812026 0.984667 0.084507 0.0306667 4.53898e-05
0 0.460726 0.555333 0.0937161 0.246667 4.56516e-05
0 0.336132 0.148667 0.0633803 0.297333 4.57612e-05
0 0.695558 0.948667 0.0801734 0.0973333 4.63517e-05
0 0.479415 0.221333 0.0758397 0.221333 4.6461e-05
0 0.637595 0.329333 0.0866739 0.178667 4.70933e-05
0 0.901408 0.942667 0.0455038 0.024 4.7308e-05
0 0.968581 0.968 0.0465872 0.032 4.73992e-05
0 0.960726 0.218 0.0297941 0.132 4.76715e-05
0 0.836132 0.276667 0.0947996 0.284 4.77261e-05
0 0.0157096 0.1 0.0314193 0.173333 4.78631e-05
0 0.359155 0.525333 0.172264 0.768 4.79505e-05
0 0.729957 0 0.0547129 0 4.84824e-05
0 0.487811 0 0.0926327 0 4.85083e-05
0 0.33234 0.964667 0.0774648 0.0706667 4.90773e-05
0 0.69312 0.81 0.0796316 0.110667 4.91582e-05
0 0.150596 0 0.0574215 0 4.92582e-05
0 0.979957 0.844667 0.0400867 0.164 4.95548e-05
0 0.983478 0.283333 0.0330444 0.321333 4.96441e-05
0 0.722373 0.975333 0.0514626 0.0333333 4.97092e-05
0 0.914139 0.880667 0.095883 0.238667 5.04635e-05
0 0.139762 1 0.0541712 0 5.07916e-05
0 0.177411 0.517333 0.10455 0.274667 5.08895e-05
0 0.964247 0.008 0.0541712 0.016 5.09284e-05
0 0.866739 0.462 0.0888407 0.124 5.1196e-05
0 0.538191 0.37 0.0406284 0.297333 5.12922e-05
0 0.681203 1 0.0460455 0 5.15009e-05
0 0.637053 0.530667 0.0834236 0.189333 5.17843e-05
0 0.836403 0 0.0910076 0 5.17927e-05
0 0.589112 0 0.0536295 0 5.19889e-05
0 0.666035 0.957333 0.0222102 0.0746667 5.20488e-05
0 0.810943 0.0153333 0.0790899 0.0306667 5.22011e-05
0 0.986457 0.022 0.0270856 0.044 5.2568e-05
0 0.353467 0.992 0.0514626 0.016 5.26295e-05
0 0.575569 0.0226667 0.0666305 0.0453333 5.29387e-05
0 0.713164 0.265333 0.0536295 0.530667 5.32404e-05
0 0.0343987 0.114667 0.0687974 0.229333 5.34463e-05
0 0.0181473 1 0.0362947 0 5.40398e-05
0 0.0151679 0.349333 0.0303359 0.197333 5.41405e-05
0 0.164951 1 0.0547129 0 5.41979e-05
0 0.118906 0.0333333 0.150054 0.0666667 5.44052e-05
0 0.111051 0.994667 0.133261 0.0106667 5.45554e-05
0 0.00731311 0.908667 0.0146262 0.182667 5.47154e-05
0 0.559859 0.528667 0.0590466 0.164 5.48161e-05
0 0.59182 0.788667 0.107801 0.161333 5.48467e-05
0 0.883803 0.65 0.153304 0.516 5.49409e-05
0 0.891387 0.978667 0.0937161 0.0426667 5.5466e-05
0 0.687703 0.00266667 0.0850488 0.00533333 5.55237e-05
0 0.972373 0.460667 0.0498375 0.142667 5.55531e-05
0 0.951517 1 0.0872156 0 5.57294e-05
0 0.903034 0.934667 0.0650054 0.0373333 5.58802e-05
0 0.274648 0.976 0.122427 0.048 5.63564e-05
0 0.260293 0.615333 0.0861322 0.313333 5.66047e-05
0 0.0111051 0.932667 0.0167931 0.134667 5.67633e-05
0 0.583153 0.532667 0.0915493 0.217333 5.71457e-05
0 0.0495666 0.00266667 0.0568797 0.00533333 5.77848e-05
0 0.990249 0.192667 0.00975081 0.1 5.78767e-05
0 0.533315 0.348667 0.0926327 0.204 5.78826e-05
0 0.505688 0.228667 0.0568797 0.249333 5.87186e-05
0 0.418743 0.99 0.0487541 0.02 5.88537e-05
0 0.813109 1 0.0812568 0 5.89724e-05
0 0.989166 0.474 0.0216685 0.134667 5.93289e-05
0 0.302546 0.996 0.0514626 0.008 5.95854e-05
0 0.900054 0.942667 0.095883 0.08 6.00571e-05
0 0.867281 1 0.0422535 0 6.00594e-05
0 0.983478 0.646667 0.0330444 0.314667 6.03404e-05
0 0.129469 0.726667 0.258938 0.546667 6.03759e-05
0 0.877302 0.428667 0.0796316 0.0813333 6.04827e-05
0 0.00541712 0.993333 0.0108342 0.0133333 6.06164e-05
0 0.990791 0.603333 0.0184182 0.158667 6.07159e-05
0 0.160076 0.474667 0.220477 0.389333 6.09164e-05
0 0.191495 0.028 0.119718 0.056 6.13228e-05
0 0.938787 0.128 0.0585049 0.114667 6.17685e-05
0 0.00758397 0.454667 0.0151679 0.138667 6.24455e-05
0 0.626761 0 0.0541712 0 6.25304e-05
0 0.0625677 0.749333 0.125135 0.501333 6.25571e-05
0 0.942849 0.830667 0.114301 0.096 6.27875e-05
0 0.706121 0.168 0.1013 0.293333 6.28167e-05
0 0.163597 0.992 0.130011 0.016 6.351e-05
0 0.240249 1 0.0547129 0 6.35187e-05
0 0.00541712 0.304 0.0108342 0.136 6.3528e-05
0 0.640303 0.98 0.092091 0.04 6.44797e-05
0 0.283044 0 0.0926327 0 6.45347e-05
0 0.504605 0.352667 0.0742145 0.254667 6.47702e-05
0 0.31636 0.960667 0.12351 0.0786667 6.4809e-05
0 0.511918 0.311333 0.035753 0.302667 6.51713e-05
0 0.533857 0.533333 0.0492958 0.149333 6.571e-05
0 0.815005 0.342 0.103467 0.238667 6.57176e-05
0 0.482665 0.287333 0.0498375 0.198667 6.59441e-05
0 0.416306 1 0.0460455 0 6.6041e-05
0 0.538732 0.862 0.0687974 0.270667 6.64452e-05
0 0.175785 0 0.0568797 0 6.66763e-05
0 0.605634 0.984667 0.0747562 0.0306667 6.71358e-05
0 0.810401 0.253333 0.084507 0.504 6.7302e-05
0 0.94312 0.976667 0.0910076 0.0466667 6.77601e-05
0 0.591549 0.968667 0.0227519 0.0466667 6.78997e-05
0 0.0173348 0.0533333 0.0346696 0.106667 6.8659e-05
0 0.831257 0.984667 0.039545 0.0253333 6.92243e-05
0 0.601571 0.97 0.024377 0.028 6.9542e-05
0 0.0349404 0.543333 0.0698808 0.377333 6.96731e-05
0 0.836945 0.565333 0.028169 0.0453333 6.98118e-05
0 0.277898 0.998667 0.0855905 0.00266667 7.01039e-05
0 0.989978 0.614 0.0135428 0.108 7.04826e-05
0 0.939057 0.00266667 0.0709642 0.00533333 7.05019e-05
0 0.611593 0.528667 0.0671723 0.137333 7.16372e-05
0 0.565818 0.0126667 0.0839653 0.0253333 7.25256e-05
0 0.00568797 0.946 0.0102925 0.108 7.25617e-05
0 0.348592 0.980667 0.095883 0.0386667 7.32013e-05
0 0.686891 0.969333 0.0498375 0.0346667 7.37093e-05
0 0.929036 0.32 0.0693391 0.2 7.38839e-05
0 0.203142 1 0.0552546 0 7.39735e-05
0 0.614572 0.843333 0.130553 0.313333 7.40111e-05
0 0.991062 0.483333 0.0146262 0.102667 7.42265e-05
0 0.53169 0.971333 0.0276273 0.0573333 7.45174e-05
0 0.836674 0.977333 0.0785482 0.0453333 7.4806e-05
0 0.507313 0.289333 0.117551 0.277333 7.5138e-05
0 0.980228 0.994667 0.0373781 0.0106667 7.54767e-05
0 0.753792 0.985333 0.0406284 0.0266667 7.54777e-05
0 0.598321 0.965333 0.0276273 0.0693333 7.57003e-05
0 0.570693 0.985333 0.0362947 0.0293333 7.58305e-05
0 0.425244 0.112 0.063922 0.162667 7.64066e-05
0 0.00758397 0.390667 0.0151679 0.144 7.73348e-05
0 0.8039 1 0.0476706 0 7.77893e-05
0 0.152221 0.0133333 0.126761 0.0266667 7.81957e-05
0 0.549025 0.769333 0.107801 0.0933333 7.82489e-05
0 0.637053 0.529333 0.0628386 0.101333 7.82572e-05
0 0.636511 0.288667 0.0498375 0.126667 7.87322e-05
0 0.980769 0.902 0.0297941 0.0573333 7.90498e-05
0 0.541441 0.463333 0.0514626 0.124 7.92795e-05
0 0.636782 0.008 0.0828819 0.016 7.96901e-05
0 0.729415 0.984 0.0514626 0.0266667 8.02639e-05
0 0.371073 0.987333 0.0444204 0.0253333 8.08757e-05
0 0.508397 0.472 0.0655471 0.216 8.11479e-05
0 0.201517 0 0.056338 0 8.45024e-05
0 0.604821 0.987333 0.0352113 0.0253333 8.49879e-05
0 0.491333 0.49 0.121343 0.273333 8.60941e-05
0 0.482665 0.464667 0.056338 0.284 8.75989e-05
0 0.991874 1 0.0162514 0 8.78285e-05
0 0.918202 0.074 0.0346696 0.148 8.85556e-05
0 0.00975081 0.832 0.0140845 0.269333 9.03732e-05
0 0.302546 1 0.0568797 0 9.044e-05
0 0.946371 0.189333 0.0931744 0.349333 9.07822e-05
0 0.538732 0.000666667 0.0926327 0.00133333 9.11179e-05
0 0.0119177 0.600667 0.0238353 0.225333 9.11737e-05
0 0.00785482 0.518 0.0157096 0.137333 9.1366e-05
0 0.618364 0.014 0.0904659 0.028 9.1404e-05
0 0.991603 0.112 0.0167931 0.146667 9.14379e-05
0 0.53494 0.024 0.0449621 0.048 9.14611e-05
0 0.725081 0.00266667 0.0915493 0.00533333 9.39597e-05
0 0.651138 0 0.0552546 0 9.40135e-05
0 0.562297 0.776667 0.0574215 0.076 9.51969e-05
0 0.955038 1 0.0520043 0 9.62265e-05
0 0.912784 0.236667 0.0964247 0.214667 9.67464e-05
0 0.611863 0.888667 0.108884 0.190667 9.73954e-05
0 0.604009 0.300667 0.0541712 0.108 9.76333e-05
0 0.510293 0.538667 0.0552546 0.146667 9.80644e-05
0 0.00785482 1 0.0157096 0 9.82989e-05
0 0.606717 0.0153333 0.0855905 0.0306667 9.86076e-05
0 0.991062 0.663333 0.0178765 0.172 9.87477e-05
0 0.676056 0 0.0552546 0 9.89729e-05
0 0.486728 0.984667 0.0904659 0.0306667 9.90874e-05
0 0.539816 0.414 0.0709642 0.134667 9.96486e-05
0 0.985645 0.917333 0.0200433 0.0453333 0.000101005
0 0.733478 0.982 0.0747562 0.036 0.000103038
0 0.00595883 0.792 0.0119177 0.272 0.000103222
0 0.0189599 0.546 0.0379198 0.289333 0.000103826
0 0.989707 0.702667 0.0140845 0.122667 0.000104279
0 0.362947 0.977333 0.0823402 0.0453333 0.000104302
0 0.843174 0.865333 0.1013 0.269333 0.00010534
0 0.966685 0.994 0.0503792 0.012 0.000106828
0 0.520856 0.941333 0.0341278 0.117333 0.000106977
0 0.714247 0 0.0547129 0 0.000107263
0 0.615114 0.357333 0.0644637 0.133333 0.000107387
0 0.0910076 0.471333 0.182015 0.228 0.000107794
0 0.416306 0.525333 0.13922 0.634667 0.000109282
0 0.305255 0.65 0.610509 0.7 0.000109629
0 0.0178765 0.984 0.035753 0.032 0.000110858
0 0.684995 0.830667 0.105634 0.338667 0.000111069
0 0.938245 0.87 0.109426 0.124 0.000111413
0 0.0866739 1 0.092091 0 0.000111519
0 0.347779 0.998667 0.0942579 0.00266667 0.000112924
0 0.991603 0.234 0.0167931 0.145333 0.000113242
0 0.0197725 1 0.039545 0 0.000113609
0 0.668202 0.0166667 0.0926327 0.0333333 0.000116159
0 0.212893 0.994 0.100758 0.012 0.000117957
0 0.0316901 0.944 0.0633803 0.112 0.000118101
0 0.0189599 0.896667 0.0325027 0.206667 0.000118593
0 0.800379 0 0.0557963 0 0.000119292
0 0.987541 0.0466667 0.0249187 0.0933333 0.000119327
0 0.786836 0.212667 0.154388 0.350667 0.000119914
0 0.990791 0.110667 0.0108342 0.106667 0.000120404
0 0.0173348 0.727333 0.0346696 0.364 0.000121459
0 0.592633 0.0213333 0.0422535 0.0426667 0.000121486
0 0.962893 0.988667 0.0742145 0.0226667 0.000124701
0 0.0365655 0.416667 0.0720477 0.337333 0.000125271
0 0.907096 0.0406667 0.0330444 0.0813333 0.000127255
0 0.951246 0.570667 0.0325027 0.0186667 0.000127528
0 0.738624 0.938 0.0579632 0.0866667 0.000127685
0 0.751896 0.650667 0.496208 0.698667 0.000128966
0 0.776815 0 0.0552546 0 0.000132835
0 0.0633803 0.412667 0.126761 0.230667 0.000133521
0 0.212622 0.00933333 0.0969664 0.0186667 0.000134636
0 0.738895 0 0.0552546 0 0.00013522
0 0.00785482 0.675333 0.0157096 0.137333 0.000136904
0 0.588299 0.002 0.106176 0.004 0.000138383
0 0.0265439 1 0.0530878 0 0.000138951
0 0.0373781 0.99 0.0747562 0.02 0.000140436
0 0.346966 0.138667 0.0547129 0.176 0.000140572
0 0.0273564 0.00466667 0.0547129 0.00933333 0.000140603
0 0.0850488 0.0546667 0.153846 0.109333 0.000140718
0 0.0127302 0.77 0.024377 0.268 0.000141543
0 0.00812568 0.326667 0.0130011 0.216 0.000142066
0 0.769231 0.286 0.187432 0.572 0.000144152
0 0.0113759 0.394667 0.0173348 0.261333 0.000146153
0 0.0192308 0.428 0.0384615 0.288 0.00015262
0 0.986999 0.109333 0.0260022 0.218667 0.000152677
0 0.234832 0 0.115385 0 0.000152819
0 0.984832 0.352 0.0303359 0.157333 0.000153338
0 0.987812 0.0186667 0.0200433 0.0373333 0.00015371
0 0.562568 0.983333 0.0774648 0.0333333 0.000154155
0 0.278711 0.453333 0.157638 0.773333 0.000156162
0 0.717226 0.882 0.0574215 0.148 0.000158096
0 0.446912 0.973333 0.0303359 0.0533333 0.000158566
0 0.0308776 0.846 0.0617551 0.308 0.000158838
0 0.977519 0.396 0.0449621 0.232 0.000159574
0 0.754875 0.894667 0.105634 0.194667 0.000160559
0 0.719664 0.0166667 0.095883 0.0333333 0.000160762
0 0.665764 0.972667 0.0498375 0.0546667 0.000162326
0 0.033857 0.04 0.067714 0.08 0.000163427
0 0.0113759 0.52 0.0195016 0.269333 0.000164351
0 0.971831 0.930667 0.0498375 0.0293333 0.000166399
0 0.988624 0.990667 0.0119177 0.0186667 0.000166658
0 0.598321 0.0293333 0.067714 0.0533333 0.000169651
0 0.229415 0.384667 0.45883 0.769333 0.000170184
0 0.989978 0.44 0.0200433 0.114667 0.000171546
0 0.238353 1 0.0866739 0 0.000171849
0 0.411701 0.984667 0.0866739 0.0306667 0.000177116
0 0.916306 0.955333 0.0438787 0.0253333 0.000177851
0 0.935536 0.948 0.099675 0.0693333 0.000180919
0 0.965601 0.942667 0.0655471 0.0773333 0.000182424
0 0.827194 0.843333 0.212351 0.313333 0.000182822
0 0.831257 0.965333 0.0460455 0.0586667 0.000189398
0 0.139762 0.592667 0.279523 0.814667 0.000194914
0 0.517335 0.972 0.0260022 0.056 0.000197343
0 0.671181 0.875333 0.0455038 0.249333 0.000199708
0 0.967497 0.910667 0.063922 0.088 0.00020021
0 0.43039 0.5 0.86078 1 0.000201187
0 0.991603 0.0153333 0.0167931 0.0306667 0.000204128
0 0.744854 0.00266667 0.0769231 0.00533333 0.00020456
0 0.988624 1 0.0184182 0 0.000205989
0 0.0100217 0.678 0.0200433 0.252 0.000207796
0 0.371885 0.986667 0.0666305 0.0266667 0.000210851
0 0.786566 0.00133333 0.092091 0.00266667 0.00021832
0 0.414951 0.366 0.544962 0.732 0.000219264
0 0.979957 0.998667 0.0400867 0.00266667 0.000221473
0 0.640033 0 0.122969 0 0.000224289
0 0.0994041 0.012 0.14247 0.024 0.000226524
0 0.585861 0.980667 0.0471289 0.0386667 0.000227847
0 0.914139 0.802667 0.0557963 0.0613333 0.000233306
0 0.663868 0.982 0.0644637 0.036 0.000233506
0 0.68987 0.978667 0.0817985 0.0426667 0.000235409
0 0.989166 0.0146667 0.0108342 0.0293333 0.000245382
0 0.731311 0.479333 0.537378 0.958667 0.000250545
0 0.991333 0.292 0.0173348 0.162667 0.000256986
0 0.163055 0.004 0.167931 0.008 0.000258294
0 0.383261 0.97 0.0449621 0.06 0.000271983
0 0.952871 0.562 0.0249187 0.0386667 0.000276948
0 0.442579 0.136 0.0812568 0.272 0.000282961
0 0.671181 0.988 0.0433369 0.0213333 0.000291522
0 0.667118 0.578667 0.665764 0.842667 0.000318543
0 0.439328 0.982667 0.0552546 0.0346667 0.000321915
0 0.689057 0 0.128927 0 0.000329159
0 0.979144 1 0.0406284 0 0.000347198
0 0.891387 0.417333 0.0449621 0.0453333 0.000348041
0 0.652221 0.980667 0.0270856 0.0386667 0.000348796
0 0.347779 0.992667 0.100758 0.0146667 0.000353975
0 0.896533 0.822 0.169014 0.126667 0.00036481
0 0.980228 0.924 0.0373781 0.048 0.00039833
0 0.454225 0.979333 0.0222102 0.0386667 0.000400073
0 0.530065 0.98 0.0178765 0.04 0.000407845
0 0.989707 0.369333 0.00866739 0.0906667 0.00040931
0 0.579902 0.474667 0.675515 0.949333 0.000423435
0 0.549025 0.833333 0.0547129 0.114667 0.000429092
0 0.713164 0.973333 0.0763814 0.0506667 0.000462361
0 0.0617551 0.00866667 0.118093 0.0173333 0.000462949
0 0.313109 0.986 0.133261 0.028 0.000465393
0 0.739978 0 0.132178 0 0.000473249
0 0.986457 0.412667 0.0260022 0.110667 0.000515558
0 0.953955 0.562667 0.0195016 0.0213333 0.000516462
0 0.59805 0.98 0.0216685 0.0293333 0.000538276
0 0.682828 0.990667 0.0471289 0.0186667 0.000587484
0 0.833694 0.968667 0.0379198 0.0306667 0.000660909
0 0.992145 0.0686667 0.0157096 0.137333 0.000664046
0 0.991062 0.386 0.0178765 0.124 0.000828365
0 0.710455 0.987333 0.052546 0.0253333 0.000901987
0 0.934453 0.793333 0.0574215 0.064 0.000937299
0 0.689599 0.872667 0.0617551 0.222667 0.000978559
0 0.660888 0.970667 0.035753 0.032 0.00103084
0 0.894366 0.425333 0.0400867 0.0186667 0.00109834
0 0.992687 0.0346667 0.0135428 0.0693333 0.00119191
0 0.438516 0.150667 0.0514626 0.194667 0.00120066
0 0.976977 0.918667 0.0308776 0.0213333 0.0013155
0 0.66143 0.98 0.0249187 0.0293333 0.00134394
0 0.447725 0.984667 0.0276273 0.028 0.00149593
0 0.914951 0.952 0.0595883 0.0453333 0.00159011
0 0.381907 0.982667 0.0292524 0.0346667 0.00162723
0 0.990791 0.05 0.00975081 0.0893333 0.00184322
0 0.988624 0.414 0.0119177 0.0973333 0.00188277
0 0.300921 0.5 0.601842 1 0.00195964
0 0.171452 0.515333 0.324485 0.686667 0.00217235
0 0.912514 0.0526667 0.0211268 0.0733333 0.00234297
0 0.872427 0.868 0.119718 0.162667 0.00243026
0 0.522481 0.98 0.0222102 0.04 0.00362425
0 0.843716 0.322 0.312568 0.644 0.00426793
0 0.850488 0.560667 0.299025 0.878667 0.00503268
0 0.311755 0.997333 0.114301 0.00533333 0.00628403
0 0.93364 0.818667 0.132719 0.197333 0.00666658
0 0.570964 0.634667 0.329361 0.730667 0.00930338
0 0.720748 0.788667 0.249729 0.422667 0.0136391
0 0.621885 0.322667 0.294691 0.645333 0.0145372
0 0.731582 0.934 0.103467 0.121333 0.0229536
0 0.718581 0.884 0.102384 0.232 0.517124
0 0.941495 0.21 0.0487541 0.185333 0.626134
0 0.930661 0.801333 0.092091 0.0933333 0.750335
0 0.618364 0.282 0.0817985 0.169333 0.808305
0 0.553629 0.801333 0.0780065 0.114667 0.834559
