0 0.272752 0.838667 0.150054 0.322667 1.74024e-05
0 0.562568 0.400667 0.0796316 0.142667 1.74057e-05
0 0.349946 0.607333 0.0216685 0.0413333 1.75213e-05
0 0.225894 0.786 0.0368364 0.116 1.75791e-05
0 0.0232936 0.2 0.0400867 0.24 1.76357e-05
0 0.0130011 0.0453333 0.020585 0.0906667 1.76415e-05
0 0.519772 0.726 0.0547129 0.0413333 1.76617e-05
0 0.912243 0.403333 0.084507 0.278667 1.7673e-05
0 0.340737 0.578667 0.020585 0.0506667 1.76786e-05
0 0.595612 0.08 0.031961 0.0533333 1.76935e-05
0 0.458017 0.913333 0.0785482 0.152 1.77378e-05
0 0.600488 0.918667 0.0178765 0.0666667 1.77514e-05
0 0.423348 0.743333 0.0124594 0.06 1.77701e-05
0 0.287107 0.586 0.0953413 0.18 1.77723e-05
0 0.223185 0.398 0.0487541 0.092 1.77857e-05
0 0.886511 0.514 0.0828819 0.268 1.78528e-05
0 0.371343 0.628 0.0666305 0.168 1.78696e-05
0 0.686349 0.148667 0.0682557 0.142667 1.78818e-05
0 0.662514 0.706667 0.0628386 0.274667 1.78975e-05
0 0.630823 0.483333 0.130553 0.516 1.79079e-05
0 0.220477 0.0266667 0.0628386 0.0533333 1.79297e-05
0 0.10753 0.876 0.129469 0.248 1.7976e-05
0 0.830715 0.993333 0.0471289 0.0133333 1.79912e-05
0 0.341278 0.622667 0.0227519 0.106667 1.807e-05
0 0.975081 0.548667 0.0314193 0.0786667 1.80991e-05
0 0.21208 0.402667 0.102384 0.170667 1.8129e-05
0 0.163055 0.751333 0.179848 0.497333 1.81541e-05
0 0.228873 0.642 0.0482123 0.142667 1.81863e-05
0 0.30065 0.806 0.0303359 0.092 1.82014e-05
0 0.860238 0.611333 0.0877573 0.164 1.82106e-05
0 0.637053 0.957333 0.0801734 0.0853333 1.82828e-05
0 0.835861 0.308 0.0650054 0.109333 1.82939e-05
0 0.529523 0.234667 0.0720477 0.149333 1.83149e-05
0 0.438787 0.374667 0.0422535 0.130667 1.83368e-05
0 0.436891 0.519333 0.0709642 0.177333 1.83599e-05
0 0.908451 0.900667 0.0888407 0.134667 1.84113e-05
0 0.376219 0.806 0.0687974 0.188 1.84247e-05
0 0.461809 0.530667 0.0547129 0.149333 1.85289e-05
0 0.611863 0.452 0.067714 0.282667 1.85347e-05
0 0.236186 0.848667 0.0335861 0.113333 1.86898e-05
0 0.0693391 0.016 0.0801734 0.032 1.87363e-05
0 0.868635 0.798 0.22156 0.404 1.87768e-05
0 0.73429 0.142667 0.0612134 0.261333 1.88161e-05
0 0.39545 0.802 0.0498375 0.153333 1.88412e-05
0 0.932015 0.778 0.0926327 0.238667 1.88641e-05
0 0.676327 0.908 0.0579632 0.184 1.8921e-05
0 0.0501083 1 0.0503792 0 1.90226e-05
0 0.463705 0.710667 0.028169 0.064 1.90268e-05
0 0.11701 0.000666667 0.056338 0.00133333 1.90772e-05
0 0.584507 0.532 0.0704225 0.242667 1.90961e-05
0 0.388949 0.612667 0.0227519 0.044 1.91483e-05
0 0.955309 0.608 0.0893824 0.552 1.91744e-05
0 0.507042 0.232667 0.00866739 0.0306667 1.92159e-05
0 0.226977 0.782667 0.0151679 0.016 1.9276e-05
0 0.457205 0.110667 0.0325027 0.0746667 1.92779e-05
0 0.456934 0.679333 0.0417118 0.326667 1.92883e-05
0 0.244312 0.0493333 0.0487541 0.0773333 1.93072e-05
0 0.358072 0.98 0.0346696 0.0373333 1.9327e-05
0 0.323131 0.169333 0.14572 0.338667 1.93445e-05
0 0.666576 0.953333 0.0752979 0.0933333 1.9362e-05
0 0.429577 0.743333 0.0151679 0.068 1.93858e-05
0 0.637324 0.700667 0.0655471 0.14 1.9396e-05
0 0.417931 0.476 0.0644637 0.157333 1.9431e-05
0 0.568797 0.518 0.15818 0.670667 1.94363e-05
0 0.741062 0.11 0.0238353 0.06 1.94794e-05
0 0.915764 0.0813333 0.0937161 0.125333 1.95447e-05
0 0.817172 0.342667 0.0796316 0.165333 1.95512e-05
0 0.617551 0.466667 0.0498375 0.152 1.96882e-05
0 0.511918 0.686667 0.0910076 0.12 1.9703e-05
0 0.504605 0.754667 0.0514626 0.048 1.97057e-05
0 0.758126 0.383333 0.0308776 0.0706667 1.97233e-05
0 0.501083 0.355333 0.0173348 0.068 1.97368e-05
0 0.315818 0.6 0.0476706 0.128 1.98244e-05
0 0.422806 0.194667 0.174973 0.389333 1.9851e-05
0 0.606446 0.698 0.0828819 0.244 2.01132e-05
0 0.739707 0.370667 0.0449621 0.173333 2.01205e-05
0 0.633803 0.09 0.0660888 0.18 2.01672e-05
0 0.156555 0.459333 0.056338 0.118667 2.01745e-05
0 0.141658 0.572667 0.052546 0.137333 2.01806e-05
0 0.629198 0.538667 0.0503792 0.125333 2.01824e-05
0 0.774106 0.834 0.0790899 0.236 2.03071e-05
0 0.57909 0.952667 0.0942579 0.0946667 2.03414e-05
0 0.469935 0.598667 0.00704225 0.016 2.04106e-05
0 0.389491 0.701333 0.0595883 0.154667 2.04415e-05
0 0.894095 0.996 0.0449621 0.008 2.04709e-05
0 0.536566 0.113333 0.0330444 0.0773333 2.04906e-05
0 0.942849 0.712667 0.0937161 0.156 2.05886e-05
0 0.481853 0.12 0.0276273 0.064 2.06663e-05
0 0.285753 0.977333 0.0330444 0.04 2.0731e-05
0 0.91468 0.948667 0.0893824 0.0973333 2.07318e-05
0 0.533586 0.531333 0.0585049 0.137333 2.07862e-05
0 0.61701 0.902667 0.0379198 0.0586667 2.07893e-05
0 0.0752979 1 0.0520043 0 2.07971e-05
0 0.0560672 0.949333 0.111051 0.101333 2.08039e-05
0 0.34805 0.594667 0.00704225 0.0293333 2.08152e-05
0 0.216414 0.864667 0.0655471 0.270667 2.08223e-05
0 0.181744 0.0506667 0.0492958 0.0746667 2.08589e-05
0 0.817714 0.722 0.039545 0.270667 2.08741e-05
0 0.608884 0.61 0.028169 0.0813333 2.08743e-05
0 0.882178 0.942667 0.0861322 0.0853333 2.08846e-05
0 0.616468 0.868 0.0465872 0.149333 2.09303e-05
0 0.754875 0.076 0.0287107 0.072 2.09948e-05
0 0.713434 0.469333 0.0704225 0.141333 2.1049e-05
0 0.438787 0.406667 0.0173348 0.032 2.10885e-05
0 0.505417 0.229333 0.0238353 0.0346667 2.10974e-05
0 0.863759 0.582 0.0373781 0.0253333 2.11609e-05
0 0.197454 0.12 0.0774648 0.157333 2.11863e-05
0 0.366468 0.526667 0.128386 0.576 2.12562e-05
0 0.235374 0.577333 0.0698808 0.192 2.12784e-05
0 0.054442 0.878667 0.106717 0.242667 2.12812e-05
0 0.463976 0.138667 0.0568797 0.138667 2.14537e-05
0 0.53494 0.59 0.0687974 0.145333 2.15112e-05
0 0.598592 0.0433333 0.0606717 0.0813333 2.1575e-05
0 0.789816 0.490667 0.0693391 0.122667 2.15971e-05
0 0.469122 0.604667 0.0314193 0.302667 2.17053e-05
0 0.240249 0.950667 0.0720477 0.0986667 2.17056e-05
0 0.100758 1 0.0520043 0 2.1884e-05
0 0.611863 0.552667 0.0460455 0.108 2.18961e-05
0 0.289274 0.0706667 0.0790899 0.130667 2.19447e-05
0 0.630011 0.952667 0.035753 0.092 2.19947e-05
0 0.497562 0.285333 0.0276273 0.154667 2.20228e-05
0 0.347508 0.972667 0.0644637 0.0546667 2.20456e-05
0 0.115655 0.0786667 0.115385 0.157333 2.2096e-05
0 0.307151 0.656667 0.0487541 0.124 2.2139e-05
0 0.975352 0.516667 0.0287107 0.0786667 2.2214e-05
0 0.232665 0.407333 0.103467 0.316 2.22402e-05
0 0.936078 0.514 0.0660888 0.124 2.22538e-05
0 0.14247 0.0606667 0.0520043 0.0893333 2.22942e-05
0 0.585049 0.15 0.0606717 0.126667 2.23382e-05
0 0.48104 0.148 0.0400867 0.130667 2.23511e-05
0 0.950975 0.214 0.0839653 0.209333 2.23529e-05
0 0.356446 0.695333 0.0747562 0.286667 2.23562e-05
0 0.676056 0.967333 0.0346696 0.0626667 2.24472e-05
0 0.227248 0.785333 0.0287107 0.0266667 2.25113e-05
0 0.628927 0.0986667 0.0325027 0.032 2.2654e-05
0 0.893012 0.0646667 0.0926327 0.129333 2.28166e-05
0 0.633261 0.634 0.0346696 0.0626667 2.28845e-05
0 0.21506 0.963333 0.084507 0.0733333 2.2904e-05
0 0.710997 0.382667 0.0666305 0.186667 2.29562e-05
0 0.506771 0.162 0.0417118 0.134667 2.30008e-05
0 0.584236 0.23 0.0265439 0.0493333 2.3127e-05
0 0.410618 0.638667 0.0660888 0.154667 2.31271e-05
0 0.941224 0.622 0.0817985 0.198667 2.31722e-05
0 0.507584 0.485333 0.071506 0.162667 2.32001e-05
0 0.681744 0.616667 0.0308776 0.0786667 2.32219e-05
0 0.608342 0.307333 0.0216685 0.0413333 2.32633e-05
0 0.671723 0.102 0.0747562 0.145333 2.33051e-05
0 0.554713 0.533333 0.0704225 0.229333 2.33081e-05
0 0.356446 0.465333 0.0736728 0.290667 2.33174e-05
0 0.359967 0.222667 0.0969664 0.341333 2.3396e-05
0 0.695829 0.946 0.0568797 0.108 2.34008e-05
0 0.519502 0.296667 0.0368364 0.3 2.34053e-05
0 0.735374 0.642667 0.0492958 0.133333 2.35425e-05
0 0.858072 0.597333 0.0346696 0.048 2.36039e-05
0 0.343987 0.98 0.0346696 0.0373333 2.36258e-05
0 0.639762 0.238667 0.0628386 0.133333 2.37202e-05
0 0.340195 0.55 0.028169 0.105333 2.37699e-05
0 0.661701 0.249333 0.0644637 0.12 2.38908e-05
0 0.469664 0.599333 0.020585 0.0226667 2.39402e-05
0 0.690141 0.733333 0.0444204 0.125333 2.3963e-05
0 0.804984 0.765333 0.0411701 0.130667 2.40574e-05
0 0.447454 0.718 0.0173348 0.0733333 2.40746e-05
0 0.0306067 0.120667 0.0514626 0.156 2.41288e-05
0 0.780878 0.334 0.0742145 0.142667 2.41651e-05
0 0.397616 0.965333 0.0465872 0.056 2.4172e-05
0 0.568797 0.115333 0.0249187 0.0573333 2.41915e-05
0 0.621885 0.771333 0.0855905 0.201333 2.41967e-05
0 0.192579 0.998667 0.0449621 0.00266667 2.42393e-05
0 0.900325 0.994 0.0801734 0.012 2.42463e-05
0 0.187974 0.0733333 0.0834236 0.146667 2.42506e-05
0 0.337757 0.988667 0.0579632 0.0226667 2.42878e-05
0 0.381907 0.540667 0.0325027 0.121333 2.43167e-05
0 0.863759 0.789333 0.0991333 0.202667 2.44029e-05
0 0.944475 0 0.0536295 0 2.44985e-05
0 0.919285 0.997333 0.0498375 0.00533333 2.4524e-05
0 0.917931 0.00933333 0.0492958 0.0186667 2.45378e-05
0 0.982665 0.360667 0.0325027 0.06 2.45436e-05
0 0.938787 0.961333 0.084507 0.0773333 2.47097e-05
0 0.371343 0.904 0.0969664 0.112 2.4725e-05
0 0.36078 0.476 0.0487541 0.162667 2.47694e-05
0 0.630823 0.604667 0.039545 0.092 2.48091e-05
0 0.731311 0.806667 0.109426 0.128 2.48188e-05
0 0.263001 0.949333 0.0644637 0.101333 2.50437e-05
0 0.714789 0.140667 0.0633803 0.145333 2.50528e-05
0 0.859426 0.265333 0.164139 0.530667 2.53166e-05
0 0.174431 0.06 0.0942579 0.104 2.53212e-05
0 0.838299 0.0626667 0.0861322 0.125333 2.53308e-05
0 0.739166 0.141333 0.0503792 0.130667 2.58671e-05
0 0.272752 0.756667 0.0384615 0.0386667 2.58764e-05
0 0.641387 0.337333 0.0368364 0.0853333 2.60658e-05
0 0.363489 0.704 0.063922 0.154667 2.60731e-05
0 0.180661 0.0173333 0.0514626 0.0346667 2.61772e-05
0 0.287378 0.285333 0.105634 0.216 2.62766e-05
0 0.265981 0.756 0.0606717 0.0933333 2.63201e-05
0 0.695016 0.808 0.0498375 0.0933333 2.63212e-05
0 0.205038 0.574 0.0536295 0.169333 2.63281e-05
0 0.636511 0.154 0.0650054 0.129333 2.64078e-05
0 0.317985 0.532667 0.12026 0.553333 2.64114e-05
0 0.356717 0.630667 0.031961 0.109333 2.64398e-05
0 0.43987 0.669333 0.0498375 0.293333 2.64421e-05
0 0.647616 0.852667 0.0731311 0.164 2.66053e-05
0 0.837486 0.982 0.0769231 0.036 2.67369e-05
0 0.861593 0.596 0.024377 0.024 2.68053e-05
0 0.729957 0.08 0.0330444 0.0613333 2.68106e-05
0 0.880553 0.976 0.0427952 0.032 2.68581e-05
0 0.767877 0.0293333 0.118635 0.0586667 2.71169e-05
0 0.330986 0.273333 0.0650054 0.346667 2.71494e-05
0 0.587216 0.465333 0.0628386 0.152 2.71867e-05
0 0.75 0.953333 0.0807151 0.0933333 2.72314e-05
0 0.903034 0.481333 0.0325027 0.0266667 2.73288e-05
0 0.706663 0.647333 0.0438787 0.124 2.73888e-05
0 0.471831 0.952667 0.0270856 0.0893333 2.74441e-05
0 0.168743 0.578 0.0536295 0.14 2.74795e-05
0 0.561755 0.465333 0.0650054 0.152 2.75037e-05
0 0.656284 0.05 0.0373781 0.068 2.75209e-05
0 0.776544 0.561333 0.0828819 0.122667 2.75556e-05
0 0.808505 0.762 0.0254605 0.092 2.7594e-05
0 0.892199 0.519333 0.0747562 0.134667 2.76203e-05
0 0.267064 0.640667 0.11701 0.462667 2.77176e-05
0 0.207746 0.266667 0.195558 0.533333 2.81644e-05
0 0.982936 0.963333 0.0341278 0.0733333 2.82012e-05
0 0.468581 0.591333 0.00866739 0.0253333 2.82334e-05
0 0.864301 0.758667 0.146804 0.482667 2.82631e-05
0 0.406555 0.526667 0.0590466 0.173333 2.82931e-05
0 0.150867 0.274 0.132719 0.236 2.83254e-05
0 0.0173348 0.947333 0.028169 0.0946667 2.83684e-05
0 0.517064 0.283333 0.0222102 0.036 2.83933e-05
0 0.141658 0.00266667 0.0568797 0.00533333 2.84363e-05
0 0.47481 0.820667 0.131636 0.358667 2.8438e-05
0 0.611051 0.703333 0.0704225 0.126667 2.84644e-05
0 0.561484 0.127333 0.0536295 0.102667 2.86416e-05
0 0.615655 0.306 0.0362947 0.084 2.87567e-05
0 0.00812568 0.968667 0.0162514 0.0626667 2.8889e-05
0 0.568256 0.233333 0.0585049 0.117333 2.88934e-05
0 0.266522 0.03 0.112676 0.06 2.89017e-05
0 0.235915 0.111333 0.0980498 0.222667 2.89897e-05
0 0.776273 0.748667 0.124594 0.457333 2.90036e-05
0 0.832611 0.268667 0.0975081 0.209333 2.91846e-05
0 0.745666 0.476 0.0092091 0.0133333 2.94684e-05
0 0.855634 0.99 0.0492958 0.02 2.94824e-05
0 0.366197 0.544667 0.063922 0.185333 2.95297e-05
0 0.548754 0.759333 0.126761 0.481333 2.9548e-05
0 0.109426 0.81 0.20585 0.38 2.96029e-05
0 0.63597 0.480667 0.0693391 0.198667 2.9767e-05
0 0.721018 0.61 0.0769231 0.164 2.99607e-05
0 0.590737 0.643333 0.0687974 0.121333 2.99833e-05
0 0.298483 0.898667 0.0498375 0.202667 3.00962e-05
0 0.741062 0.589333 0.071506 0.117333 3.01871e-05
0 0.745395 0.472 0.0162514 0.0213333 3.02569e-05
0 0.605634 0.08 0.035753 0.0373333 3.02777e-05
0 0.31961 0.539333 0.0725894 0.212 3.02819e-05
0 0.519772 0.902 0.0167931 0.0813333 3.04148e-05
0 0.218852 0.628667 0.0769231 0.209333 3.0498e-05
0 0.412514 0.988 0.0731311 0.024 3.05279e-05
0 0.556067 0.0866667 0.0341278 0.0773333 3.05556e-05
0 0.944745 0.084 0.0855905 0.157333 3.07367e-05
0 0.424431 0.733333 0.0092091 0.0293333 3.07643e-05
0 0.680661 0.464 0.0406284 0.154667 3.08e-05
0 0.781419 0.392667 0.0655471 0.134667 3.09781e-05
0 0.260022 0.86 0.0368364 0.104 3.1059e-05
0 0.611863 0.153333 0.0622969 0.130667 3.12716e-05
0 0.54117 0.129333 0.0595883 0.125333 3.13654e-05
0 0.653034 0.408 0.031961 0.0906667 3.14023e-05
0 0.17714 0.408667 0.135428 0.34 3.14133e-05
0 0.914139 0.415333 0.0666305 0.137333 3.14571e-05
0 0.0140845 0.996 0.0227519 0.008 3.14595e-05
0 0.670639 0.0793333 0.0238353 0.052 3.14761e-05
0 0.467226 0.67 0.0655471 0.153333 3.14776e-05
0 0.651679 0.312667 0.028169 0.126667 3.15079e-05
0 0.256501 0.0166667 0.0503792 0.0333333 3.19222e-05
0 0.596154 0.326667 0.0568797 0.125333 3.19371e-05
0 0.855092 0.954 0.0482123 0.0546667 3.19755e-05
0 0.732394 1 0.056338 0 3.20106e-05
0 0.817985 0.28 0.0747562 0.128 3.21531e-05
0 0.657638 0.436667 0.028169 0.0786667 3.21772e-05
0 0.680119 0.076 0.0254605 0.0506667 3.22182e-05
0 0.23402 0.780667 0.0260022 0.0226667 3.24349e-05
0 0.816089 0.228 0.0807151 0.138667 3.24513e-05
0 0.9461 0.0126667 0.0514626 0.0253333 3.25602e-05
0 0.492958 0.430667 0.0238353 0.0826667 3.26381e-05
0 0.677952 0.512 0.0146262 0.08 3.26508e-05
0 0.0379198 1 0.056338 0 3.26608e-05
0 0.760834 0.988667 0.0796316 0.0226667 3.27841e-05
0 0.349133 0.598667 0.0189599 0.096 3.28678e-05
0 0.751354 0.252 0.0574215 0.130667 3.29389e-05
0 0.185807 0.0273333 0.0942579 0.0546667 3.33484e-05
0 0.601842 0.286667 0.0433369 0.314667 3.33634e-05
0 0.510834 0.886 0.0617551 0.228 3.33887e-05
0 0.238353 0.465333 0.0769231 0.168 3.3548e-05
0 0.663597 0.0626667 0.0747562 0.125333 3.36059e-05
0 0.0116468 0.948 0.0124594 0.104 3.3611e-05
0 0.0135428 0.883333 0.0270856 0.204 3.36843e-05
0 0.667931 0.712667 0.0574215 0.142667 3.37568e-05
0 0.260834 0.422 0.0969664 0.225333 3.3831e-05
0 0.557151 0.536 0.0579632 0.117333 3.39064e-05
0 0.757313 0.0853333 0.0758397 0.170667 3.4001e-05
0 0.375948 0.0653333 0.0910076 0.130667 3.41639e-05
0 0.287378 0.943333 0.0287107 0.0653333 3.42208e-05
0 0.926598 0.750667 0.13597 0.498667 3.42219e-05
0 0.901408 0 0.0530878 0 3.42826e-05
0 0.225352 0.832 0.0476706 0.176 3.43423e-05
0 0.383803 0.979333 0.0232936 0.0333333 3.45544e-05
0 0.483207 0.162 0.201517 0.324 3.47513e-05
0 0.673348 0.946667 0.0476706 0.106667 3.4757e-05
0 0.231853 0.0173333 0.0444204 0.0346667 3.47582e-05
0 0.297942 0.968 0.0303359 0.0506667 3.47949e-05
0 0.277356 0.936 0.0736728 0.128 3.4914e-05
0 0.633261 0.636667 0.0585049 0.102667 3.49611e-05
0 0.945287 0.999333 0.0487541 0.00133333 3.49922e-05
0 0.441495 0.605333 0.0606717 0.128 3.51469e-05
0 0.754875 0 0.052546 0 3.52295e-05
0 0.1552 0.545333 0.0557963 0.144 3.52648e-05
0 0.167389 0 0.0574215 0 3.52965e-05
0 0.459372 0.0886667 0.0704225 0.177333 3.53936e-05
0 0.890845 0 0.0547129 0 3.54212e-05
0 0.406555 0.0613333 0.0612134 0.101333 3.54306e-05
0 0.7974 0.698 0.0552546 0.324 3.54572e-05
0 0.710726 0.732 0.063922 0.130667 3.5492e-05
0 0.337216 0.92 0.0861322 0.136 3.55488e-05
0 0.0140845 0.0133333 0.028169 0.0266667 3.5623e-05
0 0.838028 0.0753333 0.0823402 0.110667 3.59366e-05
0 0.589112 0.539333 0.0612134 0.113333 3.59749e-05
0 0.0316901 0.271333 0.0568797 0.270667 3.59933e-05
0 0.624594 0.824 0.126761 0.352 3.60382e-05
0 0.672264 0.792667 0.0498375 0.126667 3.60954e-05
0 0.00622969 0.173333 0.0124594 0.149333 3.622e-05
0 0.675785 0.944667 0.0189599 0.102667 3.62333e-05
0 0.306067 0.988667 0.0368364 0.0226667 3.63745e-05
0 0.630011 0 0.0541712 0 3.64837e-05
0 0.177952 1 0.0482123 0 3.65882e-05
0 0.0165222 0.975333 0.0330444 0.0493333 3.68573e-05
0 0.794962 0.0673333 0.0384615 0.0653333 3.70012e-05
0 0.622698 0.0786667 0.0482123 0.0453333 3.70115e-05
0 0.734832 0.339333 0.0254605 0.108 3.71386e-05
0 0.768147 0.982667 0.0411701 0.0346667 3.71402e-05
0 0.0270856 0.945333 0.0541712 0.109333 3.72742e-05
0 0.127031 1 0.0514626 0 3.72934e-05
0 0.724269 0.288 0.114843 0.442667 3.7401e-05
0 0.639762 0.076 0.0379198 0.0426667 3.74382e-05
0 0.35753 0.544 0.0379198 0.114667 3.75598e-05
0 0.658722 0.078 0.0465872 0.1 3.75955e-05
0 0.0102925 0.018 0.020585 0.036 3.76466e-05
0 0.521127 0.901333 0.0270856 0.048 3.7931e-05
0 0.954767 0.232667 0.0904659 0.465333 3.79326e-05
0 0.963705 0.969333 0.0725894 0.0613333 3.80511e-05
0 0.741333 0.0786667 0.0308776 0.0666667 3.81474e-05
0 0.612405 0.635333 0.0568797 0.092 3.81807e-05
0 0.500813 0.241333 0.0189599 0.0373333 3.82147e-05
0 0.641387 0.0253333 0.112676 0.0506667 3.828e-05
0 0.330444 0.978667 0.0292524 0.0426667 3.82876e-05
0 0.787107 0.987333 0.0725894 0.0253333 3.84018e-05
0 0.311755 0.982667 0.0568797 0.0346667 3.84585e-05
0 0.582882 0.0426667 0.0444204 0.064 3.84995e-05
0 0.261647 0.989333 0.0606717 0.0213333 3.86338e-05
0 0.743229 0.48 0.0227519 0.0293333 3.88538e-05
0 0.817985 0.000666667 0.0530878 0.00133333 3.89674e-05
0 0.439328 0.432 0.0390032 0.349333 3.92216e-05
0 0.675244 0.976 0.0211268 0.0426667 3.92647e-05
0 0.788191 0.0806667 0.0736728 0.161333 3.93169e-05
0 0.746208 0.472667 0.0384615 0.108 3.93327e-05
0 0.666035 0.630667 0.0492958 0.117333 3.93789e-05
0 0.0151679 0.277333 0.0303359 0.250667 3.95238e-05
0 0.508667 0.298 0.0628386 0.18 3.95528e-05
0 0.513001 0.920667 0.020585 0.0493333 3.96252e-05
0 0.453954 0.41 0.0249187 0.0653333 3.9787e-05
0 0.805525 0.992667 0.0476706 0.0146667 3.98092e-05
0 0.842904 0 0.0541712 0 3.99189e-05
0 0.520856 0.906667 0.0113759 0.048 4.00173e-05
0 0.468581 0.768667 0.0725894 0.105333 4.00987e-05
0 0.423889 0.718667 0.0211268 0.0933333 4.02439e-05
0 0.287378 0.986667 0.0579632 0.0266667 4.03207e-05
0 0.717226 0.0326667 0.111593 0.0653333 4.03391e-05
0 0.395179 0.979333 0.0276273 0.0386667 4.04459e-05
0 0.925515 0.470667 0.0633803 0.106667 4.04554e-05
0 0.13597 0.996 0.125677 0.008 4.05783e-05
0 0.293608 0.802667 0.0574215 0.224 4.06249e-05
0 0.294691 0 0.0541712 0 4.08246e-05
0 0.464789 0.985333 0.0704225 0.0293333 4.08721e-05
0 0.260834 0.0973333 0.088299 0.16 4.13173e-05
0 0.40818 0.388 0.0352113 0.0986667 4.13252e-05
0 0.917118 1 0.0487541 0 4.13512e-05
0 0.640845 0.315333 0.100758 0.372 4.17005e-05
0 0.495937 0.239333 0.0297941 0.105333 4.17674e-05
0 0.940953 0 0.0541712 0 4.18351e-05
0 0.592904 0.596667 0.0633803 0.105333 4.18411e-05
0 0.261647 0.026 0.0953413 0.052 4.18922e-05
0 0.986457 0 0.0270856 0 4.19543e-05
0 0.867281 0 0.0541712 0 4.20715e-05
0 0.68039 0.620667 0.0249187 0.0386667 4.21815e-05
0 0.126219 1 0.0834236 0 4.24515e-05
0 0.983749 0.796667 0.0270856 0.0866667 4.26027e-05
0 0.832882 0.044 0.0460455 0.0613333 4.27943e-05
0 0.230769 0 0.0541712 0 4.28001e-05
0 0.524106 0.947333 0.088299 0.105333 4.29141e-05
0 0.706121 0.534667 0.067714 0.138667 4.30851e-05
0 0.374323 0.974667 0.0498375 0.0506667 4.31175e-05
0 0.681203 1 0.052546 0 4.31357e-05
0 0.689328 0.0626667 0.0590466 0.0933333 4.31524e-05
0 0.159805 0.12 0.121343 0.24 4.34201e-05
0 0.390845 0.444 0.0482123 0.373333 4.34457e-05
0 0.362947 0.992 0.0790899 0.016 4.35043e-05
0 0.586132 0.972 0.0606717 0.0506667 4.35647e-05
0 0.517877 0.290667 0.0368364 0.125333 4.35736e-05
0 0.586132 0.98 0.0346696 0.032 4.38415e-05
0 0.255417 0 0.0547129 0 4.4169e-05
0 0.406826 0.993333 0.0455038 0.0133333 4.44026e-05
0 0.712893 0.0846667 0.0736728 0.169333 4.44699e-05
0 0.702058 0.592 0.0595883 0.122667 4.45684e-05
0 0.264355 0.653333 0.0704225 0.194667 4.46237e-05
0 0.343716 0.994667 0.0449621 0.0106667 4.4668e-05
0 0.0170639 0.993333 0.0341278 0.0133333 4.49744e-05
0 0.756501 0.383333 0.0557963 0.145333 4.50813e-05
0 0.203413 0.524 0.0666305 0.157333 4.50947e-05
0 0.00595883 0.725333 0.0119177 0.141333 4.51304e-05
0 0.941224 0.380667 0.0655471 0.294667 4.53782e-05
0 0.985374 0.760667 0.0238353 0.0893333 4.5689e-05
0 0.484019 0.954667 0.0276273 0.0826667 4.57287e-05
0 0.365655 0.958 0.0888407 0.084 4.59303e-05
0 0.312297 0.066 0.088299 0.132 4.60943e-05
0 0.545233 0.044 0.0482123 0.0586667 4.60954e-05
0 0.866197 0.890667 0.127844 0.181333 4.61064e-05
0 0.239978 0.0293333 0.0801734 0.0586667 4.62831e-05
0 0.136511 0.0373333 0.100758 0.0746667 4.65602e-05
0 0.682015 0.526667 0.0119177 0.0853333 4.65929e-05
0 0.535211 0.0906667 0.0780065 0.181333 4.66389e-05
0 0.25623 0.994667 0.0422535 0.0106667 4.68657e-05
0 0.391658 0.895333 0.0379198 0.105333 4.70693e-05
0 0.264085 0.413333 0.133803 0.562667 4.72809e-05
0 0.0874865 1 0.0861322 0 4.73525e-05
0 0.754875 0.970667 0.0417118 0.0533333 4.75743e-05
0 0.152221 1 0.0498375 0 4.77534e-05
0 0.903034 0.481333 0.063922 0.088 4.78985e-05
0 0.554713 0 0.0530878 0 4.82729e-05
0 0.809047 0.580667 0.0384615 0.105333 4.86809e-05
0 0.41441 0.798667 0.0476706 0.12 4.87013e-05
0 0.192308 0 0.0552546 0 4.89946e-05
0 0.086403 0.995333 0.128386 0.00933333 4.91955e-05
0 0.284128 0.872 0.0557963 0.149333 4.92256e-05
0 0.447996 0.0773333 0.0270856 0.0746667 4.92272e-05
0 0.602925 0.294667 0.020585 0.0533333 4.9264e-05
0 0.495395 0.955333 0.0276273 0.0786667 4.93095e-05
0 0.626761 0.902 0.0801734 0.188 4.95852e-05
0 0.748646 0.273333 0.0346696 0.088 4.99945e-05
0 0.757042 0.0453333 0.0406284 0.0666667 5.0184e-05
0 0.448808 0.987333 0.0622969 0.0253333 5.03057e-05
0 0.811755 0.99 0.0893824 0.02 5.03854e-05
0 0.944475 0.0266667 0.109967 0.0533333 5.04138e-05
0 0.43364 0.974 0.0373781 0.0466667 5.06422e-05
0 0.0235645 0.872667 0.0471289 0.254667 5.0643e-05
0 0.488624 0.916667 0.0682557 0.153333 5.06935e-05
0 0.434453 0.425333 0.0249187 0.101333 5.08198e-05
0 0.00568797 0.792 0.0113759 0.144 5.1213e-05
0 0.683911 0.606 0.0102925 0.0333333 5.12217e-05
0 0.424973 0.936 0.0807151 0.12 5.17046e-05
0 0.0373781 0.254667 0.0747562 0.509333 5.18429e-05
0 0.499458 0.375333 0.100758 0.398667 5.21071e-05
0 0.60455 0 0.0552546 0 5.22956e-05
0 0.0067714 0.329333 0.0135428 0.146667 5.23223e-05
0 0.455309 0.694 0.0102925 0.044 5.24317e-05
0 0.0419827 0.03 0.0839653 0.06 5.26974e-05
0 0.583694 0.0853333 0.0687974 0.112 5.27107e-05
0 0.649783 0.00533333 0.0742145 0.0106667 5.28343e-05
0 0.168743 0.490667 0.0568797 0.12 5.28401e-05
0 0.216685 0.996667 0.0465872 0.00666667 5.28691e-05
0 0.816631 0.712667 0.0449621 0.105333 5.28772e-05
0 0.469393 0.598 0.0200433 0.0813333 5.30204e-05
0 0.427411 0.722 0.0238353 0.0333333 5.30582e-05
0 0.482665 0.322667 0.063922 0.194667 5.32676e-05
0 0.459372 0.963333 0.0682557 0.0733333 5.33337e-05
0 0.539545 0.987333 0.0801734 0.0253333 5.3497e-05
0 0.00812568 0.96 0.00758397 0.08 5.37398e-05
0 0.457205 0.426667 0.0173348 0.064 5.38862e-05
0 0.367281 0.347333 0.189599 0.694667 5.40262e-05
0 0.615385 0.06 0.0834236 0.12 5.43118e-05
0 0.262459 1 0.0655471 0 5.44167e-05
0 0.837486 0.00466667 0.0747562 0.00933333 5.4808e-05
0 0.719935 0.00666667 0.071506 0.0133333 5.48264e-05
0 0.682015 0.00133333 0.0487541 0.00266667 5.48673e-05
0 0.0176056 0.0913333 0.0352113 0.150667 5.49084e-05
0 0.430119 0.992 0.0455038 0.016 5.50103e-05
0 0.973727 0.048 0.0427952 0.0586667 5.53117e-05
0 0.216143 0.507333 0.105092 0.225333 5.54032e-05
0 0.655742 0 0.0514626 0 5.58474e-05
0 0.0278982 1 0.0503792 0 5.60992e-05
0 0.0092091 0.0646667 0.0130011 0.116 5.61505e-05
0 0.345341 0.0433333 0.0536295 0.0653333 5.65496e-05
0 0.0636511 0 0.0547129 0 5.66771e-05
0 0.163055 1 0.0769231 0 5.69126e-05
0 0.320423 0.989333 0.0330444 0.0213333 5.70592e-05
0 0.453413 0.71 0.0303359 0.1 5.71996e-05
0 0.217768 0.514667 0.141928 0.474667 5.77629e-05
0 0.539274 0.0366667 0.107801 0.0733333 5.77799e-05
0 0.429577 0.00133333 0.0541712 0.00266667 5.78176e-05
0 0.282232 0.994 0.0422535 0.012 5.78432e-05
0 0.862676 0.986 0.0850488 0.028 5.79874e-05
0 0.496479 0.368 0.0297941 0.0906667 5.84596e-05
0 0.518689 0.00666667 0.0687974 0.0133333 5.84782e-05
0 0.160618 0.391333 0.114301 0.177333 5.85748e-05
0 0.97156 0.961333 0.0547129 0.0773333 5.85909e-05
0 0.687161 0.944667 0.0297941 0.102667 5.86432e-05
0 0.628657 0.980667 0.031961 0.036 5.86812e-05
0 0.876219 0 0.0547129 0 5.87554e-05
0 0.468039 0.6 0.0325027 0.117333 5.90687e-05
0 0.592362 0.0246667 0.117551 0.0493333 5.91214e-05
0 0.36701 0.993333 0.0449621 0.0133333 5.93306e-05
0 0.339382 0.989333 0.088299 0.0213333 5.99301e-05
0 0.672806 0.53 0.0411701 0.308 6.05229e-05
0 0.305255 0.931333 0.0373781 0.0946667 6.06677e-05
0 0.738895 0 0.0552546 0 6.09587e-05
0 0.813922 0 0.0547129 0 6.11067e-05
0 0.349946 0.597333 0.0140845 0.0453333 6.11098e-05
0 0.443391 0.72 0.0308776 0.106667 6.12551e-05
0 0.510834 0.952 0.0379198 0.088 6.12582e-05
0 0.0148971 0.149333 0.0297941 0.210667 6.1772e-05
0 0.288191 1 0.0628386 0 6.1795e-05
0 0.326923 1 0.0633803 0 6.21638e-05
0 0.519231 0.994 0.0492958 0.012 6.22091e-05
0 0.688516 0.976667 0.0270856 0.044 6.24513e-05
0 0.570423 0.982 0.0400867 0.0333333 6.2474e-05
0 0.599675 0.921333 0.0520043 0.157333 6.28252e-05
0 0.985374 0.666667 0.0238353 0.106667 6.30314e-05
0 0.386782 0.988667 0.056338 0.0226667 6.32191e-05
0 0.466685 0.592667 0.0200433 0.0386667 6.35576e-05
0 0.00379198 0.983333 0.00758397 0.0333333 6.36112e-05
0 0.729144 0 0.0541712 0 6.36585e-05
0 0.318797 0.968 0.024377 0.064 6.37894e-05
0 0.848592 0.956667 0.0915493 0.0653333 6.40476e-05
0 0.648429 0.432667 0.0541712 0.18 6.43523e-05
0 0.776544 0 0.0547129 0 6.45227e-05
0 0.444475 0.992667 0.0406284 0.0146667 6.45471e-05
0 0.891928 1 0.0460455 0 6.45861e-05
0 0.714789 0 0.0547129 0 6.46256e-05
0 0.234832 0.992 0.0893824 0.016 6.49686e-05
0 0.371885 0.977333 0.0308776 0.032 6.51367e-05
0 0.780065 0 0.0530878 0 6.57455e-05
0 0.985915 0.972667 0.0238353 0.044 6.58091e-05
0 0.960997 0.004 0.0725894 0.008 6.60473e-05
0 0.925515 0.996 0.095883 0.008 6.613e-05
0 0.343987 0 0.0509209 0 6.62255e-05
0 0.384886 0.0413333 0.0709642 0.072 6.65308e-05
0 0.528982 0.00266667 0.052546 0.00533333 6.66099e-05
0 0.0568797 0.066 0.099675 0.132 6.66418e-05
0 0.986728 0.852 0.0157096 0.136 6.6655e-05
0 0.768689 0.992 0.0455038 0.016 6.69576e-05
0 0.555255 0.114 0.0314193 0.0626667 6.70165e-05
0 0.0371073 0.987333 0.0742145 0.0253333 6.71385e-05
0 0.61078 0.26 0.0341278 0.0906667 6.72096e-05
0 0.394908 0.444 0.0270856 0.16 6.74838e-05
0 0.773023 0.796667 0.0455038 0.185333 6.78465e-05
0 0.0650054 0.737333 0.130011 0.525333 6.79512e-05
0 0.755959 0.0773333 0.0579632 0.109333 6.8547e-05
0 0.00731311 0.453333 0.0146262 0.138667 6.85631e-05
0 0.725352 0.324 0.0444204 0.298667 6.85741e-05
0 0.554442 0.901333 0.0763814 0.149333 6.91427e-05
0 0.253792 1 0.0417118 0 6.96202e-05
0 0.982936 0.0226667 0.0341278 0.0453333 6.96285e-05
0 0.50948 0.977333 0.039545 0.0453333 6.98134e-05
0 0.228061 1 0.0476706 0 7.0129e-05
0 0.00650054 1 0.0130011 0 7.0183e-05
0 0.0387324 0.48 0.0774648 0.392 7.02231e-05
0 0.851571 0 0.0552546 0 7.03632e-05
0 0.862947 1 0.0736728 0 7.0933e-05
0 0.0869447 0.01 0.106717 0.02 7.13874e-05
0 0.0189599 0.362667 0.0379198 0.365333 7.14071e-05
0 0.0606717 0.276 0.121343 0.381333 7.18841e-05
0 0.0219393 0.0706667 0.0438787 0.141333 7.20223e-05
0 0.683911 0.607333 0.0200433 0.0386667 7.20906e-05
0 0.0880282 0 0.0547129 0 7.20962e-05
0 0.366197 0.0286667 0.109426 0.0573333 7.21162e-05
0 0.732936 0.982667 0.0736728 0.0346667 7.21768e-05
0 0.434724 0.0386667 0.0492958 0.0613333 7.22401e-05
0 0.407367 0.432667 0.0422535 0.284 7.22761e-05
0 0.256771 0.507333 0.084507 0.201333 7.23561e-05
0 0.0067714 0.390667 0.0135428 0.144 7.28334e-05
0 0.988895 0.0193333 0.0222102 0.0386667 7.28597e-05
0 0.0265439 0.66 0.0530878 0.448 7.2938e-05
0 0.728602 0.973333 0.0390032 0.0453333 7.32982e-05
0 0.764626 0.818667 0.0287107 0.0373333 7.34097e-05
0 0.190683 0.995333 0.111593 0.00933333 7.34921e-05
0 0.460726 0.686667 0.0222102 0.0906667 7.41547e-05
0 0.615385 0.0686667 0.0617551 0.0893333 7.46849e-05
0 0.393824 0.612667 0.0346696 0.230667 7.47886e-05
0 0.520314 0.794667 0.0482123 0.12 7.49469e-05
0 0.306338 0.002 0.0547129 0.004 7.53456e-05
0 0.0067714 0.574 0.0135428 0.14 7.53892e-05
0 0.900867 1 0.0801734 0 7.57806e-05
0 0.145179 0.632 0.100758 0.221333 7.58399e-05
0 0.853467 1 0.0471289 0 7.58778e-05
0 0.781148 0.982 0.0455038 0.036 7.61066e-05
0 0.130553 0.632667 0.139762 0.38 7.64959e-05
0 0.413055 1 0.0752979 0 7.66646e-05
0 0.828277 1 0.0476706 0 7.70087e-05
0 0.862947 0.00333333 0.0801734 0.00666667 7.70615e-05
0 0.636511 0.99 0.0682557 0.02 7.70719e-05
0 0.690412 0 0.0547129 0 7.71649e-05
0 0.616197 0.927333 0.0276273 0.092 7.73766e-05
0 0.504334 0.238 0.0130011 0.0626667 7.75255e-05
0 0.437432 0.988667 0.0861322 0.0226667 7.81216e-05
0 0.474269 0.987333 0.0633803 0.0253333 7.90477e-05
0 0.57909 0 0.0530878 0 7.91762e-05
0 0.173619 0.575333 0.103467 0.305333 7.9469e-05
0 0.417118 1 0.0465872 0 7.95783e-05
0 0.203413 1 0.0503792 0 7.97562e-05
0 0.00650054 0.847333 0.0108342 0.142667 7.98089e-05
0 0.0847779 0.540667 0.169556 0.292 8.04192e-05
0 0.868635 0.0126667 0.0482123 0.0253333 8.07144e-05
0 0.3513 1 0.0709642 0 8.11076e-05
0 0.00839653 0.326667 0.0135428 0.258667 8.12793e-05
0 0.00622969 0.942 0.00812568 0.116 8.19248e-05
0 0.611322 0.909333 0.0157096 0.0426667 8.25545e-05
0 0.486728 0.967333 0.0633803 0.0653333 8.26496e-05
0 0.381365 0.993333 0.0411701 0.0133333 8.26747e-05
0 0.233207 0.702667 0.466414 0.594667 8.28131e-05
0 0.0330444 0.156 0.0660888 0.312 8.31858e-05
0 0.0067714 0.921333 0.0135428 0.157333 8.33085e-05
0 0.544691 0.995333 0.0492958 0.00933333 8.43566e-05
0 0.0135428 0.464667 0.0270856 0.246667 8.46816e-05
0 0.00866739 0.114667 0.0173348 0.181333 8.48155e-05
0 0.292254 0.792 0.0947996 0.333333 8.51126e-05
0 0.725623 0.256667 0.0406284 0.113333 8.53284e-05
0 0.495125 0.977333 0.0303359 0.0453333 8.57877e-05
0 0.0953413 0.00733333 0.0769231 0.0146667 8.57946e-05
0 0.368093 0.000666667 0.0547129 0.00133333 8.58826e-05
0 0.558776 0.972 0.0839653 0.056 8.62573e-05
0 0.0222102 0.0333333 0.0444204 0.0666667 8.63905e-05
0 0.77546 0.742667 0.0709642 0.168 8.64602e-05
0 0.622156 0.93 0.0482123 0.14 8.6649e-05
0 0.108613 0.341333 0.187974 0.421333 8.67692e-05
0 0.13299 0.488 0.161972 0.333333 8.74042e-05
0 0.802546 0.705333 0.0579632 0.149333 8.78389e-05
0 0.630553 0.0266667 0.0606717 0.0533333 8.79305e-05
0 0.388407 0.990667 0.0888407 0.0186667 8.85322e-05
0 0.3039 1 0.0368364 0 8.90512e-05
0 0.113489 0 0.0557963 0 8.93537e-05
0 0.741874 1 0.0449621 0 8.9646e-05
0 0.66468 0 0.0552546 0 8.9701e-05
0 0.00650054 0.667333 0.0130011 0.14 8.98281e-05
0 0.659263 0.996667 0.0433369 0.00666667 9.00898e-05
0 0.462893 0.427333 0.0362947 0.1 9.03045e-05
0 0.326381 0.956667 0.0622969 0.0866667 9.05296e-05
0 0.502709 0 0.0552546 0 9.06872e-05
0 0.0132719 0.702667 0.0265439 0.277333 9.08647e-05
0 0.89247 0.012 0.0503792 0.024 9.08701e-05
0 0.787649 0.006 0.0769231 0.012 9.11206e-05
0 0.343174 0.592667 0.686349 0.814667 9.14781e-05
0 0.2974 0.0213333 0.0509209 0.0426667 9.15059e-05
0 0.987541 0.166 0.0216685 0.137333 9.1619e-05
0 0.511376 0.989333 0.0769231 0.0213333 9.19009e-05
0 0.0314193 0.0593333 0.0498375 0.1 9.20526e-05
0 0.233207 0.792667 0.031961 0.052 9.21625e-05
0 0.73402 0.0733333 0.0530878 0.101333 9.2264e-05
0 0.70558 0.000666667 0.0514626 0.00133333 9.24009e-05
0 0.554984 0.0933333 0.0633803 0.109333 9.2573e-05
0 0.365385 1 0.0460455 0 9.28942e-05
0 0.967497 0 0.0520043 0 9.31239e-05
0 0.599133 0.918667 0.0325027 0.112 9.31336e-05
0 0.631365 0.994667 0.0471289 0.0106667 9.32726e-05
0 0.223727 0.416667 0.447454 0.833333 9.3298e-05
0 0.684182 0.0506667 0.0346696 0.0746667 9.34131e-05
0 0.426869 0 0.0552546 0 9.42786e-05
0 0.318527 1 0.0390032 0 9.46849e-05
0 0.644095 0.326667 0.0650054 0.168 9.47548e-05
0 0.780065 0.612 0.0379198 0.114667 9.57568e-05
0 0.978602 0.786667 0.0427952 0.181333 9.59896e-05
0 0.342091 1 0.0438787 0 9.63765e-05
0 0.393283 1 0.0444204 0 9.64335e-05
0 0.477519 0 0.0557963 0 9.67553e-05
0 0.280065 1 0.0400867 0 9.69317e-05
0 0.614301 0 0.0552546 0 9.71789e-05
0 0.613218 0.291333 0.00866739 0.0466667 9.73049e-05
0 0.818527 0.024 0.084507 0.048 9.81965e-05
0 0.739166 0.262667 0.0287107 0.0426667 9.87386e-05
0 0.990791 0.338 0.0184182 0.0893333 9.89623e-05
0 0.732394 0.0426667 0.0476706 0.064 9.92332e-05
0 0.802546 0.572 0.1013 0.312 9.97958e-05
0 0.444204 0.677333 0.0292524 0.0986667 0.000100148
0 0.00812568 0.234 0.0162514 0.228 0.000100153
0 0.676056 0.593333 0.0260022 0.0933333 0.000100196
0 0.529252 1 0.0487541 0 0.00010083
0 0.47156 0.978667 0.0276273 0.0426667 0.00010118
0 0.72779 0.317333 0.0276273 0.0986667 0.000101193
0 0.81338 0.58 0.373239 0.84 0.000101771
0 0.0116468 0.397333 0.0167931 0.272 0.000102357
0 0.469935 0.992667 0.0438787 0.0146667 0.000102478
0 0.450163 1 0.0758397 0 0.00010293
0 0.441495 1 0.0455038 0 0.00010296
0 0.954496 1 0.0509209 0 0.000103745
0 0.422535 0.908667 0.0411701 0.113333 0.000103941
0 0.769772 0.826 0.0606717 0.0786667 0.000104258
0 0.991874 0.301333 0.0162514 0.104 0.000105444
0 0.557421 0.00666667 0.0704225 0.0133333 0.000105726
0 0.704767 1 0.0411701 0 0.00010581
0 0.458288 0.978 0.0314193 0.044 0.000106174
0 0.516251 0.00466667 0.0541712 0.00933333 0.000106402
0 0.425244 0.0506667 0.0801734 0.101333 0.000107184
0 0.984832 0.578667 0.0238353 0.109333 0.000107524
0 0.472373 0.43 0.0162514 0.0653333 0.00010811
0 0.539816 0 0.0547129 0 0.000108641
0 0.241603 0.855333 0.0682557 0.289333 0.00010903
0 0.00650054 0.693333 0.0119177 0.277333 0.000109309
0 0.62974 0.0806667 0.0341278 0.028 0.000109775
0 0.712351 0.996 0.0769231 0.008 0.000109827
0 0.0387324 0 0.0568797 0 0.000110226
0 0.612405 1 0.0709642 0 0.00011037
0 0.454767 0.00333333 0.0547129 0.00666667 0.000110918
0 0.987812 0.0113333 0.0167931 0.0226667 0.000111402
0 0.0105634 0.775333 0.0211268 0.273333 0.000111424
0 0.985915 0.764 0.028169 0.288 0.000111474
0 0.213164 1 0.0763814 0 0.000111597
0 0.46506 0.036 0.105634 0.072 0.000112055
0 0.16441 0 0.0568797 0 0.000113085
0 0.514355 0.722667 0.0590466 0.130667 0.000113123
0 0.483749 0.978667 0.0314193 0.0426667 0.000113724
0 0.299837 0.0486667 0.0503792 0.0786667 0.000114219
0 0.0181473 0.790667 0.0362947 0.416 0.000114345
0 0.639491 0 0.0547129 0 0.000114452
0 0.555796 0.016 0.0487541 0.032 0.000115571
0 0.00785482 0.516 0.0157096 0.138667 0.000116174
0 0.156013 0.398667 0.20585 0.624 0.000116431
0 0.138678 0 0.056338 0 0.000116679
0 0.452058 0 0.0557963 0 0.000117102
0 0.776002 1 0.0774648 0 0.000117271
0 0.814464 0.84 0.205309 0.32 0.000117819
0 0.713164 0.066 0.0612134 0.0946667 0.000118451
0 0.675515 0.986667 0.056338 0.0266667 0.000121216
0 0.443391 0.428 0.0211268 0.0586667 0.000121351
0 0.987541 0.836667 0.0227519 0.217333 0.000121528
0 0.988895 0.915333 0.0200433 0.164 0.000121545
0 0.976977 0.894 0.0460455 0.172 0.000122343
0 0.414139 0.0346667 0.107801 0.0693333 0.00012285
0 0.946912 0.372667 0.0606717 0.116 0.000123944
0 0.564193 0 0.0557963 0 0.000124196
0 0.987541 0.106667 0.0173348 0.12 0.00012426
0 0.78494 0.0433333 0.0476706 0.0626667 0.000124279
0 0.39545 0.876 0.106176 0.248 0.000125034
0 0.748375 0.986 0.0590466 0.028 0.000126672
0 0.492416 0.396 0.0530878 0.186667 0.000127897
0 0.588028 0.990667 0.0763814 0.0186667 0.00012867
0 0.604009 1 0.0422535 0 0.00012941
0 0.976977 0.338 0.0460455 0.222667 0.000129509
0 0.467226 1 0.0482123 0 0.000130041
0 0.58857 0 0.0557963 0 0.000130502
0 0.262459 0.00466667 0.0915493 0.00933333 0.000130968
0 0.869718 0.0233333 0.0926327 0.0466667 0.000131586
0 0.813109 1 0.0790899 0 0.000132435
0 0.450704 0.698 0.020585 0.0386667 0.000133514
0 0.86078 0.972667 0.0682557 0.0413333 0.000133989
0 0.524919 0.919333 0.0671723 0.129333 0.000133994
0 0.226977 0 0.0552546 0 0.000134884
0 0.067714 0.412 0.135428 0.304 0.000134895
0 0.767064 1 0.0455038 0 0.000135658
0 0.404659 0.00333333 0.0552546 0.00666667 0.000136018
0 0.636511 0.994 0.0769231 0.012 0.000136396
0 0.356446 0.0186667 0.0487541 0.0373333 0.00013799
0 0.586403 0.00733333 0.0828819 0.0146667 0.000138158
0 0.53792 0.0666667 0.0682557 0.104 0.000139062
0 0.986186 0.0726667 0.0276273 0.145333 0.000140254
0 0.742416 0.016 0.0926327 0.032 0.000142155
0 0.212622 0.00333333 0.0915493 0.00666667 0.000142721
0 0.217768 0.0173333 0.0931744 0.0346667 0.000142942
0 0.345341 0.0253333 0.0417118 0.0453333 0.000143203
0 0.708559 0.042 0.0487541 0.0626667 0.000143284
0 0.609155 0.987333 0.0536295 0.0253333 0.000144599
0 0.747562 0.28 0.0855905 0.309333 0.00014463
0 0.290358 0.012 0.084507 0.024 0.000144768
0 0.676056 0.532 0.0216685 0.128 0.000144932
0 0.402221 0 0.0557963 0 0.000144988
0 0.398971 0.922 0.0265439 0.124 0.000146466
0 0.163326 0.00733333 0.0969664 0.0146667 0.000146544
0 0.0111051 0.862667 0.0124594 0.250667 0.000147502
0 0.984561 0.878667 0.0308776 0.242667 0.000148171
0 0.169285 0.0246667 0.102384 0.0493333 0.000148292
0 0.8039 1 0.0487541 0 0.000148937
0 0.911972 0.002 0.0991333 0.004 0.00015086
0 0.632719 0.056 0.0433369 0.0693333 0.000152046
0 0.48104 0.00466667 0.0552546 0.00933333 0.000152602
0 0.27844 0 0.0552546 0 0.000152784
0 0.485374 0.004 0.092091 0.008 0.000153416
0 0.666035 0.0126667 0.0796316 0.0253333 0.000154234
0 0.457746 0.71 0.0119177 0.0706667 0.000154494
0 0.963434 0 0.0547129 0 0.000154563
0 0.979415 0.714 0.0411701 0.196 0.000154673
0 0.72454 0.006 0.0807151 0.012 0.000155147
0 0.316089 0 0.0547129 0 0.000157424
0 0.607259 0.910667 0.0184182 0.08 0.000157487
0 0.0176056 0.546667 0.0352113 0.36 0.000158096
0 0.278711 0.776 0.0503792 0.0826667 0.000158302
0 0.364843 0 0.0557963 0 0.000158985
0 0.43987 0.421333 0.00758397 0.064 0.000159178
0 0.494312 0.994667 0.0482123 0.0106667 0.000159914
0 0.0278982 0.00933333 0.0536295 0.0186667 0.000164686
0 0.728061 0.296667 0.0585049 0.145333 0.000165275
0 0.578007 1 0.0487541 0 0.000165504
0 0.0067714 0.848 0.0135428 0.250667 0.000166214
0 0.67091 0.992 0.0406284 0.016 0.000166958
0 0.189328 0 0.0557963 0 0.00016725
0 0.938245 1 0.0964247 0 0.000167352
0 0.252438 0 0.0552546 0 0.000167908
0 0.897346 0.0166667 0.088299 0.0333333 0.000168586
0 0.729144 0.988667 0.0465872 0.0173333 0.000169353
0 0.663055 1 0.0704225 0 0.000169476
0 0.394366 0.004 0.0736728 0.008 0.000172716
0 0.815005 0.907333 0.155471 0.174667 0.00017348
0 0.630553 1 0.0455038 0 0.000173784
0 0.617551 0.0173333 0.0509209 0.0346667 0.000174346
0 0.675244 0.856667 0.0449621 0.281333 0.000175323
0 0.918202 0.0126667 0.100758 0.0253333 0.000177295
0 0.836945 0.0186667 0.0964247 0.0373333 0.000177633
0 0.500271 1 0.0763814 0 0.000179161
0 0.602925 0.298 0.0325027 0.0866667 0.000180248
0 0.0100217 0.648667 0.0167931 0.289333 0.000180992
0 0.830173 0.0146667 0.0482123 0.0293333 0.000181283
0 0.535482 0.763333 0.0850488 0.118667 0.000183946
0 0.968852 0.0286667 0.0622969 0.0573333 0.000183975
0 0.531148 0.974667 0.0417118 0.0453333 0.000185586
0 0.409534 0.421333 0.0227519 0.109333 0.000186136
0 0.891387 0.012 0.10455 0.024 0.000186567
0 0.666576 1 0.0438787 0 0.000186895
0 0.567714 0.993333 0.0498375 0.0133333 0.000190562
0 0.643554 0.018 0.0455038 0.036 0.000191101
0 0.491603 1 0.0492958 0 0.000192069
0 0.364843 0.5 0.592091 1 0.000195057
0 0.47156 0.843333 0.0904659 0.126667 0.000195876
0 0.530065 0.967333 0.067714 0.0653333 0.000195879
0 0.340195 0 0.0552546 0 0.00019683
0 0.984561 0.25 0.0308776 0.172 0.000197516
0 0.245395 0.004 0.071506 0.008 0.000198537
0 0.969664 0.0186667 0.0476706 0.0373333 0.000199014
0 0.941224 0.016 0.1013 0.032 0.000201506
0 0.992145 0.963333 0.0157096 0.0733333 0.000205442
0 0.554171 1 0.0509209 0 0.000206224
0 0.755146 0.989333 0.0411701 0.0186667 0.000206503
0 0.562297 0.992667 0.0812568 0.0146667 0.000207503
0 0.989707 0.784 0.0162514 0.168 0.000211645
0 0.91143 0.471333 0.0341278 0.028 0.000212897
0 0.0349404 0.038 0.0698808 0.076 0.00021304
0 0.195558 0.004 0.0747562 0.008 0.000217424
0 0.840466 0.000666667 0.130553 0.00133333 0.000218112
0 0.549567 0.557333 0.900867 0.885333 0.000219081
0 0.53169 0.95 0.0406284 0.0866667 0.000221088
0 0.984561 0.99 0.0308776 0.02 0.000221763
0 0.790087 0.0293333 0.0633803 0.0586667 0.000222374
0 0.0113759 0.522667 0.0184182 0.290667 0.000223121
0 0.990249 0.389333 0.0195016 0.114667 0.000231439
0 0.297942 0.0286667 0.0910076 0.0573333 0.00023416
0 0.125135 0.00466667 0.110509 0.00933333 0.00023856
0 0.70558 0.840667 0.0449621 0.166667 0.000239546
0 0.963705 0.01 0.0682557 0.02 0.000240575
0 0.486186 0.0513333 0.0612134 0.084 0.000240955
0 0.160076 0.482667 0.107801 0.168 0.000241084
0 0.68364 0.0166667 0.0400867 0.0333333 0.000242616
0 0.985645 0.638667 0.0287107 0.274667 0.000243773
0 0.67416 0.88 0.0330444 0.162667 0.000244778
0 0.986457 0.460667 0.0260022 0.092 0.000247845
0 0.787378 0.002 0.117551 0.004 0.000248664
0 0.747562 0.311333 0.0422535 0.134667 0.000249914
0 0.0910076 0 0.135428 0 0.000249941
0 0.694745 0.0233333 0.0579632 0.0466667 0.000250026
0 0.107259 0.517333 0.209101 0.568 0.000252276
0 0.694475 0.98 0.0530878 0.04 0.000252494
0 0.0219393 0 0.0438787 0 0.000253884
0 0.728873 0.928667 0.0698808 0.102667 0.000256902
0 0.5948 0.990667 0.0390032 0.0186667 0.000258088
0 0.268147 0.834667 0.0390032 0.104 0.000258847
0 0.340466 0.00933333 0.0828819 0.0186667 0.000261404
0 0.770585 0.0126667 0.0503792 0.0253333 0.000265255
0 0.969393 0.996667 0.0471289 0.00666667 0.000265684
0 0.745937 0.97 0.0411701 0.0333333 0.000269795
0 0.978873 0.464 0.0411701 0.152 0.000272648
0 0.663868 0.018 0.0698808 0.036 0.000273674
0 0.958288 0.314 0.0585049 0.252 0.00027497
0 0.684995 0.989333 0.0373781 0.0213333 0.000275103
0 0.307963 0.938667 0.0146262 0.04 0.000275958
0 0.562297 1 0.084507 0 0.00027672
0 0.221018 0.406 0.442037 0.812 0.000276913
0 0.979144 0.589333 0.039545 0.170667 0.000280834
0 0.987541 0.733333 0.0140845 0.122667 0.000287006
0 0.382719 0.0186667 0.0514626 0.0373333 0.000292556
0 0.133261 0.225333 0.203684 0.450667 0.000292872
0 0.99052 0.252667 0.0167931 0.132 0.000298989
0 0.618635 0.990667 0.0379198 0.0186667 0.000313365
0 0.70585 0.944667 0.0465872 0.110667 0.000313436
0 0.249729 0.838 0.0530878 0.137333 0.000313894
0 0.809047 0.0213333 0.067714 0.0426667 0.000314539
0 0.979415 0.092 0.0411701 0.181333 0.000317019
0 0.973727 0.216667 0.052546 0.316 0.00032285
0 0.806609 0.048 0.0422535 0.064 0.000327603
0 0.457205 0.0386667 0.0552546 0.0586667 0.000328281
0 0.810401 0.716667 0.0195016 0.0493333 0.00032862
0 0.610238 0.289333 0.0167931 0.0533333 0.000333525
0 0.660888 0.403333 0.0823402 0.316 0.000333582
0 0.562026 0.018 0.0807151 0.036 0.000337195
0 0.31338 0.954 0.0232936 0.068 0.000341223
0 0.494312 0.0473333 0.0926327 0.0946667 0.000341559
0 0.985103 0.409333 0.0297941 0.141333 0.000348159
0 0.764897 0.016 0.0877573 0.032 0.000350872
0 0.430661 0.0173333 0.0520043 0.0346667 0.000354366
0 0.979957 0.526 0.0400867 0.158667 0.000357292
0 0.365385 0.0193333 0.0893824 0.0386667 0.000358809
0 0.262189 0 0.12026 0 0.000367139
0 0.21208 0 0.131636 0 0.000371795
0 0.637595 0 0.105092 0 0.000372401
0 0.990249 0.658667 0.0151679 0.173333 0.000372827
0 0.453954 0.697333 0.0162514 0.0826667 0.000380594
0 0.891116 0 0.136511 0 0.000382067
0 0.713705 0.004 0.111051 0.008 0.000383409
0 0.184182 0.594667 0.368364 0.810667 0.00038528
0 0.504605 0.008 0.0547129 0.016 0.000385865
0 0.704767 0.488667 0.590466 0.977333 0.000385904
0 0.963976 0.994667 0.0687974 0.0106667 0.000386175
0 0.985103 0.0266667 0.0297941 0.04 0.000387446
0 0.773294 0.8 0.0373781 0.0746667 0.000389864
0 0.470206 0.403333 0.0520043 0.169333 0.00039466
0 0.301463 0.940667 0.0189599 0.0413333 0.000395671
0 0.312839 0.00266667 0.1013 0.00533333 0.000398009
0 0.163868 0 0.147887 0 0.000399752
0 0.600758 0.964 0.0314193 0.072 0.000401818
0 0.583694 0.0206667 0.0633803 0.0413333 0.000407866
0 0.989707 0.0606667 0.020585 0.121333 0.000410628
0 0.743229 0.872667 0.125677 0.254667 0.000418363
0 0.983478 0.995333 0.031961 0.00933333 0.000430117
0 0.968581 0.363333 0.0455038 0.0893333 0.000434116
0 0.0381907 0.00533333 0.0763814 0.0106667 0.000436394
0 0.98727 0.61 0.0157096 0.129333 0.000440571
0 0.305525 0.940667 0.0216685 0.068 0.000453091
0 0.985374 0.512 0.0292524 0.248 0.000465443
0 0.317985 0.05 0.0520043 0.0706667 0.000469092
0 0.989166 0.947333 0.0130011 0.0973333 0.00049749
0 0.940412 0 0.113759 0 0.000500368
0 0.43987 0.0146667 0.0953413 0.0293333 0.000503668
0 0.991874 1 0.0162514 0 0.000504215
0 0.675244 0.691333 0.556338 0.617333 0.000523167
0 0.615926 0.0173333 0.0790899 0.0346667 0.000527192
0 0.147346 0.550667 0.109426 0.202667 0.000546637
0 0.730498 0.0206667 0.0655471 0.0413333 0.000548307
0 0.303088 0.5 0.606176 1 0.000549439
0 0.988353 0.428667 0.0178765 0.110667 0.000572138
0 0.537649 0.00866667 0.107801 0.0173333 0.000577742
0 0.394637 0.614667 0.0222102 0.088 0.000583406
0 0.98727 0.545333 0.0167931 0.125333 0.000598919
0 0.786024 0.0173333 0.0736728 0.0346667 0.000606502
0 0.729686 0.0133333 0.0541712 0.0266667 0.000626575
0 0.486728 0.0126667 0.0904659 0.0253333 0.000639441
0 0.589653 0.000666667 0.112134 0.00133333 0.000640534
0 0.607259 0.987333 0.0314193 0.0226667 0.000681932
0 0.602113 0.980667 0.0200433 0.0386667 0.000707115
0 0.393283 0.0233333 0.0725894 0.0466667 0.000735015
0 0.438245 0.0253333 0.0736728 0.0506667 0.000757078
0 0.61403 0.958 0.0222102 0.0813333 0.000758736
0 0.737541 0.887333 0.0850488 0.172 0.000760593
0 0.488895 0.393333 0.0352113 0.106667 0.00078761
0 0.320964 0.0333333 0.0774648 0.0666667 0.000844662
0 0.364572 0.002 0.109426 0.004 0.000944815
0 0.987812 0.146 0.024377 0.292 0.000967881
0 0.814735 0.707333 0.0162514 0.0413333 0.00101049
0 0.960455 0.323333 0.0465872 0.092 0.0010453
0 0.988624 1 0.0195016 0 0.00111698
0 0.980498 1 0.0379198 0 0.00113041
0 0.988895 0.0506667 0.0211268 0.0666667 0.00115411
0 0.26896 0.609333 0.50325 0.781333 0.00117664
0 0.988082 0.988667 0.0140845 0.0226667 0.00117776
0 0.437432 0.415333 0.0157096 0.0653333 0.00127878
0 0.266251 0.820667 0.0915493 0.241333 0.00130395
0 0.711268 0.0186667 0.0671723 0.0373333 0.00131285
0 0.987541 0.487333 0.0173348 0.118667 0.00131808
0 0.989978 0.205333 0.0146262 0.128 0.00132008
0 0.463705 0.00866667 0.109426 0.0173333 0.00132332
0 0.403034 0.408 0.0140845 0.0693333 0.00135223
0 0.288462 0.825333 0.0460455 0.106667 0.00145961
0 0.412784 0.008 0.111593 0.016 0.00157426
0 0.709372 0.976667 0.0352113 0.0466667 0.00158837
0 0.991062 0.133333 0.0135428 0.245333 0.00175448
0 0.530065 0.028 0.0633803 0.056 0.00176045
0 0.398158 0.614667 0.0130011 0.0506667 0.00177428
0 0.719122 0.986 0.0352113 0.028 0.00180107
0 0.297129 0.826667 0.0189599 0.101333 0.00189663
0 0.613489 0.976 0.0200433 0.0373333 0.00218133
0 0.989707 0.0553333 0.0119177 0.0946667 0.00233507
0 0.687432 0.875333 0.0465872 0.201333 0.00240144
0 0.521398 0.766667 0.0969664 0.208 0.0028025
0 0.772481 0.814 0.0173348 0.0386667 0.00307766
0 0.458288 0.024 0.071506 0.048 0.00321864
0 0.50948 0.0206667 0.0893824 0.0413333 0.00374938
0 0.480228 0.410667 0.0330444 0.088 0.0045943
0 0.673619 0.348667 0.386241 0.697333 0.00467579
0 0.419285 0.624667 0.411701 0.750667 0.00516379
0 0.960726 0.340667 0.0341278 0.0386667 0.00544061
0 0.408722 0.0253333 0.0731311 0.0506667 0.00553368
0 0.48429 0.0266667 0.0704225 0.0533333 0.00639633
0 0.706121 0.987333 0.0352113 0.0226667 0.00651436
0 0.774919 0.5 0.450163 1 0.00728316
0 0.68039 0.742667 0.351029 0.514667 0.00815267
0 0.265981 0.814 0.063922 0.148 0.0313062
0 0.505688 0.032 0.0644637 0.064 0.0585248
0 0.736186 0.294667 0.0325027 0.109333 0.287722
0 0.710184 0.874667 0.0801734 0.218667 0.453007
0 0.660888 0.358 0.0465872 0.182667 0.838524
0 0.407367 0.894 0.0498375 0.129333 0.860678
0 0.794691 0.589333 0.0574215 0.136 0.865571
0 0.512459 0.761333 0.0595883 0.0853333 0.888647
