0 0.0788191 0.176 0.102384 0.274667 1.58007e-05
0 0.75 0.161333 0.0406284 0.0613333 1.59387e-05
0 0.548212 0.974667 0.0444204 0.0506667 1.59431e-05
0 0.81636 0.791333 0.189599 0.417333 1.59748e-05
0 0.963976 0.339333 0.0352113 0.0893333 1.60093e-05
0 0.285211 0.688667 0.0612134 0.108 1.60129e-05
0 0.163326 0.873333 0.0904659 0.253333 1.60298e-05
0 0.569339 0.000666667 0.0476706 0.00133333 1.60403e-05
0 0.519502 0.978 0.0303359 0.0333333 1.60723e-05
0 0.25623 0.963333 0.0390032 0.0466667 1.61202e-05
0 0.358884 0.460667 0.0547129 0.190667 1.61348e-05
0 0.437432 0.176667 0.0763814 0.18 1.6137e-05
0 0.59805 0.447333 0.0249187 0.02 1.6144e-05
0 0.0303359 0.503333 0.0400867 0.286667 1.62103e-05
0 0.360509 0.274667 0.0536295 0.128 1.62381e-05
0 0.601842 0.94 0.0335861 0.0773333 1.63003e-05
0 0.0287107 0.794667 0.0411701 0.296 1.63016e-05
0 0.46506 0.0326667 0.0904659 0.0653333 1.63173e-05
0 0.459913 0.573333 0.0747562 0.096 1.63239e-05
0 0.838841 0.918 0.0904659 0.164 1.6331e-05
0 0.791983 0.00133333 0.0509209 0.00266667 1.63396e-05
0 0.710997 0.653333 0.0633803 0.154667 1.63458e-05
0 0.0579632 0.378667 0.0823402 0.288 1.63804e-05
0 0.535482 0.0646667 0.0482123 0.0973333 1.63896e-05
0 0.513814 0.862 0.0503792 0.148 1.64456e-05
0 0.569881 0.974667 0.0195016 0.0506667 1.65742e-05
0 0.458288 0.146667 0.0585049 0.128 1.65812e-05
0 0.954496 0.272 0.0910076 0.522667 1.66028e-05
0 0.613489 0.764667 0.0796316 0.196 1.6603e-05
0 0.919556 0.887333 0.0427952 0.0973333 1.66576e-05
0 0.157367 0.238 0.134886 0.476 1.67419e-05
0 0.892199 0.91 0.0790899 0.18 1.67624e-05
0 0.0847779 0.0846667 0.129469 0.161333 1.67931e-05
0 0.644908 0.854 0.052546 0.177333 1.681e-05
0 0.651679 0.946667 0.0335861 0.0506667 1.68522e-05
0 0.180119 0.96 0.0449621 0.048 1.68671e-05
0 0.332882 0.461333 0.052546 0.128 1.6917e-05
0 0.362676 0.194 0.132719 0.388 1.70342e-05
0 0.784399 0.952667 0.0953413 0.0946667 1.7064e-05
0 0.815818 0.772 0.0899242 0.192 1.70837e-05
0 0.713705 0.739333 0.0449621 0.132 1.7094e-05
0 0.820423 0.38 0.134886 0.557333 1.71462e-05
0 0.571235 0.522667 0.0579632 0.314667 1.71548e-05
0 0.376219 0.968 0.0720477 0.064 1.71811e-05
0 0.658451 0.519333 0.0698808 0.145333 1.72191e-05
0 0.972102 0.142 0.031961 0.0973333 1.72198e-05
0 0.537649 0.147333 0.0828819 0.182667 1.7236e-05
0 0.406826 0.408667 0.147346 0.356 1.72591e-05
0 0.463164 0.638667 0.153846 0.554667 1.72766e-05
0 0.428223 0.934 0.031961 0.0866667 1.72928e-05
0 0.741603 0.59 0.0650054 0.148 1.73206e-05
0 0.94312 0.578667 0.0780065 0.176 1.73496e-05
0 0.508397 0.282667 0.153304 0.565333 1.73713e-05
0 0.513814 0.962667 0.0785482 0.0746667 1.73819e-05
0 0.43987 0.266667 0.124594 0.232 1.73964e-05
0 0.896804 0.985333 0.0687974 0.0293333 1.74269e-05
0 0.615655 0.262 0.137053 0.524 1.74382e-05
0 0.501083 0.337333 0.0671723 0.173333 1.74501e-05
0 0.910618 0.746667 0.0671723 0.114667 1.74535e-05
0 0.245125 0.0266667 0.0622969 0.0533333 1.74686e-05
0 0.436349 0.0793333 0.0731311 0.158667 1.7514e-05
0 0.816631 0.885333 0.112134 0.186667 1.75254e-05
0 0.900867 0.036 0.0433369 0.064 1.75264e-05
0 0.195558 0.428 0.0520043 0.133333 1.75654e-05
0 0.232124 0.0166667 0.0438787 0.0333333 1.75911e-05
0 0.930119 0.375333 0.132178 0.577333 1.75927e-05
0 0.242687 0.122 0.0498375 0.137333 1.76357e-05
0 0.280065 0.773333 0.0585049 0.173333 1.76605e-05
0 0.74052 0.03 0.0888407 0.06 1.77165e-05
0 0.093987 0.973333 0.115385 0.0533333 1.77368e-05
0 0.707747 0.466 0.0687974 0.132 1.77538e-05
0 0.83234 0.982 0.0449621 0.036 1.77583e-05
0 0.787649 0.072 0.084507 0.144 1.77786e-05
0 0.945016 0.136 0.0438787 0.0853333 1.77903e-05
0 0.461809 0.982 0.0752979 0.036 1.78107e-05
0 0.149783 0.992667 0.0926327 0.0146667 1.78276e-05
0 0.290087 0.0746667 0.0861322 0.149333 1.78418e-05
0 0.378386 0.406667 0.0828819 0.205333 1.78423e-05
0 0.0295233 0.976667 0.0471289 0.0466667 1.78465e-05
0 0.157367 0.416667 0.0763814 0.206667 1.78921e-05
0 0.217768 0.965333 0.0379198 0.0426667 1.80678e-05
0 0.42714 0.96 0.0373781 0.0586667 1.81008e-05
0 0.599404 0.597333 0.0189599 0.0373333 1.81037e-05
0 0.593445 0.446 0.0189599 0.044 1.82252e-05
0 0.630282 0.052 0.0427952 0.0666667 1.82932e-05
0 0.908992 0.356 0.0465872 0.109333 1.83138e-05
0 0.809588 0.972 0.067714 0.0506667 1.83363e-05
0 0.163868 0.990667 0.0482123 0.0186667 1.83397e-05
0 0.421181 0.0553333 0.0384615 0.076 1.83602e-05
0 0.507584 0.977333 0.0303359 0.0373333 1.83665e-05
0 0.817985 0.618667 0.134345 0.546667 1.83837e-05
0 0.583694 0.02 0.0438787 0.04 1.83908e-05
0 0.89545 0.422 0.0487541 0.113333 1.84411e-05
0 0.356176 0.336 0.0752979 0.208 1.84689e-05
0 0.872698 0.0773333 0.0465872 0.0746667 1.84973e-05
0 0.330444 0.665333 0.0509209 0.128 1.85877e-05
0 0.0945287 0.0273333 0.0503792 0.0546667 1.86086e-05
0 0.666035 0.718 0.0698808 0.156 1.86132e-05
0 0.219664 0.547333 0.052546 0.126667 1.86986e-05
0 0.209913 0.265333 0.0991333 0.173333 1.88444e-05
0 0.669014 0.000666667 0.0487541 0.00133333 1.89178e-05
0 0.369718 0.521333 0.0514626 0.12 1.8944e-05
0 0.666847 0.630667 0.0769231 0.173333 1.90689e-05
0 0.58532 0.646667 0.0742145 0.146667 1.90825e-05
0 0.805525 0.219333 0.0758397 0.137333 1.9133e-05
0 0.662243 0.355333 0.0514626 0.134667 1.91716e-05
0 0.969664 0.01 0.0433369 0.02 1.92039e-05
0 0.869989 0.848 0.0877573 0.149333 1.92203e-05
0 0.574756 0.526 0.0476706 0.156 1.93039e-05
0 0.500271 0.988 0.0644637 0.024 1.94595e-05
0 0.833153 0.327333 0.0400867 0.0893333 1.94949e-05
0 0.437703 0.970667 0.0736728 0.0586667 1.95808e-05
0 0.597237 0.118 0.0492958 0.092 1.96899e-05
0 0.52519 0.988 0.0644637 0.024 1.97272e-05
0 0.388407 0.958 0.0422535 0.0706667 1.98828e-05
0 0.748646 0.418667 0.0411701 0.341333 1.99539e-05
0 0.312026 0.274667 0.099675 0.176 1.99776e-05
0 0.480228 0.6 0.0796316 0.12 1.99832e-05
0 0.484832 0.966 0.0455038 0.06 1.99944e-05
0 0.60455 0.330667 0.0509209 0.165333 1.99973e-05
0 0.188787 0.988 0.0471289 0.024 2.00434e-05
0 0.0130011 0.939333 0.0151679 0.121333 2.01218e-05
0 0.951517 0.360667 0.0287107 0.0733333 2.01506e-05
0 0.587757 0.308667 0.0314193 0.105333 2.0176e-05
0 0.5539 0.00333333 0.0482123 0.00666667 2.01919e-05
0 0.589382 0.522667 0.028169 0.0906667 2.02167e-05
0 0.520043 0.895333 0.035753 0.121333 2.02319e-05
0 0.763001 0.252667 0.0731311 0.121333 2.02996e-05
0 0.0874865 0.997333 0.0503792 0.00533333 2.03545e-05
0 0.405742 0.953333 0.0758397 0.0933333 2.0357e-05
0 0.844258 0.976 0.0471289 0.032 2.03614e-05
0 0.603738 0.328 0.0622969 0.301333 2.03741e-05
0 0.0761105 0 0.0557963 0 2.03991e-05
0 0.611051 0.228 0.0693391 0.242667 2.04349e-05
0 0.934995 0.724 0.0790899 0.144 2.04438e-05
0 0.711809 0.370667 0.124594 0.490667 2.05079e-05
0 0.479686 0.65 0.0893824 0.238667 2.05808e-05
0 0.788462 0.225333 0.0308776 0.0133333 2.05989e-05
0 0.528711 0.649333 0.127844 0.469333 2.06119e-05
0 0.214789 0.07 0.0915493 0.14 2.06147e-05
0 0.242958 0.517333 0.0536295 0.130667 2.06693e-05
0 0.280607 0.983333 0.0520043 0.0333333 2.08296e-05
0 0.628657 0.024 0.0449621 0.048 2.08522e-05
0 0.945287 0.643333 0.0769231 0.166667 2.08525e-05
0 0.163597 0.95 0.0834236 0.1 2.08633e-05
0 0.5948 0.996 0.0390032 0.008 2.09142e-05
0 0.62649 0.536 0.0655471 0.144 2.09646e-05
0 0.813651 0.03 0.0888407 0.06 2.10276e-05
0 0.768418 0.002 0.0492958 0.004 2.112e-05
0 0.73429 0.240667 0.0655471 0.169333 2.12174e-05
0 0.644908 1 0.052546 0 2.12198e-05
0 0.138407 0.994 0.0482123 0.012 2.12295e-05
0 0.271398 0.921333 0.0400867 0.12 2.12326e-05
0 0.0138137 0.938 0.0276273 0.124 2.13005e-05
0 0.946912 0.180667 0.106176 0.361333 2.13475e-05
0 0.770585 0.0273333 0.0915493 0.0546667 2.13692e-05
0 0.748646 0.455333 0.0303359 0.113333 2.14817e-05
0 0.509209 0.004 0.0498375 0.008 2.15672e-05
0 0.282503 0.054 0.0460455 0.0786667 2.16632e-05
0 0.779794 0.47 0.0709642 0.142667 2.17145e-05
0 0.665764 0.03 0.092091 0.06 2.17245e-05
0 0.766793 0.527333 0.06013 0.129333 2.17257e-05
0 0.268147 0.0266667 0.113759 0.0533333 2.17473e-05
0 0.562839 0.92 0.0455038 0.12 2.18037e-05
0 0.585049 0.215333 0.0769231 0.273333 2.18121e-05
0 0.546858 0.740667 0.0232936 0.028 2.18126e-05
0 0.759751 0.442 0.0211268 0.0733333 2.18536e-05
0 0.614843 0.593333 0.0119177 0.0613333 2.18932e-05
0 0.93662 0.512667 0.0671723 0.166667 2.1933e-05
0 0.456663 0.966667 0.0368364 0.0506667 2.19692e-05
0 0.257584 0.0533333 0.0471289 0.08 2.20603e-05
0 0.565547 0.280667 0.0606717 0.292 2.20648e-05
0 0.818256 0.598667 0.039545 0.088 2.20894e-05
0 0.0698808 0.629333 0.0953413 0.266667 2.21193e-05
0 0.244041 0.922667 0.0417118 0.122667 2.21331e-05
0 0.545233 0.742 0.0438787 0.121333 2.21506e-05
0 0.869447 0.00533333 0.0498375 0.0106667 2.21906e-05
0 0.351571 0.962667 0.0346696 0.0533333 2.23178e-05
0 0.217226 0.613333 0.0520043 0.128 2.23452e-05
0 0.240249 0.974 0.0796316 0.052 2.2347e-05
0 0.901408 0.808 0.0790899 0.125333 2.25183e-05
0 0.307692 0.798 0.0682557 0.190667 2.25222e-05
0 0.569881 0.944667 0.0140845 0.076 2.26061e-05
0 0.683099 0.358667 0.056338 0.173333 2.2677e-05
0 0.664139 0.0933333 0.0747562 0.152 2.26831e-05
0 0.293066 0.964667 0.0303359 0.0546667 2.27893e-05
0 0.862134 0.645333 0.0839653 0.168 2.27959e-05
0 0.737541 0.885333 0.0557963 0.146667 2.28228e-05
0 0.90818 0.201333 0.0406284 0.112 2.2834e-05
0 0.086403 0.034 0.107801 0.068 2.2857e-05
0 0.494854 0.98 0.0276273 0.0373333 2.28625e-05
0 0.204496 0.0173333 0.0471289 0.0346667 2.2964e-05
0 0.754334 0.781333 0.0817985 0.210667 2.30288e-05
0 0.407367 0.478667 0.0953413 0.178667 2.30832e-05
0 0.631365 0.103333 0.0742145 0.206667 2.31026e-05
0 0.00541712 0.848667 0.0108342 0.132 2.31755e-05
0 0.755959 0.765333 0.126219 0.469333 2.32008e-05
0 0.619718 0.995333 0.0411701 0.00933333 2.32165e-05
0 0.728332 0.812667 0.0991333 0.153333 2.32367e-05
0 0.00893824 0.968 0.0102925 0.064 2.33389e-05
0 0.921181 0.962 0.102384 0.076 2.33802e-05
0 0.517877 0.824 0.130011 0.352 2.33831e-05
0 0.782232 0.636 0.0628386 0.261333 2.33975e-05
0 0.806067 0.98 0.0422535 0.0346667 2.34795e-05
0 0.41468 0.0306667 0.0980498 0.0613333 2.35904e-05
0 0.792253 0.228667 0.00812568 0.0146667 2.36671e-05
0 0.196912 0.912 0.0666305 0.130667 2.37798e-05
0 0.308776 0.048 0.0455038 0.0666667 2.38059e-05
0 0.860238 0.968 0.0747562 0.0453333 2.3831e-05
0 0.0441495 0.21 0.088299 0.42 2.38831e-05
0 0.2974 0.146 0.0498375 0.153333 2.39244e-05
0 0.882178 0.264 0.0449621 0.117333 2.39498e-05
0 0.0514626 0.882 0.0953413 0.18 2.39651e-05
0 0.690683 0.73 0.0693391 0.142667 2.39728e-05
0 0.886241 0.0106667 0.0769231 0.0213333 2.40282e-05
0 0.764897 0.648667 0.0465872 0.14 2.40457e-05
0 0.608884 0.151333 0.0769231 0.188 2.40945e-05
0 0.860238 0.938 0.0747562 0.0733333 2.4125e-05
0 0.810943 0.154 0.0368364 0.116 2.41528e-05
0 0.779794 0.352 0.0384615 0.122667 2.41945e-05
0 0.708559 0.520667 0.0628386 0.137333 2.42338e-05
0 0.568797 0.898 0.0736728 0.164 2.427e-05
0 0.211809 0.988667 0.0790899 0.0226667 2.433e-05
0 0.345612 0.641333 0.0530878 0.122667 2.43767e-05
0 0.392741 0.044 0.0444204 0.0613333 2.4402e-05
0 0.64572 0.982667 0.0260022 0.0293333 2.44941e-05
0 0.507313 0.141333 0.095883 0.274667 2.4516e-05
0 0.74377 0.519333 0.0552546 0.137333 2.46106e-05
0 0.856988 0.988667 0.0704225 0.0226667 2.46246e-05
0 0.419827 0.0206667 0.0411701 0.0413333 2.4647e-05
0 0.934724 0 0.0752979 0 2.46859e-05
0 0.566631 0.28 0.0422535 0.154667 2.47972e-05
0 0.811484 0.529333 0.0758397 0.250667 2.48294e-05
0 0.112405 0.798 0.216143 0.404 2.48465e-05
0 0.484561 0.0693333 0.0807151 0.138667 2.49166e-05
0 0.104009 0.291333 0.206934 0.582667 2.49314e-05
0 0.423619 0.00666667 0.0747562 0.0133333 2.49865e-05
0 0.52844 0.937333 0.0817985 0.125333 2.50214e-05
0 0.780607 0.405333 0.0487541 0.133333 2.51278e-05
0 0.320152 0.886 0.0498375 0.137333 2.52447e-05
0 0.410618 0.268 0.138678 0.349333 2.52867e-05
0 0.52844 0.336667 0.0817985 0.249333 2.53902e-05
0 0.861593 0.173333 0.0471289 0.106667 2.54117e-05
0 0.668472 0.402 0.063922 0.164 2.55167e-05
0 0.431473 0.000666667 0.0503792 0.00133333 2.55281e-05
0 0.45558 0.936667 0.0379198 0.0946667 2.55652e-05
0 0.683911 0.0706667 0.0666305 0.141333 2.57122e-05
0 0.561484 0.038 0.0872156 0.076 2.57433e-05
0 0.258126 0.422667 0.0536295 0.125333 2.57646e-05
0 0.613489 0.0366667 0.088299 0.0733333 2.58118e-05
0 0.593987 0.00133333 0.0503792 0.00266667 2.59204e-05
0 0.384345 0.274667 0.119718 0.202667 2.59349e-05
0 0.865114 0.0353333 0.0866739 0.0706667 2.59628e-05
0 0.358613 0.914 0.0444204 0.113333 2.60318e-05
0 0.459642 0.758667 0.103467 0.197333 2.60324e-05
0 0.625135 0.806 0.126761 0.388 2.60487e-05
0 0.613218 0.28 0.0487541 0.128 2.60698e-05
0 0.903304 0.808667 0.0438787 0.0386667 2.61275e-05
0 0.810943 0.634667 0.0725894 0.146667 2.6286e-05
0 0.22156 0.427333 0.0498375 0.110667 2.63956e-05
0 0.132449 0.535333 0.0969664 0.217333 2.65206e-05
0 0.868635 0.257333 0.13597 0.514667 2.65624e-05
0 0.0574215 0.963333 0.0975081 0.0733333 2.6563e-05
0 0.0828819 0.874 0.125677 0.252 2.67449e-05
0 0.269231 0.0253333 0.0628386 0.0506667 2.70923e-05
0 0.596154 0.494667 0.0178765 0.168 2.72574e-05
0 0.812839 0.463333 0.0579632 0.158667 2.73707e-05
0 0.723185 0.14 0.0574215 0.08 2.74217e-05
0 0.298754 0.588 0.0536295 0.130667 2.75066e-05
0 0.154117 0.482 0.0687974 0.124 2.76048e-05
0 0.607801 0.563333 0.0303359 0.0733333 2.76055e-05
0 0.686891 0.904 0.035753 0.154667 2.76735e-05
0 0.308505 0.918667 0.0427952 0.117333 2.76875e-05
0 0.764897 0.98 0.0303359 0.04 2.78372e-05
0 0.856446 0.971333 0.0476706 0.0253333 2.79438e-05
0 0.459913 0.159333 0.0931744 0.26 2.79511e-05
0 0.609426 0.588 0.0660888 0.16 2.80367e-05
0 0.532503 0.850667 0.0628386 0.157333 2.80438e-05
0 0.672806 0.460667 0.0671723 0.142667 2.80472e-05
0 0.617551 0.00133333 0.0509209 0.00266667 2.80844e-05
0 0.815005 0.276 0.0774648 0.242667 2.81079e-05
0 0.790628 0.227333 0.0157096 0.0253333 2.81112e-05
0 0.339382 0.988 0.0720477 0.024 2.81741e-05
0 0.483749 0.654667 0.0411701 0.109333 2.82712e-05
0 0.632178 0.233333 0.0790899 0.165333 2.87083e-05
0 0.315818 0.03 0.104009 0.06 2.87233e-05
0 0.449079 0.552 0.0422535 0.0933333 2.87495e-05
0 0.216414 0.266667 0.197725 0.533333 2.8754e-05
0 0.232394 0.485333 0.0530878 0.133333 2.8797e-05
0 0.116468 0.00533333 0.0552546 0.0106667 2.88019e-05
0 0.907096 0.449333 0.0471289 0.106667 2.8809e-05
0 0.0430661 0.638667 0.0861322 0.610667 2.88403e-05
0 0.461268 0.0606667 0.0471289 0.0706667 2.89079e-05
0 0.155742 0.570667 0.0547129 0.122667 2.89245e-05
0 0.920639 0.330667 0.0460455 0.114667 2.89352e-05
0 0.563109 0.148667 0.143554 0.297333 2.89731e-05
0 0.761105 0.394667 0.0650054 0.165333 2.89797e-05
0 0.24377 0.984667 0.0552546 0.0306667 2.91991e-05
0 0.468852 0.378 0.150054 0.574667 2.92381e-05
0 0.538462 0.96 0.0606717 0.08 2.9369e-05
0 0.906013 0.995333 0.0482123 0.00933333 2.95804e-05
0 0.573131 0.940667 0.0260022 0.0946667 2.95876e-05
0 0.405471 0 0.052546 0 2.97234e-05
0 0.544962 0.98 0.0249187 0.04 2.97242e-05
0 0.0501083 0.996 0.0536295 0.008 2.97254e-05
0 0.783044 0.640667 0.0471289 0.134667 2.98381e-05
0 0.46208 0.664 0.0942579 0.141333 2.99313e-05
0 0.453954 0.990667 0.0422535 0.0186667 3.0117e-05
0 0.0235645 0.886667 0.0297941 0.202667 3.015e-05
0 0.31961 0.528 0.0650054 0.141333 3.02518e-05
0 0.533044 0.981333 0.0249187 0.0373333 3.0522e-05
0 0.202871 0.964 0.0406284 0.0453333 3.06376e-05
0 0.769231 0.594 0.0617551 0.14 3.07183e-05
0 0.255688 0.936667 0.0379198 0.0866667 3.0781e-05
0 0.230498 0.936 0.0384615 0.096 3.09362e-05
0 0.794691 0.984 0.0400867 0.032 3.10617e-05
0 0.186078 0.0993333 0.0774648 0.198667 3.10882e-05
0 0.874594 0.0533333 0.0850488 0.0986667 3.1101e-05
0 0.83857 0.403333 0.0899242 0.222667 3.11028e-05
0 0.60455 0.502 0.110509 0.489333 3.12064e-05
0 0.925244 0.804667 0.0520043 0.108 3.13855e-05
0 0.670368 0.429333 0.0362947 0.258667 3.13868e-05
0 0.363489 0.982 0.0465872 0.036 3.1463e-05
0 0.712622 0.242 0.0731311 0.281333 3.14952e-05
0 0.720748 1 0.0590466 0 3.1721e-05
0 0.0189599 0.289333 0.0379198 0.141333 3.17437e-05
0 0.88299 0.454 0.0509209 0.116 3.17502e-05
0 0.483207 0.292 0.084507 0.186667 3.1814e-05
0 0.138678 0.645333 0.114843 0.378667 3.18591e-05
0 0.779794 0.350667 0.0211268 0.056 3.18732e-05
0 0.245666 0.453333 0.052546 0.125333 3.19961e-05
0 0.596425 0.544 0.0260022 0.056 3.20993e-05
0 0.709642 0.983333 0.056338 0.0333333 3.23433e-05
0 0.630282 0.09 0.0579632 0.132 3.23994e-05
0 0.459913 0.566 0.035753 0.068 3.24688e-05
0 0.437432 0.915333 0.0752979 0.121333 3.24757e-05
0 0.979415 0.102 0.0411701 0.0946667 3.25204e-05
0 0.865655 0.994667 0.0487541 0.0106667 3.25602e-05
0 0.636241 0.988 0.052546 0.024 3.25648e-05
0 0.286836 0.946667 0.0590466 0.106667 3.25655e-05
0 0.88299 0.57 0.0899242 0.3 3.28229e-05
0 0.866739 0.488 0.144095 0.549333 3.28244e-05
0 0.0162514 0.598 0.0325027 0.132 3.28628e-05
0 0.629198 0.888667 0.0828819 0.182667 3.29329e-05
0 0.673619 0.163333 0.0666305 0.134667 3.31028e-05
0 0.811484 0.536 0.056338 0.146667 3.32429e-05
0 0.45585 0.520667 0.0752979 0.225333 3.32614e-05
0 0.894095 0.168 0.0460455 0.112 3.32638e-05
0 0.661972 0.926667 0.020585 0.109333 3.32691e-05
0 0.508667 0.951333 0.0606717 0.0973333 3.3368e-05
0 0.339653 0.984 0.0411701 0.032 3.35303e-05
0 0.523835 0 0.0855905 0 3.3722e-05
0 0.142741 0.0546667 0.0514626 0.0853333 3.38113e-05
0 0.88299 0.11 0.0476706 0.092 3.3988e-05
0 0.368635 0.884 0.0417118 0.125333 3.40142e-05
0 0.38597 0.901333 0.0687974 0.189333 3.42632e-05
0 0.0176056 0.446667 0.0352113 0.125333 3.45192e-05
0 0.89572 0.325333 0.0449621 0.114667 3.45805e-05
0 0.419556 0.532667 0.103467 0.190667 3.46094e-05
0 0.587216 0.326667 0.0270856 0.048 3.46792e-05
0 0.400596 0.979333 0.0460455 0.0413333 3.4707e-05
0 0.205309 0.511333 0.0628386 0.132 3.49805e-05
0 0.866197 0.9 0.092091 0.136 3.50422e-05
0 0.89247 0.168667 0.126219 0.337333 3.5113e-05
0 0.756501 0.982667 0.0785482 0.0346667 3.51661e-05
0 0.783044 0.992 0.0438787 0.016 3.52206e-05
0 0.307151 0.942667 0.0574215 0.114667 3.52434e-05
0 0.557151 0.995333 0.0417118 0.00933333 3.53375e-05
0 0.229957 0 0.0536295 0 3.56939e-05
0 0.975623 0.418667 0.0260022 0.0586667 3.57324e-05
0 0.263272 0.888 0.0693391 0.181333 3.57609e-05
0 0.668202 0.032 0.0341278 0.0586667 3.57803e-05
0 0.0167931 0.66 0.0335861 0.138667 3.5906e-05
0 0.190953 0.932 0.0427952 0.0906667 3.61591e-05
0 0.909263 0.517333 0.0915493 0.186667 3.61625e-05
0 0.479686 0.992 0.039545 0.016 3.61901e-05
0 0.373781 0.99 0.0530878 0.02 3.61997e-05
0 0.0988624 0.0533333 0.0904659 0.0933333 3.633e-05
0 0.469935 0.939333 0.0373781 0.0893333 3.67135e-05
0 0.382178 0.108667 0.0872156 0.217333 3.6736e-05
0 0.280336 0.182667 0.134886 0.365333 3.67769e-05
0 0.839112 0.956 0.100758 0.088 3.68988e-05
0 0.00650054 0.753333 0.0130011 0.144 3.6931e-05
0 0.669556 0.936667 0.0314193 0.126667 3.69345e-05
0 0.0102925 0.038 0.0184182 0.076 3.70371e-05
0 0.222102 0.82 0.162514 0.36 3.71223e-05
0 0.112405 1 0.052546 0 3.71421e-05
0 0.634886 0.951333 0.0595883 0.0973333 3.71849e-05
0 0.305796 0.778667 0.102384 0.304 3.71897e-05
0 0.363489 0.0386667 0.0953413 0.0773333 3.73275e-05
0 0.371614 0.664667 0.0888407 0.169333 3.73884e-05
0 0.530065 0.664 0.0742145 0.168 3.74267e-05
0 0.963976 0.0426667 0.0687974 0.0853333 3.74788e-05
0 0.542253 0 0.0520043 0 3.75294e-05
0 0.207476 0.282 0.131094 0.321333 3.76265e-05
0 0.026273 0.976 0.052546 0.048 3.76869e-05
0 0.803359 0.881333 0.0249187 0.0373333 3.81306e-05
0 0.105634 0.412667 0.16468 0.361333 3.81324e-05
0 0.894908 0.945333 0.0964247 0.109333 3.8344e-05
0 0.615655 0.588667 0.0265439 0.0653333 3.86034e-05
0 0.0506501 0.00266667 0.0568797 0.00533333 3.89373e-05
0 0.804442 0.882 0.0108342 0.028 3.90736e-05
0 0.800379 0.895333 0.0178765 0.0386667 3.92127e-05
0 0.967768 0 0.0492958 0 3.92672e-05
0 0.969935 0.918667 0.0471289 0.162667 3.94999e-05
0 0.318797 0 0.052546 0 3.95009e-05
0 0.342362 0.0673333 0.0812568 0.134667 3.95252e-05
0 0.0092091 0.0633333 0.0140845 0.113333 3.95358e-05
0 0.355634 0.411333 0.0937161 0.297333 3.95598e-05
0 0.91766 0 0.0509209 0 3.96168e-05
0 0.920639 0.171333 0.0406284 0.108 3.96241e-05
0 0.300379 0.988 0.0709642 0.024 3.96795e-05
0 0.97454 0.448667 0.0325027 0.0813333 3.9691e-05
0 0.0170639 0.537333 0.0341278 0.136 3.97743e-05
0 0.413055 0.104667 0.0828819 0.156 3.99922e-05
0 0.60428 1 0.0417118 0 4.00705e-05
0 0.166576 0.066 0.0893824 0.132 4.01145e-05
0 0.35753 0.211333 0.100758 0.310667 4.05459e-05
0 0.441224 0.540667 0.0807151 0.121333 4.06236e-05
0 0.0287107 0.404 0.0574215 0.242667 4.06298e-05
0 0.840466 0.142 0.0752979 0.249333 4.0689e-05
0 0.315276 0.986 0.0444204 0.028 4.0741e-05
0 0.921181 0.0146667 0.0492958 0.0293333 4.07718e-05
0 0.453954 0 0.0530878 0 4.07761e-05
0 0.586403 0.987333 0.067714 0.0253333 4.09298e-05
0 0.426327 0.983333 0.0433369 0.0333333 4.09783e-05
0 0.98104 0.034 0.028169 0.068 4.11433e-05
0 0.671723 0.966667 0.0303359 0.0533333 4.12208e-05
0 0.265439 0.990667 0.0433369 0.0186667 4.1247e-05
0 0.0181473 0.233333 0.0362947 0.146667 4.15627e-05
0 0.281961 0.0186667 0.0471289 0.0373333 4.16482e-05
0 0.94312 0.0393333 0.0628386 0.0786667 4.16999e-05
0 0.958559 0.992 0.0427952 0.016 4.19282e-05
0 0.787107 0.544 0.063922 0.133333 4.20636e-05
0 0.527898 1 0.0406284 0 4.21109e-05
0 0.21506 0.992 0.0455038 0.016 4.21741e-05
0 0.978602 0.254 0.0146262 0.0733333 4.22209e-05
0 0.380011 0.472 0.111051 0.258667 4.2249e-05
0 0.56636 0.956667 0.0449621 0.0866667 4.2306e-05
0 0.0836945 0.540667 0.103467 0.268 4.24153e-05
0 0.978602 0.561333 0.0189599 0.064 4.24824e-05
0 0.814735 0.396 0.071506 0.146667 4.25735e-05
0 0.713705 0.05 0.0612134 0.1 4.26001e-05
0 0.194475 0.791333 0.0780065 0.182667 4.2601e-05
0 0.566901 0 0.052546 0 4.26847e-05
0 0.608613 0.0753333 0.0427952 0.1 4.27558e-05
0 0.837216 0.583333 0.0915493 0.161333 4.27759e-05
0 0.471831 0.462667 0.0487541 0.213333 4.2794e-05
0 0.561755 0.0793333 0.0877573 0.124 4.31198e-05
0 0.519772 0.899333 0.0731311 0.169333 4.31717e-05
0 0.0100217 0.906667 0.0200433 0.186667 4.32131e-05
0 0.469122 0.179333 0.0509209 0.118667 4.33994e-05
0 0.0216685 0.144 0.0260022 0.234667 4.35594e-05
0 0.708288 0.386 0.0698808 0.158667 4.38648e-05
0 0.235645 0.892 0.0790899 0.176 4.40114e-05
0 0.480769 0.289333 0.117551 0.314667 4.40131e-05
0 0.50623 0.993333 0.0406284 0.0133333 4.40389e-05
0 0.821235 0.358667 0.0390032 0.0773333 4.41464e-05
0 0.770585 0.984 0.0536295 0.032 4.42541e-05
0 0.59182 0.929333 0.0308776 0.0906667 4.4282e-05
0 0.83559 0.282 0.0622969 0.158667 4.44113e-05
0 0.0869447 1 0.0547129 0 4.45501e-05
0 0.517606 0 0.052546 0 4.48239e-05
0 0.701246 0.924 0.0698808 0.152 4.48445e-05
0 0.280065 0 0.0541712 0 4.49676e-05
0 0.385699 0.00933333 0.0704225 0.0186667 4.50002e-05
0 0.259751 0.296667 0.108884 0.174667 4.50314e-05
0 0.255688 0 0.0541712 0 4.5163e-05
0 0.203413 0 0.0557963 0 4.51983e-05
0 0.233207 0.795333 0.0807151 0.158667 4.52069e-05
0 0.940953 0.457333 0.0823402 0.152 4.5226e-05
0 0.058234 0.117333 0.116468 0.234667 4.5249e-05
0 0.598592 0.578667 0.0379198 0.0986667 4.53228e-05
0 0.967497 0.781333 0.0574215 0.314667 4.53299e-05
0 0.0325027 0.0986667 0.0650054 0.168 4.54719e-05
0 0.788732 0.999333 0.0758397 0.00133333 4.55524e-05
0 0.351029 0.994 0.056338 0.012 4.56614e-05
0 0.920639 0.827333 0.13597 0.345333 4.5787e-05
0 0.153304 0 0.056338 0 4.58766e-05
0 0.93662 0.958 0.0910076 0.084 4.58997e-05
0 0.954225 1 0.0460455 0 4.59973e-05
0 0.755146 0.452 0.0151679 0.0373333 4.60587e-05
0 0.0176056 0.386667 0.0352113 0.136 4.61766e-05
0 0.124323 0.624 0.209642 0.504 4.6321e-05
0 0.896262 1 0.0687974 0 4.63245e-05
0 0.15493 0.0166667 0.0509209 0.0333333 4.63918e-05
0 0.492145 0 0.052546 0 4.64429e-05
0 0.842362 0 0.0520043 0 4.65232e-05
0 0.285211 0.867333 0.0763814 0.265333 4.65268e-05
0 0.935536 0.284 0.0866739 0.149333 4.68358e-05
0 0.886511 0.275333 0.0839653 0.230667 4.68882e-05
0 0.266793 0.409333 0.167389 0.632 4.69323e-05
0 0.366197 0.725333 0.102925 0.197333 4.6972e-05
0 0.81636 0 0.0520043 0 4.70406e-05
0 0.213976 0.354 0.111593 0.158667 4.71562e-05
0 0.213705 0.114 0.112134 0.228 4.71835e-05
0 0.661159 0.0373333 0.0590466 0.0746667 4.71968e-05
0 0.901138 0.806 0.0362947 0.0786667 4.72024e-05
0 0.257313 0.018 0.0465872 0.036 4.74498e-05
0 0.660347 0.973333 0.0260022 0.0346667 4.77207e-05
0 0.311213 0.358667 0.0969664 0.176 4.77975e-05
0 0.326923 0.995333 0.0568797 0.00933333 4.80765e-05
0 0.347508 0.139333 0.06013 0.222667 4.81437e-05
0 0.92091 0.128 0.0379198 0.106667 4.84924e-05
0 0.786836 0.234 0.0276273 0.0333333 4.86477e-05
0 0.413868 0.744667 0.111593 0.204 4.86925e-05
0 0.335861 0.420667 0.0866739 0.188 4.87516e-05
0 0.178765 0.458 0.0704225 0.134667 4.88532e-05
0 0.382449 0.915333 0.0422535 0.129333 4.92213e-05
0 0.543608 0.994 0.0406284 0.012 4.92956e-05
0 0.00893824 0.819333 0.0178765 0.257333 4.95865e-05
0 0.141658 0.022 0.052546 0.044 4.96336e-05
0 0.380282 0.000666667 0.0498375 0.00133333 4.9864e-05
0 0.931744 0.197333 0.0780065 0.264 4.9953e-05
0 0.790899 0.0366667 0.0910076 0.0733333 5.00634e-05
0 0.480769 0.972667 0.031961 0.0386667 5.00795e-05
0 0.503792 1 0.0400867 0 5.03295e-05
0 0.886511 0.0586667 0.0417118 0.0746667 5.03427e-05
0 0.961268 0.0726667 0.0287107 0.0413333 5.04432e-05
0 0.397346 0.988667 0.0590466 0.0226667 5.06e-05
0 0.437703 0.0373333 0.0780065 0.0746667 5.06033e-05
0 0.0912784 0.0253333 0.138137 0.0506667 5.08283e-05
0 0.812839 0.145333 0.067714 0.258667 5.09386e-05
0 0.790899 0.59 0.0455038 0.113333 5.09806e-05
0 0.703142 0 0.0530878 0 5.11427e-05
0 0.550921 0.709333 0.0628386 0.224 5.12183e-05
0 0.827465 0.0626667 0.0547129 0.0613333 5.13421e-05
0 0.478061 1 0.039545 0 5.13446e-05
0 0.234832 0.388667 0.0622969 0.121333 5.13767e-05
0 0.607801 0.0666667 0.0704225 0.133333 5.15013e-05
0 0.0295233 0.064 0.0503792 0.112 5.15941e-05
0 0.938245 0.396 0.0595883 0.149333 5.1634e-05
0 0.75 0.201333 0.0893824 0.114667 5.16349e-05
0 0.292795 0.936667 0.0297941 0.0946667 5.16948e-05
0 0.464518 0.00666667 0.0709642 0.0133333 5.19775e-05
0 0.0184182 0.664667 0.0325027 0.289333 5.21071e-05
0 0.863218 0.281333 0.0861322 0.165333 5.21698e-05
0 0.475623 0.460667 0.0877573 0.265333 5.23055e-05
0 0.0325027 0.957333 0.0650054 0.0853333 5.23453e-05
0 0.903304 0.866667 0.0254605 0.117333 5.29105e-05
0 0.612405 0.99 0.0774648 0.02 5.29463e-05
0 0.486186 0.986667 0.0666305 0.0266667 5.31655e-05
0 0.982936 0.906 0.0189599 0.113333 5.32283e-05
0 0.897616 0 0.0812568 0 5.33244e-05
0 0.0200433 0.388667 0.0216685 0.270667 5.34071e-05
0 0.713705 0.953333 0.0557963 0.0666667 5.34074e-05
0 0.217226 0.635333 0.434453 0.729333 5.38543e-05
0 0.182015 0.0493333 0.0509209 0.072 5.40455e-05
0 0.932286 0.995333 0.0498375 0.00933333 5.42769e-05
0 0.631907 0.994667 0.0406284 0.0106667 5.44572e-05
0 0.468581 0.554667 0.0368364 0.101333 5.46471e-05
0 0.753521 0.420667 0.020585 0.0866667 5.46547e-05
0 0.636511 0.986667 0.0758397 0.0266667 5.48772e-05
0 0.260834 0.946 0.0666305 0.108 5.49159e-05
0 0.741333 0 0.052546 0 5.49806e-05
0 0.0652763 0.736667 0.130553 0.526667 5.54004e-05
0 0.342362 0.00133333 0.0520043 0.00266667 5.56697e-05
0 0.629198 1 0.0406284 0 5.57148e-05
0 0.670639 0.976667 0.0195016 0.044 5.57242e-05
0 0.976165 0.385333 0.0335861 0.0906667 5.59323e-05
0 0.739707 0.046 0.0763814 0.092 5.60292e-05
0 0.579902 1 0.0427952 0 5.65088e-05
0 0.538462 0.988667 0.0671723 0.0226667 5.6908e-05
0 0.661159 0.943333 0.0157096 0.0653333 5.69415e-05
0 0.00595883 0.692 0.0119177 0.136 5.71336e-05
0 0.137866 1 0.0514626 0 5.71464e-05
0 0.363218 0.994667 0.0438787 0.0106667 5.71574e-05
0 0.244312 0.664 0.0866739 0.157333 5.71913e-05
0 0.554713 1 0.0433369 0 5.72889e-05
0 0.0189599 0.913333 0.0335861 0.101333 5.73391e-05
0 0.97779 0.726667 0.0173348 0.0373333 5.73867e-05
0 0.240791 0.992667 0.0460455 0.0146667 5.75713e-05
0 0.413326 0.65 0.153846 0.425333 5.80603e-05
0 0.00731311 0.912 0.00704225 0.12 5.81236e-05
0 0.0498375 1 0.0552546 0 5.82469e-05
0 0.352654 0 0.0541712 0 5.83875e-05
0 0.835049 0.339333 0.0796316 0.137333 5.85179e-05
0 0.400596 0.995333 0.0460455 0.00933333 5.89597e-05
0 0.176056 1 0.0487541 0 5.8961e-05
0 0.359697 0.0846667 0.0790899 0.153333 5.93573e-05
0 0.904388 0.806 0.0893824 0.308 6.02938e-05
0 0.437703 0.00666667 0.0704225 0.0133333 6.04619e-05
0 0.59805 0.0293333 0.0444204 0.0506667 6.06762e-05
0 0.766793 0.992 0.039545 0.016 6.0926e-05
0 0.23429 0.352667 0.109967 0.270667 6.10356e-05
0 0.418472 0.804667 0.154388 0.390667 6.13296e-05
0 0.334507 0.0933333 0.06013 0.186667 6.23036e-05
0 0.843987 0.469333 0.0964247 0.154667 6.2757e-05
0 0.692037 0.975333 0.0720477 0.0493333 6.33836e-05
0 0.442579 0.112 0.0855905 0.149333 6.39225e-05
0 0.210726 0.943333 0.0682557 0.113333 6.39734e-05
0 0.892199 0 0.0520043 0 6.42182e-05
0 0.418202 0.881333 0.0910076 0.176 6.42199e-05
0 0.00785482 0.116667 0.0157096 0.145333 6.42646e-05
0 0.700433 0.997333 0.0682557 0.00533333 6.42685e-05
0 0.660888 0.987333 0.0487541 0.0253333 6.42729e-05
0 0.68987 0.172667 0.0276273 0.110667 6.44068e-05
0 0.423077 0.992667 0.0585049 0.0146667 6.44606e-05
0 0.281419 0.350667 0.116468 0.274667 6.45566e-05
0 0.90818 0.406 0.0872156 0.150667 6.45669e-05
0 0.665493 0.984 0.067714 0.032 6.45888e-05
0 0.0390032 0.998667 0.0552546 0.00266667 6.46689e-05
0 0.178223 0 0.056338 0 6.48521e-05
0 0.841549 0.996667 0.0514626 0.00666667 6.48711e-05
0 0.290899 0.99 0.0411701 0.02 6.49895e-05
0 0.668202 0.941333 0.0157096 0.0933333 6.50175e-05
0 0.311213 0.207333 0.0449621 0.118667 6.51859e-05
0 0.469393 0.796 0.163055 0.408 6.51909e-05
0 0.98104 0.0393333 0.0379198 0.0786667 6.51919e-05
0 0.653575 0 0.0536295 0 6.54515e-05
0 0.71533 0.006 0.0666305 0.012 6.55102e-05
0 0.861593 0.51 0.105634 0.26 6.57498e-05
0 0.908722 0.282 0.0633803 0.164 6.61124e-05
0 0.591278 0 0.0536295 0 6.63561e-05
0 0.89247 1 0.0482123 0 6.71097e-05
0 0.208017 0.881333 0.101842 0.237333 6.74192e-05
0 0.864843 0.201333 0.0763814 0.266667 6.80001e-05
0 0.358884 0.876667 0.0817985 0.188 6.80058e-05
0 0.113759 0.993333 0.102925 0.0133333 6.80475e-05
0 0.686349 0.038 0.0758397 0.076 6.81649e-05
0 0.971831 0.781333 0.0379198 0.176 6.82668e-05
0 0.872156 0.146667 0.0487541 0.12 6.84868e-05
0 0.790358 0 0.0530878 0 6.85035e-05
0 0.838028 0.00933333 0.0628386 0.0186667 6.85042e-05
0 0.604009 0.922 0.0119177 0.0226667 6.87331e-05
0 0.76598 0 0.0530878 0 6.88081e-05
0 0.235374 0.941333 0.0698808 0.117333 6.88694e-05
0 0.112947 0 0.0557963 0 6.9142e-05
0 0.378115 0 0.0541712 0 6.97759e-05
0 0.0617551 0.462667 0.12351 0.285333 7.01126e-05
0 0.444475 0.912667 0.0352113 0.092 7.01917e-05
0 0.25948 0.360667 0.108342 0.158667 7.04141e-05
0 0.91143 0.207333 0.0763814 0.182667 7.05757e-05
0 0.850488 0.0586667 0.035753 0.0453333 7.10585e-05
0 0.643554 0.992667 0.0390032 0.0146667 7.10695e-05
0 0.596966 0.546 0.0346696 0.305333 7.11514e-05
0 0.812297 0.00666667 0.0655471 0.0133333 7.16584e-05
0 0.930661 1 0.0520043 0 7.19081e-05
0 0.0820693 0.507333 0.164139 0.662667 7.21017e-05
0 0.0121885 0.016 0.024377 0.032 7.23352e-05
0 0.0105634 0.174 0.0200433 0.230667 7.25666e-05
0 0.988353 0.0806667 0.0232936 0.0893333 7.34712e-05
0 0.0251896 0.658667 0.0503792 0.434667 7.35061e-05
0 0.36078 0.804667 0.138678 0.390667 7.40072e-05
0 0.338841 0.996667 0.0427952 0.00666667 7.42868e-05
0 0.965601 0.0933333 0.052546 0.186667 7.43273e-05
0 0.677952 0 0.0536295 0 7.45692e-05
0 0.0598592 0.272 0.119718 0.424 7.46056e-05
0 0.591549 0.084 0.0606717 0.128 7.47444e-05
0 0.176869 0.518 0.0720477 0.124 7.53205e-05
0 0.665764 0.89 0.028169 0.129333 7.53464e-05
0 0.33234 0.914667 0.0471289 0.128 7.55768e-05
0 0.0148971 0.101333 0.0287107 0.192 7.62002e-05
0 0.795504 0.994667 0.0482123 0.0106667 7.63729e-05
0 0.6961 0.988 0.0444204 0.024 7.66999e-05
0 0.0371073 0.413333 0.0742145 0.464 7.71885e-05
0 0.4526 1 0.0417118 0 7.72001e-05
0 0.188787 0.991333 0.0752979 0.0173333 7.74027e-05
0 0.209372 0.46 0.0503792 0.128 7.74222e-05
0 0.941224 0.343333 0.0698808 0.137333 7.75839e-05
0 0.700704 0.160667 0.0427952 0.145333 7.8327e-05
0 0.736728 0.948667 0.0682557 0.102667 7.84555e-05
0 0.615926 0 0.0541712 0 7.84563e-05
0 0.343987 0.526667 0.0476706 0.130667 7.92753e-05
0 0.675244 0.998667 0.0687974 0.00266667 7.95875e-05
0 0.426056 0.998 0.0438787 0.004 7.96663e-05
0 0.559047 0.694 0.0520043 0.118667 8.03889e-05
0 0.683099 0.991333 0.0390032 0.0173333 8.05378e-05
0 0.765168 0.00533333 0.0655471 0.0106667 8.1212e-05
0 0.484832 0.0386667 0.0790899 0.0773333 8.19016e-05
0 0.428494 0 0.0541712 0 8.19444e-05
0 0.18662 0.939333 0.0731311 0.121333 8.23414e-05
0 0.900054 0.87 0.0438787 0.185333 8.27419e-05
0 0.94935 0.871333 0.0590466 0.145333 8.28131e-05
0 0.00893824 0.36 0.0178765 0.141333 8.28775e-05
0 0.971831 0.998667 0.056338 0.00266667 8.31603e-05
0 0.00975081 0.262667 0.0195016 0.141333 8.31853e-05
0 0.459913 0.523333 0.0400867 0.132 8.37546e-05
0 0.381365 0.61 0.124594 0.14 8.38887e-05
0 0.883803 0.203333 0.0633803 0.198667 8.45485e-05
0 0.416035 0.439333 0.711809 0.878667 8.45665e-05
0 0.327736 0 0.0552546 0 8.46013e-05
0 0.0292524 0.032 0.0520043 0.064 8.49145e-05
0 0.677952 0.418 0.0200433 0.0493333 8.51707e-05
0 0.688245 0.004 0.067714 0.008 8.59558e-05
0 0.693391 1 0.0433369 0 8.61702e-05
0 0.843445 0.046 0.0368364 0.0653333 8.63279e-05
0 0.561755 0.993333 0.0834236 0.0133333 8.68154e-05
0 0.289816 0.0213333 0.092091 0.0426667 8.68516e-05
0 0.065818 0.99 0.0742145 0.02 8.69136e-05
0 0.410618 0.032 0.0801734 0.064 8.70634e-05
0 0.808776 0.586667 0.0303359 0.0746667 8.71552e-05
0 0.611863 0.584667 0.00812568 0.0493333 8.72383e-05
0 0.402763 0 0.0547129 0 8.72702e-05
0 0.600488 0.507333 0.0557963 0.166667 8.75159e-05
0 0.988353 0.828667 0.0232936 0.0893333 8.79901e-05
0 0.866197 0.424 0.106176 0.141333 8.84903e-05
0 0.867551 0 0.052546 0 8.87245e-05
0 0.457205 0.892667 0.109426 0.182667 8.87904e-05
0 0.761105 0.999333 0.0693391 0.00133333 8.88763e-05
0 0.0192308 0.167333 0.0384615 0.334667 8.89471e-05
0 0.72156 0.212 0.0704225 0.0826667 8.93826e-05
0 0.262459 0.002 0.0817985 0.004 8.96722e-05
0 0.410347 0.655333 0.107801 0.18 9.06874e-05
0 0.638949 0.00733333 0.0731311 0.0146667 9.08305e-05
0 0.730228 1 0.0487541 0 9.10892e-05
0 0.314464 0.999333 0.0438787 0.00133333 9.11681e-05
0 0.590466 0.01 0.0693391 0.02 9.27294e-05
0 0.533044 0.0113333 0.0509209 0.0226667 9.29428e-05
0 0.983207 0.717333 0.0184182 0.048 9.30509e-05
0 0.968852 1 0.039545 0 9.35469e-05
0 0.667389 1 0.0422535 0 9.48042e-05
0 0.45558 0.992 0.0671723 0.016 9.53696e-05
0 0.865114 1 0.0498375 0 9.59754e-05
0 0.656826 0.993333 0.0384615 0.0133333 9.60518e-05
0 0.910618 0.34 0.0801734 0.149333 9.70343e-05
0 0.465872 0.0733333 0.020585 0.04 9.72692e-05
0 0.310943 0.481333 0.092091 0.272 9.85046e-05
0 0.285753 0.47 0.112134 0.172 9.8556e-05
0 0.931203 0.0226667 0.0801734 0.0453333 9.86438e-05
0 0.212351 0.0206667 0.106176 0.0413333 9.92601e-05
0 0.179848 0.0173333 0.0520043 0.0346667 9.93789e-05
0 0.264085 0.991333 0.0720477 0.0173333 9.99089e-05
0 0.0869447 0 0.0557963 0 0.000100119
0 0.393554 0.024 0.0666305 0.048 0.000100383
0 0.511647 0.993333 0.0752979 0.0133333 0.000100401
0 0.0295233 0.872 0.0590466 0.256 0.00010064
0 0.979144 0.252 0.0167931 0.0346667 0.000100767
0 0.989437 0.702667 0.0211268 0.154667 0.000100934
0 0.352384 0.538 0.100217 0.150667 0.000101341
0 0.353467 0.630667 0.126219 0.354667 0.000102004
0 0.97156 0.358 0.0330444 0.0813333 0.0001029
0 0.230228 0.450667 0.460455 0.901333 0.000104306
0 0.214518 1 0.0476706 0 0.000104656
0 0.913326 0.132 0.0509209 0.189333 0.00010472
0 0.0135428 0.768667 0.0238353 0.3 0.000104742
0 0.964247 0.0126667 0.0671723 0.0253333 0.00010519
0 0.0360238 0.0626667 0.0720477 0.125333 0.000105471
0 0.169285 0.423333 0.210726 0.596 0.000105533
0 0.598592 0.542 0.0314193 0.116 0.000106413
0 0.305525 0.998667 0.0650054 0.00266667 0.00010658
0 0.479144 0.924 0.0850488 0.152 0.000107439
0 0.470748 0.072 0.0173348 0.0293333 0.000107493
0 0.265168 1 0.0449621 0 0.000108489
0 0.984561 0.721333 0.00704225 0.04 0.00010851
0 0.208559 0.766 0.127844 0.284 0.000108762
0 0.0186891 0.786 0.0373781 0.428 0.000109491
0 0.520856 0.0653333 0.0817985 0.130667 0.000109524
0 0.850758 0.066 0.0763814 0.132 0.000109769
0 0.738353 0 0.0823402 0 0.000110677
0 0.490249 0.002 0.0866739 0.004 0.000111084
0 0.793608 1 0.0465872 0 0.000111435
0 0.283586 0.999333 0.0666305 0.00133333 0.000113769
0 0.332882 0.850667 0.108884 0.290667 0.00011523
0 0.00785482 0.992667 0.0157096 0.0146667 0.000118092
0 0.0341278 0.215333 0.0682557 0.404 0.000119282
0 0.97779 0.0713333 0.0379198 0.142667 0.000119563
0 0.51571 0.5 0.79415 1 0.000120068
0 0.979144 0.941333 0.0362947 0.117333 0.000120256
0 0.981311 0.012 0.0373781 0.024 0.000120456
0 0.950163 0.0773333 0.0595883 0.130667 0.000121419
0 0.97779 0.708 0.0314193 0.133333 0.000121964
0 0.739978 0.894 0.105092 0.212 0.000122838
0 0.669014 0.991333 0.035753 0.0173333 0.000123604
0 0.138678 0 0.056338 0 0.00012486
0 0.599675 0.578 0.0227519 0.0546667 0.000124878
0 0.751625 1 0.0460455 0 0.000125199
0 0.332882 0.491333 0.0796316 0.164 0.000125441
0 0.240249 1 0.0471289 0 0.000125861
0 0.601571 0.93 0.0211268 0.0306667 0.000126329
0 0.302004 0 0.0557963 0 0.000126388
0 0.988082 0.118667 0.0184182 0.096 0.000126854
0 0.407638 0.916667 0.0482123 0.124 0.000127303
0 0.185807 0.024 0.0866739 0.048 0.000127336
0 0.703684 0.838 0.0552546 0.158667 0.000127451
0 0.290087 1 0.0438787 0 0.000128813
0 0.261376 0.777333 0.0915493 0.264 0.000130676
0 0.0140845 0.463333 0.028169 0.249333 0.00013112
0 0.982936 0.308 0.0211268 0.138667 0.000131755
0 0.286836 0.638 0.0655471 0.145333 0.000132517
0 0.787649 0 0.0834236 0 0.000133227
0 0.158451 0.628 0.0763814 0.186667 0.000135174
0 0.893554 0.994 0.118635 0.012 0.000135181
0 0.900867 0.072 0.0379198 0.0666667 0.000135268
0 0.238895 0 0.0552546 0 0.000135412
0 0.86403 0.00666667 0.0855905 0.0133333 0.000137517
0 0.730769 0.984 0.0520043 0.0293333 0.000138168
0 0.233207 0.004 0.0731311 0.008 0.000139517
0 0.560943 0.01 0.0828819 0.02 0.00014002
0 0.276815 0 0.0552546 0 0.000140365
0 0.862134 1 0.0828819 0 0.000140434
0 0.158722 0.489333 0.124594 0.256 0.000141436
0 0.177681 0.627333 0.355363 0.745333 0.00014186
0 0.143824 0.402 0.287649 0.804 0.000143206
0 0.158451 1 0.0850488 0 0.000144026
0 0.293066 0.146 0.0953413 0.262667 0.000144627
0 0.0184182 0.292667 0.0368364 0.385333 0.000147957
0 0.827465 0.09 0.0752979 0.121333 0.000148002
0 0.97779 0.217333 0.0411701 0.232 0.000148026
0 0.213434 0 0.0552546 0 0.00014878
0 0.98727 0.00133333 0.0254605 0.00266667 0.000149051
0 0.739437 0.205333 0.107259 0.293333 0.00014996
0 0.0617551 0 0.056338 0 0.000150468
0 0.00785482 0.631333 0.0157096 0.148 0.000150672
0 0.454496 0.940667 0.0704225 0.118667 0.000152445
0 0.978332 0.573333 0.0130011 0.0346667 0.000153945
0 0.00731311 0.569333 0.0146262 0.146667 0.000154133
0 0.37649 0.0333333 0.0509209 0.0666667 0.000155183
0 0.990249 0.794667 0.0173348 0.104 0.000156257
0 0.0124594 0.261333 0.020585 0.245333 0.000156709
0 0.840195 1 0.0520043 0 0.000157096
0 0.865655 0.0953333 0.0942579 0.113333 0.000157239
0 0.989978 0.0313333 0.0189599 0.0626667 0.000158477
0 0.41143 0 0.0915493 0 0.000158509
0 0.663868 0 0.0839653 0 0.000158676
0 0.983478 0.766667 0.0330444 0.258667 0.000160919
0 0.155471 0.537333 0.0758397 0.122667 0.000161642
0 0.00812568 0.419333 0.0162514 0.145333 0.000162031
0 0.971018 0.968 0.024377 0.0506667 0.000162655
0 0.36403 0.0173333 0.0758397 0.0346667 0.000163252
0 0.71831 0.966667 0.0758397 0.0666667 0.000163774
0 0.611593 0.006 0.0812568 0.012 0.00016402
0 0.68987 0.836 0.0926327 0.32 0.000165068
0 0.283586 0.00466667 0.0720477 0.00933333 0.000166624
0 0.00812568 0.508667 0.0162514 0.145333 0.000166783
0 0.135428 0.026 0.112676 0.052 0.000167961
0 0.163597 0 0.056338 0 0.000169021
0 0.212893 0.428667 0.099675 0.156 0.000169333
0 0.551463 0.0406667 0.0780065 0.0813333 0.000170592
0 0.625135 0.0393333 0.0725894 0.0786667 0.000170646
0 0.0192308 0.988667 0.0384615 0.0226667 0.000172648
0 0.386782 0.00466667 0.092091 0.00933333 0.000173993
0 0.98402 0.879333 0.031961 0.212 0.000174897
0 0.211268 0.002 0.0910076 0.004 0.00017536
0 0.321777 0.026 0.0834236 0.052 0.000176443
0 0.990249 0.952667 0.0173348 0.0946667 0.000177847
0 0.114843 0.0133333 0.105092 0.0266667 0.000177963
0 0.257042 0.422 0.105634 0.156 0.000179003
0 0.989437 0.0153333 0.0211268 0.0306667 0.00017972
0 0.818527 0.997333 0.0520043 0.00533333 0.00017976
0 0.884345 0.466 0.0915493 0.153333 0.00017998
0 0.986457 0.54 0.0270856 0.24 0.000180175
0 0.0208559 0.999333 0.0417118 0.00133333 0.000182808
0 0.0176056 0.048 0.0352113 0.096 0.000183163
0 0.375406 0.916 0.104009 0.168 0.000183363
0 0.610238 0.588 0.00487541 0.04 0.000184418
0 0.234832 0.998667 0.0752979 0.00266667 0.000186799
0 0.315547 0.772 0.157638 0.456 0.000187453
0 0.260834 0.597333 0.126219 0.178667 0.000190484
0 0.812026 0.993333 0.0790899 0.0133333 0.000190799
0 0.836674 0.997333 0.0839653 0.00533333 0.000191124
0 0.248375 0.137333 0.095883 0.168 0.000192176
0 0.305525 0.684 0.0541712 0.096 0.000194263
0 0.938245 0.127333 0.0725894 0.161333 0.00019687
0 0.193933 0.697333 0.0877573 0.226667 0.000197448
0 0.187974 0 0.056338 0 0.000198207
0 0.270585 0.814667 0.0536295 0.16 0.000204856
0 0.280065 0.696667 0.0855905 0.185333 0.000205077
0 0.988895 0.062 0.0189599 0.068 0.000205106
0 0.894366 0.0793333 0.0660888 0.148 0.000205935
0 0.710184 0.516 0.579632 0.968 0.000210567
0 0.599946 0.0426667 0.0687974 0.0826667 0.000217283
0 0.966143 0.981333 0.0211268 0.024 0.000219262
0 0.324485 0.912 0.084507 0.176 0.0002203
0 0.0853196 1 0.118635 0 0.000221118
0 0.321777 0.0206667 0.0444204 0.0413333 0.000221538
0 0.0176056 0.547333 0.0352113 0.353333 0.000222457
0 0.99052 0.722 0.0189599 0.0466667 0.000225023
0 0.972102 0.140667 0.0471289 0.182667 0.000225187
0 0.0100217 1 0.0200433 0 0.000225279
0 0.925244 1 0.0910076 0 0.000225722
0 0.989707 0.718 0.00650054 0.0706667 0.000226037
0 0.711809 0.165333 0.0509209 0.096 0.0002274
0 0.262459 0.524 0.116468 0.221333 0.000234796
0 0.183099 0.596667 0.106176 0.217333 0.000235129
0 0.523294 0.0406667 0.0606717 0.068 0.000235246
0 0.0105634 0.418667 0.0178765 0.242667 0.000237536
0 0.346966 0.629333 0.0926327 0.165333 0.000239178
0 0.533586 0.052 0.0725894 0.104 0.000244573
0 0.169556 0.02 0.0975081 0.04 0.000251923
0 0.195558 0.00533333 0.0758397 0.0106667 0.000253551
0 0.972644 0.970667 0.0124594 0.04 0.000258843
0 0.120802 0.0346667 0.0725894 0.0693333 0.000263344
0 0.981853 0.584 0.0232936 0.064 0.000265431
0 0.67091 0.426667 0.0254605 0.0746667 0.000265527
0 0.98429 0.455333 0.0314193 0.273333 0.000270831
0 0.922806 0.894667 0.0633803 0.154667 0.000273463
0 0.988353 0.732 0.0102925 0.0506667 0.000273729
0 0.938245 0.992667 0.092091 0.0146667 0.000274836
0 0.0598592 0.024 0.113218 0.048 0.000281497
0 0.0669014 0.00533333 0.0785482 0.0106667 0.00028272
0 0.312026 0.000666667 0.104009 0.00133333 0.000282878
0 0.336132 0.0446667 0.0460455 0.06 0.000284488
0 0.610509 0.586667 0.0162514 0.0346667 0.00028605
0 0.174973 0.00533333 0.0931744 0.0106667 0.000286406
0 0.816901 1 0.0520043 0 0.000288225
0 0.330173 0.558667 0.0503792 0.114667 0.000288347
0 0.989166 0.48 0.0216685 0.146667 0.000290492
0 0.88597 0.147333 0.0796316 0.169333 0.000290636
0 0.317985 0.59 0.0595883 0.158667 0.000290973
0 0.752438 0.987333 0.0422535 0.0253333 0.000294253
0 0.986728 0.766667 0.0254605 0.146667 0.000300128
0 0.263272 0 0.118093 0 0.000303677
0 0.186078 0.486667 0.111051 0.168 0.000303968
0 0.221831 0.612667 0.0980498 0.174667 0.000304954
0 0.0278982 1 0.052546 0 0.000307916
0 0.97779 0.644 0.035753 0.178667 0.00030941
0 0.976977 0.452667 0.0384615 0.190667 0.000310462
0 0.980228 0.533333 0.039545 0.141333 0.000313703
0 0.421181 0.724667 0.510834 0.550667 0.000314488
0 0.337216 0.00733333 0.0926327 0.0146667 0.000316749
0 0.986999 0.640667 0.0260022 0.26 0.000319093
0 0.988624 0.908667 0.0227519 0.14 0.000326422
0 0.989166 0.978 0.0173348 0.044 0.000338762
0 0.21533 0.538 0.125135 0.169333 0.000340057
0 0.0119177 0.645333 0.0151679 0.264 0.000340606
0 0.650325 0.497333 0.69935 0.994667 0.000343133
0 0.0411701 0.996 0.0823402 0.008 0.000348248
0 0.516522 0.0146667 0.0807151 0.0293333 0.000356435
0 0.969935 0.985333 0.0460455 0.0293333 0.000360355
0 0.0278982 0.00733333 0.0557963 0.0146667 0.00036114
0 0.924973 0.0933333 0.0915493 0.186667 0.00037222
0 0.976436 0.867333 0.0200433 0.044 0.000372569
0 0.988895 0.913333 0.0146262 0.106667 0.000376818
0 0.552546 0.722667 0.0390032 0.0693333 0.000388605
0 0.0381907 0 0.0579632 0 0.000400846
0 0.825027 1 0.0801734 0 0.000409345
0 0.680932 0.71 0.6013 0.58 0.000414858
0 0.221018 0.523333 0.186349 0.478667 0.000418687
0 0.411972 0.716667 0.178223 0.566667 0.000430741
0 0.329632 0.5 0.659263 1 0.000433572
0 0.750542 0.966667 0.0427952 0.056 0.000435829
0 0.423348 0.918 0.108884 0.164 0.000441704
0 0.739437 0.939333 0.0552546 0.0733333 0.000442016
0 0.212351 0 0.132178 0 0.000447693
0 0.980228 0.216667 0.0341278 0.105333 0.000448763
0 0.0121885 0.522 0.0157096 0.270667 0.000449611
0 0.938787 0.0606667 0.0444204 0.0866667 0.00046571
0 0.988082 0.526 0.0195016 0.132 0.000479646
0 0.988353 1 0.0232936 0 0.000479852
0 0.988895 0.433333 0.0222102 0.12 0.000483077
0 0.978061 0.391333 0.0438787 0.148 0.000590289
0 0.97779 0.964667 0.0325027 0.0706667 0.000601371
0 0.209101 0.649333 0.136511 0.290667 0.000615159
0 0.923077 0.0906667 0.0465872 0.096 0.000643057
0 0.23402 0.486 0.107259 0.174667 0.000645649
0 0.16468 0.000666667 0.139762 0.00133333 0.000647756
0 0.989437 0.749333 0.0157096 0.0826667 0.000674138
0 0.849675 0.0533333 0.0709642 0.072 0.000676055
0 0.976706 0.869333 0.0303359 0.096 0.000689466
0 0.609155 0.042 0.0406284 0.0573333 0.000693175
0 0.358884 0.03 0.0568797 0.06 0.000695723
0 0.975894 0.0533333 0.0297941 0.0773333 0.000716372
0 0.803359 0.382 0.393283 0.764 0.000757555
0 0.982394 0.576667 0.0287107 0.121333 0.000768888
0 0.0858613 0.00133333 0.141387 0.00266667 0.000769654
0 0.985103 0.276667 0.0297941 0.118667 0.000769902
0 0.966414 0.0673333 0.0346696 0.0706667 0.000804523
0 0.312839 0.63 0.0969664 0.286667 0.00082676
0 0.319068 0.146667 0.0628386 0.205333 0.000838509
0 0.97454 0.982 0.0119177 0.0226667 0.000885108
0 0.989437 0.15 0.0211268 0.164 0.000897422
0 0.735374 0.169333 0.0557963 0.0773333 0.000906941
0 0.0230228 0 0.0460455 0 0.000975107
0 0.315547 0.528667 0.542253 0.942667 0.000988529
0 0.733478 0.972 0.063922 0.056 0.000998852
0 0.988895 0.985333 0.0222102 0.0293333 0.00101092
0 0.674702 0.893333 0.0330444 0.184 0.00103974
0 0.989166 0.563333 0.0173348 0.068 0.00117141
0 0.377573 0.026 0.0411701 0.0466667 0.00125697
0 0.977519 0.338667 0.039545 0.16 0.00125853
0 0.989707 0.641333 0.020585 0.157333 0.00135167
0 0.672806 0.428667 0.0173348 0.044 0.00148735
0 0.714518 0.878667 0.0585049 0.170667 0.00150362
0 0.903846 0.054 0.06013 0.084 0.00170224
0 0.974269 0.074 0.0254605 0.044 0.00178815
0 0.982123 0.984 0.0303359 0.032 0.00185264
0 0.342633 0.0293333 0.0449621 0.0506667 0.00185345
0 0.988624 0.58 0.0130011 0.0453333 0.00218603
0 0.0425244 0.00333333 0.0850488 0.00666667 0.00228065
0 0.987812 0.400667 0.0167931 0.0893333 0.00235246
0 0.988353 0.331333 0.0232936 0.174667 0.002443
0 0.535753 0.0266667 0.0650054 0.0533333 0.00260409
0 0.98402 0.865333 0.0254605 0.064 0.00314948
0 0.68987 0.875333 0.0557963 0.222667 0.00395321
0 0.86078 0.648 0.27844 0.704 0.00597943
0 0.837757 0.0673333 0.0373781 0.0386667 0.00609861
0 0.723456 0.324 0.390574 0.648 0.00703883
0 0.972914 0.07 0.0140845 0.0333333 0.00767164
0 0.985103 0.250667 0.0178765 0.0533333 0.00772464
0 0.973998 0.982 0.0173348 0.036 0.00869452
0 0.539545 0.036 0.0455038 0.0533333 0.0129459
0 0.309047 0.638667 0.067714 0.168 0.01623
0 0.72779 0.93 0.0872156 0.132 0.0168881
0 0.719935 0.798667 0.216685 0.402667 0.0245227
0 0.982936 0.864 0.0189599 0.0373333 0.0305938
0 0.921723 0.058 0.0406284 0.0946667 0.180166
0 0.72481 0.173333 0.0855905 0.128 0.690616
0 0.715872 0.881333 0.0926327 0.237333 0.855363
0 0.915222 0.845333 0.0471289 0.146667 0.866738
