0 0.663597 0.106 0.133261 0.212 1.62102e-05
0 0.429307 0.996667 0.0492958 0.00666667 1.63221e-05
0 0.453954 0.994667 0.0487541 0.0106667 1.63252e-05
0 0.583965 0.146 0.0509209 0.0733333 1.6355e-05
0 0.607259 0.202 0.0942579 0.06 1.64258e-05
0 0.365655 0.0313333 0.0985916 0.0626667 1.64544e-05
0 0.0127302 0.956667 0.0167931 0.0866667 1.64878e-05
0 0.891387 0 0.0503792 0 1.64923e-05
0 0.973727 0.0573333 0.0406284 0.0826667 1.65007e-05
0 0.0189599 0.329333 0.0379198 0.12 1.65428e-05
0 0.841549 0.324 0.0785482 0.146667 1.65645e-05
0 0.419827 0.0773333 0.0411701 0.096 1.65778e-05
0 0.541983 0.336667 0.121885 0.129333 1.65959e-05
0 0.538191 0.402667 0.116468 0.122667 1.66233e-05
0 0.67091 0.449333 0.0991333 0.133333 1.66598e-05
0 0.549025 0.428667 0.0482123 0.0573333 1.66673e-05
0 0.0165222 0.886 0.0330444 0.110667 1.66898e-05
0 0.638137 0.692 0.0823402 0.205333 1.67002e-05
0 0.0671723 0.968 0.115926 0.064 1.671e-05
0 0.280336 0.17 0.0492958 0.134667 1.67193e-05
0 0.757042 0.112 0.0937161 0.0693333 1.67464e-05
0 0.714518 0.152667 0.0975081 0.182667 1.68061e-05
0 0.58857 0.388667 0.100217 0.249333 1.68144e-05
0 0.632178 0.600667 0.0411701 0.102667 1.68325e-05
0 0.305796 0.973333 0.0471289 0.0346667 1.68692e-05
0 0.513814 0.0366667 0.0807151 0.0733333 1.69148e-05
0 0.785482 0.310667 0.0444204 0.08 1.69271e-05
0 0.193933 0.266 0.0530878 0.121333 1.69909e-05
0 0.621073 0.271333 0.150054 0.161333 1.70292e-05
0 0.568527 0.0706667 0.0362947 0.064 1.70634e-05
0 0.760563 0.801333 0.133261 0.274667 1.70644e-05
0 0.437703 0.0373333 0.0855905 0.0746667 1.71625e-05
0 0.317443 0.0293333 0.110509 0.0586667 1.71801e-05
0 0.0842362 0.509333 0.0947996 0.248 1.72017e-05
0 0.590195 0.0333333 0.0893824 0.0666667 1.72892e-05
0 0.0208559 0.886 0.024377 0.214667 1.73341e-05
0 0.888137 0.158667 0.128386 0.114667 1.7346e-05
0 0.0165222 0.604667 0.0330444 0.124 1.73647e-05
0 0.975352 0.116667 0.0352113 0.0893333 1.73738e-05
0 0.109967 0.329333 0.156013 0.261333 1.74871e-05
0 0.530336 0.764667 0.0487541 0.113333 1.7512e-05
0 0.808776 0.302 0.0520043 0.092 1.75267e-05
0 0.783044 0.138 0.0482123 0.0493333 1.75529e-05
0 0.654659 0.17 0.0471289 0.068 1.75688e-05
0 0.407638 0.884667 0.0482123 0.150667 1.76058e-05
0 0.565005 0.324667 0.11701 0.0706667 1.76088e-05
0 0.66441 0.593333 0.130553 0.493333 1.76348e-05
0 0.884074 0.110667 0.131094 0.112 1.77034e-05
0 0.543337 0.223333 0.101842 0.129333 1.77735e-05
0 0.210455 0.909333 0.0763814 0.12 1.78073e-05
0 0.910618 0.206 0.092091 0.118667 1.78254e-05
0 0.440412 0.472667 0.0704225 0.172 1.78386e-05
0 0.236457 0.0906667 0.0384615 0.08 1.79813e-05
0 0.563922 0.446 0.0910076 0.076 1.79876e-05
0 0.770856 0.693333 0.0812568 0.16 1.79944e-05
0 0.130011 0.00266667 0.0574215 0.00533333 1.80078e-05
0 0.933369 0.191333 0.133261 0.382667 1.80671e-05
0 0.0170639 0.542667 0.0341278 0.125333 1.82615e-05
0 0.446641 0.340667 0.105634 0.156 1.82695e-05
0 0.557421 0.138667 0.0422535 0.0586667 1.82761e-05
0 0.590466 0.379333 0.0520043 0.052 1.83463e-05
0 0.660618 0.27 0.103467 0.06 1.83763e-05
0 0.656284 0.004 0.0514626 0.008 1.84052e-05
0 0.941224 0.944667 0.052546 0.0573333 1.84842e-05
0 0.896533 0.264667 0.0509209 0.118667 1.8495e-05
0 0.331257 0.972 0.0471289 0.032 1.85482e-05
0 0.793337 0.976667 0.129469 0.0466667 1.85593e-05
0 0.29415 0.794667 0.0877573 0.210667 1.86127e-05
0 0.590466 0.412 0.0520043 0.0506667 1.86574e-05
0 0.195287 0.332 0.0514626 0.114667 1.86643e-05
0 0.345883 0.964 0.0655471 0.072 1.86929e-05
0 0.132178 0.058 0.0530878 0.076 1.87409e-05
0 0.866739 0.351333 0.071506 0.142667 1.8742e-05
0 0.387324 0.725333 0.0509209 0.114667 1.88322e-05
0 0.625135 0.175333 0.111593 0.092 1.8833e-05
0 0.59182 0.221333 0.0482123 0.0666667 1.88372e-05
0 0.971289 0.916 0.0574215 0.149333 1.88636e-05
0 0.0896533 0 0.0557963 0 1.88783e-05
0 0.979144 0.824 0.0417118 0.149333 1.89129e-05
0 0.0311484 0.38 0.0427952 0.277333 1.89263e-05
0 0.709642 0.734667 0.0953413 0.144 1.90184e-05
0 0.222373 0.836667 0.190141 0.326667 1.90318e-05
0 0.678494 0.351333 0.0612134 0.0813333 1.9059e-05
0 0.968852 0.969333 0.0503792 0.0426667 1.91141e-05
0 0.267876 0.0273333 0.117551 0.0546667 1.91216e-05
0 0.68364 0.986667 0.0747562 0.0266667 1.91647e-05
0 0.707476 0.116 0.0465872 0.064 1.91733e-05
0 0.142741 0.0186667 0.0514626 0.0373333 1.91906e-05
0 0.403846 0.996667 0.0460455 0.00666667 1.9245e-05
0 0.91766 0.262667 0.0725894 0.146667 1.9316e-05
0 0.0178765 0.571333 0.028169 0.294667 1.93367e-05
0 0.453954 0.938667 0.0520043 0.0906667 1.93528e-05
0 0.23727 0.924 0.0823402 0.152 1.93759e-05
0 0.746208 0.26 0.0514626 0.072 1.94212e-05
0 0.46208 0.348667 0.0487541 0.084 1.94243e-05
0 0.0192308 0.265333 0.0384615 0.128 1.9433e-05
0 0.471289 0.534 0.0910076 0.121333 1.94872e-05
0 0.372427 0.206 0.0503792 0.137333 1.95387e-05
0 0.611051 0.774 0.0964247 0.241333 1.95747e-05
0 0.586403 0.299333 0.137053 0.0813333 1.97116e-05
0 0.776273 0.689333 0.035753 0.0693333 1.97157e-05
0 0.296316 0.0846667 0.0444204 0.076 1.97527e-05
0 0.383261 0.144667 0.0449621 0.126667 1.97554e-05
0 0.533315 0.912667 0.0492958 0.121333 1.97969e-05
0 0.686349 0.289333 0.12351 0.106667 1.98246e-05
0 0.406284 0.202667 0.101842 0.306667 1.98326e-05
0 0.605905 0.318667 0.052546 0.032 1.98582e-05
0 0.558234 0.354 0.052546 0.0626667 1.99837e-05
0 0.606988 0.620667 0.0817985 0.262667 2.00976e-05
0 0.381094 0 0.0514626 0 2.0248e-05
0 0.560672 0.646667 0.0585049 0.210667 2.02488e-05
0 0.281419 0.285333 0.052546 0.125333 2.02494e-05
0 0.684724 0.515333 0.0476706 0.0946667 2.02496e-05
0 0.933369 0.136 0.0476706 0.0613333 2.02667e-05
0 0.71208 0.624667 0.0839653 0.166667 2.027e-05
0 0.51273 0.924 0.105634 0.152 2.02725e-05
0 0.266522 0.638 0.0552546 0.134667 2.05465e-05
0 0.608613 0.482667 0.106717 0.112 2.05632e-05
0 0.616197 0.53 0.039545 0.108 2.05708e-05
0 0.947996 0.514667 0.0801734 0.154667 2.05833e-05
0 0.638407 0.082 0.103467 0.164 2.07601e-05
0 0.860238 0.953333 0.101842 0.0613333 2.07732e-05
0 0.645991 0.626667 0.0406284 0.0933333 2.07797e-05
0 0.179036 0.759333 0.0796316 0.182667 2.07966e-05
0 0.168472 0.638 0.0541712 0.134667 2.08335e-05
0 0.855905 0.916 0.0476706 0.072 2.08786e-05
0 0.030065 0.532667 0.0438787 0.270667 2.08843e-05
0 0.125135 0.026 0.102925 0.052 2.08869e-05
0 0.66468 0.263333 0.0487541 0.0413333 2.09156e-05
0 0.628927 0.379333 0.0585049 0.0786667 2.09225e-05
0 0.837216 0.104667 0.134886 0.190667 2.10628e-05
0 0.916576 0.935333 0.0530878 0.076 2.11331e-05
0 0.344529 0.634667 0.0509209 0.109333 2.11344e-05
0 0.870531 0.231333 0.0487541 0.0866667 2.11909e-05
0 0.602925 0.587333 0.056338 0.110667 2.13573e-05
0 0.494041 0.374 0.0509209 0.0706667 2.1381e-05
0 0.0211268 0.296 0.0249187 0.269333 2.13875e-05
0 0.750813 1 0.0465872 0 2.14368e-05
0 0.501354 0.348 0.095883 0.154667 2.14583e-05
0 0.182286 0.937333 0.0482123 0.0773333 2.1459e-05
0 0.736999 0.078 0.106717 0.156 2.15229e-05
0 0.112405 0.952 0.125135 0.096 2.15649e-05
0 0.266793 0.698667 0.0557963 0.133333 2.16518e-05
0 0.637866 0.936 0.095883 0.128 2.16819e-05
0 0.274106 0.91 0.0606717 0.129333 2.1824e-05
0 0.916035 0.0266667 0.110509 0.0533333 2.18345e-05
0 0.219664 0.026 0.127302 0.052 2.1878e-05
0 0.861863 0.771333 0.104009 0.252 2.19221e-05
0 0.945558 0.958 0.108884 0.084 2.19339e-05
0 0.495937 0.0846667 0.0417118 0.076 2.20125e-05
0 0.442849 0.0566667 0.0492958 0.076 2.2022e-05
0 0.679307 0.625333 0.0509209 0.149333 2.20317e-05
0 0.581257 0.687333 0.0985916 0.222667 2.20477e-05
0 0.600758 0.338 0.109426 0.0546667 2.20626e-05
0 0.961809 0.440667 0.0644637 0.164 2.21094e-05
0 0.687974 0.0813333 0.12026 0.162667 2.21257e-05
0 0.804171 0.00133333 0.052546 0.00266667 2.21329e-05
0 0.668743 0.549333 0.0406284 0.104 2.22494e-05
0 0.0644637 0 0.0541712 0 2.22676e-05
0 0.414139 0.907333 0.0742145 0.185333 2.23046e-05
0 0.391116 0.994 0.0444204 0.012 2.24095e-05
0 0.0422535 0.202667 0.084507 0.405333 2.24513e-05
0 0.66766 0.0273333 0.112134 0.0546667 2.25217e-05
0 0.293608 0.424667 0.0552546 0.108 2.2553e-05
0 0.940683 0.137333 0.0926327 0.170667 2.25627e-05
0 0.406826 0.346667 0.0899242 0.178667 2.2598e-05
0 0.674702 0.485333 0.0406284 0.0533333 2.2645e-05
0 0.174973 0.0586667 0.0660888 0.096 2.2667e-05
0 0.22454 0.36 0.0482123 0.0933333 2.26882e-05
0 0.364572 0.992667 0.0487541 0.0146667 2.27364e-05
0 0.828548 0 0.0514626 0 2.28454e-05
0 0.262459 0.994667 0.0752979 0.0106667 2.29203e-05
0 0.166035 0.945333 0.102384 0.109333 2.29669e-05
0 0.641116 0.268667 0.0492958 0.0493333 2.29983e-05
0 0.621885 0.351333 0.228602 0.54 2.30014e-05
0 0.460455 0.276667 0.092091 0.286667 2.30098e-05
0 0.42714 0.181333 0.13597 0.362667 2.30551e-05
0 0.642199 0.346667 0.0503792 0.04 2.31114e-05
0 0.614843 0.215333 0.152763 0.105333 2.31989e-05
0 0.553629 0.764667 0.100758 0.305333 2.32104e-05
0 0.826652 0.991333 0.0530878 0.0173333 2.33167e-05
0 0.831798 0.21 0.0492958 0.0946667 2.34196e-05
0 0.586945 0.184667 0.0839653 0.068 2.34463e-05
0 0.184724 0.0813333 0.0444204 0.096 2.35401e-05
0 0.0858613 0.0313333 0.112134 0.0626667 2.36435e-05
0 0.642199 0.34 0.132719 0.264 2.36802e-05
0 0.00866739 0.968 0.0119177 0.064 2.37994e-05
0 0.833694 0.119333 0.0498375 0.052 2.39556e-05
0 0.306609 0.119333 0.0455038 0.102667 2.39684e-05
0 0.815547 0.942 0.0536295 0.0866667 2.40063e-05
0 0.680932 0.996667 0.0498375 0.00666667 2.41067e-05
0 0.640303 0.209333 0.121343 0.226667 2.42028e-05
0 0.345341 0.756667 0.0937161 0.196 2.42338e-05
0 0.355905 0.968667 0.0487541 0.0333333 2.4295e-05
0 0.475894 0.365333 0.0947996 0.258667 2.42972e-05
0 0.934995 0.133333 0.0314193 0.0373333 2.44774e-05
0 0.510563 0.0613333 0.0427952 0.08 2.45514e-05
0 0.665222 0.514 0.0964247 0.158667 2.45671e-05
0 0.843716 0.234 0.0503792 0.102667 2.458e-05
0 0.429848 0.745333 0.0438787 0.173333 2.45984e-05
0 0.0888407 0.923333 0.114843 0.153333 2.46084e-05
0 0.842904 0.934667 0.0541712 0.0746667 2.46803e-05
0 0.400867 0.746667 0.0476706 0.122667 2.47131e-05
0 0.780607 0.002 0.0520043 0.004 2.4729e-05
0 0.0192308 0.948 0.0330444 0.0933333 2.4741e-05
0 0.191766 0.927333 0.092091 0.145333 2.48486e-05
0 0.849133 0.207333 0.102384 0.121333 2.49798e-05
0 0.441766 0.404667 0.103467 0.161333 2.50885e-05
0 0.736186 0.305333 0.0520043 0.072 2.51447e-05
0 0.445829 0.537333 0.0931744 0.162667 2.52002e-05
0 0.471018 0.469333 0.0492958 0.114667 2.53841e-05
0 0.789003 0.113333 0.132719 0.114667 2.54771e-05
0 0.418472 0.78 0.0471289 0.133333 2.55815e-05
0 0.373781 0.006 0.084507 0.012 2.56418e-05
0 0.331528 0.937333 0.0487541 0.088 2.56637e-05
0 0.2974 0.887333 0.0780065 0.174667 2.57601e-05
0 0.0197725 0.144667 0.039545 0.132 2.57703e-05
0 0.71831 0.342667 0.0801734 0.157333 2.58472e-05
0 0.155742 0.606667 0.0536295 0.130667 2.58568e-05
0 0.515439 0.994 0.052546 0.012 2.59933e-05
0 0.518689 0.889333 0.052546 0.141333 2.60241e-05
0 0.788732 0.220667 0.108342 0.193333 2.60601e-05
0 0.257855 0.286 0.0541712 0.126667 2.60989e-05
0 0.852925 0.000666667 0.052546 0.00133333 2.62268e-05
0 0.138407 1 0.0503792 0 2.6335e-05
0 0.361593 0.267333 0.14572 0.534667 2.63444e-05
0 0.0195016 0.921333 0.0390032 0.157333 2.63564e-05
0 0.13922 0.21 0.16468 0.324 2.63655e-05
0 0.67389 0.139333 0.121343 0.092 2.6373e-05
0 0.692579 0.812667 0.0937161 0.137333 2.63811e-05
0 0.891387 0.320667 0.0698808 0.158667 2.6444e-05
0 0.323673 0.837333 0.178223 0.325333 2.64459e-05
0 0.529794 0 0.0509209 0 2.64691e-05
0 0.430932 0.00666667 0.0471289 0.0133333 2.6496e-05
0 0.750813 0.987333 0.0422535 0.0253333 2.66906e-05
0 0.273564 0.086 0.0379198 0.084 2.66942e-05
0 0.953955 0.248 0.092091 0.485333 2.67128e-05
0 0.170639 0.434 0.0552546 0.124 2.69852e-05
0 0.769772 0.21 0.0465872 0.084 2.69884e-05
0 0.554713 0.842667 0.0769231 0.224 2.70185e-05
0 0.63922 0.618 0.0650054 0.153333 2.7033e-05
0 0.333965 0.106 0.0828819 0.212 2.70609e-05
0 0.981311 0.86 0.0167931 0.216 2.70613e-05
0 0.331798 0.022 0.0438787 0.044 2.70957e-05
0 0.355363 0 0.0530878 0 2.71332e-05
0 0.507042 0.222 0.0877573 0.145333 2.71771e-05
0 0.192579 0.639333 0.0536295 0.134667 2.72867e-05
0 0.547671 0.964667 0.0812568 0.0493333 2.73676e-05
0 0.773294 0.138 0.0893824 0.06 2.74069e-05
0 0.633803 0.414667 0.092091 0.0613333 2.74736e-05
0 0.684724 0.45 0.0455038 0.0733333 2.75178e-05
0 0.340466 0.992667 0.0503792 0.0146667 2.75284e-05
0 0.893012 0.234 0.0731311 0.134667 2.75635e-05
0 0.387053 0.749333 0.0720477 0.197333 2.7565e-05
0 0.671452 0.412 0.0471289 0.064 2.76626e-05
0 0.7974 0.110667 0.0595883 0.0613333 2.76761e-05
0 0.0176056 0.421333 0.0352113 0.125333 2.77596e-05
0 0.881094 0.133333 0.088299 0.0613333 2.78017e-05
0 0.466956 0 0.0509209 0 2.78188e-05
0 0.543337 0.943333 0.0487541 0.0733333 2.78537e-05
0 0.802817 1 0.0964247 0 2.78752e-05
0 0.245937 0.357333 0.0530878 0.104 2.78824e-05
0 0.861322 0.0753333 0.0953413 0.150667 2.78927e-05
0 0.371073 0.0286667 0.0444204 0.0573333 2.79563e-05
0 0.217768 0.789333 0.0671723 0.197333 2.79801e-05
0 0.817443 0.39 0.0541712 0.126667 2.79949e-05
0 0.46533 0.240667 0.143012 0.481333 2.80141e-05
0 0.241062 0.784 0.0693391 0.162667 2.80602e-05
0 0.643012 0.528667 0.0422535 0.084 2.81406e-05
0 0.283586 0.967333 0.06013 0.0653333 2.81916e-05
0 0.716414 0.0253333 0.115385 0.0506667 2.82513e-05
0 0.395179 0.94 0.0406284 0.096 2.82572e-05
0 0.491874 0 0.0509209 0 2.83178e-05
0 0.369177 0.94 0.0482123 0.0826667 2.83896e-05
0 0.787107 0.859333 0.105092 0.241333 2.84045e-05
0 0.254605 0.996667 0.0465872 0.00666667 2.84372e-05
0 0.473998 0.845333 0.165764 0.309333 2.87235e-05
0 0.685807 0.328667 0.109426 0.102667 2.87246e-05
0 0.164951 0.997333 0.0492958 0.00533333 2.89125e-05
0 0.295504 0.394 0.0904659 0.150667 2.89857e-05
0 0.487811 0.285333 0.0915493 0.162667 2.90367e-05
0 0.940412 1 0.0541712 0 2.93242e-05
0 0.766793 0.0253333 0.117551 0.0506667 2.93419e-05
0 0.96506 0.994 0.0503792 0.012 2.94752e-05
0 0.567985 0 0.0514626 0 2.99859e-05
0 0.295775 0.575333 0.0541712 0.116 3.0291e-05
0 0.719935 0.496667 0.151679 0.468 3.0345e-05
0 0.88299 0.604 0.109426 0.170667 3.03522e-05
0 0.29415 0.258 0.0498375 0.132 3.04506e-05
0 0.516251 0.968 0.0520043 0.0346667 3.05355e-05
0 0.559317 0.178 0.0449621 0.0493333 3.05572e-05
0 0.45883 0.0733333 0.0877573 0.146667 3.06269e-05
0 0.428494 0 0.0520043 0 3.08689e-05
0 0.14572 0.699333 0.0888407 0.18 3.09089e-05
0 0.570964 0.39 0.0530878 0.06 3.11032e-05
0 0.458559 0.146667 0.0536295 0.114667 3.11319e-05
0 0.582611 0.890667 0.107801 0.2 3.12272e-05
0 0.039545 1 0.0541712 0 3.12556e-05
0 0.223185 0.227333 0.0650054 0.158667 3.12794e-05
0 0.283586 0.984667 0.0655471 0.0306667 3.14133e-05
0 0.332882 0.0526667 0.0427952 0.068 3.14199e-05
0 0.717768 1 0.0498375 0 3.1461e-05
0 0.330173 0 0.0536295 0 3.16596e-05
0 0.29442 0.941333 0.0471289 0.0906667 3.17077e-05
0 0.687974 0.398667 0.0812568 0.165333 3.17441e-05
0 0.983478 0.032 0.0330444 0.064 3.18946e-05
0 0.725623 1 0.088299 0 3.19462e-05
0 0.511647 0.148667 0.0980498 0.153333 3.20346e-05
0 0.630282 0.378 0.0482123 0.0413333 3.20481e-05
0 0.50948 0.942667 0.0861322 0.088 3.20527e-05
0 0.813109 0.08 0.109426 0.16 3.20593e-05
0 0.0251896 0.973333 0.0503792 0.0533333 3.20644e-05
0 0.905742 1 0.0509209 0 3.23564e-05
0 0.205038 0.935333 0.0503792 0.0786667 3.24521e-05
0 0.432286 0.938 0.0520043 0.105333 3.24664e-05
0 0.255959 0.568667 0.0547129 0.132 3.25623e-05
0 0.161972 0.344667 0.111593 0.489333 3.26009e-05
0 0.15493 0 0.0574215 0 3.26252e-05
0 0.635699 0.877333 0.112134 0.229333 3.2694e-05
0 0.0170639 0.482 0.0341278 0.121333 3.27259e-05
0 0.0812568 0.214667 0.15493 0.405333 3.28833e-05
0 0.322048 0.328667 0.0460455 0.108 3.30496e-05
0 0.668743 0.621333 0.0297941 0.0853333 3.30652e-05
0 0.98727 0.826667 0.0135428 0.224 3.3089e-05
0 0.807963 0.685333 0.0915493 0.136 3.31105e-05
0 0.136511 0.61 0.101842 0.182667 3.32224e-05
0 0.707476 0.136 0.0530878 0.056 3.32439e-05
0 0.169556 0.02 0.0487541 0.04 3.33189e-05
0 0.207476 0.674 0.0541712 0.132 3.34108e-05
0 0.0222102 0.0833333 0.0260022 0.164 3.34625e-05
0 0.98429 0.635333 0.0173348 0.22 3.34815e-05
0 0.589112 0.966667 0.118635 0.0666667 3.35464e-05
0 0.314193 0.701333 0.0769231 0.154667 3.35792e-05
0 0.613489 0.979333 0.0796316 0.0413333 3.38423e-05
0 0.981311 0.036 0.0373781 0.072 3.3851e-05
0 0.180932 0.605333 0.0530878 0.128 3.39586e-05
0 0.191766 0.389333 0.0671723 0.133333 3.41514e-05
0 0.231311 0.17 0.119177 0.222667 3.41812e-05
0 0.220206 0.05 0.0460455 0.0706667 3.43071e-05
0 0.280336 0 0.0547129 0 3.43606e-05
0 0.339653 0.920667 0.0953413 0.158667 3.4413e-05
0 0.786295 0.238 0.0807151 0.1 3.45904e-05
0 0.463705 0.639333 0.0823402 0.158667 3.46849e-05
0 0.45883 0.726667 0.0942579 0.144 3.4847e-05
0 0.857801 0.64 0.0482123 0.0826667 3.49738e-05
0 0.76273 0.206667 0.0899242 0.104 3.52599e-05
0 0.554713 0.318667 0.0617551 0.0533333 3.53818e-05
0 0.587216 0.160667 0.121343 0.124 3.55724e-05
0 0.61078 0.986667 0.0427952 0.0186667 3.5672e-05
0 0.187703 0.112667 0.0861322 0.225333 3.57756e-05
0 0.00568797 0.788667 0.0113759 0.14 3.58614e-05
0 0.109155 0.875333 0.117551 0.249333 3.5898e-05
0 0.982936 0.691333 0.0341278 0.142667 3.61638e-05
0 0.491062 0.990667 0.052546 0.0186667 3.64342e-05
0 0.156826 0.0526667 0.0492958 0.0706667 3.6511e-05
0 0.284399 0.941333 0.0877573 0.117333 3.675e-05
0 0.319881 0.633333 0.0536295 0.122667 3.68206e-05
0 0.492145 0.946 0.0514626 0.0626667 3.69135e-05
0 0.66441 0.216667 0.150054 0.126667 3.69479e-05
0 0.223185 0.268667 0.0487541 0.113333 3.70583e-05
0 0.841008 0.142 0.0915493 0.134667 3.71196e-05
0 0.524377 0.992667 0.0942579 0.0146667 3.71509e-05
0 0.312297 0.344 0.1013 0.178667 3.71854e-05
0 0.963705 0.0293333 0.0725894 0.0586667 3.72636e-05
0 0.456663 0.886 0.0693391 0.150667 3.72833e-05
0 0.444204 0.197333 0.099675 0.312 3.73817e-05
0 0.758938 0.41 0.0520043 0.102667 3.74521e-05
0 0.641387 0.314667 0.0617551 0.056 3.74718e-05
0 0.182828 0.348 0.103467 0.194667 3.75994e-05
0 0.54415 0.09 0.0579632 0.18 3.76499e-05
0 0.302004 0.994667 0.0514626 0.0106667 3.77014e-05
0 0.0181473 0.482 0.0211268 0.284 3.77567e-05
0 0.669556 0.353333 0.0487541 0.048 3.77888e-05
0 0.68364 0.387333 0.0444204 0.0706667 3.78101e-05
0 0.0384615 0.637333 0.0769231 0.570667 3.78162e-05
0 0.305255 0 0.0536295 0 3.81416e-05
0 0.18662 0.262667 0.0904659 0.176 3.81792e-05
0 0.368906 0.108667 0.0725894 0.217333 3.81904e-05
0 0.0547129 0.589333 0.109426 0.333333 3.82402e-05
0 0.282232 0.974 0.0455038 0.036 3.82474e-05
0 0.716956 0.214667 0.129469 0.162667 3.84924e-05
0 0.731853 0.006 0.0520043 0.012 3.85704e-05
0 0.986728 0.787333 0.0265439 0.145333 3.85798e-05
0 0.112405 0.812667 0.198808 0.374667 3.85892e-05
0 0.880011 1 0.0492958 0 3.85913e-05
0 0.22779 0.997333 0.0482123 0.00533333 3.87746e-05
0 0.169556 0.0586667 0.0855905 0.117333 3.88504e-05
0 0.282774 0.114667 0.0368364 0.101333 3.88689e-05
0 0.693933 0.303333 0.0422535 0.0493333 3.89256e-05
0 0.579902 0.996667 0.0514626 0.00666667 3.90254e-05
0 0.613218 0.576 0.122427 0.416 3.91049e-05
0 0.0747562 1 0.0552546 0 3.92064e-05
0 0.674702 0.847333 0.0503792 0.305333 3.93197e-05
0 0.593445 0.982667 0.0980498 0.0346667 3.94158e-05
0 0.830444 0.973333 0.0812568 0.0533333 3.94212e-05
0 0.783044 0.238 0.0471289 0.076 3.95394e-05
0 0.543608 0.968 0.0503792 0.032 3.96289e-05
0 0.553359 0.994667 0.052546 0.0106667 3.9706e-05
0 0.356717 0.404 0.0655471 0.138667 3.99746e-05
0 0.306067 0.168667 0.0650054 0.18 4.01968e-05
0 0.828007 0.45 0.0817985 0.198667 4.02167e-05
0 0.412784 0.0773333 0.0769231 0.117333 4.02535e-05
0 0.28792 0.0673333 0.0742145 0.134667 4.03323e-05
0 0.679036 0.572 0.0644637 0.16 4.04716e-05
0 0.66468 0.0473333 0.125677 0.0946667 4.04908e-05
0 0.216143 0.0613333 0.0769231 0.122667 4.07998e-05
0 0.580444 0.352667 0.052546 0.0466667 4.09593e-05
0 0.508667 0.242 0.0465872 0.1 4.10597e-05
0 0.200704 0.995333 0.0926327 0.00933333 4.12202e-05
0 0.795233 0.638 0.0530878 0.14 4.15812e-05
0 0.161972 0.871333 0.109426 0.257333 4.17862e-05
0 0.604009 0 0.0530878 0 4.18061e-05
0 0.138137 0.008 0.0790899 0.016 4.21018e-05
0 0.469935 0.210667 0.052546 0.0693333 4.21603e-05
0 0.892199 0.0366667 0.115926 0.0733333 4.22772e-05
0 0.25623 0 0.0541712 0 4.2392e-05
0 0.468581 0.532667 0.133261 0.484 4.24068e-05
0 0.64247 0.317333 0.0520043 0.0293333 4.24118e-05
0 0.307963 0.254667 0.14247 0.509333 4.25232e-05
0 0.379469 0.210667 0.0807151 0.237333 4.26822e-05
0 0.833424 0.11 0.0774648 0.076 4.28101e-05
0 0.981311 0.00266667 0.0373781 0.00533333 4.29145e-05
0 0.695829 0.415333 0.0449621 0.0733333 4.30747e-05
0 0.113218 1 0.0541712 0 4.3234e-05
0 0.358884 0.344667 0.0731311 0.209333 4.33451e-05
0 0.00541712 0.852 0.0108342 0.133333 4.33985e-05
0 0.691495 1 0.052546 0 4.34647e-05
0 0.81961 0.232667 0.0509209 0.102667 4.35054e-05
0 0.639762 0.305333 0.110509 0.0933333 4.36503e-05
0 0.825027 0.956667 0.12026 0.0866667 4.36646e-05
0 0.53792 0.00666667 0.063922 0.0133333 4.37048e-05
0 0.208017 0.848 0.0693391 0.197333 4.38802e-05
0 0.736728 0.564 0.0985916 0.234667 4.40006e-05
0 0.941766 0 0.052546 0 4.40361e-05
0 0.550108 0.284 0.0872156 0.096 4.41561e-05
0 0.350488 1 0.0801734 0 4.42722e-05
0 0.944475 0.0313333 0.0947996 0.0626667 4.44277e-05
0 0.472102 0.679333 0.0438787 0.0706667 4.45989e-05
0 0.246208 0.115333 0.0417118 0.0946667 4.47873e-05
0 0.62974 0.408 0.0482123 0.0453333 4.51095e-05
0 0.662243 0.177333 0.114301 0.112 4.56233e-05
0 0.100488 0 0.0547129 0 4.58245e-05
0 0.771668 0.330667 0.0547129 0.072 4.59737e-05
0 0.888949 0.229333 0.110509 0.2 4.59959e-05
0 0.2026 0.996667 0.0498375 0.00666667 4.6047e-05
0 0.180661 0 0.0568797 0 4.60678e-05
0 0.0595883 0.948 0.109426 0.104 4.65712e-05
0 0.351842 1 0.0492958 0 4.65772e-05
0 0.313922 1 0.0503792 0 4.65849e-05
0 0.117822 0.998 0.0752979 0.004 4.68189e-05
0 0.238895 0.111333 0.0747562 0.222667 4.7543e-05
0 0.182557 0.0326667 0.0628386 0.0653333 4.75917e-05
0 0.564464 0.00733333 0.0660888 0.0146667 4.77051e-05
0 0.386782 0.991333 0.0931744 0.0173333 4.78552e-05
0 0.185265 0.824 0.084507 0.194667 4.80205e-05
0 0.958288 0.475333 0.0834236 0.433333 4.81304e-05
0 0.0108342 0.04 0.0162514 0.08 4.82823e-05
0 0.777086 0.396667 0.163055 0.486667 4.8369e-05
0 0.555255 0.56 0.0498375 0.109333 4.84118e-05
0 0.820693 0.326 0.099675 0.0946667 4.86053e-05
0 0.462893 1 0.0763814 0 4.87195e-05
0 0.412514 1 0.0720477 0 4.88089e-05
0 0.747291 0.888 0.0785482 0.194667 4.89606e-05
0 0.278982 0.995333 0.0509209 0.00933333 4.89911e-05
0 0.665222 0.290667 0.0541712 0.0346667 4.94708e-05
0 0.789816 0.044 0.12026 0.088 4.94876e-05
0 0.734832 0.411333 0.0492958 0.0786667 4.95443e-05
0 0.230498 0 0.0547129 0 4.9579e-05
0 0.488895 0.006 0.0622969 0.012 4.99231e-05
0 0.00758397 0.93 0.0151679 0.14 5.0428e-05
0 0.052546 0.199333 0.101842 0.238667 5.06453e-05
0 0.513272 0.837333 0.0709642 0.229333 5.08189e-05
0 0.538191 0.954667 0.102384 0.0906667 5.0909e-05
0 0.0587757 0.884 0.115385 0.232 5.10713e-05
0 0.214518 0.09 0.0834236 0.150667 5.12948e-05
0 0.21831 0.016 0.0476706 0.032 5.13725e-05
0 0.679848 0.296667 0.0520043 0.044 5.15537e-05
0 0.220748 0.612 0.052546 0.128 5.17845e-05
0 0.798754 0.129333 0.0850488 0.0666667 5.18489e-05
0 0.0994041 0.0193333 0.0817985 0.0386667 5.19245e-05
0 0.773294 0.636 0.067714 0.178667 5.20145e-05
0 0.739707 0.0353333 0.112134 0.0706667 5.20273e-05
0 0.623239 0.28 0.0991333 0.064 5.2361e-05
0 0.983207 0.162 0.0335861 0.0733333 5.24209e-05
0 0.0113759 0.890667 0.0162514 0.218667 5.2551e-05
0 0.718039 0.404 0.102384 0.125333 5.25704e-05
0 0.970206 0.948667 0.0487541 0.068 5.29929e-05
0 0.480498 0.784 0.0942579 0.186667 5.32429e-05
0 0.982936 0.327333 0.0211268 0.22 5.33242e-05
0 0.803629 1 0.0547129 0 5.40673e-05
0 0.587486 0.386 0.125135 0.0813333 5.41678e-05
0 0.439328 0.99 0.0985916 0.02 5.4511e-05
0 0.914951 0 0.0530878 0 5.48375e-05
0 0.894908 0.984 0.137595 0.032 5.49193e-05
0 0.841008 0.388 0.0785482 0.152 5.49252e-05
0 0.460997 0.498 0.0660888 0.0973333 5.50191e-05
0 0.00650054 0.916 0.00866739 0.122667 5.51178e-05
0 0.758126 0.233333 0.0492958 0.072 5.51759e-05
0 0.872698 0.397333 0.192849 0.496 5.52544e-05
0 0.629198 0.828 0.151138 0.344 5.58136e-05
0 0.377031 1 0.0476706 0 5.61708e-05
0 0.239978 0.830667 0.101842 0.232 5.62942e-05
0 0.586945 0.361333 0.100217 0.064 5.64783e-05
0 0.675785 0.872667 0.0308776 0.158667 5.68298e-05
0 0.24675 0.174667 0.0644637 0.181333 5.68899e-05
0 0.403304 0 0.0536295 0 5.69582e-05
0 0.943391 0.582667 0.113218 0.189333 5.7192e-05
0 0.578548 0.598667 0.0899242 0.170667 5.79927e-05
0 0.562839 0.992667 0.092091 0.0146667 5.80038e-05
0 0.985103 0.444667 0.0167931 0.193333 5.84083e-05
0 0.26273 1 0.0736728 0 5.85048e-05
0 0.210455 0.426 0.0514626 0.113333 5.86734e-05
0 0.475081 0.933333 0.0899242 0.133333 5.88485e-05
0 0.436891 0.0106667 0.0666305 0.0213333 5.90304e-05
0 0.063922 0.759333 0.127844 0.481333 5.91696e-05
0 0.12649 0 0.0557963 0 5.94369e-05
0 0.27221 0.94 0.0438787 0.0906667 6.01639e-05
0 0.205309 0 0.056338 0 6.02435e-05
0 0.289545 1 0.0514626 0 6.07903e-05
0 0.407638 0.506 0.117551 0.46 6.0792e-05
0 0.589382 0.197333 0.0476706 0.0533333 6.08181e-05
0 0.583153 0.108 0.103467 0.125333 6.1023e-05
0 0.38922 0.008 0.0720477 0.016 6.16025e-05
0 0.0501083 1 0.0547129 0 6.19134e-05
0 0.982394 0.268667 0.0352113 0.132 6.20544e-05
0 0.771127 0.389333 0.0514626 0.104 6.21934e-05
0 0.421181 0.912667 0.0471289 0.132 6.23475e-05
0 0.750813 0.236 0.092091 0.0933333 6.23804e-05
0 0.402492 1 0.0476706 0 6.26491e-05
0 0.841549 0.0413333 0.116468 0.0826667 6.27111e-05
0 0.647616 0.356667 0.109967 0.068 6.29488e-05
0 0.36403 0.947333 0.0855905 0.105333 6.3048e-05
0 0.815276 0.779333 0.134345 0.265333 6.30782e-05
0 0.448537 0.596 0.084507 0.165333 6.3112e-05
0 0.853738 1 0.0530878 0 6.31352e-05
0 0.982665 0.890667 0.0303359 0.136 6.32572e-05
0 0.428494 1 0.0487541 0 6.33345e-05
0 0.212351 0.949333 0.0888407 0.101333 6.35663e-05
0 0.476165 0.368 0.0780065 0.0906667 6.36459e-05
0 0.532774 0.780667 0.088299 0.201333 6.37138e-05
0 0.0316901 0.952 0.0633803 0.096 6.41772e-05
0 0.112134 0.472667 0.165764 0.26 6.41903e-05
0 0.170368 0.543333 0.0547129 0.124 6.42816e-05
0 0.830986 0.920667 0.0823402 0.158667 6.43059e-05
0 0.500542 1 0.0823402 0 6.43723e-05
0 0.453142 1 0.0482123 0 6.44204e-05
0 0.565276 0.319333 0.0514626 0.0333333 6.45497e-05
0 0.159263 0.514667 0.0541712 0.125333 6.4573e-05
0 0.74377 0.288 0.0964247 0.130667 6.46251e-05
0 0.409534 0.0333333 0.0411701 0.056 6.49599e-05
0 0.373781 0.118667 0.0433369 0.109333 6.50784e-05
0 0.543608 0.0893333 0.0774648 0.101333 6.52286e-05
0 0.474269 0.465333 0.0937161 0.149333 6.5249e-05
0 0.426869 0.686 0.071506 0.129333 6.53417e-05
0 0.0923619 0.06 0.125135 0.12 6.55949e-05
0 0.0533586 0.457333 0.106717 0.250667 6.57286e-05
0 0.478332 1 0.0498375 0 6.59715e-05
0 0.358342 0.57 0.0427952 0.113333 6.61142e-05
0 0.958017 0.745333 0.0839653 0.405333 6.61682e-05
0 0.16766 0.258667 0.223727 0.517333 6.64169e-05
0 0.244312 0.606667 0.0552546 0.144 6.66032e-05
0 0.517064 0.825333 0.129469 0.349333 6.6639e-05
0 0.456934 0.048 0.0709642 0.096 6.66951e-05
0 0.0785482 0.510667 0.157096 0.597333 6.67979e-05
0 0.314735 0.952 0.0942579 0.096 6.68082e-05
0 0.886782 0.651333 0.148429 0.161333 6.68476e-05
0 0.312026 0.004 0.0834236 0.008 6.6912e-05
0 0.358613 0.272 0.092091 0.288 6.73769e-05
0 0.694204 0.484 0.0503792 0.08 6.75213e-05
0 0.641928 0 0.0530878 0 6.76083e-05
0 0.762459 0.908 0.178223 0.184 6.76924e-05
0 0.368364 0.268 0.063922 0.138667 6.78027e-05
0 0.514626 0.0913333 0.0953413 0.118667 6.79083e-05
0 0.280336 0.455333 0.0557963 0.124 6.80431e-05
0 0.802817 0.486667 0.0834236 0.213333 6.89036e-05
0 0.511647 0.00133333 0.0752979 0.00266667 6.92215e-05
0 0.568797 0.449333 0.0520043 0.048 6.93599e-05
0 0.984832 0.634667 0.0303359 0.146667 6.95253e-05
0 0.875135 1 0.088299 0 6.95338e-05
0 0.584236 0.0566667 0.0915493 0.113333 6.99664e-05
0 0.218039 0.266667 0.10455 0.226667 7.02722e-05
0 0.312297 1 0.0817985 0 7.13078e-05
0 0.794962 0.329333 0.0731311 0.0746667 7.13384e-05
0 0.980228 0.00866667 0.039545 0.0173333 7.145e-05
0 0.363759 0.892 0.0980498 0.173333 7.15905e-05
0 0.283586 0.0993333 0.0536295 0.156 7.19118e-05
0 0.26571 1 0.0492958 0 7.19254e-05
0 0.74377 0.386 0.101842 0.206667 7.19532e-05
0 0.183369 0.216667 0.111051 0.433333 7.22398e-05
0 0.479144 0.592667 0.103467 0.212 7.23541e-05
0 0.89247 0.916 0.0947996 0.168 7.25395e-05
0 0.00541712 0.692 0.0108342 0.146667 7.25861e-05
0 0.138678 1 0.0530878 0 7.30151e-05
0 0.617551 0.273333 0.0476706 0.0506667 7.31225e-05
0 0.785482 0.36 0.0801734 0.088 7.31775e-05
0 0.0536295 0.107333 0.107259 0.214667 7.3211e-05
0 0.564735 1 0.052546 0 7.34663e-05
0 0.714518 0.974667 0.106176 0.0506667 7.36653e-05
0 0.527356 1 0.052546 0 7.36948e-05
0 0.0297941 0.0306667 0.0509209 0.0613333 7.41154e-05
0 0.502709 1 0.0520043 0 7.41241e-05
0 0.643283 0.379333 0.138137 0.0893333 7.41879e-05
0 0.250542 0.00533333 0.0785482 0.0106667 7.53746e-05
0 0.0663597 0.994667 0.0731311 0.0106667 7.56894e-05
0 0.49052 0.986667 0.1013 0.0266667 7.6061e-05
0 0.943933 0.233333 0.0969664 0.144 7.62981e-05
0 0.793879 0.396667 0.0547129 0.118667 7.6484e-05
0 0.491333 0.967333 0.0541712 0.0306667 7.65294e-05
0 0.746208 0.386667 0.0514626 0.0933333 7.6575e-05
0 0.858072 0.118 0.0671723 0.052 7.70004e-05
0 0.462351 0 0.0817985 0 7.72137e-05
0 0.682286 0.322 0.0482123 0.06 7.72315e-05
0 0.816631 0.282 0.114301 0.156 7.73183e-05
0 0.604821 1 0.052546 0 7.73562e-05
0 0.210997 0.0253333 0.0828819 0.0506667 7.73962e-05
0 0.248104 0.0513333 0.0433369 0.0706667 7.7397e-05
0 0.440412 0.101333 0.0942579 0.152 7.74642e-05
0 0.941495 0.462 0.111593 0.212 7.82885e-05
0 0.338841 0.99 0.102384 0.02 7.82998e-05
0 0.657096 0.602667 0.0379198 0.08 7.84656e-05
0 0.190683 0.452 0.0671723 0.133333 7.86618e-05
0 0.987541 0.176667 0.0173348 0.0946667 7.96372e-05
0 0.309588 0.103333 0.0839653 0.14 8.0102e-05
0 0.0143554 0.214667 0.0265439 0.224 8.01637e-05
0 0.57584 1 0.084507 0 8.06479e-05
0 0.0138137 0.832667 0.024377 0.252 8.08729e-05
0 0.712893 0.472 0.099675 0.136 8.1155e-05
0 0.342633 0.458667 0.052546 0.152 8.17397e-05
0 0.385428 0.576667 0.0904659 0.164 8.17833e-05
0 0.139491 0.00866667 0.10455 0.0173333 8.29074e-05
0 0.341549 0.00866667 0.0828819 0.0173333 8.3123e-05
0 0.869177 0.125333 0.0449621 0.0293333 8.35782e-05
0 0.985645 0.476667 0.0287107 0.14 8.38514e-05
0 0.6552 0.587333 0.0612134 0.134667 8.39348e-05
0 0.236728 0.996 0.100758 0.008 8.50336e-05
0 0.0311484 0.0913333 0.0568797 0.18 8.54892e-05
0 0.00731311 0.850667 0.0146262 0.234667 8.60827e-05
0 0.494854 0.964 0.0709642 0.072 8.61254e-05
0 0.0400867 0.00533333 0.0574215 0.0106667 8.65218e-05
0 0.863489 0.278 0.121343 0.209333 8.67111e-05
0 0.268418 0.756667 0.0947996 0.169333 8.68665e-05
0 0.960726 0.950667 0.0785482 0.0986667 8.70121e-05
0 0.338028 0.03 0.0877573 0.06 8.70541e-05
0 0.566089 0.646667 0.804984 0.706667 8.71228e-05
0 0.16441 1 0.0514626 0 8.78279e-05
0 0.331257 0.604667 0.0536295 0.126667 8.81215e-05
0 0.221289 0.702667 0.052546 0.136 8.81601e-05
0 0.858072 0.134667 0.0530878 0.0373333 8.87161e-05
0 0.935265 0.960667 0.103467 0.06 8.91275e-05
0 0.963705 1 0.0520043 0 8.91799e-05
0 0.296858 0.231333 0.0769231 0.217333 8.9518e-05
0 0.0747562 0 0.0541712 0 8.99303e-05
0 0.842362 0.697333 0.153846 0.205333 9.0024e-05
0 0.538191 1 0.0850488 0 9.01221e-05
0 0.889762 0 0.0536295 0 9.01587e-05
0 0.588028 0.00266667 0.0828819 0.00533333 9.02326e-05
0 0.306609 0.0246667 0.0433369 0.0493333 9.044e-05
0 0.98727 0.925333 0.0254605 0.149333 9.06469e-05
0 0.383261 0.0926667 0.0742145 0.132 9.08073e-05
0 0.24675 0.022 0.0438787 0.044 9.10015e-05
0 0.864301 0.350667 0.13597 0.168 9.20276e-05
0 0.0203142 0.122667 0.0406284 0.245333 9.269e-05
0 0.98429 0.542 0.0292524 0.14 9.29687e-05
0 0.416847 0.738 0.0373781 0.132 9.31585e-05
0 0.611593 0.992 0.071506 0.016 9.39543e-05
0 0.983207 0.992667 0.0303359 0.0146667 9.51716e-05
0 0.985374 0.152 0.0292524 0.178667 9.52684e-05
0 0.128115 0.627333 0.186891 0.430667 9.5374e-05
0 0.644095 0.292667 0.063922 0.044 9.55769e-05
0 0.378386 0 0.0547129 0 9.59685e-05
0 0.0197725 0.298667 0.039545 0.36 9.6452e-05
0 0.400596 0.518667 0.0785482 0.269333 9.64728e-05
0 0.557963 0.208 0.0465872 0.0666667 9.67175e-05
0 0.151138 0 0.056338 0 9.71956e-05
0 0.320152 0.666667 0.640303 0.666667 9.74278e-05
0 0.653575 0.539333 0.0492958 0.134667 9.78769e-05
0 0.711268 0.124667 0.104009 0.0786667 9.80738e-05
0 0.259751 0.103333 0.0547129 0.158667 9.83685e-05
0 0.0585049 0.337333 0.11701 0.410667 9.85399e-05
0 0.214789 0.347333 0.0926327 0.166667 9.8677e-05
0 0.410618 0.00133333 0.0834236 0.00266667 9.8678e-05
0 0.91441 0.346 0.125677 0.169333 9.88581e-05
0 0.277356 0 0.0552546 0 9.98158e-05
0 0.792524 0.6 0.137595 0.368 0.000101291
0 0.690683 0 0.0541712 0 0.000101344
0 0.376219 0.419333 0.0742145 0.193333 0.000103215
0 0.00947996 0.0646667 0.0124594 0.121333 0.000104084
0 0.339112 0.433333 0.0888407 0.168 0.000104357
0 0.872969 0.928667 0.0980498 0.068 0.000104524
0 0.0276273 0.84 0.0552546 0.32 0.000104652
0 0.227248 1 0.0503792 0 0.000104778
0 0.966143 0 0.052546 0 0.000104997
0 0.00622969 0.236 0.0124594 0.152 0.00010504
0 0.19312 0.0186667 0.0503792 0.0373333 0.000105499
0 0.569339 0.427333 0.0541712 0.052 0.00010553
0 0.95558 0.994 0.071506 0.012 0.000106554
0 0.318797 0.230667 0.0666305 0.176 0.000106706
0 0.184453 0.696667 0.0915493 0.158667 0.000106828
0 0.460726 0.15 0.0850488 0.188 0.000107222
0 0.252167 0 0.0557963 0 0.000107772
0 0.93987 0.987333 0.12026 0.0253333 0.000107776
0 0.319339 0.578 0.0547129 0.118667 0.000107979
0 0.91143 0.278 0.119718 0.201333 0.000108584
0 0.235103 0.343333 0.101842 0.289333 0.000109527
0 0.713705 0.870667 0.0590466 0.154667 0.000109556
0 0.816901 0.485333 0.366197 0.970667 0.000109716
0 0.768147 0.528667 0.12351 0.166667 0.000109922
0 0.194745 0.0506667 0.0503792 0.072 0.000110043
0 0.863759 0 0.0547129 0 0.000110373
0 0.828277 1 0.056338 0 0.000110633
0 0.914951 0.496667 0.144095 0.457333 0.000110671
0 0.982665 0.328667 0.0346696 0.137333 0.000110835
0 0.345341 0.547333 0.0536295 0.118667 0.000110985
0 0.137866 1 0.0904659 0 0.000111387
0 0.796858 0.577333 0.0758397 0.133333 0.00011181
0 0.636782 0.980667 0.102384 0.0386667 0.000111979
0 0.28467 0.00466667 0.0709642 0.00933333 0.00011206
0 0.280878 0.172667 0.0947996 0.294667 0.000112464
0 0.912784 0.407333 0.138678 0.169333 0.000112877
0 0.925515 0.862667 0.148971 0.274667 0.000113165
0 0.138407 0.0233333 0.121885 0.0466667 0.000113528
0 0.939328 0.00666667 0.0758397 0.0133333 0.00011434
0 0.972373 0.168667 0.0509209 0.166667 0.000114539
0 0.665764 0 0.0541712 0 0.000114632
0 0.0121885 0.0166667 0.024377 0.0333333 0.000114737
0 0.290087 0.993333 0.102384 0.0133333 0.00011502
0 0.566901 0.386667 0.812026 0.773333 0.000115693
0 0.223998 0.396667 0.0752979 0.14 0.000115858
0 0.0067714 0.994667 0.0135428 0.0106667 0.000115964
0 0.352654 0 0.0552546 0 0.000116059
0 0.00731311 0.635333 0.0146262 0.145333 0.000116219
0 0.825027 0.234 0.0985916 0.121333 0.000116364
0 0.00650054 0.295333 0.0130011 0.153333 0.000116727
0 0.302004 0 0.0557963 0 0.000117552
0 0.164139 0.998 0.114843 0.004 0.000117646
0 0.0108342 0.706667 0.0216685 0.277333 0.000117928
0 0.911972 0.528667 0.144637 0.188 0.000118257
0 0.176598 0 0.056338 0 0.000118466
0 0.0067714 0.390667 0.0135428 0.149333 0.000118572
0 0.308505 0.510667 0.0536295 0.112 0.000118896
0 0.744041 0.333333 0.0536295 0.0933333 0.000118922
0 0.907638 0.722667 0.143554 0.261333 0.000119341
0 0.317443 0.463333 0.0606717 0.132 0.000121039
0 0.236728 0.32 0.0574215 0.133333 0.000121379
0 0.642199 0.297333 0.0514626 0.0213333 0.000122045
0 0.687703 1 0.106717 0 0.000122637
0 0.988624 0.0146667 0.0184182 0.0293333 0.000124244
0 0.188516 0.00466667 0.0834236 0.00933333 0.000125624
0 0.219122 0.57 0.0687974 0.134667 0.000125631
0 0.64247 0.336 0.15493 0.072 0.000125783
0 0.811755 0.362 0.121885 0.132 0.000126248
0 0.982936 0.110667 0.0341278 0.221333 0.000126442
0 0.867551 0.646 0.0969664 0.108 0.00012662
0 0.0173348 0.986667 0.0346696 0.0266667 0.000126773
0 0.2026 1 0.0520043 0 0.000126888
0 0.340737 0.415333 0.681473 0.830667 0.000127306
0 0.336132 0.768667 0.146804 0.321333 0.000128129
0 0.328277 0.212 0.0975081 0.293333 0.000128757
0 0.766251 0 0.0547129 0 0.000128872
0 0.371885 0.0633333 0.0438787 0.0786667 0.000129528
0 0.206934 0.827333 0.106176 0.310667 0.000130347
0 0.51273 0.0526667 0.0839653 0.102667 0.000130592
0 0.327194 0 0.0552546 0 0.000130742
0 0.970206 0.0466667 0.0595883 0.0933333 0.000131314
0 0.245125 0.426 0.0547129 0.118667 0.000131991
0 0.307151 0.054 0.0433369 0.068 0.00013205
0 0.640574 0.5 0.718852 1 0.000132618
0 0.988624 0.240667 0.020585 0.116 0.000133479
0 0.133261 0.534 0.118093 0.214667 0.000133516
0 0.0195016 1 0.0390032 0 0.000133552
0 0.176598 0.736 0.15818 0.389333 0.000133582
0 0.98402 0.767333 0.031961 0.345333 0.000135499
0 0.872969 0.750667 0.164139 0.402667 0.000136519
0 0.640303 0.00333333 0.100758 0.00666667 0.000136564
0 0.271668 0.0493333 0.0449621 0.064 0.000136586
0 0.460726 0.176 0.0742145 0.096 0.000136814
0 0.294691 0.482667 0.0552546 0.12 0.000137545
0 0.212893 1 0.0790899 0 0.00013778
0 0.729144 0 0.0541712 0 0.000138084
0 0.00650054 0.571333 0.0130011 0.145333 0.000138401
0 0.984561 0.876 0.0308776 0.248 0.000138644
0 0.152221 0.423333 0.304442 0.846667 0.000139006
0 0.388949 0.0486667 0.0801734 0.0973333 0.000139043
0 0.986728 0 0.0265439 0 0.000140024
0 0.368635 0.709333 0.126219 0.146667 0.000140418
0 0.470206 0.614 0.0465872 0.145333 0.000140976
0 0.276273 0.825333 0.125677 0.330667 0.000141282
0 0.990249 0.0393333 0.0151679 0.0786667 0.00014168
0 0.429848 0.0286667 0.0460455 0.0493333 0.000142802
0 0.0325027 0.214667 0.0650054 0.370667 0.000143791
0 0.226977 0 0.056338 0 0.000144325
0 0.972102 0.216 0.0427952 0.0933333 0.000144762
0 0.740249 0.0106667 0.0796316 0.0213333 0.000145232
0 0.652492 1 0.0568797 0 0.000148882
0 0.361593 0 0.100217 0 0.000150502
0 0.223456 0.456667 0.0536295 0.121333 0.000152011
0 0.431203 0.0453333 0.0790899 0.0906667 0.000152484
0 0.378386 0.513333 0.0709642 0.162667 0.000153255
0 0.532503 0.886 0.0985916 0.204 0.000153806
0 0.240791 0.028 0.088299 0.056 0.000154659
0 0.201788 0 0.0568797 0 0.000154843
0 0.989437 0.725333 0.0189599 0.237333 0.00015642
0 0.235103 0.00533333 0.0736728 0.0106667 0.000156779
0 0.771127 0.455333 0.124052 0.18 0.000156808
0 0.0140845 0.409333 0.028169 0.253333 0.0001573
0 0.608613 0.998 0.0514626 0.004 0.000158035
0 0.0712351 0.01 0.0774648 0.02 0.000158492
0 0.00947996 0.0846667 0.0189599 0.166667 0.000158521
0 0.467226 0.528667 0.0503792 0.06 0.000158793
0 0.459101 0.77 0.107801 0.348 0.000159165
0 0.363489 0.500667 0.113759 0.436 0.00016082
0 0.265168 0.4 0.0796316 0.125333 0.000160921
0 0.432286 0.770667 0.0704225 0.272 0.000162373
0 0.258938 0.341333 0.112676 0.165333 0.00016305
0 0.981311 0.141333 0.0232936 0.0586667 0.000163296
0 0.711538 0.528 0.0904659 0.146667 0.000163515
0 0.28792 0.032 0.0861322 0.064 0.000164291
0 0.983207 0.281333 0.0335861 0.304 0.000165908
0 0.18987 0.0293333 0.100217 0.0586667 0.000168709
0 0.268147 0.482667 0.056338 0.130667 0.000168942
0 0.113489 0.00533333 0.118635 0.0106667 0.000169125
0 0.164139 0.643333 0.114843 0.18 0.000169238
0 0.0495666 0 0.0557963 0 0.000169738
0 0.086403 1 0.0969664 0 0.000170958
0 0.60753 0.536 0.0731311 0.173333 0.000173512
0 0.00704225 0.512 0.0140845 0.144 0.000174987
0 0.0352113 0.064 0.0704225 0.128 0.000175673
0 0.836132 0.987333 0.124052 0.0253333 0.000175721
0 0.557421 0.237333 0.0465872 0.0613333 0.000176347
0 0.0330444 0.419333 0.0660888 0.417333 0.000176566
0 0.969122 0.838 0.0606717 0.318667 0.000177067
0 0.163326 0.006 0.0991333 0.012 0.000177578
0 0.277356 0.842667 0.092091 0.197333 0.000179123
0 0.790358 0 0.0552546 0 0.000181103
0 0.964789 0.00266667 0.0704225 0.00533333 0.000182588
0 0.913868 0.000666667 0.102925 0.00133333 0.000182714
0 0.975623 0.636667 0.0487541 0.222667 0.000184193
0 0.986457 0.144 0.020585 0.088 0.000185573
0 0.00650054 0.665333 0.0130011 0.266667 0.000185695
0 0.434453 0.884667 0.0877573 0.225333 0.000186234
0 0.312568 0 0.111593 0 0.00018708
0 0.814735 0 0.0552546 0 0.000187108
0 0.00812568 0.174 0.0162514 0.22 0.00018814
0 0.839653 0 0.0552546 0 0.000188265
0 0.990249 0.886667 0.0173348 0.208 0.000188935
0 0.171181 0.573333 0.092091 0.141333 0.000191286
0 0.0067714 0.451333 0.0135428 0.145333 0.000191946
0 0.0092091 1 0.0184182 0 0.000192687
0 0.0176056 0.662 0.0352113 0.393333 0.000196692
0 0.352384 0.574 0.0839653 0.158667 0.000196966
0 0.98429 0.422 0.0314193 0.134667 0.000197935
0 0.629198 1 0.0557963 0 0.000199354
0 0.173348 0.444667 0.186349 0.508 0.000199954
0 0.161701 0.482 0.0872156 0.169333 0.000201739
0 0.466956 0.5 0.708559 1 0.000202007
0 0.63299 0.548667 0.0687974 0.118667 0.000202403
0 0.620531 0.991333 0.111051 0.0173333 0.000202551
0 0.553359 0.0753333 0.0341278 0.076 0.000202592
0 0.975352 0.0913333 0.0492958 0.161333 0.00020296
0 0.970748 0.272 0.0541712 0.210667 0.000202987
0 0.261376 0 0.120802 0 0.000204754
0 0.786295 0.672 0.0492958 0.114667 0.00020528
0 0.98727 0.0633333 0.0254605 0.126667 0.000205289
0 0.747291 0.354667 0.0861322 0.104 0.000205351
0 0.229144 0.243333 0.153846 0.454667 0.00020831
0 0.26896 0.022 0.0471289 0.044 0.00020844
0 0.632719 0.988 0.0498375 0.0186667 0.000209823
0 0.984832 0.944 0.0303359 0.0853333 0.00021156
0 0.609967 0.293333 0.0498375 0.0346667 0.000212218
0 0.926327 1 0.101842 0 0.000214369
0 0.267064 0.200667 0.0704225 0.169333 0.000216663
0 0.992687 0.970667 0.0146262 0.0586667 0.000222902
0 0.261647 0.5 0.523294 1 0.000224074
0 0.0197725 0.488667 0.039545 0.329333 0.000225194
0 0.321235 0.847333 0.107259 0.206667 0.00022782
0 0.187703 0.424 0.114301 0.176 0.000230811
0 0.847508 0.135333 0.0937161 0.0573333 0.00023128
0 0.635699 0.984667 0.0763814 0.0306667 0.000231581
0 0.184995 0.639333 0.369989 0.721333 0.000232104
0 0.0176056 0.0506667 0.0341278 0.101333 0.000234776
0 0.0276273 1 0.0530878 0 0.000239134
0 0.688245 0.00266667 0.106717 0.00533333 0.000241432
0 0.841278 0.847333 0.133261 0.196 0.000241453
0 0.973998 0.516 0.0487541 0.226667 0.000243487
0 0.726977 0.928667 0.0888407 0.142667 0.000245005
0 0.863489 0.002 0.113759 0.004 0.00024772
0 0.245125 0.485333 0.0557963 0.136 0.000253851
0 0.83532 0.414667 0.139762 0.186667 0.000253954
0 0.622698 0.300667 0.0850488 0.044 0.000254549
0 0.0092091 0.293333 0.0151679 0.250667 0.000255985
0 0.210455 0.728667 0.0861322 0.156 0.000260647
0 0.039545 0.994667 0.0790899 0.0106667 0.000265163
0 0.454225 0.8 0.0687974 0.181333 0.000267489
0 0.00812568 0.419333 0.0119177 0.270667 0.000269927
0 0.46533 0.686667 0.451788 0.626667 0.000270822
0 0.764355 0.00133333 0.104009 0.00266667 0.000271684
0 0.410888 0.0586667 0.039545 0.0773333 0.000274461
0 0.652763 0.997333 0.0552546 0.00533333 0.000278551
0 0.980228 1 0.0384615 0 0.000284277
0 0.212351 0.004 0.0931744 0.008 0.000286412
0 0.355363 0.514667 0.0530878 0.138667 0.000286838
0 0.0102925 0.616667 0.0173348 0.284 0.000287091
0 0.0585049 0.0213333 0.102925 0.0426667 0.000289501
0 0.18987 0.51 0.0622969 0.129333 0.000289965
0 0.111863 0 0.164139 0 0.000292413
0 0.748375 0.669333 0.50325 0.661333 0.000293835
0 0.976165 0.394667 0.0476706 0.208 0.000298984
0 0.988082 0.572667 0.0184182 0.150667 0.00030236
0 0.988895 0.0846667 0.0157096 0.121333 0.000302694
0 0.893824 0.794667 0.0899242 0.274667 0.0003076
0 0.982394 0.993333 0.0352113 0.0133333 0.000309529
0 0.894908 0.910667 0.0465872 0.048 0.000317155
0 0.282232 0.672667 0.101842 0.169333 0.00031882
0 0.986999 0.52 0.0260022 0.304 0.000323375
0 0.2974 0.539333 0.0910076 0.153333 0.000330427
0 0.162514 0 0.15493 0 0.000340173
0 0.82286 0.51 0.157096 0.38 0.000340205
0 0.986999 0.639333 0.0260022 0.292 0.000340671
0 0.381094 0.836667 0.0828819 0.225333 0.000341559
0 0.330444 0.490667 0.0520043 0.130667 0.000344381
0 0.814735 0.00133333 0.115926 0.00266667 0.000347199
0 0.395991 0.736 0.101842 0.314667 0.000348168
0 0.245125 0.256 0.067714 0.154667 0.000349355
0 0.657367 0.99 0.0774648 0.02 0.000354856
0 0.988082 0.984667 0.0119177 0.0306667 0.000355702
0 0.988624 1 0.0184182 0 0.000355812
0 0.309588 0.732667 0.120802 0.209333 0.000364026
0 0.818797 0.872 0.233478 0.256 0.000369212
0 0.985645 0.398667 0.0287107 0.306667 0.000369644
0 0.837216 1 0.102384 0 0.000377487
0 0.886511 0.472667 0.151138 0.26 0.000390385
0 0.416576 0.836667 0.0671723 0.230667 0.000393985
0 0.188787 0.650667 0.116468 0.285333 0.000395106
0 0.330444 0.642 0.113759 0.158667 0.000409635
0 0.0102925 0.492 0.0173348 0.277333 0.000413049
0 0.553629 0.0673333 0.0238353 0.044 0.000415331
0 0.222644 0.512 0.0530878 0.125333 0.000419822
0 0.532232 0.68 0.0752979 0.253333 0.000423642
0 0.769502 0.394 0.100217 0.142667 0.000423929
0 0.562297 0.3 0.056338 0.0266667 0.00042883
0 0.0869447 0.0106667 0.120802 0.0213333 0.000437597
0 0.815005 0.542 0.130553 0.196 0.00045736
0 0.988624 0.943333 0.0151679 0.113333 0.000473446
0 0.165222 0.537333 0.112676 0.32 0.000474636
0 0.379198 0.682667 0.0747562 0.152 0.000484336
0 0.308776 0.520667 0.138678 0.46 0.000491663
0 0.213705 0.587333 0.117551 0.177333 0.000504719
0 0.687974 0.868667 0.0606717 0.193333 0.000514318
0 0.360509 0.478667 0.0828819 0.253333 0.000537228
0 0.99052 0.33 0.0189599 0.212 0.000551828
0 0.555796 0.590667 0.0953413 0.248 0.000572391
0 0.860238 0.54 0.147346 0.24 0.000595541
0 0.31961 0.641333 0.491874 0.717333 0.000615432
0 0.813922 0.642 0.120802 0.158667 0.000639484
0 0.99052 0.637333 0.0157096 0.245333 0.00063988
0 0.777898 0.500667 0.444204 0.998667 0.000641047
0 0.649783 1 0.0969664 0 0.000643545
0 0.555525 0.271333 0.0492958 0.044 0.000692795
0 0.266522 0.704 0.131094 0.306667 0.000711006
0 0.469393 0.370667 0.0492958 0.0533333 0.000711169
0 0.991603 0.51 0.0146262 0.228 0.000711317
0 0.241603 0.723333 0.0747562 0.134667 0.000725857
0 0.849133 0.93 0.129469 0.1 0.000762501
0 0.408722 0.738667 0.0536295 0.266667 0.000798867
0 0.922264 0.937333 0.109967 0.0986667 0.000824663
0 0.27221 0.257333 0.0850488 0.181333 0.000842352
0 0.556609 0.290667 0.0514626 0.0293333 0.000892564
0 0.184453 0.524667 0.109967 0.169333 0.000934529
0 0.990791 0.422 0.0162514 0.204 0.000938212
0 0.213434 0.661333 0.112676 0.176 0.000957602
0 0.332882 0.534 0.0904659 0.158667 0.000971514
0 0.62974 0.996 0.0557963 0.008 0.00101515
0 0.7974 0.418 0.100758 0.14 0.00103484
0 0.833153 0.594667 0.135428 0.165333 0.00103718
0 0.0655471 0 0.131094 0 0.00104145
0 0.899512 0.918667 0.0774648 0.088 0.00107185
0 0.60455 0.556 0.0400867 0.12 0.00115925
0 0.784399 0.738667 0.431203 0.522667 0.00118635
0 0.235645 0.438667 0.107259 0.154667 0.00127229
0 0.0335861 0.00933333 0.0671723 0.0186667 0.00135929
0 0.422264 0.708667 0.0265439 0.1 0.00145209
0 0.310943 0.59 0.113759 0.158667 0.00148444
0 0.257313 0.231333 0.0942579 0.305333 0.0015549
0 0.24675 0.532 0.0861322 0.154667 0.00157126
0 0.27844 0.441333 0.112676 0.149333 0.00173163
0 0.0273564 0 0.0547129 0 0.00174528
0 0.247291 0.672 0.0839653 0.16 0.00189574
0 0.306338 0.487333 0.1013 0.153333 0.00197879
0 0.636511 0.995333 0.0866739 0.00933333 0.00202538
0 0.565276 0.558 0.385157 0.884 0.00252369
0 0.271939 0.5 0.543879 1 0.00252375
0 0.230228 0.508667 0.173348 0.404 0.00259454
0 0.817714 0.914667 0.179307 0.152 0.00283794
0 0.216414 0.488 0.102384 0.170667 0.00329294
0 0.26571 0.612 0.109967 0.205333 0.00333563
0 0.258397 0.487333 0.114843 0.174667 0.012399
0 0.411159 0.706667 0.0530878 0.114667 0.0264417
0 0.721289 0.826 0.191224 0.348 0.0318731
0 0.547942 0.600667 0.0590466 0.174667 0.263677
0 0.717226 0.871333 0.110509 0.257333 0.808496
