0 0.647887 0.325333 0.0216685 0.0293333 1.95107e-05
0 0.913868 0.506 0.0769231 0.0946667 1.9601e-05
0 0.720748 0.952 0.0406284 0.072 1.96266e-05
0 0.238353 0.872 0.0953413 0.256 1.97509e-05
0 0.429036 0.076 0.0292524 0.152 1.9796e-05
0 0.67389 0.002 0.0834236 0.004 1.97964e-05
0 0.371073 0.556667 0.0606717 0.0653333 1.9799e-05
0 0.442849 0.632667 0.0232936 0.0573333 1.98082e-05
0 0.429036 0.416 0.148429 0.706667 1.98113e-05
0 0.733749 0.329333 0.0362947 0.0826667 1.98294e-05
0 0.198267 0.438 0.0498375 0.137333 1.99014e-05
0 0.820423 0.723333 0.0861322 0.132 1.99579e-05
0 0.96208 0.474 0.0758397 0.292 2.00924e-05
0 0.891387 0.952667 0.0362947 0.0946667 2.00994e-05
0 0.898429 0.0566667 0.0774648 0.0946667 2.01075e-05
0 0.270314 0.978667 0.0595883 0.0426667 2.01193e-05
0 0.513543 0.635333 0.0325027 0.0786667 2.02195e-05
0 0.537107 0.832 0.0720477 0.141333 2.02785e-05
0 0.622427 0.08 0.0238353 0.0746667 2.03279e-05
0 0.596966 0.279333 0.0346696 0.0813333 2.04005e-05
0 0.635428 0.0786667 0.0260022 0.08 2.043e-05
0 0.978061 0.15 0.039545 0.3 2.04414e-05
0 0.369718 0.976667 0.0352113 0.0386667 2.04506e-05
0 0.781961 0.24 0.067714 0.154667 2.05077e-05
0 0.387595 0.962667 0.0807151 0.0746667 2.06217e-05
0 0.61701 0.920667 0.0606717 0.158667 2.06727e-05
0 0.171723 0.755333 0.209101 0.489333 2.0743e-05
0 0.0292524 0.356 0.0585049 0.224 2.07481e-05
0 0.509751 0.406 0.063922 0.14 2.08681e-05
0 0.403304 0.694667 0.0157096 0.0346667 2.08765e-05
0 0.241333 0.478 0.152221 0.169333 2.08947e-05
0 0.763001 0.874667 0.0612134 0.128 2.09117e-05
0 0.471018 0.514667 0.0547129 0.36 2.09901e-05
0 0.0509209 0.26 0.101842 0.226667 2.11348e-05
0 0.1961 0.518 0.0476706 0.0973333 2.11388e-05
0 0.258126 0.931333 0.0514626 0.129333 2.11396e-05
0 0.704496 0.276667 0.0482123 0.121333 2.1142e-05
0 0.235103 0.811333 0.170098 0.377333 2.11648e-05
0 0.815005 0.0673333 0.0991333 0.134667 2.1192e-05
0 0.460184 0.0106667 0.0687974 0.0213333 2.11943e-05
0 0.814464 0.506667 0.0709642 0.274667 2.11968e-05
0 0.622427 0.76 0.0758397 0.181333 2.12022e-05
0 0.137324 0.998 0.0547129 0.004 2.13284e-05
0 0.425515 0.719333 0.0579632 0.246667 2.13555e-05
0 0.453413 0.175333 0.0487541 0.076 2.14025e-05
0 0.479144 0.08 0.0362947 0.064 2.14028e-05
0 0.720748 0.00866667 0.0590466 0.0173333 2.1409e-05
0 0.790087 0.662 0.0742145 0.134667 2.14209e-05
0 0.785482 0.38 0.0368364 0.0586667 2.14571e-05
0 0.28467 0.658 0.138137 0.372 2.14704e-05
0 0.587486 0.948667 0.0752979 0.102667 2.15535e-05
0 0.317443 0.02 0.0487541 0.04 2.158e-05
0 0.404117 0.588 0.056338 0.106667 2.16073e-05
0 0.811213 0.843333 0.0698808 0.118667 2.16326e-05
0 0.863489 0.201333 0.141928 0.282667 2.16359e-05
0 0.421723 0.99 0.0568797 0.02 2.16761e-05
0 0.360238 0.582667 0.0433369 0.0666667 2.18171e-05
0 0.900054 0.503333 0.0222102 0.0386667 2.18843e-05
0 0.461268 0.647333 0.0622969 0.124 2.19251e-05
0 0.941495 0.900667 0.0812568 0.137333 2.19629e-05
0 0.83559 0.988667 0.0763814 0.0226667 2.19831e-05
0 0.413597 0.644667 0.131636 0.518667 2.20018e-05
0 0.582611 0.892667 0.0687974 0.214667 2.20457e-05
0 0.610509 0.956667 0.0314193 0.0546667 2.20481e-05
0 0.758126 0.066 0.0774648 0.132 2.20904e-05
0 0.642199 0 0.0482123 0 2.21239e-05
0 0.503521 0.236 0.039545 0.0906667 2.2136e-05
0 0.397887 0.737333 0.0178765 0.0693333 2.21416e-05
0 0.647346 0.078 0.0292524 0.0786667 2.21799e-05
0 0.0479415 0.972667 0.095883 0.0546667 2.22203e-05
0 0.45883 0.992 0.056338 0.016 2.22343e-05
0 0.67416 0.00933333 0.0482123 0.0186667 2.23319e-05
0 0.482124 0.928667 0.0650054 0.142667 2.23703e-05
0 0.0303359 0.0313333 0.0530878 0.0626667 2.2393e-05
0 0.469935 0.529333 0.0655471 0.176 2.24455e-05
0 0.78169 0.359333 0.0411701 0.052 2.24715e-05
0 0.577736 0.446 0.0666305 0.276 2.24866e-05
0 0.719122 0.134667 0.0341278 0.0826667 2.24873e-05
0 0.577736 0.450667 0.0492958 0.141333 2.24985e-05
0 0.548212 0.422 0.0260022 0.076 2.25416e-05
0 0.381636 0.024 0.0460455 0.048 2.26813e-05
0 0.722914 0.952 0.0947996 0.096 2.27269e-05
0 0.688245 0.590667 0.0644637 0.141333 2.27363e-05
0 0.817172 0.026 0.0633803 0.052 2.28216e-05
0 0.297671 0.956667 0.0471289 0.0866667 2.28968e-05
0 0.479415 0.174 0.0444204 0.068 2.29051e-05
0 0.317714 0.647333 0.0438787 0.134667 2.29118e-05
0 0.543608 0.725333 0.0297941 0.0586667 2.29301e-05
0 0.0203142 0.327333 0.0406284 0.134667 2.29627e-05
0 0.886241 0.494 0.0704225 0.0973333 2.2967e-05
0 0.387595 0.792667 0.0341278 0.166667 2.2997e-05
0 0.978332 0.891333 0.0227519 0.0573333 2.30724e-05
0 0.504605 0.793333 0.0308776 0.064 2.31065e-05
0 0.4052 0.606667 0.0270856 0.0826667 2.32764e-05
0 0.941766 0.128 0.0861322 0.173333 2.32953e-05
0 0.0148971 0.0986667 0.0297941 0.16 2.33284e-05
0 0.608342 0.0446667 0.0325027 0.0653333 2.33309e-05
0 0.507855 0.983333 0.031961 0.0333333 2.34027e-05
0 0.615926 0.500667 0.0780065 0.18 2.34474e-05
0 0.868906 0.584 0.0769231 0.157333 2.34866e-05
0 0.665222 0.390667 0.0552546 0.106667 2.34958e-05
0 0.693662 0.694667 0.0362947 0.056 2.35355e-05
0 0.545504 0.180667 0.0379198 0.0573333 2.35516e-05
0 0.110238 0.923333 0.116468 0.124 2.36318e-05
0 0.639762 0.776 0.0650054 0.274667 2.36372e-05
0 0.186891 0.586667 0.0953413 0.304 2.36749e-05
0 0.635699 0.391333 0.0655471 0.124 2.3692e-05
0 0.0268147 0.772 0.0427952 0.304 2.38842e-05
0 0.458017 0.394 0.0774648 0.169333 2.396e-05
0 0.734832 0.468 0.0449621 0.12 2.4044e-05
0 0.466143 0.73 0.0568797 0.278667 2.41462e-05
0 0.871885 0.0813333 0.0330444 0.0773333 2.41482e-05
0 0.789003 0.580667 0.0655471 0.148 2.41604e-05
0 0.982936 0.792 0.0254605 0.0746667 2.41794e-05
0 0.355363 0.03 0.0433369 0.0573333 2.4208e-05
0 0.498375 0.686 0.0140845 0.068 2.42282e-05
0 0.978873 0.111333 0.0292524 0.193333 2.42681e-05
0 0.66766 0 0.0482123 0 2.42784e-05
0 0.359967 0.644667 0.0774648 0.148 2.43216e-05
0 0.138949 0.937333 0.0536295 0.056 2.43259e-05
0 0.619447 0.838667 0.0547129 0.285333 2.43589e-05
0 0.504875 0.173333 0.0390032 0.0746667 2.43808e-05
0 0.185807 0.022 0.092091 0.044 2.44275e-05
0 0.863489 0.989333 0.0964247 0.0213333 2.44625e-05
0 0.212351 0.949333 0.101842 0.101333 2.45609e-05
0 0.223456 0.435333 0.0514626 0.110667 2.4604e-05
0 0.700163 0.790667 0.118635 0.418667 2.46181e-05
0 0.440412 0.836 0.0747562 0.138667 2.46205e-05
0 0.673619 0.0486667 0.0687974 0.0973333 2.46767e-05
0 0.762459 0.574667 0.0666305 0.144 2.47555e-05
0 0.0230228 0.382667 0.0287107 0.296 2.47949e-05
0 0.454496 0.00333333 0.0476706 0.00666667 2.48292e-05
0 0.432286 0.127333 0.0346696 0.14 2.48408e-05
0 0.754605 0.0886667 0.0498375 0.156 2.48408e-05
0 0.392199 0.616667 0.0379198 0.0786667 2.48691e-05
0 0.881094 0.794667 0.0438787 0.064 2.49073e-05
0 0.888407 0.0613333 0.0942579 0.122667 2.4939e-05
0 0.46506 0.588 0.0644637 0.141333 2.50367e-05
0 0.561484 0.11 0.0666305 0.22 2.50451e-05
0 0.839112 0.686 0.0834236 0.166667 2.50817e-05
0 0.537107 0.062 0.095883 0.124 2.51941e-05
0 0.393554 0.716 0.0297941 0.125333 2.52419e-05
0 0.143824 0.983333 0.0785482 0.0333333 2.52727e-05
0 0.42714 0.600667 0.039545 0.108 2.52833e-05
0 0.478061 0.205333 0.0471289 0.0853333 2.53156e-05
0 0.774648 0.994667 0.0780065 0.0106667 2.53706e-05
0 0.472914 0.853333 0.028169 0.0826667 2.55707e-05
0 0.631365 1 0.0503792 0 2.56814e-05
0 0.612947 0.852667 0.0200433 0.036 2.57582e-05
0 0.465872 0.026 0.106176 0.052 2.57725e-05
0 0.0154388 0.00933333 0.0308776 0.0186667 2.58236e-05
0 0.770856 0.846 0.0422535 0.1 2.58521e-05
0 0.429036 0.519333 0.0379198 0.124 2.58567e-05
0 0.437432 0.901333 0.0774648 0.136 2.59267e-05
0 0.421452 0.0126667 0.071506 0.0253333 2.59367e-05
0 0.269772 0.00866667 0.0747562 0.0173333 2.59569e-05
0 0.603738 0 0.0503792 0 2.59634e-05
0 0.428765 0.654667 0.0362947 0.109333 2.60184e-05
0 0.510563 0.336 0.0731311 0.16 2.60223e-05
0 0.729686 0.127333 0.0585049 0.254667 2.60499e-05
0 0.396262 0.558 0.0406284 0.0786667 2.62012e-05
0 0.965872 0.961333 0.0682557 0.0773333 2.62325e-05
0 0.327194 0.601333 0.0595883 0.130667 2.6283e-05
0 0.837757 0.486667 0.031961 0.0533333 2.63056e-05
0 0.819068 0.582 0.0595883 0.14 2.63781e-05
0 0.628657 0.215333 0.0341278 0.0626667 2.63935e-05
0 0.0985916 0.0286667 0.118093 0.0573333 2.6416e-05
0 0.556609 0.449333 0.0406284 0.144 2.65591e-05
0 0.915493 0.986667 0.0790899 0.0266667 2.65651e-05
0 0.866739 0.700667 0.099675 0.113333 2.65656e-05
0 0.233478 0.0253333 0.0455038 0.0506667 2.67157e-05
0 0.232124 0.651333 0.152221 0.484 2.67293e-05
0 0.967226 0.48 0.0655471 0.149333 2.68347e-05
0 0.648429 0.357333 0.0390032 0.0933333 2.6846e-05
0 0.662784 0.579333 0.0612134 0.14 2.68545e-05
0 0.958017 0.642 0.0774648 0.142667 2.6883e-05
0 0.401138 0.705333 0.0167931 0.032 2.68867e-05
0 0.457746 0.978 0.035753 0.0333333 2.6913e-05
0 0.238895 0.944 0.0758397 0.112 2.69355e-05
0 0.114572 0.962 0.155471 0.076 2.69759e-05
0 0.419556 0.258667 0.0471289 0.0933333 2.7039e-05
0 0.555796 0.715333 0.0725894 0.129333 2.71563e-05
0 0.757313 0.515333 0.0346696 0.076 2.72442e-05
0 0.764626 0.844667 0.0200433 0.0413333 2.72634e-05
0 0.502167 0.487333 0.0552546 0.102667 2.72908e-05
0 0.187432 0.995333 0.100758 0.00933333 2.73376e-05
0 0.543066 0.202667 0.0406284 0.072 2.75664e-05
0 0.495666 0.634 0.107259 0.452 2.7644e-05
0 0.77546 0.835333 0.0211268 0.0226667 2.7688e-05
0 0.654388 0.880667 0.0682557 0.238667 2.76925e-05
0 0.687703 0.888 0.0709642 0.152 2.77095e-05
0 0.187974 0.519333 0.0866739 0.142667 2.77376e-05
0 0.452871 0.0886667 0.0368364 0.0706667 2.77448e-05
0 0.787107 0.102667 0.0823402 0.205333 2.77502e-05
0 0.444475 0.980667 0.0352113 0.036 2.78103e-05
0 0.789816 0.514667 0.0671723 0.136 2.7819e-05
0 0.478332 0.492 0.0173348 0.0453333 2.78994e-05
0 0.630823 0.343333 0.0362947 0.0546667 2.79731e-05
0 0.651138 0.337333 0.0227519 0.0213333 2.80471e-05
0 0.183099 0.426667 0.0931744 0.178667 2.80547e-05
0 0.361051 0.008 0.0817985 0.016 2.81429e-05
0 0.163597 1 0.056338 0 2.83472e-05
0 0.546316 0.641333 0.0590466 0.266667 2.83734e-05
0 0.807692 0.401333 0.0238353 0.0666667 2.84999e-05
0 0.894095 0.002 0.0547129 0.004 2.85372e-05
0 0.645991 0.34 0.00595883 0.0186667 2.85379e-05
0 0.398429 0.89 0.0742145 0.22 2.85562e-05
0 0.239166 0.992 0.0514626 0.016 2.85674e-05
0 0.137324 0.47 0.159805 0.268 2.85827e-05
0 0.48104 0.284 0.0390032 0.0693333 2.8687e-05
0 0.409805 0.764667 0.0200433 0.068 2.87605e-05
0 0.518147 0.004 0.067714 0.008 2.87956e-05
0 0.00785482 0.0646667 0.0135428 0.121333 2.88199e-05
0 0.707747 0.519333 0.0622969 0.129333 2.88814e-05
0 0.75623 0.0413333 0.0400867 0.0613333 2.90136e-05
0 0.684453 0.795333 0.0200433 0.105333 2.90628e-05
0 0.894095 0.0246667 0.0514626 0.0493333 2.9076e-05
0 0.384074 0.178667 0.0660888 0.266667 2.90863e-05
0 0.416035 0.690667 0.0184182 0.04 2.92146e-05
0 0.39247 0.0953333 0.0807151 0.0946667 2.9283e-05
0 0.409263 0.721333 0.0232936 0.0986667 2.9294e-05
0 0.638407 0.529333 0.0666305 0.141333 2.95268e-05
0 0.429848 0.402 0.0731311 0.276 2.95272e-05
0 0.221018 0.022 0.0422535 0.044 2.96377e-05
0 0.542524 0.393333 0.0590466 0.293333 2.97857e-05
0 0.960997 0.034 0.0780065 0.068 2.9787e-05
0 0.113218 1 0.0574215 0 2.9839e-05
0 0.492958 0.981333 0.0314193 0.0373333 2.98418e-05
0 0.418472 0.768 0.0200433 0.064 2.98431e-05
0 0.702871 0.689333 0.0666305 0.194667 2.9878e-05
0 0.536566 0.268667 0.0709642 0.150667 3.03167e-05
0 0.702329 0.799333 0.0492958 0.137333 3.03175e-05
0 0.680119 0.990667 0.0406284 0.0186667 3.04913e-05
0 0.979415 0.00333333 0.0411701 0.00666667 3.07331e-05
0 0.0265439 0.546 0.0530878 0.164 3.10421e-05
0 0.431473 0.764 0.0222102 0.0586667 3.10487e-05
0 0.530878 0.00466667 0.0498375 0.00933333 3.10489e-05
0 0.0195016 0.130667 0.0390032 0.261333 3.10735e-05
0 0.052546 0.518667 0.105092 0.272 3.11361e-05
0 0.478061 0.113333 0.0373781 0.0773333 3.12455e-05
0 0.549837 0.396 0.0260022 0.0666667 3.13123e-05
0 0.408722 0.773333 0.031961 0.125333 3.14431e-05
0 0.839924 0.576 0.0612134 0.16 3.14456e-05
0 0.863759 0.498 0.0254605 0.0386667 3.14922e-05
0 0.980769 0.525333 0.0384615 0.282667 3.15271e-05
0 0.845341 0.482667 0.0460455 0.258667 3.15648e-05
0 0.492145 0.002 0.052546 0.004 3.16578e-05
0 0.750542 0.222667 0.0178765 0.064 3.16608e-05
0 0.70883 0.0246667 0.0503792 0.0493333 3.18077e-05
0 0.0622969 0.998 0.0541712 0.004 3.19125e-05
0 0.909805 0.518667 0.0330444 0.056 3.19358e-05
0 0.384074 0.641333 0.0411701 0.109333 3.19461e-05
0 0.0839653 0.817333 0.109426 0.277333 3.211e-05
0 0.982123 0.0273333 0.035753 0.028 3.21228e-05
0 0.255959 0.965333 0.0384615 0.056 3.21652e-05
0 0.391928 0.0873333 0.0807151 0.174667 3.2247e-05
0 0.817985 0.058 0.0455038 0.0706667 3.23606e-05
0 0.412784 0.532667 0.0671723 0.188 3.2386e-05
0 0.782774 1 0.0660888 0 3.25912e-05
0 0.621885 0.048 0.0314193 0.072 3.26893e-05
0 0.428494 0.00133333 0.0541712 0.00266667 3.27272e-05
0 0.874323 0.94 0.0942579 0.12 3.28234e-05
0 0.612405 0.111333 0.0633803 0.222667 3.29771e-05
0 0.384886 0.562667 0.0763814 0.101333 3.30042e-05
0 0.806609 0.856 0.0422535 0.0533333 3.30151e-05
0 0.356717 0.974 0.0297941 0.0413333 3.30215e-05
0 0.409805 0.677333 0.024377 0.088 3.30295e-05
0 0.00595883 0.846667 0.0119177 0.154667 3.30988e-05
0 0.0176056 0.662667 0.0352113 0.144 3.31295e-05
0 0.570152 0.847333 0.0276273 0.0493333 3.32658e-05
0 0.359967 0.912 0.0655471 0.176 3.33081e-05
0 0.255146 0.006 0.0552546 0.012 3.33589e-05
0 0.144366 0.0586667 0.113218 0.117333 3.33622e-05
0 0.0633803 0.97 0.126761 0.06 3.34246e-05
0 0.305796 0.969333 0.0449621 0.0506667 3.34678e-05
0 0.508397 0.99 0.0568797 0.02 3.3469e-05
0 0.746479 0.16 0.0693391 0.157333 3.37522e-05
0 0.62351 0.838667 0.0314193 0.0426667 3.37904e-05
0 0.238895 0.0593333 0.084507 0.118667 3.38146e-05
0 0.939328 0.953333 0.0790899 0.0933333 3.39197e-05
0 0.785753 0.0786667 0.0622969 0.146667 3.397e-05
0 0.535211 0.476667 0.0606717 0.145333 3.40331e-05
0 0.560672 0.156667 0.0628386 0.124 3.41085e-05
0 0.685265 0.513333 0.0487541 0.109333 3.41699e-05
0 0.486186 0.00933333 0.0752979 0.0186667 3.41967e-05
0 0.858884 0.0446667 0.0384615 0.0706667 3.43013e-05
0 0.81636 0.881333 0.0910076 0.130667 3.43616e-05
0 0.57286 0.123333 0.024377 0.084 3.44017e-05
0 0.164951 0.948 0.118635 0.104 3.44441e-05
0 0.547671 0.522 0.063922 0.174667 3.44552e-05
0 0.613759 0.0326667 0.0866739 0.0653333 3.44794e-05
0 0.507313 0.101333 0.088299 0.202667 3.44843e-05
0 0.68364 0.363333 0.0379198 0.0866667 3.44854e-05
0 0.841278 0.026 0.105092 0.052 3.4545e-05
0 0.987812 0.111333 0.0189599 0.118667 3.45455e-05
0 0.541983 0.696667 0.0254605 0.06 3.46116e-05
0 0.152221 0.00333333 0.0574215 0.00666667 3.46326e-05
0 0.767606 0.997333 0.0455038 0.00533333 3.46905e-05
0 0.667931 0.471333 0.0693391 0.137333 3.5225e-05
0 0.244583 0.0626667 0.0482123 0.0906667 3.53733e-05
0 0.541983 0.353333 0.0438787 0.130667 3.54354e-05
0 0.565005 0.778 0.071506 0.124 3.57945e-05
0 0.429577 0.410667 0.0444204 0.170667 3.58775e-05
0 0.0742145 1 0.0574215 0 3.59123e-05
0 0.622156 0.966667 0.0232936 0.048 3.59162e-05
0 0.209372 0.591333 0.0709642 0.156 3.60253e-05
0 0.833965 0.821333 0.137053 0.357333 3.60633e-05
0 0.508667 0.681333 0.0249187 0.0826667 3.6328e-05
0 0.0216685 0.392 0.0433369 0.122667 3.63289e-05
0 0.054442 0.108 0.108884 0.216 3.63379e-05
0 0.0170639 0.915333 0.0297941 0.124 3.6383e-05
0 0.276002 0.995333 0.0698808 0.00933333 3.642e-05
0 0.585049 0.836 0.056338 0.122667 3.64816e-05
0 0.736999 0.9 0.0872156 0.136 3.64968e-05
0 0.865114 0.772667 0.0476706 0.113333 3.65591e-05
0 0.426869 0.471333 0.0325027 0.126667 3.65988e-05
0 0.74052 0.03 0.092091 0.06 3.66288e-05
0 0.408722 0.960667 0.0817985 0.0786667 3.66642e-05
0 0.26571 0.991333 0.0471289 0.0173333 3.66989e-05
0 0.70883 0.462 0.0612134 0.126667 3.68255e-05
0 0.432015 0.630667 0.0254605 0.0666667 3.68656e-05
0 0.98402 0.529333 0.031961 0.138667 3.69039e-05
0 0.834507 0.94 0.0947996 0.12 3.695e-05
0 0.360509 0.560667 0.0590466 0.118667 3.70795e-05
0 0.989707 0.702667 0.020585 0.136 3.71273e-05
0 0.981582 0.06 0.0368364 0.064 3.72822e-05
0 0.201517 1 0.0552546 0 3.74487e-05
0 0.693391 0.006 0.0465872 0.012 3.74668e-05
0 0.418743 0.732 0.0216685 0.072 3.74735e-05
0 0.435807 0.00866667 0.0742145 0.0173333 3.75457e-05
0 0.514626 0.0326667 0.100758 0.0653333 3.76291e-05
0 0.0593174 0.263333 0.118635 0.526667 3.7644e-05
0 0.780336 0.326667 0.0276273 0.0986667 3.76489e-05
0 0.74052 0.516 0.0574215 0.117333 3.77496e-05
0 0.5539 0 0.052546 0 3.77684e-05
0 0.1552 0.486 0.088299 0.193333 3.78027e-05
0 0.510834 0.722 0.0617551 0.169333 3.78322e-05
0 0.459101 0.314667 0.0774648 0.152 3.79696e-05
0 0.482394 0.948667 0.0362947 0.0786667 3.8127e-05
0 0.556609 0.986 0.0406284 0.028 3.82081e-05
0 0.747562 0.332 0.0379198 0.0746667 3.82633e-05
0 0.659534 0.271333 0.0471289 0.145333 3.8419e-05
0 0.0119177 0.0186667 0.0238353 0.0373333 3.84684e-05
0 0.705309 0.398667 0.0606717 0.125333 3.84795e-05
0 0.981853 0.645333 0.0362947 0.317333 3.856e-05
0 0.810943 0.0753333 0.0606717 0.124 3.85748e-05
0 0.636511 0.173333 0.0487541 0.144 3.87094e-05
0 0.758938 0.347333 0.0390032 0.076 3.87977e-05
0 0.791712 0 0.052546 0 3.8875e-05
0 0.704496 0.0626667 0.0341278 0.08 3.88865e-05
0 0.330173 0.913333 0.0817985 0.133333 3.89579e-05
0 0.822589 0.41 0.0590466 0.126667 3.89682e-05
0 0.932828 0.535333 0.0650054 0.0946667 3.91526e-05
0 0.692308 0 0.0498375 0 3.95335e-05
0 0.640845 0.786667 0.0476706 0.133333 3.95913e-05
0 0.179036 0 0.0557963 0 3.96189e-05
0 0.524106 0.976667 0.0503792 0.0466667 3.96207e-05
0 0.662243 0.0366667 0.0752979 0.0733333 3.96406e-05
0 0.623239 0.845333 0.0146262 0.0453333 3.96735e-05
0 0.833965 0.0873333 0.0644637 0.134667 3.98164e-05
0 0.58234 0.126667 0.0260022 0.08 3.98253e-05
0 0.532774 0.0433333 0.0460455 0.052 3.98699e-05
0 0.804984 0.018 0.0455038 0.036 3.98983e-05
0 0.977519 0.00533333 0.0449621 0.0106667 4.01411e-05
0 0.982936 0.580667 0.0341278 0.14 4.01434e-05
0 0.290899 0.98 0.0747562 0.04 4.02098e-05
0 0.603467 0.733333 0.0541712 0.122667 4.02482e-05
0 0.941766 0 0.0547129 0 4.03916e-05
0 0.540358 0.954 0.0742145 0.092 4.04511e-05
0 0.330173 0.924 0.039545 0.0986667 4.0491e-05
0 0.558776 0.417333 0.0308776 0.0773333 4.06179e-05
0 0.185536 0.494667 0.0503792 0.112 4.08037e-05
0 0.500271 0.89 0.0557963 0.22 4.08934e-05
0 0.791712 0.024 0.113218 0.048 4.09488e-05
0 0.788191 0.996667 0.106176 0.00666667 4.10534e-05
0 0.429307 0.173333 0.0449621 0.101333 4.11155e-05
0 0.401679 0.836667 0.113218 0.326667 4.11381e-05
0 0.337757 0.988667 0.067714 0.0226667 4.11896e-05
0 0.00541712 0.170667 0.0108342 0.157333 4.12533e-05
0 0.941766 0.993333 0.0482123 0.0133333 4.12857e-05
0 0.401679 0 0.0547129 0 4.13069e-05
0 0.770585 0.353333 0.031961 0.0746667 4.13111e-05
0 0.536024 0.916 0.0644637 0.125333 4.14117e-05
0 0.778982 0.0146667 0.0465872 0.0293333 4.14635e-05
0 0.668202 0.23 0.0763814 0.102667 4.14943e-05
0 0.767064 0.834667 0.0195016 0.016 4.1646e-05
0 0.606988 0.00533333 0.0417118 0.0106667 4.17838e-05
0 0.934182 0.078 0.111051 0.156 4.21592e-05
0 0.591008 0.213333 0.0249187 0.0506667 4.24186e-05
0 0.76273 0.463333 0.071506 0.14 4.25034e-05
0 0.0235645 0.890667 0.0471289 0.189333 4.25541e-05
0 0.433369 0.775333 0.0617551 0.110667 4.25589e-05
0 0.32584 0.804 0.194475 0.392 4.261e-05
0 0.436078 0.966667 0.0790899 0.0666667 4.26646e-05
0 0.563922 0.224 0.0725894 0.12 4.29044e-05
0 0.706121 0.990667 0.0460455 0.0186667 4.29494e-05
0 0.51571 0.605333 0.0335861 0.096 4.30106e-05
0 0.830444 0.00133333 0.0541712 0.00266667 4.30119e-05
0 0.819339 0.512667 0.0655471 0.126667 4.30825e-05
0 0.898429 0.534667 0.118635 0.368 4.32264e-05
0 0.505959 0.167333 0.0790899 0.134667 4.32821e-05
0 0.543879 0.006 0.0465872 0.012 4.32845e-05
0 0.860238 0.719333 0.0552546 0.0733333 4.33994e-05
0 0.0333153 0.103333 0.0666305 0.161333 4.34587e-05
0 0.864301 0.908 0.0807151 0.152 4.34659e-05
0 0.498104 0.592 0.0362947 0.152 4.35593e-05
0 0.0793608 0.772 0.158722 0.456 4.36058e-05
0 0.69312 0.0273333 0.0341278 0.0546667 4.37256e-05
0 0.238353 1 0.0530878 0 4.41785e-05
0 0.882449 0.969333 0.0368364 0.0533333 4.41795e-05
0 0.267876 0.0226667 0.0460455 0.0373333 4.42848e-05
0 0.564193 0.0366667 0.0904659 0.0733333 4.43364e-05
0 0.0116468 0.836667 0.0146262 0.268 4.46028e-05
0 0.138407 1 0.0579632 0 4.4633e-05
0 0.578819 0 0.052546 0 4.46627e-05
0 0.277627 0.827333 0.0796316 0.26 4.46951e-05
0 0.708288 0.0726667 0.0655471 0.145333 4.4738e-05
0 0.685536 0.510667 0.0297941 0.072 4.49576e-05
0 0.668472 0.148 0.0671723 0.184 4.49678e-05
0 0.562026 0.841333 0.06013 0.114667 4.49809e-05
0 0.915764 0.0246667 0.114301 0.0493333 4.50345e-05
0 0.977519 0.396667 0.0373781 0.206667 4.52814e-05
0 0.639491 0.11 0.0622969 0.22 4.53607e-05
0 0.467226 0.485333 0.0373781 0.0853333 4.54017e-05
0 0.031961 0.960667 0.063922 0.0786667 4.55983e-05
0 0.837486 0.997333 0.0780065 0.00533333 4.5675e-05
0 0.451517 0 0.0547129 0 4.59422e-05
0 0.191495 0.052 0.0839653 0.104 4.61749e-05
0 0.482394 0.044 0.0438787 0.056 4.64301e-05
0 0.679307 0.689333 0.110509 0.394667 4.65073e-05
0 0.522481 0.658667 0.024377 0.08 4.66068e-05
0 0.209372 0.476 0.103467 0.301333 4.66592e-05
0 0.36078 0.985333 0.0660888 0.0293333 4.67891e-05
0 0.503521 0.261333 0.0698808 0.136 4.68032e-05
0 0.514897 0 0.0547129 0 4.69895e-05
0 0.812297 0.38 0.0297941 0.048 4.70561e-05
0 0.814464 0.452667 0.067714 0.126667 4.70941e-05
0 0.533586 0.649333 0.0195016 0.0666667 4.71046e-05
0 0.682557 0.00866667 0.0411701 0.0173333 4.73046e-05
0 0.957476 0.748 0.0655471 0.122667 4.7648e-05
0 0.409805 0.646 0.0644637 0.166667 4.77135e-05
0 0.940412 1 0.0476706 0 4.78273e-05
0 0.804984 0.997333 0.0487541 0.00533333 4.79035e-05
0 0.989437 0.486667 0.0167931 0.117333 4.80377e-05
0 0.829632 0.996667 0.0492958 0.00666667 4.81094e-05
0 0.64572 0.335333 0.0140845 0.0306667 4.81874e-05
0 0.454496 0.258 0.0487541 0.0866667 4.82588e-05
0 0.968852 0.992667 0.0417118 0.0146667 4.83588e-05
0 0.244583 0.942 0.0471289 0.0973333 4.84197e-05
0 0.481311 0.499333 0.0297941 0.0786667 4.84609e-05
0 0.569068 0.008 0.0471289 0.016 4.85805e-05
0 0.621073 0.864 0.0211268 0.0506667 4.87534e-05
0 0.300379 0.774667 0.1013 0.28 4.89133e-05
0 0.53494 0.214 0.0644637 0.113333 4.90286e-05
0 0.0411701 1 0.0552546 0 4.9238e-05
0 0.624594 0.00933333 0.0574215 0.0186667 4.95109e-05
0 0.184724 0.94 0.0855905 0.0853333 4.95365e-05
0 0.741874 0.384 0.067714 0.146667 4.9612e-05
0 0.00731311 0.99 0.0146262 0.02 4.96998e-05
0 0.311755 0.924 0.0796316 0.152 4.97755e-05
0 0.730228 0.112 0.0400867 0.157333 4.99707e-05
0 0.717226 0 0.0509209 0 5.01155e-05
0 0.877844 1 0.0427952 0 5.05206e-05
0 0.991062 0.672 0.0178765 0.112 5.0593e-05
0 0.916576 0 0.0541712 0 5.09053e-05
0 0.830173 0.0206667 0.0492958 0.0413333 5.09449e-05
0 0.634345 0.296667 0.035753 0.1 5.1013e-05
0 0.372156 0.546667 0.135428 0.554667 5.10351e-05
0 0.399783 0.182667 0.0444204 0.194667 5.11909e-05
0 0.791983 0.448 0.0704225 0.149333 5.12529e-05
0 0.527898 0.764667 0.0633803 0.124 5.14088e-05
0 0.71208 0.988 0.0796316 0.024 5.14466e-05
0 0.477519 0.507333 0.0178765 0.0333333 5.15656e-05
0 0.371343 0.799333 0.114301 0.398667 5.17456e-05
0 0.406826 0.576 0.0270856 0.0773333 5.1831e-05
0 0.754334 0.288 0.0622969 0.141333 5.19071e-05
0 0.986999 0.948 0.0260022 0.104 5.19569e-05
0 0.862676 0.0366667 0.0557963 0.0733333 5.19903e-05
0 0.674702 1 0.0687974 0 5.2092e-05
0 0.708288 0.966667 0.0817985 0.0666667 5.21235e-05
0 0.805796 0.372667 0.039545 0.0946667 5.22762e-05
0 0.46506 0.769333 0.0254605 0.0293333 5.24272e-05
0 0.719664 0.00466667 0.0460455 0.00933333 5.25162e-05
0 0.520585 0.761333 0.0270856 0.0746667 5.25291e-05
0 0.480769 0.112 0.0622969 0.16 5.31299e-05
0 0.486728 0.993333 0.0666305 0.0133333 5.3371e-05
0 0.408992 0.688 0.0140845 0.048 5.36143e-05
0 0.292524 0.00666667 0.0530878 0.0133333 5.42888e-05
0 0.596696 0.770667 0.0352113 0.104 5.4441e-05
0 0.472644 0.516 0.031961 0.104 5.45841e-05
0 0.975894 0.719333 0.0482123 0.193333 5.45987e-05
0 0.618364 0.894667 0.052546 0.106667 5.47381e-05
0 0.0067714 0.232667 0.0135428 0.158667 5.49778e-05
0 0.534399 0.166 0.0666305 0.121333 5.5096e-05
0 0.492416 0.814667 0.0303359 0.0746667 5.53121e-05
0 0.986186 0 0.0276273 0 5.55018e-05
0 0.903846 1 0.0427952 0 5.55585e-05
0 0.957476 0.768 0.0362947 0.0746667 5.55685e-05
0 0.66441 0.955333 0.0796316 0.0893333 5.56712e-05
0 0.746479 0.008 0.0585049 0.016 5.60973e-05
0 0.370531 0.6 0.0682557 0.165333 5.65745e-05
0 0.44312 0.996667 0.0455038 0.00666667 5.66616e-05
0 0.612676 0.088 0.0444204 0.138667 5.67068e-05
0 0.887324 1 0.0801734 0 5.68323e-05
0 0.53169 0.725333 0.0276273 0.0613333 5.69627e-05
0 0.637053 0.336 0.0130011 0.0293333 5.71164e-05
0 0.773023 0.84 0.00758397 0.0186667 5.7144e-05
0 0.54415 0.404 0.0384615 0.128 5.72292e-05
0 0.855905 0.004 0.0465872 0.008 5.73116e-05
0 0.200704 1 0.0850488 0 5.73556e-05
0 0.420368 0.109333 0.0476706 0.114667 5.75381e-05
0 0.113218 0.620667 0.226436 0.553333 5.76528e-05
0 0.580715 0.394 0.0585049 0.121333 5.79052e-05
0 0.864843 1 0.0438787 0 5.81542e-05
0 0.431744 0.467333 0.0216685 0.084 5.85887e-05
0 0.669285 0.529333 0.06013 0.125333 5.88232e-05
0 0.425244 0.73 0.0314193 0.0973333 5.88686e-05
0 0.542524 0.620667 0.0926327 0.377333 5.91513e-05
0 0.622156 0.224 0.0590466 0.197333 5.91899e-05
0 0.987541 0.0133333 0.020585 0.0266667 5.92216e-05
0 0.469935 0.976667 0.0417118 0.0466667 5.93296e-05
0 0.591278 0.772 0.0189599 0.0266667 5.9454e-05
0 0.988624 0.577333 0.0227519 0.0853333 5.94573e-05
0 0.720477 0.0486667 0.035753 0.0706667 5.96611e-05
0 0.853196 0 0.0541712 0 5.97391e-05
0 0.407096 0.0246667 0.0460455 0.0386667 5.9908e-05
0 0.230498 0.00533333 0.0547129 0.0106667 5.99699e-05
0 0.0322319 0.218 0.0644637 0.409333 6.01109e-05
0 0.987541 0.968 0.020585 0.0613333 6.03236e-05
0 0.00893824 0.29 0.0178765 0.156 6.03526e-05
0 0.4052 0.996 0.0465872 0.008 6.04607e-05
0 0.490249 0 0.0541712 0 6.05973e-05
0 0.576381 0.336667 0.0671723 0.254667 6.08811e-05
0 0.871614 0.052 0.0390032 0.08 6.11359e-05
0 0.582069 0.0926667 0.0406284 0.116 6.11826e-05
0 0.0289816 0.428 0.0547129 0.149333 6.14445e-05
0 0.00758397 0.820667 0.0151679 0.270667 6.15192e-05
0 0.742145 0 0.0520043 0 6.17818e-05
0 0.585049 0.92 0.0606717 0.117333 6.18368e-05
0 0.0506501 1 0.0568797 0 6.19057e-05
0 0.0479415 0.406667 0.095883 0.274667 6.199e-05
0 0.687432 0.990667 0.0866739 0.0186667 6.21024e-05
0 0.824485 0.00666667 0.084507 0.0133333 6.22482e-05
0 0.328548 0.963333 0.0417118 0.06 6.22809e-05
0 0.934724 0.0113333 0.10455 0.0226667 6.26605e-05
0 0.722102 0.966667 0.0660888 0.0453333 6.28927e-05
0 0.292254 0.989333 0.0503792 0.0213333 6.29152e-05
0 0.620802 0.00533333 0.0400867 0.0106667 6.29707e-05
0 0.0140845 0.216667 0.028169 0.238667 6.36461e-05
0 0.903304 0.606 0.0276273 0.052 6.37081e-05
0 0.989707 0.638667 0.020585 0.136 6.39228e-05
0 0.566901 1 0.0373781 0 6.42981e-05
0 0.500813 0.901333 0.039545 0.128 6.4532e-05
0 0.480498 0.995333 0.0444204 0.00933333 6.47616e-05
0 0.0208559 1 0.0417118 0 6.49123e-05
0 0.580444 0.987333 0.0352113 0.0253333 6.49299e-05
0 0.32286 0.00666667 0.084507 0.0133333 6.51604e-05
0 0.503521 0.626667 0.0622969 0.186667 6.53816e-05
0 0.849404 1 0.0769231 0 6.54865e-05
0 0.744854 0.234 0.0509209 0.118667 6.56262e-05
0 0.685265 0.690667 0.0411701 0.109333 6.58187e-05
0 0.531148 0.696667 0.0254605 0.0653333 6.58379e-05
0 0.592904 0.744 0.0189599 0.0693333 6.58525e-05
0 0.314193 0.298 0.190683 0.596 6.62128e-05
0 0.363759 0 0.0557963 0 6.62326e-05
0 0.626761 0.844 0.0238353 0.024 6.63374e-05
0 0.16468 0.991333 0.159263 0.0173333 6.65089e-05
0 0.426056 0 0.0557963 0 6.65289e-05
0 0.264626 1 0.0503792 0 6.6545e-05
0 0.640303 0.0786667 0.0444204 0.144 6.658e-05
0 0.562568 0.0846667 0.0449621 0.113333 6.68614e-05
0 0.0227519 0.986 0.0455038 0.028 6.68848e-05
0 0.467768 0.877333 0.0579632 0.245333 6.69203e-05
0 0.737812 0.994 0.0877573 0.012 6.72831e-05
0 0.277898 0.518 0.239437 0.793333 6.74336e-05
0 0.20585 0.483333 0.0704225 0.158667 6.79264e-05
0 0.326923 0.985333 0.0492958 0.0293333 6.87714e-05
0 0.940412 0.992667 0.0888407 0.0146667 6.91167e-05
0 0.236999 0.990667 0.106717 0.0186667 6.92175e-05
0 0.413868 0.702667 0.0184182 0.0266667 6.9646e-05
0 0.205309 0 0.0552546 0 7.00149e-05
0 0.494041 0.733333 0.0368364 0.306667 7.0788e-05
0 0.662243 0.0446667 0.0265439 0.068 7.10772e-05
0 0.868635 0.945333 0.0492958 0.0986667 7.10833e-05
0 0.891928 0 0.0536295 0 7.11867e-05
0 0.709101 0.323333 0.0552546 0.137333 7.12199e-05
0 0.219122 0.288 0.200975 0.576 7.141e-05
0 0.553088 1 0.0379198 0 7.14704e-05
0 0.457205 0.0486667 0.0400867 0.0626667 7.15931e-05
0 0.00866739 0.110667 0.0173348 0.213333 7.21255e-05
0 0.390845 0.868 0.0308776 0.0906667 7.21981e-05
0 0.510834 0.0806667 0.0790899 0.113333 7.28832e-05
0 0.608613 0.387333 0.0752979 0.132 7.29553e-05
0 0.0143554 0.998 0.0287107 0.004 7.30388e-05
0 0.588028 1 0.0633803 0 7.341e-05
0 0.591549 0.759333 0.0140845 0.02 7.35085e-05
0 0.0387324 0.510667 0.0774648 0.568 7.38018e-05
0 0.765168 0.324667 0.0514626 0.26 7.40111e-05
0 0.440141 0.0206667 0.0817985 0.0413333 7.40836e-05
0 0.0165222 0.0533333 0.0330444 0.106667 7.42171e-05
0 0.710726 0.234667 0.114843 0.469333 7.43933e-05
0 0.378657 0.583333 0.0465872 0.0706667 7.44905e-05
0 0.466956 0.18 0.0877573 0.168 7.47579e-05
0 0.355634 0.992667 0.0417118 0.0146667 7.4864e-05
0 0.988624 0.0286667 0.0173348 0.052 7.53938e-05
0 0.360238 0.938 0.0498375 0.124 7.54494e-05
0 0.481582 0.965333 0.0628386 0.0693333 7.56061e-05
0 0.601029 0.225333 0.0427952 0.258667 7.611e-05
0 0.625948 0.856 0.0157096 0.0186667 7.64291e-05
0 0.254334 0.0293333 0.0449621 0.048 7.66744e-05
0 0.367281 0.022 0.0964247 0.044 7.68111e-05
0 0.0176056 0.603333 0.0352113 0.142667 7.72433e-05
0 0.678223 1 0.0411701 0 7.75551e-05
0 0.163055 1 0.0888407 0 7.76232e-05
0 0.742416 0.997333 0.0482123 0.00533333 7.81034e-05
0 0.518689 0.994667 0.0449621 0.0106667 7.83448e-05
0 0.934995 0.0426667 0.11701 0.0853333 7.83959e-05
0 0.96533 0 0.0552546 0 7.85328e-05
0 0.666576 0.99 0.0427952 0.02 7.86399e-05
0 0.484019 0.856 0.0265439 0.0933333 7.89072e-05
0 0.432828 0.256667 0.0758397 0.257333 7.92707e-05
0 0.511376 0.973333 0.0736728 0.0533333 7.95815e-05
0 0.437974 0.99 0.0720477 0.02 7.96277e-05
0 0.45883 0.0346667 0.0899242 0.0693333 7.96452e-05
0 0.410347 0.120667 0.0557963 0.198667 7.96597e-05
0 0.372427 0.816 0.0633803 0.208 8.00335e-05
0 0.650054 1 0.0671723 0 8.04585e-05
0 0.549567 0.999333 0.06013 0.00133333 8.05395e-05
0 0.307151 0.99 0.0780065 0.02 8.08095e-05
0 0.0904659 0.0553333 0.135428 0.110667 8.10102e-05
0 0.562297 0.367333 0.0335861 0.0573333 8.12922e-05
0 0.640845 0.331333 0.0151679 0.012 8.1627e-05
0 0.656284 0.893333 0.0698808 0.112 8.16281e-05
0 0.767606 0 0.0498375 0 8.16694e-05
0 0.450975 0.116667 0.0373781 0.0786667 8.18824e-05
0 0.498917 0.663333 0.0303359 0.110667 8.20923e-05
0 0.932557 0.0793333 0.0904659 0.108 8.22471e-05
0 0.456121 0.028 0.0509209 0.056 8.25154e-05
0 0.640845 1 0.0400867 0 8.41974e-05
0 0.393283 0.032 0.0433369 0.0533333 8.47735e-05
0 0.65818 0.00933333 0.035753 0.0186667 8.51965e-05
0 0.432015 0.219333 0.0503792 0.158667 8.52163e-05
0 0.871885 0.026 0.052546 0.052 8.54173e-05
0 0.0197725 0.830667 0.039545 0.338667 8.54876e-05
0 0.561484 0.394667 0.0514626 0.104 8.60485e-05
0 0.977248 0.742 0.0227519 0.0386667 8.64239e-05
0 0.579902 1 0.0384615 0 8.71027e-05
0 0.416576 0.1 0.0238353 0.16 8.76179e-05
0 0.76598 0 0.0530878 0 8.76205e-05
0 0.111593 0 0.056338 0 8.77275e-05
0 0.147887 0.942667 0.099675 0.08 8.80352e-05
0 0.990791 0.762 0.0184182 0.0706667 8.87302e-05
0 0.381094 0.994667 0.0460455 0.0106667 8.87814e-05
0 0.0127302 0.768667 0.0232936 0.318667 8.90324e-05
0 0.925244 1 0.0769231 0 8.92398e-05
0 0.498375 0.828 0.0400867 0.128 8.93465e-05
0 0.631094 0.966667 0.0260022 0.0373333 8.93963e-05
0 0.5948 0.766667 0.00433369 0.0213333 8.97198e-05
0 0.678494 0.968 0.0709642 0.064 8.97993e-05
0 0.985374 0.382 0.0292524 0.292 9.04309e-05
0 0.469935 0.744667 0.0362947 0.0973333 9.06563e-05
0 0.289816 0 0.0552546 0 9.09436e-05
0 0.680119 0.978 0.0373781 0.036 9.10644e-05
0 0.409534 0.69 0.0162514 0.0226667 9.13673e-05
0 0.385699 0.987333 0.0650054 0.0253333 9.17305e-05
0 0.765168 1 0.0471289 0 9.22211e-05
0 0.362405 0.997333 0.0682557 0.00533333 9.24645e-05
0 0.606176 0.0186667 0.0390032 0.0373333 9.26276e-05
0 0.767606 0.5 0.464789 1 9.29853e-05
0 0.971289 0.912667 0.0574215 0.174667 9.37553e-05
0 0.508397 0.0446667 0.0460455 0.0573333 9.37924e-05
0 0.429036 1 0.0444204 0 9.39314e-05
0 0.290628 1 0.0503792 0 9.40275e-05
0 0.339112 0 0.056338 0 9.4159e-05
0 0.0381907 0.0633333 0.0763814 0.126667 9.44127e-05
0 0.988353 0.06 0.0167931 0.0906667 9.45072e-05
0 0.599675 0.762 0.0184182 0.028 9.45355e-05
0 0.826923 1 0.0492958 0 9.49676e-05
0 0.864572 0.0153333 0.0736728 0.0306667 9.50204e-05
0 0.260834 0.213333 0.0807151 0.328 9.56063e-05
0 0.594258 0.982667 0.0292524 0.024 9.57744e-05
0 0.404388 0.0993333 0.0232936 0.172 9.60845e-05
0 0.595883 0.756 0.00975081 0.0426667 9.6392e-05
0 0.0108342 0.419333 0.0216685 0.142667 9.64254e-05
0 0.894908 0.754 0.0985916 0.214667 9.67206e-05
0 0.427411 0.082 0.092091 0.164 9.68068e-05
0 0.838841 0.0246667 0.088299 0.0493333 9.78703e-05
0 0.645991 0.046 0.031961 0.0733333 9.81265e-05
0 0.326381 0.998 0.0492958 0.004 9.93227e-05
0 0.666847 0.818667 0.0541712 0.125333 0.000100075
0 0.802546 0 0.0547129 0 0.000100174
0 0.769231 0.397333 0.461538 0.794667 0.000100378
0 0.703684 1 0.0465872 0 0.000100545
0 0.621073 0.016 0.0384615 0.032 0.000100735
0 0.755959 0.002 0.0471289 0.004 0.000101913
0 0.470477 0.951333 0.0287107 0.0706667 0.000101958
0 0.479415 0.978 0.0325027 0.0333333 0.000102526
0 0.612947 1 0.0698808 0 0.000102808
0 0.632178 0.857333 0.0498375 0.072 0.000102842
0 0.638949 0.34 0.0232936 0.0266667 0.000103115
0 0.0100217 1 0.0200433 0 0.000103385
0 0.488082 1 0.071506 0 0.000103733
0 0.257042 0.659333 0.514085 0.681333 0.000104538
0 0.252167 0 0.0557963 0 0.000104691
0 0.713164 1 0.0796316 0 0.000104717
0 0.0728602 0 0.0557963 0 0.000105321
0 0.504334 1 0.0465872 0 0.000106023
0 0.297942 0.0113333 0.0790899 0.0226667 0.000106488
0 0.987541 0.972667 0.0249187 0.0546667 0.000107054
0 0.827736 0 0.0552546 0 0.00010937
0 0.889762 0.026 0.0893824 0.052 0.000109463
0 0.469122 0.902 0.0390032 0.14 0.000109799
0 0.491062 0.0186667 0.0785482 0.0373333 0.00010999
0 0.463976 0.785333 0.0254605 0.0426667 0.000110127
0 0.463705 0.346667 0.176598 0.693333 0.000110321
0 0.53792 0.0166667 0.0758397 0.0333333 0.00011092
0 0.0130011 0.913333 0.0151679 0.173333 0.000111488
0 0.453954 1 0.0455038 0 0.000111902
0 0.686078 0.38 0.0124594 0.0186667 0.000112081
0 0.478873 1 0.0465872 0 0.000112299
0 0.551463 0.963333 0.0227519 0.0386667 0.000112326
0 0.448808 0.121333 0.0579632 0.152 0.000112979
0 0.635157 0.00666667 0.039545 0.0133333 0.000113261
0 0.728602 0.262667 0.0650054 0.205333 0.000113532
0 0.802817 1 0.0487541 0 0.000114361
0 0.966143 1 0.0460455 0 0.000114545
0 0.483749 0.894 0.0325027 0.14 0.00011473
0 0.707747 0.974667 0.0417118 0.0373333 0.000115492
0 0.990791 0.438 0.0184182 0.156 0.000116349
0 0.316631 0.0206667 0.0937161 0.0413333 0.000116368
0 0.313922 0 0.0557963 0 0.000116746
0 0.576923 0.3 0.0455038 0.106667 0.000117971
0 0.53494 0.982 0.0330444 0.028 0.00012031
0 0.988082 0.166667 0.0238353 0.237333 0.000120795
0 0.796858 0.399333 0.0585049 0.116 0.000121048
0 0.661159 0.02 0.0265439 0.04 0.0001211
0 0.00812568 0.72 0.0162514 0.272 0.000121101
0 0.56961 0.942 0.0438787 0.116 0.000121573
0 0.781148 0.294 0.0173348 0.0653333 0.000122047
0 0.687161 0.114 0.0406284 0.228 0.000122183
0 0.403846 1 0.0449621 0 0.000122334
0 0.670368 0.114 0.0460455 0.228 0.000122356
0 0.615926 1 0.0411701 0 0.000122435
0 0.83532 0.846 0.0899242 0.153333 0.000122438
0 0.630011 0.971333 0.0140845 0.0386667 0.000122506
0 0.967497 0.99 0.063922 0.02 0.000122616
0 0.813109 1 0.0790899 0 0.000123303
0 0.125677 1 0.102925 0 0.000124243
0 0.72156 0.0213333 0.0390032 0.0426667 0.000124623
0 0.182557 0.00533333 0.0747562 0.0106667 0.000124672
0 0.00947996 0.232 0.0146262 0.256 0.000124763
0 0.482936 0.811333 0.0417118 0.278667 0.000125353
0 0.326652 0.95 0.0552546 0.1 0.000125519
0 0.732936 0.0446667 0.0314193 0.0653333 0.000125731
0 0.582882 0.04 0.0400867 0.0506667 0.000126622
0 0.109426 0.417333 0.200433 0.536 0.000126681
0 0.713976 0.0106667 0.0650054 0.0213333 0.000126768
0 0.578548 0.332 0.0325027 0.056 0.000126812
0 0.529794 1 0.0444204 0 0.000126912
0 0.745125 0.00533333 0.0438787 0.0106667 0.000127319
0 0.617551 0.332 0.0411701 0.0453333 0.00012745
0 0.947996 0.571333 0.0541712 0.0813333 0.000128642
0 0.901408 0.583333 0.0552546 0.134667 0.000129409
0 0.972102 0.314667 0.0557963 0.432 0.000129562
0 0.898158 0.75 0.0509209 0.108 0.000129927
0 0.691224 0.236667 0.0260022 0.084 0.000130763
0 0.380011 1 0.0460455 0 0.00013104
0 0.773564 0.00533333 0.0790899 0.0106667 0.000131196
0 0.0119177 0.481333 0.0238353 0.149333 0.00013229
0 0.0192308 0.303333 0.0384615 0.372 0.000132429
0 0.40818 0.694 0.00704225 0.0333333 0.000132625
0 0.84805 0.503333 0.0384615 0.076 0.000133372
0 0.0297941 1 0.0530878 0 0.000134885
0 0.52546 0.704 0.0520043 0.12 0.00013504
0 0.162784 0 0.0568797 0 0.000135047
0 0.532774 0.992667 0.0427952 0.0146667 0.000136563
0 0.543608 0.99 0.0406284 0.02 0.000137987
0 0.176056 0 0.056338 0 0.000138077
0 0.00758397 0.912667 0.00975081 0.142667 0.000138998
0 0.559588 0.0433333 0.0433369 0.0493333 0.00013905
0 0.63299 0.976667 0.0417118 0.0466667 0.000139085
0 0.463434 0.996667 0.0861322 0.00666667 0.000139789
0 0.353738 1 0.0455038 0 0.000140833
0 0.750271 1 0.0780065 0 0.00014157
0 0.815005 0.01 0.0828819 0.02 0.000142363
0 0.462351 0.004 0.103467 0.008 0.000142474
0 0.391387 0.114 0.0417118 0.134667 0.000144347
0 0.789274 0.0186667 0.0931744 0.0373333 0.000146037
0 0.160888 0.592 0.321777 0.816 0.000146354
0 0.97454 0.728 0.035753 0.0986667 0.000146399
0 0.00812568 0.904667 0.0162514 0.190667 0.00014662
0 0.413868 0.044 0.0866739 0.088 0.000147264
0 0.411159 0.994 0.0834236 0.012 0.000148963
0 0.136782 0 0.0568797 0 0.000149747
0 0.506501 0.715333 0.0325027 0.0866667 0.000150276
0 0.685265 0.377333 0.0184182 0.04 0.000150977
0 0.586403 0.014 0.0666305 0.028 0.000151101
0 0.247291 0.734 0.0720477 0.3 0.000151668
0 0.413326 0.00133333 0.119177 0.00266667 0.000152708
0 0.490249 0.028 0.092091 0.056 0.000152777
0 0.740249 1 0.0492958 0 0.00015294
0 0.484019 0.236 0.0752979 0.117333 0.00015319
0 0.266251 0.018 0.0980498 0.036 0.000153523
0 0.60753 0.991333 0.0417118 0.0173333 0.000156584
0 0.587486 0.988667 0.0742145 0.0226667 0.000156916
0 0.649783 0.01 0.0438787 0.02 0.000159356
0 0.517606 0.716 0.0287107 0.0373333 0.000159726
0 0.947454 0.74 0.0585049 0.216 0.000159794
0 0.960184 0.004 0.0796316 0.008 0.000161287
0 0.612134 0.008 0.0801734 0.016 0.000165964
0 0.975081 0.834667 0.0498375 0.250667 0.00016647
0 0.413055 0.609333 0.738353 0.781333 0.000166585
0 0.370531 0.932667 0.0422535 0.0813333 0.000168166
0 0.379469 0.913333 0.0622969 0.154667 0.000169267
0 0.226977 0 0.056338 0 0.000169374
0 0.640303 0.0286667 0.0574215 0.0573333 0.000170815
0 0.736186 0.03 0.0595883 0.06 0.000173039
0 0.765439 0.0106667 0.0769231 0.0213333 0.000175138
0 0.217226 0.0233333 0.0910076 0.0466667 0.000175141
0 0.296046 0.018 0.0720477 0.036 0.000175144
0 0.611863 0.986 0.0612134 0.028 0.00017518
0 0.239707 0.0113333 0.0828819 0.0226667 0.000176747
0 0.0113759 0.348667 0.0151679 0.252 0.000176968
0 0.486186 0.510667 0.0189599 0.0266667 0.000177065
0 0.362947 0 0.131094 0 0.000178649
0 0.744041 0.326667 0.0752979 0.125333 0.000178926
0 0.853738 0.750667 0.0552546 0.178667 0.000179938
0 0.922535 0.612 0.0530878 0.0746667 0.000182826
0 0.984832 0.989333 0.0260022 0.0213333 0.000182843
0 0.600488 0.298667 0.0579632 0.202667 0.000183013
0 0.912243 0.251333 0.143012 0.385333 0.000183113
0 0.161701 0.00866667 0.095883 0.0173333 0.000185666
0 0.810943 0.389333 0.0151679 0.0506667 0.000186865
0 0.559317 0.384 0.0297941 0.048 0.000187048
0 0.513543 0.995333 0.0855905 0.00933333 0.000187805
0 0.696912 0.18 0.0449621 0.245333 0.000191898
0 0.858613 0.0186667 0.0400867 0.0373333 0.000193061
0 0.637324 0.989333 0.0612134 0.0213333 0.000194438
0 0.61403 0.03 0.067714 0.06 0.000194494
0 0.563109 0.944 0.0492958 0.0773333 0.00019514
0 0.709372 0.042 0.0633803 0.084 0.000200372
0 0.67091 0.038 0.0232936 0.076 0.000204684
0 0.660618 0.0133333 0.0698808 0.0266667 0.000205302
0 0.686891 0.0126667 0.0736728 0.0253333 0.000205596
0 0.546045 0.02 0.0444204 0.0346667 0.00020584
0 0.596696 0.194667 0.0297941 0.088 0.000206264
0 0.16766 0.0293333 0.103467 0.0586667 0.000209764
0 0.0127302 0.48 0.0178765 0.261333 0.000210775
0 0.478873 0.254667 0.0444204 0.088 0.000211693
0 0.770043 0.835333 0.0178765 0.0333333 0.000217328
0 0.498375 0.774667 0.0541712 0.0906667 0.000219671
0 0.511918 0.008 0.0942579 0.016 0.000219985
0 0.97481 0.942667 0.0427952 0.114667 0.000220068
0 0.469935 0.026 0.0449621 0.044 0.000222883
0 0.609697 0.981333 0.031961 0.024 0.000226261
0 0.201788 0 0.0557963 0 0.000227714
0 0.738895 0.00733333 0.0823402 0.0146667 0.000228719
0 0.491062 0.505333 0.0124594 0.0293333 0.000228951
0 0.0119177 0.544 0.0238353 0.149333 0.000230892
0 0.467768 0.458667 0.713434 0.917333 0.000232936
0 0.0284399 0.00866667 0.0568797 0.0173333 0.000233331
0 0.0484832 0 0.0568797 0 0.000233676
0 0.611863 0.974 0.0492958 0.044 0.000239248
0 0.848592 0.484667 0.024377 0.068 0.000242267
0 0.494583 0.0213333 0.0487541 0.04 0.000243093
0 0.562839 0.0113333 0.0812568 0.0226667 0.000243298
0 0.485915 0.507333 0.0108342 0.0226667 0.000244836
0 0.90195 0.541333 0.0812568 0.130667 0.000248087
0 0.83857 0.00133333 0.100758 0.00266667 0.000249991
0 0.672264 0.074 0.035753 0.126667 0.000252622
0 0.0571506 0.0166667 0.107801 0.0333333 0.000258093
0 0.988895 0.796 0.0222102 0.12 0.000259242
0 0.592362 0.024 0.0406284 0.0453333 0.000262758
0 0.689599 0.0846667 0.028169 0.121333 0.000262944
0 0.312839 0 0.128386 0 0.000264344
0 0.621343 0.229333 0.0530878 0.0933333 0.000267246
0 0.677681 0.5 0.644637 1 0.000267881
0 0.0092091 0.632 0.0184182 0.152 0.000278593
0 0.528982 0.571333 0.0341278 0.110667 0.00027892
0 0.0457746 0.995333 0.0915493 0.00933333 0.000284637
0 0.393554 0.07 0.0427952 0.110667 0.000289028
0 0.432015 0.058 0.0482123 0.0786667 0.000292339
0 0.537378 0.0266667 0.0790899 0.0533333 0.000296327
0 0.388407 0.5 0.776815 1 0.000302894
0 0.758126 0.018 0.052546 0.036 0.000303738
0 0.0203142 0.466 0.0406284 0.244 0.000306436
0 0.651679 0.974 0.056338 0.052 0.000308049
0 0.774106 0.313333 0.0184182 0.0426667 0.000309784
0 0.767335 0.324667 0.0417118 0.0973333 0.000314873
0 0.473727 0.819333 0.0330444 0.124 0.000319218
0 0.562839 0.0286667 0.0671723 0.0573333 0.000325916
0 0.0176056 0.662 0.0352113 0.38 0.000327293
0 0.720477 0.160667 0.020585 0.0733333 0.000329248
0 0.617822 0.224 0.031961 0.0586667 0.000333089
0 0.789816 0.000666667 0.105092 0.00133333 0.000337515
0 0.26273 0.000666667 0.130011 0.00133333 0.000342388
0 0.981311 1 0.0352113 0 0.000355536
0 0.678494 0.052 0.024377 0.0933333 0.000356665
0 0.539816 0.988667 0.0785482 0.0226667 0.000357662
0 0.431744 0.0253333 0.0498375 0.0373333 0.000358541
0 0.53494 0.616 0.0514626 0.154667 0.000359104
0 0.237811 0.5 0.475623 1 0.000364396
0 0.986728 0.323333 0.0265439 0.161333 0.000365044
0 0.700433 0.108 0.035753 0.141333 0.000371064
0 0.0265439 0.536667 0.0530878 0.406667 0.000386055
0 0.991874 1 0.0162514 0 0.000390457
0 0.511105 0.0286667 0.0763814 0.0466667 0.000395198
0 0.125135 0.00533333 0.110509 0.0106667 0.000400029
0 0.548754 0.978 0.0325027 0.0253333 0.00040238
0 0.0855905 0.00866667 0.113759 0.0173333 0.000405937
0 0.619718 0.99 0.0411701 0.02 0.000406462
0 0.985645 0.252667 0.0287107 0.252 0.000409446
0 0.608342 0.207333 0.0411701 0.092 0.000415687
0 0.579361 0.346667 0.0557963 0.088 0.000426365
0 0.913868 0.00266667 0.111593 0.00533333 0.000428679
0 0.0858613 0.997333 0.121885 0.00533333 0.000451645
0 0.722914 0.188 0.0427952 0.130667 0.000452943
0 0.211538 0.00533333 0.0904659 0.0106667 0.000454477
0 0.667931 0.974 0.0411701 0.0333333 0.000457846
0 0.978602 0.846667 0.0330444 0.138667 0.000462052
0 0.496208 0.734667 0.0216685 0.0773333 0.000484106
0 0.0135428 0.534667 0.0270856 0.298667 0.000497563
0 0.742687 0.226667 0.0270856 0.056 0.000507975
0 0.0235645 0.00133333 0.0471289 0.00266667 0.000513015
0 0.551192 0.975333 0.0536295 0.0493333 0.000524063
0 0.512188 0.699333 0.0254605 0.0386667 0.000524971
0 0.988082 0.38 0.0216685 0.157333 0.000525236
0 0.698537 0.185333 0.0330444 0.136 0.00053545
0 0.769502 0.298667 0.0276273 0.0773333 0.000541056
0 0.570152 0.026 0.0427952 0.0413333 0.000551307
0 0.163597 0.00133333 0.153846 0.00266667 0.000552324
0 0.855634 0.495333 0.0232936 0.052 0.00055908
0 0.645991 0.0153333 0.0352113 0.0306667 0.000573504
0 0.633261 0.977333 0.020585 0.0213333 0.000594731
0 0.269231 0.641333 0.417118 0.717333 0.000598322
0 0.264626 0.766667 0.119718 0.408 0.000598464
0 0.488624 0.777333 0.0314193 0.048 0.000606006
0 0.694745 0.092 0.0189599 0.0613333 0.000639539
0 0.913868 0.591333 0.0509209 0.0866667 0.000647869
0 0.0130011 0.646 0.0195016 0.276 0.000661198
0 0.991333 0.954667 0.0173348 0.0906667 0.000664211
0 0.743229 0.0206667 0.0390032 0.0413333 0.000667442
0 0.988624 1 0.020585 0 0.000675512
0 0.513001 0.708 0.0173348 0.0293333 0.000680224
0 0.63922 0.857333 0.0368364 0.0426667 0.000698469
0 0.0891116 0 0.166306 0 0.000721677
0 0.535753 0.615333 0.0292524 0.113333 0.000818808
0 0.631636 0.984667 0.0140845 0.0146667 0.000900174
0 0.501896 0.705333 0.0124594 0.0346667 0.000933544
0 0.671723 0.0373333 0.0249187 0.0373333 0.000970276
0 0.67416 0.0406667 0.0124594 0.052 0.00097252
0 0.454225 0.252 0.0839653 0.133333 0.000990238
0 0.713976 0.566 0.528711 0.868 0.00103899
0 0.504875 0.704 0.0151679 0.0213333 0.00109061
0 0.627844 0.988 0.0303359 0.0133333 0.00109195
0 0.606446 0.224 0.0254605 0.056 0.00109553
0 0.72481 0.230667 0.0433369 0.0693333 0.0011467
0 0.987812 0.982667 0.0135428 0.0346667 0.00120072
0 0.379198 0.892667 0.0390032 0.0893333 0.00120874
0 0.646262 0.988 0.0455038 0.024 0.00125176
0 0.601571 0.307333 0.0547129 0.0813333 0.00127135
0 0.0436078 0.002 0.0872156 0.004 0.00147947
0 0.694475 0.753333 0.0758397 0.245333 0.00148197
0 0.679307 0.042 0.0162514 0.0626667 0.00150207
0 0.505417 0.71 0.0108342 0.0226667 0.00151184
0 0.777356 0.304667 0.0162514 0.036 0.00151375
0 0.852113 0.498 0.0184182 0.0306667 0.00162545
0 0.715872 0.18 0.024377 0.0986667 0.00163326
0 0.989707 0.936667 0.0119177 0.113333 0.00166974
0 0.625948 0.98 0.0157096 0.016 0.00179624
0 0.522481 0.622 0.0384615 0.230667 0.0019185
0 0.504605 0.71 0.024377 0.028 0.00192419
0 0.573673 0.976 0.0314193 0.0346667 0.00193985
0 0.988895 0.934667 0.0222102 0.130667 0.00196236
0 0.479415 0.788 0.0335861 0.0586667 0.0019919
0 0.879469 0.329333 0.241062 0.658667 0.00205939
0 0.83234 0.5 0.33532 1 0.00224013
0 0.6552 0.980667 0.0438787 0.0226667 0.00234567
0 0.972914 0.232 0.0368364 0.333333 0.00251068
0 0.931473 0.565333 0.0861322 0.202667 0.00268083
0 0.988082 0.868667 0.0238353 0.169333 0.00277122
0 0.984561 0.89 0.024377 0.092 0.0028588
0 0.941495 0.182 0.11701 0.324 0.00333667
0 0.680932 0.751333 0.0249187 0.121333 0.00339826
0 0.709372 0.208 0.0373781 0.152 0.00343116
0 0.476436 0.780667 0.0178765 0.02 0.00402796
0 0.640574 0.982 0.0341278 0.0173333 0.00537004
0 0.953142 0.228 0.0666305 0.362667 0.00837236
0 0.852925 0.642667 0.29415 0.714667 0.0106452
0 0.592091 0.322667 0.0444204 0.0506667 0.0123597
0 0.479415 0.782 0.0270856 0.0333333 0.0275012
0 0.990791 0.877333 0.0173348 0.0906667 0.0352575
0 0.566631 0.968 0.0303359 0.04 0.0364955
0 0.95558 0.746 0.0314193 0.0466667 0.0381315
0 0.526815 0.606 0.0254605 0.121333 0.0484125
0 0.988895 0.888 0.0157096 0.0426667 0.32909
0 0.929577 0.576667 0.0704225 0.108 0.329814
0 0.70558 0.230667 0.0330444 0.0773333 0.739697
0 0.875948 0.748667 0.0834236 0.137333 0.819562
0 0.688516 0.75 0.0346696 0.166667 0.907399
