0 0.381907 0.00266667 0.0476706 0.00533333 1.88418e-05
0 0.880282 0 0.0520043 0 1.88792e-05
0 0.782232 0.580667 0.0780065 0.150667 1.89688e-05
0 0.182828 0.206667 0.0417118 0.114667 1.92113e-05
0 0.182015 0.106 0.0422535 0.102667 1.92522e-05
0 0.308505 0.982667 0.0612134 0.0346667 1.92856e-05
0 0.521939 0.545333 0.0449621 0.096 1.9338e-05
0 0.67091 0.344 0.0579632 0.168 1.93654e-05
0 0.344258 0.93 0.0471289 0.105333 1.94039e-05
0 0.842362 0.024 0.112676 0.048 1.94197e-05
0 0.954767 0.999333 0.0503792 0.00133333 1.94636e-05
0 0.770856 0.48 0.0487541 0.128 1.94694e-05
0 0.146804 0.886667 0.0736728 0.173333 1.95125e-05
0 0.456663 0.994667 0.0411701 0.0106667 1.95413e-05
0 0.584507 0.628 0.0747562 0.157333 1.95416e-05
0 0.617822 0.775333 0.088299 0.209333 1.95539e-05
0 0.408451 0.485333 0.0455038 0.0906667 1.96122e-05
0 0.37026 0.657333 0.0438787 0.0853333 1.97634e-05
0 0.752438 0.241333 0.108342 0.133333 1.97819e-05
0 0.855092 0 0.052546 0 1.97904e-05
0 0.369177 0.461333 0.039545 0.0853333 1.9837e-05
0 0.359155 0.289333 0.0595883 0.173333 1.98487e-05
0 0.957205 0 0.0509209 0 1.99405e-05
0 0.90493 0.688 0.0720477 0.122667 1.99738e-05
0 0.0273564 0.736667 0.0492958 0.134667 2.00406e-05
0 0.482394 0.603333 0.0514626 0.102667 2.00847e-05
0 0.710997 0.0513333 0.039545 0.0626667 2.01976e-05
0 0.396533 0.455333 0.0444204 0.0866667 2.01987e-05
0 0.410888 0.206667 0.0471289 0.096 2.04294e-05
0 0.543608 0.879333 0.0471289 0.1 2.0439e-05
0 0.495395 0.941333 0.0352113 0.088 2.04468e-05
0 0.872427 0.611333 0.0482123 0.113333 2.04792e-05
0 0.0186891 0.948 0.0297941 0.0906667 2.05108e-05
0 0.813922 0.905333 0.152221 0.184 2.05249e-05
0 0.0812568 0.274 0.0725894 0.177333 2.05443e-05
0 0.413597 0.943333 0.0839653 0.113333 2.05981e-05
0 0.355634 0.00333333 0.0492958 0.00666667 2.05984e-05
0 0.674702 0.985333 0.0557963 0.0293333 2.05992e-05
0 0.391928 0.117333 0.024377 0.0533333 2.07146e-05
0 0.825027 0.507333 0.122427 0.209333 2.07236e-05
0 0.632719 0.994667 0.0455038 0.0106667 2.07251e-05
0 0.269772 0.965333 0.0509209 0.064 2.07715e-05
0 0.504063 0.222 0.095883 0.164 2.07855e-05
0 0.580444 0.892 0.0720477 0.141333 2.09521e-05
0 0.970477 0.386667 0.052546 0.152 2.09523e-05
0 0.975081 0.888667 0.0400867 0.121333 2.105e-05
0 0.0964247 0.668 0.0444204 0.112 2.10601e-05
0 0.138137 0.204667 0.0801734 0.230667 2.11343e-05
0 0.49675 0.0846667 0.0433369 0.0893333 2.11723e-05
0 0.0387324 0.548 0.0362947 0.136 2.12485e-05
0 0.387595 0.85 0.131636 0.185333 2.12853e-05
0 0.311213 0.857333 0.0839653 0.157333 2.1319e-05
0 0.638137 0.698 0.0769231 0.172 2.13331e-05
0 0.184453 0.440667 0.0406284 0.124 2.14744e-05
0 0.96831 0.996 0.0449621 0.008 2.15726e-05
0 0.634886 0.277333 0.0834236 0.154667 2.16404e-05
0 0.527898 0.175333 0.144637 0.350667 2.16692e-05
0 0.290628 0.439333 0.031961 0.0653333 2.16921e-05
0 0.305796 0.076 0.0373781 0.0693333 2.17123e-05
0 0.519231 0.994667 0.0449621 0.0106667 2.17415e-05
0 0.523835 0.477333 0.0725894 0.189333 2.19172e-05
0 0.864572 0.0593333 0.0877573 0.118667 2.19336e-05
0 0.817172 0 0.052546 0 2.19479e-05
0 0.666576 0.704 0.0633803 0.165333 2.1973e-05
0 0.0891116 1 0.0503792 0 2.19884e-05
0 0.379469 0.911333 0.0406284 0.110667 2.20778e-05
0 0.361863 0.988667 0.0834236 0.0226667 2.21354e-05
0 0.757313 0.0473333 0.0411701 0.06 2.22022e-05
0 0.30065 0.449333 0.0260022 0.056 2.22308e-05
0 0.840195 0.839333 0.114843 0.294667 2.23622e-05
0 0.618364 0.140667 0.0698808 0.164 2.24455e-05
0 0.747562 0.595333 0.0390032 0.0973333 2.24462e-05
0 0.841278 0.996667 0.0509209 0.00666667 2.24605e-05
0 0.380282 0.137333 0.0400867 0.106667 2.25058e-05
0 0.83234 0.393333 0.0947996 0.261333 2.2512e-05
0 0.481582 0.994667 0.0422535 0.0106667 2.25248e-05
0 0.31013 0.144 0.0763814 0.277333 2.25459e-05
0 0.280336 0.140667 0.052546 0.217333 2.25521e-05
0 0.0855905 0.208667 0.0855905 0.204 2.27309e-05
0 0.160618 0.764667 0.0698808 0.230667 2.27668e-05
0 0.407096 0.000666667 0.0492958 0.00133333 2.27718e-05
0 0.787378 0.0633333 0.088299 0.126667 2.27948e-05
0 0.713164 0.72 0.0861322 0.144 2.28084e-05
0 0.254334 0.630667 0.06013 0.109333 2.28444e-05
0 0.676869 0.394667 0.0417118 0.12 2.28776e-05
0 0.165222 0.203333 0.153846 0.406667 2.30551e-05
0 0.211268 0.482 0.0400867 0.102667 2.30663e-05
0 0.562568 0.858667 0.0362947 0.072 2.30697e-05
0 0.783857 0.05 0.0433369 0.0653333 2.30852e-05
0 0.585049 0.100667 0.0790899 0.110667 2.31446e-05
0 0.75325 0.959333 0.0536295 0.0813333 2.31786e-05
0 0.258938 0.986 0.056338 0.028 2.31811e-05
0 0.982936 0.670667 0.0341278 0.128 2.32412e-05
0 0.248104 0.137333 0.0552546 0.152 2.33723e-05
0 0.967226 0.97 0.0655471 0.06 2.34199e-05
0 0.134615 0.459333 0.0449621 0.126667 2.34939e-05
0 0.720206 0.595333 0.126219 0.484 2.37622e-05
0 0.918202 0.474667 0.0520043 0.125333 2.37848e-05
0 0.291712 0.103333 0.039545 0.1 2.38565e-05
0 0.760022 0.0793333 0.0855905 0.134667 2.39154e-05
0 0.832069 0.0206667 0.0422535 0.0413333 2.39798e-05
0 0.73104 1 0.0449621 0 2.40257e-05
0 0.57584 0.148667 0.15818 0.297333 2.40491e-05
0 0.270043 0.517333 0.0471289 0.088 2.40737e-05
0 0.192308 0.93 0.0888407 0.14 2.40855e-05
0 0.658722 0.994 0.0400867 0.012 2.4101e-05
0 0.840466 0.628 0.103467 0.234667 2.41469e-05
0 0.323131 0.601333 0.0438787 0.0906667 2.41644e-05
0 0.712622 0.0986667 0.0698808 0.197333 2.41656e-05
0 0.616197 0.0266667 0.1013 0.0533333 2.41855e-05
0 0.181473 0.984 0.0660888 0.032 2.41942e-05
0 0.0872156 0.96 0.109426 0.08 2.4289e-05
0 0.146262 0.665333 0.0476706 0.122667 2.43128e-05
0 0.312297 0.152667 0.153304 0.305333 2.43207e-05
0 0.61078 0.424 0.0449621 0.0746667 2.43321e-05
0 0.0885699 0.116 0.0926327 0.232 2.44164e-05
0 0.113218 1 0.0509209 0 2.44887e-05
0 0.642741 0 0.052546 0 2.45003e-05
0 0.632178 0.0213333 0.0476706 0.0426667 2.45774e-05
0 0.309859 0.567333 0.0422535 0.0866667 2.46152e-05
0 0.376219 0.117333 0.0373781 0.0533333 2.46378e-05
0 0.0861322 0.0893333 0.071506 0.162667 2.47525e-05
0 0.299837 0.468667 0.0352113 0.084 2.47528e-05
0 0.939328 0.52 0.106176 0.157333 2.48145e-05
0 0.968039 0.160667 0.063922 0.158667 2.49234e-05
0 0.766793 0.024 0.108884 0.048 2.53123e-05
0 0.533315 0.914667 0.0449621 0.106667 2.53427e-05
0 0.0208559 0.062 0.0352113 0.0866667 2.5385e-05
0 0.562568 0.94 0.0763814 0.12 2.54563e-05
0 0.700433 0.294 0.0509209 0.105333 2.55599e-05
0 0.618093 0 0.0520043 0 2.55941e-05
0 0.849675 0.00466667 0.0796316 0.00933333 2.56659e-05
0 0.51571 0.764667 0.099675 0.196 2.56887e-05
0 0.640303 0.582 0.0866739 0.134667 2.57642e-05
0 0.0831528 0.89 0.0861322 0.18 2.58108e-05
0 0.0961538 0.548 0.039545 0.117333 2.58555e-05
0 0.23402 0.287333 0.0606717 0.214667 2.59469e-05
0 0.122698 0.552667 0.0449621 0.105333 2.59553e-05
0 0.680119 0.0186667 0.0449621 0.0373333 2.59619e-05
0 0.119177 0.427333 0.0433369 0.142667 2.60603e-05
0 0.447454 0.423333 0.0444204 0.116 2.60805e-05
0 0.157909 0.694667 0.0492958 0.12 2.6108e-05
0 0.666847 0.0253333 0.104009 0.0506667 2.61352e-05
0 0.330444 0.00266667 0.0498375 0.00533333 2.61866e-05
0 0.660888 0.00333333 0.0736728 0.00666667 2.6244e-05
0 0.33559 0.00666667 0.0731311 0.0133333 2.62998e-05
0 0.456934 0.392667 0.0460455 0.121333 2.63179e-05
0 0.614301 0.943333 0.0823402 0.113333 2.63277e-05
0 0.365655 0.822 0.188516 0.356 2.63508e-05
0 0.0195016 0.909333 0.020585 0.181333 2.64504e-05
0 0.562297 0.613333 0.138678 0.472 2.64749e-05
0 0.988895 0.179333 0.0135428 0.108 2.64784e-05
0 0.411701 0.990667 0.0769231 0.0186667 2.65609e-05
0 0.619989 0.504 0.141387 0.522667 2.66895e-05
0 0.632178 0.213333 0.0801734 0.170667 2.67343e-05
0 0.67714 0.489333 0.131094 0.472 2.6875e-05
0 0.430119 0.994 0.0433369 0.012 2.69937e-05
0 0.297129 0.541333 0.0438787 0.088 2.70715e-05
0 0.609155 0.626667 0.067714 0.138667 2.71291e-05
0 0.481311 0.0866667 0.0384615 0.101333 2.7175e-05
0 0.235103 0.0846667 0.035753 0.0733333 2.72048e-05
0 0.448537 0.108667 0.0487541 0.102667 2.73289e-05
0 0.592362 0 0.052546 0 2.73366e-05
0 0.236457 0.004 0.0655471 0.008 2.73998e-05
0 0.334778 0.631333 0.0465872 0.092 2.74411e-05
0 0.712351 0.958 0.0509209 0.084 2.76152e-05
0 0.67416 0.232 0.0720477 0.128 2.76702e-05
0 0.109967 0.351333 0.0888407 0.177333 2.77453e-05
0 0.220748 0.692 0.0308776 0.133333 2.77491e-05
0 0.789274 1 0.0834236 0 2.78164e-05
0 0.00839653 0.0373333 0.0146262 0.0746667 2.79416e-05
0 0.231311 0.00133333 0.0487541 0.00266667 2.80896e-05
0 0.945829 0.264667 0.108342 0.441333 2.81708e-05
0 0.459642 0.522 0.0698808 0.132 2.81784e-05
0 0.0831528 0.832667 0.0991333 0.334667 2.82841e-05
0 0.341008 0.992 0.0471289 0.016 2.82849e-05
0 0.338028 0.704667 0.109426 0.262667 2.83658e-05
0 0.916576 0.0273333 0.100758 0.0546667 2.84574e-05
0 0.195016 0.0813333 0.035753 0.0826667 2.85087e-05
0 0.152221 0.996 0.0487541 0.008 2.85116e-05
0 0.386782 0.0786667 0.0736728 0.157333 2.85529e-05
0 0.469664 0.974 0.0379198 0.0386667 2.86191e-05
0 0.208288 0.0826667 0.0276273 0.0773333 2.86197e-05
0 0.688245 0.998 0.0720477 0.004 2.87078e-05
0 0.40818 0.513333 0.067714 0.096 2.88661e-05
0 0.73429 0.0793333 0.0417118 0.06 2.89408e-05
0 0.270856 0.570667 0.0455038 0.0933333 2.89832e-05
0 0.605634 0.28 0.0769231 0.146667 2.90295e-05
0 0.189599 0.762 0.0812568 0.196 2.90866e-05
0 0.106988 0.0506667 0.0482123 0.0693333 2.92767e-05
0 0.558505 0.61 0.0899242 0.188 2.93292e-05
0 0.565005 0.03 0.100758 0.06 2.93528e-05
0 0.283586 0.209333 0.0742145 0.330667 2.9408e-05
0 0.70585 0.224667 0.0552546 0.118667 2.94908e-05
0 0.0669014 0 0.0514626 0 2.9514e-05
0 0.0847779 0.344667 0.0969664 0.353333 2.96904e-05
0 0.390845 0.026 0.0915493 0.052 2.97253e-05
0 0.906555 0 0.0503792 0 2.97484e-05
0 0.688245 0.0853333 0.0796316 0.128 2.98372e-05
0 0.791983 0 0.0530878 0 2.98488e-05
0 0.252979 0.416 0.0422535 0.104 2.98883e-05
0 0.715601 0.0233333 0.104009 0.0466667 2.99275e-05
0 0.895991 0.584667 0.0530878 0.137333 3.00731e-05
0 0.0528169 0.774667 0.0568797 0.237333 3.01289e-05
0 0.94312 0.0586667 0.0888407 0.117333 3.02189e-05
0 0.638407 0.628667 0.0742145 0.137333 3.02745e-05
0 0.161701 0.267333 0.1013 0.302667 3.02958e-05
0 0.43987 0.717333 0.113759 0.157333 3.03538e-05
0 0.541441 0.277333 0.109967 0.202667 3.03764e-05
0 0.170368 0.371333 0.0449621 0.110667 3.03799e-05
0 0.165493 0.950667 0.100217 0.0986667 3.04409e-05
0 0.565547 0.256667 0.144095 0.505333 3.05063e-05
0 0.369989 0.231333 0.056338 0.134667 3.05316e-05
0 0.824485 0.51 0.178765 0.521333 3.05465e-05
0 0.333965 0.048 0.0438787 0.0586667 3.05833e-05
0 0.211268 0.208 0.0476706 0.2 3.05911e-05
0 0.281961 0.970667 0.0384615 0.04 3.06108e-05
0 0.684995 0.0653333 0.0817985 0.130667 3.06739e-05
0 0.0184182 0.795333 0.0368364 0.134667 3.07989e-05
0 0.4461 0.52 0.0449621 0.0906667 3.08267e-05
0 0.951788 0.490667 0.0964247 0.472 3.0881e-05
0 0.539274 0.136667 0.112134 0.233333 3.09177e-05
0 0.391387 0.993333 0.0449621 0.0133333 3.09198e-05
0 0.940141 1 0.0514626 0 3.10699e-05
0 0.0552546 0.697333 0.0368364 0.125333 3.11656e-05
0 0.224269 0.35 0.0465872 0.0733333 3.13512e-05
0 0.748375 0.715333 0.0503792 0.0893333 3.14044e-05
0 0.983207 0.61 0.0335861 0.121333 3.14454e-05
0 0.77221 0.454 0.0850488 0.305333 3.15105e-05
0 0.881365 0.0173333 0.0455038 0.0346667 3.15412e-05
0 0.443933 0.258 0.0742145 0.124 3.16579e-05
0 0.69312 0 0.0514626 0 3.18009e-05
0 0.624052 0.00333333 0.0769231 0.00666667 3.1931e-05
0 0.457746 0.45 0.0487541 0.1 3.19482e-05
0 0.0379198 0.416667 0.0422535 0.164 3.19761e-05
0 0.115385 0.084 0.0899242 0.154667 3.19841e-05
0 0.582882 0.268 0.0444204 0.0906667 3.20451e-05
0 0.36701 0.538667 0.0471289 0.104 3.23016e-05
0 0.556067 0.552667 0.0373781 0.092 3.23421e-05
0 0.381365 0.63 0.0465872 0.102667 3.23515e-05
0 0.336403 0.0666667 0.0877573 0.133333 3.25029e-05
0 0.120531 0.488 0.0427952 0.130667 3.25055e-05
0 0.502709 0.489333 0.0465872 0.032 3.26453e-05
0 0.562568 1 0.067714 0 3.27161e-05
0 0.159805 0.486667 0.0487541 0.117333 3.2872e-05
0 0.419827 0.763333 0.102925 0.196 3.29193e-05
0 0.368093 0.932 0.0438787 0.109333 3.29494e-05
0 0.844258 0.938 0.118635 0.124 3.30159e-05
0 0.216414 0.024 0.10455 0.048 3.30445e-05
0 0.560401 0.871333 0.0655471 0.257333 3.31005e-05
0 0.140033 0.107333 0.0926327 0.214667 3.31982e-05
0 0.985915 0.219333 0.028169 0.161333 3.33373e-05
0 0.591278 0.468 0.0947996 0.154667 3.34036e-05
0 0.00839653 0.963333 0.0113759 0.0733333 3.34174e-05
0 0.138407 0.844 0.10455 0.304 3.34584e-05
0 0.260563 0.276667 0.101842 0.329333 3.346e-05
0 0.534399 0.852 0.0633803 0.096 3.34959e-05
0 0.443933 0.574 0.0622969 0.126667 3.35091e-05
0 0.568256 0 0.0520043 0 3.36482e-05
0 0.111051 0.200667 0.110509 0.337333 3.37515e-05
0 0.31636 0.990667 0.0498375 0.0186667 3.38352e-05
0 0.674973 0.184667 0.121343 0.369333 3.39699e-05
0 0.366739 0.992 0.0455038 0.016 3.40843e-05
0 0.313109 0.034 0.0985916 0.068 3.40923e-05
0 0.0238353 0.971333 0.0476706 0.0573333 3.43013e-05
0 0.68039 0.616667 0.0574215 0.209333 3.44229e-05
0 0.743499 0 0.0514626 0 3.44265e-05
0 0.425244 0.875333 0.099675 0.182667 3.46077e-05
0 0.0438787 0.664667 0.0400867 0.153333 3.46122e-05
0 0.267064 0.036 0.100758 0.072 3.47077e-05
0 0.51571 0.524 0.139762 0.501333 3.48646e-05
0 0.431473 0.760667 0.0438787 0.076 3.48984e-05
0 0.342362 0.455333 0.0444204 0.113333 3.50789e-05
0 0.287107 0.99 0.0780065 0.02 3.51219e-05
0 0.216685 0.0673333 0.0704225 0.134667 3.52105e-05
0 0.982123 0.542 0.035753 0.108 3.52825e-05
0 0.591549 0.574667 0.092091 0.16 3.53758e-05
0 0.362676 0.710667 0.10455 0.157333 3.53925e-05
0 0.980769 0.276 0.0384615 0.162667 3.54715e-05
0 0.138949 0.999333 0.0503792 0.00133333 3.55267e-05
0 0.320152 0.404 0.0498375 0.0986667 3.55669e-05
0 0.369989 0.929333 0.0975081 0.141333 3.55737e-05
0 0.115385 0 0.0552546 0 3.565e-05
0 0.177681 0.996 0.0487541 0.008 3.59025e-05
0 0.54415 0.00133333 0.0514626 0.00266667 3.61519e-05
0 0.90195 1 0.0541712 0 3.6172e-05
0 0.0398158 0.998667 0.0536295 0.00266667 3.63044e-05
0 0.767335 0 0.052546 0 3.63626e-05
0 0.256771 0.601333 0.0487541 0.088 3.66199e-05
0 0.42091 0.234 0.0509209 0.0973333 3.66534e-05
0 0.700704 0.92 0.0709642 0.16 3.6688e-05
0 0.518689 0.000666667 0.0514626 0.00133333 3.66936e-05
0 0.432015 0.002 0.0514626 0.004 3.67104e-05
0 0.987541 0.139333 0.0249187 0.185333 3.68089e-05
0 0.805525 0.996 0.0487541 0.008 3.68199e-05
0 0.735645 0.064 0.0769231 0.128 3.71258e-05
0 0.118093 0.0646667 0.0975081 0.129333 3.71677e-05
0 0.698808 0.002 0.0747562 0.004 3.72376e-05
0 0.212622 0.147333 0.0644637 0.294667 3.72593e-05
0 0.736999 0.876667 0.0579632 0.156 3.72755e-05
0 0.470206 0.946 0.0379198 0.0786667 3.72913e-05
0 0.317443 0.911333 0.0487541 0.126667 3.73167e-05
0 0.167389 0.0666667 0.0888407 0.133333 3.7448e-05
0 0.393012 0.33 0.0807151 0.188 3.75407e-05
0 0.357259 0.912 0.0449621 0.114667 3.76087e-05
0 0.757855 0.588667 0.0725894 0.18 3.76247e-05
0 0.461809 0.986 0.0633803 0.028 3.77657e-05
0 0.561213 0.230667 0.105092 0.149333 3.78903e-05
0 0.70558 0.197333 0.095883 0.128 3.79538e-05
0 0.425244 0.181333 0.131094 0.362667 3.80214e-05
0 0.381365 0.199333 0.0509209 0.118667 3.80261e-05
0 0.797942 0.0246667 0.0736728 0.0493333 3.81492e-05
0 0.935536 0.00333333 0.0888407 0.00666667 3.83884e-05
0 0.670368 0.991333 0.0373781 0.0173333 3.8523e-05
0 0.286024 0.712 0.112676 0.157333 3.87771e-05
0 0.198808 0.483333 0.0444204 0.126667 3.8778e-05
0 0.225081 0.86 0.0232936 0.165333 3.88121e-05
0 0.170368 0.052 0.0449621 0.0613333 3.89746e-05
0 0.707747 0.816 0.116468 0.144 3.90141e-05
0 0.118093 0.016 0.0509209 0.032 3.90625e-05
0 0.63299 0.516667 0.0785482 0.174667 3.90685e-05
0 0.0387324 0.196 0.0774648 0.392 3.90993e-05
0 0.344258 0.15 0.0807151 0.284 3.91546e-05
0 0.0872156 0.698 0.0855905 0.169333 3.91819e-05
0 0.749729 0.280667 0.147346 0.446667 3.91902e-05
0 0.419556 0.759333 0.155471 0.414667 3.94309e-05
0 0.434182 0.466667 0.0709642 0.165333 3.94423e-05
0 0.558234 0.772 0.129469 0.402667 3.94781e-05
0 0.0571506 0.95 0.088299 0.1 3.94837e-05
0 0.855634 0.02 0.0460455 0.04 3.95086e-05
0 0.636511 0.348667 0.0888407 0.150667 3.953e-05
0 0.270585 0.154667 0.126219 0.309333 3.97001e-05
0 0.0124594 0.93 0.0249187 0.14 3.97061e-05
0 0.186349 0.02 0.0725894 0.04 3.97848e-05
0 0.890033 1 0.0530878 0 4.00518e-05
0 0.707205 0.313333 0.06013 0.213333 4.02153e-05
0 0.876761 0.76 0.171723 0.469333 4.02578e-05
0 0.476165 0.933333 0.0790899 0.133333 4.03135e-05
0 0.779794 1 0.0460455 0 4.03714e-05
0 0.684182 0.990667 0.0368364 0.0186667 4.04265e-05
0 0.58532 0.004 0.0796316 0.008 4.04272e-05
0 0.71831 0 0.0520043 0 4.04301e-05
0 0.109967 0.256 0.15818 0.512 4.04731e-05
0 0.739166 0.634 0.0482123 0.153333 4.05833e-05
0 0.899242 0.004 0.0855905 0.008 4.0615e-05
0 0.946912 0.02 0.0433369 0.04 4.06611e-05
0 0.935265 0.639333 0.122969 0.241333 4.06871e-05
0 0.609155 0.406 0.0720477 0.126667 4.09912e-05
0 0.32286 0.104667 0.0758397 0.158667 4.1049e-05
0 0.291983 0.992 0.0444204 0.016 4.10967e-05
0 0.419285 0.37 0.124594 0.462667 4.12021e-05
0 0.14545 0.426 0.0482123 0.137333 4.13177e-05
0 0.812297 0.994 0.0893824 0.012 4.13259e-05
0 0.0192308 0.916 0.0384615 0.168 4.14507e-05
0 0.10753 0.640667 0.0417118 0.124 4.16374e-05
0 0.554171 0.785333 0.084507 0.197333 4.16455e-05
0 0.877844 0 0.0536295 0 4.16761e-05
0 0.489437 0.0293333 0.0969664 0.0586667 4.16902e-05
0 0.10753 0.515333 0.0427952 0.121333 4.17663e-05
0 0.386511 0.0993333 0.0265439 0.0573333 4.17897e-05
0 0.440953 0.0306667 0.0931744 0.0613333 4.2011e-05
0 0.536566 0.00733333 0.0807151 0.0146667 4.20125e-05
0 0.153304 0 0.0552546 0 4.21436e-05
0 0.0211268 0.022 0.0411701 0.044 4.23298e-05
0 0.362676 0.247333 0.125135 0.494667 4.23757e-05
0 0.557421 0.537333 0.0823402 0.144 4.24811e-05
0 0.781419 0.02 0.0460455 0.04 4.31957e-05
0 0.168743 0.0166667 0.0482123 0.0333333 4.33213e-05
0 0.457746 0.549333 0.0487541 0.101333 4.33263e-05
0 0.00947996 0.07 0.0189599 0.14 4.34636e-05
0 0.456934 0.00133333 0.0492958 0.00266667 4.35379e-05
0 0.713705 0.0853333 0.0547129 0.12 4.35452e-05
0 0.0988624 0.022 0.0850488 0.044 4.36466e-05
0 0.383803 0.601333 0.0666305 0.144 4.39286e-05
0 0.736186 0.004 0.0747562 0.008 4.39872e-05
0 0.98727 0.95 0.0254605 0.1 4.42383e-05
0 0.693662 1 0.0406284 0 4.43585e-05
0 0.721018 0.980667 0.0552546 0.0386667 4.43687e-05
0 0.203142 0.995333 0.0487541 0.00933333 4.44298e-05
0 0.50623 0.344 0.0644637 0.178667 4.44775e-05
0 0.269772 0.104667 0.0400867 0.108 4.46062e-05
0 0.719122 0.587333 0.0742145 0.169333 4.47777e-05
0 0.362405 0.888 0.0855905 0.149333 4.49337e-05
0 0.304442 0.00333333 0.0498375 0.00666667 4.49462e-05
0 0.483749 0.285333 0.0953413 0.181333 4.50916e-05
0 0.416576 0.362 0.0574215 0.137333 4.51242e-05
0 0.0536295 0.0933333 0.0704225 0.162667 4.52062e-05
0 0.891116 0.347333 0.0260022 0.0733333 4.57879e-05
0 0.735374 0.0786667 0.0666305 0.114667 4.58034e-05
0 0.412784 0.274667 0.0574215 0.2 4.58342e-05
0 0.534128 0.0773333 0.0444204 0.096 4.58812e-05
0 0.873239 0.94 0.106176 0.088 4.58847e-05
0 0.692579 0.972 0.0655471 0.056 4.58923e-05
0 0.491603 0.690667 0.0872156 0.186667 4.59881e-05
0 0.93039 0.016 0.0449621 0.032 4.61042e-05
0 0.562568 0.991333 0.0947996 0.0173333 4.6187e-05
0 0.959372 0.333333 0.056338 0.189333 4.62159e-05
0 0.343716 0.0233333 0.0460455 0.0466667 4.62902e-05
0 0.559859 0.392 0.0839653 0.154667 4.62962e-05
0 0.0549837 0.696 0.0774648 0.176 4.63105e-05
0 0.599946 1 0.0742145 0 4.63568e-05
0 0.0173348 0.701333 0.0346696 0.130667 4.64249e-05
0 0.287649 0.641333 0.0985916 0.154667 4.66498e-05
0 0.255959 0.542 0.0503792 0.108 4.66685e-05
0 0.915764 0 0.052546 0 4.67481e-05
0 0.616739 1 0.0438787 0 4.6833e-05
0 0.386241 0.107333 0.0140845 0.0546667 4.69156e-05
0 0.554713 1 0.0433369 0 4.70808e-05
0 0.546316 0.572667 0.0482123 0.1 4.71023e-05
0 0.117551 0.876 0.0985916 0.194667 4.7125e-05
0 0.207476 0.696667 0.0335861 0.118667 4.7164e-05
0 0.59182 1 0.0449621 0 4.7183e-05
0 0.236999 0.994667 0.0763814 0.0106667 4.74395e-05
0 0.216685 0.944 0.0747562 0.112 4.75215e-05
0 0.183369 0.200667 0.0698808 0.310667 4.75294e-05
0 0.020585 0.148 0.0390032 0.112 4.75817e-05
0 0.752438 1 0.0455038 0 4.76663e-05
0 0.14545 0.518667 0.0460455 0.122667 4.7742e-05
0 0.53169 0.00133333 0.067714 0.00266667 4.78482e-05
0 0.48727 1 0.0612134 0 4.78778e-05
0 0.287649 0.939333 0.0812568 0.121333 4.81267e-05
0 0.901679 0.447333 0.0633803 0.118667 4.81579e-05
0 0.183369 0.695333 0.0482123 0.118667 4.85352e-05
0 0.773835 0.00333333 0.0763814 0.00666667 4.87158e-05
0 0.228873 0.84 0.126219 0.32 4.87335e-05
0 0.257042 0.00266667 0.0482123 0.00533333 4.88882e-05
0 0.839653 0.032 0.0736728 0.064 4.89595e-05
0 0.313922 0.632 0.0980498 0.264 4.91164e-05
0 0.565005 0.14 0.0931744 0.152 4.91598e-05
0 0.989978 0.246667 0.0157096 0.114667 4.9366e-05
0 0.257042 0.787333 0.0980498 0.172 4.96393e-05
0 0.53169 0.394667 0.0850488 0.202667 4.96523e-05
0 0.471831 0.829333 0.137595 0.341333 4.98899e-05
0 0.537378 1 0.0660888 0 4.99915e-05
0 0.665764 0.983333 0.0736728 0.0333333 5.00539e-05
0 0.479957 0.156 0.0877573 0.165333 5.01818e-05
0 0.485374 0.0673333 0.0855905 0.134667 5.04609e-05
0 0.363759 0.774667 0.155471 0.416 5.06629e-05
0 0.222373 0.0853333 0.0276273 0.0773333 5.07454e-05
0 0.953684 0 0.0547129 0 5.09992e-05
0 0.752438 0.986667 0.0422535 0.0266667 5.11572e-05
0 0.582882 0.0293333 0.0758397 0.0586667 5.11664e-05
0 0.338028 0.985333 0.0790899 0.0293333 5.11756e-05
0 0.75325 0.285333 0.131636 0.152 5.13732e-05
0 0.983749 0.34 0.0325027 0.181333 5.14014e-05
0 0.249187 0.0793333 0.0400867 0.0733333 5.14491e-05
0 0.0295233 0.672 0.0471289 0.184 5.15724e-05
0 0.315005 0.918667 0.088299 0.162667 5.15837e-05
0 0.132178 0.048 0.0498375 0.064 5.16564e-05
0 0.96831 0.0953333 0.0579632 0.190667 5.17594e-05
0 0.724269 0.519333 0.084507 0.158667 5.19339e-05
0 0.40818 0.156667 0.0709642 0.172 5.22753e-05
0 0.639762 0.988667 0.0866739 0.0226667 5.2655e-05
0 0.362676 0.781333 0.0969664 0.194667 5.2794e-05
0 0.457476 0.250667 0.137053 0.501333 5.28033e-05
0 0.24675 0.0226667 0.0514626 0.0453333 5.28105e-05
0 0.643012 1 0.0422535 0 5.29101e-05
0 0.0506501 1 0.0536295 0 5.30234e-05
0 0.655471 0.068 0.0780065 0.136 5.32639e-05
0 0.369447 0.492 0.0422535 0.08 5.38143e-05
0 0.311755 0.512 0.0438787 0.0906667 5.39066e-05
0 0.521939 0.838 0.129469 0.324 5.42313e-05
0 0.963705 0.0293333 0.0725894 0.0586667 5.4392e-05
0 0.886782 0.836 0.135428 0.245333 5.44315e-05
0 0.494041 0.002 0.0509209 0.004 5.44992e-05
0 0.0520043 0.210667 0.0660888 0.184 5.50406e-05
0 0.751354 0.716667 0.0335861 0.0386667 5.51949e-05
0 0.222914 0.310667 0.112134 0.392 5.51964e-05
0 0.453684 1 0.0406284 0 5.54755e-05
0 0.412514 1 0.0720477 0 5.55129e-05
0 0.267064 0.992667 0.0455038 0.0146667 5.56373e-05
0 0.986457 0.766 0.0140845 0.249333 5.56639e-05
0 0.787378 0.334667 0.0612134 0.352 5.56768e-05
0 0.417118 0.534667 0.137595 0.424 5.59132e-05
0 0.869718 0.598 0.113218 0.161333 5.59143e-05
0 0.562026 0.876 0.052546 0.12 5.59358e-05
0 0.228873 0.995333 0.0460455 0.00933333 5.60726e-05
0 0.195016 0.054 0.0390032 0.068 5.61627e-05
0 0.523564 0.929333 0.0796316 0.141333 5.66551e-05
0 0.579632 0.337333 0.0823402 0.170667 5.66883e-05
0 0.303088 0 0.052546 0 5.67689e-05
0 0.945016 0.739333 0.0904659 0.230667 5.67975e-05
0 0.390845 0.408 0.0807151 0.165333 5.68508e-05
0 0.842091 0.991333 0.121885 0.0173333 5.68889e-05
0 0.233207 0.018 0.0417118 0.036 5.69027e-05
0 0.621885 0.0653333 0.0433369 0.0746667 5.69095e-05
0 0.383532 0.633333 0.0985916 0.264 5.72352e-05
0 0.51273 0.882 0.0926327 0.233333 5.74015e-05
0 0.0907367 0 0.0547129 0 5.77476e-05
0 0.437703 0.633333 0.114843 0.269333 5.78354e-05
0 0.805796 0.328667 0.0557963 0.254667 5.79748e-05
0 0.214247 0.0866667 0.0449621 0.144 5.80519e-05
0 0.27844 0 0.0530878 0 5.82863e-05
0 0.435536 0.992 0.0823402 0.016 5.84445e-05
0 0.219122 0.0186667 0.039545 0.0373333 5.86802e-05
0 0.0162514 0.702 0.0216685 0.246667 5.87474e-05
0 0.0861322 0.412 0.0660888 0.189333 5.87742e-05
0 0.358072 0.63 0.0455038 0.0946667 5.8853e-05
0 0.113218 1 0.0541712 0 5.88904e-05
0 0.369989 0.112 0.0682557 0.133333 5.90184e-05
0 0.733478 0.0553333 0.0444204 0.0653333 5.90432e-05
0 0.0877573 1 0.0541712 0 5.97646e-05
0 0.637324 0.408 0.0915493 0.149333 5.99191e-05
0 0.749187 0.719333 0.0184182 0.0306667 6.04394e-05
0 0.328548 0 0.052546 0 6.09723e-05
0 0.668202 1 0.0427952 0 6.11674e-05
0 0.28494 0 0.0834236 0 6.11736e-05
0 0.244583 0.93 0.0297941 0.129333 6.11944e-05
0 0.410347 0.392667 0.0774648 0.262667 6.12851e-05
0 0.413868 0.218667 0.0801734 0.157333 6.1376e-05
0 0.0203142 0.241333 0.0384615 0.112 6.15093e-05
0 0.529523 1 0.0449621 0 6.18564e-05
0 0.427952 1 0.0444204 0 6.20369e-05
0 0.538462 0.0653333 0.0910076 0.130667 6.20886e-05
0 0.187703 0.0893333 0.0687974 0.152 6.23432e-05
0 0.198537 0.00333333 0.0698808 0.00666667 6.25152e-05
0 0.989166 0.364 0.0195016 0.128 6.26629e-05
0 0.757313 0.567333 0.0422535 0.0893333 6.27254e-05
0 0.88597 0.548 0.0969664 0.202667 6.27873e-05
0 0.0628386 0.989333 0.0910076 0.0213333 6.29076e-05
0 0.0067714 0.066 0.0113759 0.110667 6.29127e-05
0 0.118093 0.998 0.0736728 0.004 6.29215e-05
0 0.971018 0.511333 0.0449621 0.0866667 6.30651e-05
0 0.745125 0.84 0.0839653 0.32 6.33014e-05
0 0.839924 0 0.0547129 0 6.34619e-05
0 0.402492 1 0.0476706 0 6.36965e-05
0 0.362947 1 0.0747562 0 6.41167e-05
0 0.507855 0.477333 0.0503792 0.0773333 6.42021e-05
0 0.472373 0.874667 0.0877573 0.178667 6.42437e-05
0 0.23402 0.0586667 0.0368364 0.0666667 6.43835e-05
0 0.394095 0.513333 0.0471289 0.0666667 6.48588e-05
0 0.137324 0.415333 0.0763814 0.206667 6.50215e-05
0 0.479144 1 0.0417118 0 6.54416e-05
0 0.853196 1 0.0530878 0 6.57046e-05
0 0.95558 0.247333 0.0693391 0.121333 6.63023e-05
0 0.448808 0.052 0.0482123 0.0693333 6.64489e-05
0 0.1961 0.607333 0.0379198 0.102667 6.65677e-05
0 0.354009 0 0.052546 0 6.65844e-05
0 0.498917 0.008 0.0790899 0.016 6.67607e-05
0 0.0433369 0.613333 0.0433369 0.136 6.68523e-05
0 0.985103 0.884667 0.0167931 0.164 6.69135e-05
0 0.991874 0.421333 0.0162514 0.168 6.70273e-05
0 0.17416 0.831333 0.131636 0.337333 6.71471e-05
0 0.253521 0 0.0530878 0 6.74545e-05
0 0.258667 0.140667 0.06013 0.281333 6.74976e-05
0 0.524919 0.704 0.0899242 0.16 6.80187e-05
0 0.0530878 0.209333 0.084507 0.330667 6.81037e-05
0 0.161972 0.0913333 0.0693391 0.166667 6.8243e-05
0 0.504334 1 0.0433369 0 6.85749e-05
0 0.671993 0.4 0.0698808 0.178667 6.91363e-05
0 0.513814 0.506 0.0742145 0.0946667 6.92947e-05
0 0.457476 0.4 0.0709642 0.176 6.93278e-05
0 0.0915493 0.586667 0.084507 0.301333 7.00895e-05
0 0.169556 0.518 0.0465872 0.121333 7.01139e-05
0 0.75623 0.02 0.0444204 0.04 7.06822e-05
0 0.336945 0.633333 0.0671723 0.170667 7.11462e-05
0 0.513001 0.991333 0.0855905 0.0173333 7.11538e-05
0 0.6961 0.987333 0.0400867 0.0253333 7.12142e-05
0 0.752979 0.642667 0.494041 0.714667 7.13585e-05
0 0.194204 0.0166667 0.0460455 0.0333333 7.14572e-05
0 0.98402 0.409333 0.0297941 0.186667 7.15652e-05
0 0.258667 0.620667 0.119718 0.436 7.16523e-05
0 0.956663 0.87 0.0769231 0.198667 7.18322e-05
0 0.920639 0.996667 0.0774648 0.00666667 7.1874e-05
0 0.742958 0.509333 0.0698808 0.266667 7.24079e-05
0 0.989978 0.303333 0.0189599 0.116 7.25039e-05
0 0.300108 0.423333 0.0379198 0.0786667 7.26922e-05
0 0.976165 0.930667 0.0476706 0.138667 7.27395e-05
0 0.0387324 0.00533333 0.0547129 0.0106667 7.33196e-05
0 0.35455 0.406 0.0817985 0.164 7.33476e-05
0 0.508397 0.404 0.0687974 0.146667 7.33631e-05
0 0.986457 0.792667 0.0270856 0.158667 7.36899e-05
0 0.221018 0.0573333 0.0325027 0.072 7.41268e-05
0 0.234832 0.196 0.0807151 0.32 7.41593e-05
0 0.388678 0.0466667 0.0752979 0.0933333 7.42418e-05
0 0.141928 0.018 0.0498375 0.036 7.43435e-05
0 0.609426 0.07 0.092091 0.14 7.52969e-05
0 0.98104 0.401333 0.0379198 0.293333 7.56351e-05
0 0.915222 0.622667 0.127302 0.434667 7.595e-05
0 0.0184182 0.642667 0.0368364 0.128 7.61416e-05
0 0.413868 0.104667 0.0953413 0.126667 7.6667e-05
0 0.98429 0.712667 0.0314193 0.348 7.67697e-05
0 0.461809 0.469333 0.0937161 0.133333 7.68499e-05
0 0.119447 0.42 0.146804 0.429333 7.72736e-05
0 0.965601 1 0.0482123 0 7.72834e-05
0 0.828007 1 0.0514626 0 7.79004e-05
0 0.0473998 0.344 0.0655471 0.173333 7.80437e-05
0 0.630553 0.838 0.125677 0.324 7.82469e-05
0 0.788732 0.323333 0.0487541 0.158667 7.83715e-05
0 0.864572 0.897333 0.12351 0.178667 7.84679e-05
0 0.719393 0.0193333 0.0455038 0.0386667 7.84933e-05
0 0.325569 0.538667 0.0455038 0.088 7.85901e-05
0 0.979957 0 0.0400867 0 7.88032e-05
0 0.900867 0.357333 0.0400867 0.122667 7.9566e-05
0 0.39247 0 0.0514626 0 7.98247e-05
0 0.41766 0.0453333 0.0769231 0.0906667 8.01834e-05
0 0.346425 0.597333 0.0471289 0.101333 8.03691e-05
0 0.634886 0.881333 0.0964247 0.208 8.0622e-05
0 0.72481 0.272 0.0541712 0.104 8.0709e-05
0 0.439057 0.546667 0.1013 0.128 8.07255e-05
0 0.970206 0.590667 0.0595883 0.168 8.07475e-05
0 0.22779 0 0.0536295 0 8.07575e-05
0 0.0861322 0.526667 0.0552546 0.173333 8.10446e-05
0 0.337757 0.936 0.0861322 0.128 8.11177e-05
0 0.222373 0.474667 0.0471289 0.168 8.11237e-05
0 0.460997 0.340667 0.0931744 0.201333 8.17479e-05
0 0.485645 0.394667 0.0969664 0.226667 8.1822e-05
0 0.521668 0.0493333 0.0476706 0.064 8.20737e-05
0 0.280878 0.00533333 0.0492958 0.0106667 8.20799e-05
0 0.349133 0.380667 0.105634 0.377333 8.22116e-05
0 0.161159 0.147333 0.0872156 0.294667 8.22438e-05
0 0.816631 0.0153333 0.0785482 0.0306667 8.25588e-05
0 0.308505 0.442667 0.0373781 0.0933333 8.28984e-05
0 0.0186891 0.308 0.0352113 0.117333 8.38455e-05
0 0.529252 0.533333 0.0660888 0.146667 8.40731e-05
0 0.989166 0.965333 0.0119177 0.0453333 8.4151e-05
0 0.378115 1 0.0476706 0 8.43949e-05
0 0.124052 0.733333 0.0931744 0.221333 8.44116e-05
0 0.51273 0.72 0.126219 0.397333 8.4538e-05
0 0.211809 0.431333 0.0498375 0.145333 8.45654e-05
0 0.89247 0.997333 0.150054 0.00533333 8.47524e-05
0 0.257584 0.899333 0.039545 0.148 8.47724e-05
0 0.890845 0.012 0.0796316 0.024 8.49231e-05
0 0.177411 1 0.0514626 0 8.55053e-05
0 0.0885699 0.59 0.0590466 0.169333 8.5665e-05
0 0.440683 0.155333 0.0980498 0.177333 8.59579e-05
0 0.47481 0.750667 0.0991333 0.2 8.70634e-05
0 0.632719 0.088 0.0693391 0.176 8.72677e-05
0 0.176869 0.877333 0.0850488 0.189333 8.76139e-05
0 0.687161 0.824667 0.107801 0.350667 8.78117e-05
0 0.259751 0.933333 0.0644637 0.133333 8.80537e-05
0 0.609155 0.518 0.0991333 0.236 8.8384e-05
0 0.619177 0.439333 0.761647 0.878667 8.84039e-05
0 0.167931 0.365333 0.0953413 0.157333 8.84612e-05
0 0.138949 1 0.0536295 0 8.90149e-05
0 0.119989 0.742 0.128386 0.390667 8.9163e-05
0 0.352925 1 0.0471289 0 8.95112e-05
0 0.218581 0.338667 0.0633803 0.192 8.9692e-05
0 0.815005 0 0.0547129 0 8.97438e-05
0 0.387324 0.994 0.0910076 0.012 9.02217e-05
0 0.362947 0.006 0.0704225 0.012 9.02478e-05
0 0.968581 0.470667 0.0617551 0.141333 9.0365e-05
0 0.983207 0.516 0.0335861 0.269333 9.03952e-05
0 0.17416 0.00466667 0.0752979 0.00933333 9.07976e-05
0 0.442849 0.076 0.0861322 0.152 9.09294e-05
0 0.252167 0.656667 0.504334 0.686667 9.12436e-05
0 0.819068 0.842667 0.216685 0.314667 9.1345e-05
0 0.865655 0.02 0.0899242 0.04 9.14566e-05
0 0.960184 0.77 0.0796316 0.422667 9.16815e-05
0 0.466414 0 0.0530878 0 9.17686e-05
0 0.0617551 0.062 0.0910076 0.124 9.18874e-05
0 0.158722 0.550667 0.0498375 0.12 9.21198e-05
0 0.133261 0.584 0.0444204 0.112 9.24639e-05
0 0.300108 0.0593333 0.0747562 0.118667 9.24807e-05
0 0.959642 0.398667 0.0742145 0.274667 9.26662e-05
0 0.73402 0.970667 0.0780065 0.0586667 9.29357e-05
0 0.290899 1 0.0476706 0 9.30547e-05
0 0.259751 0.778667 0.114301 0.352 9.31695e-05
0 0.236186 0.866667 0.0216685 0.165333 9.33178e-05
0 0.315818 1 0.0487541 0 9.33947e-05
0 0.979415 0.00733333 0.0411701 0.0146667 9.3497e-05
0 0.90818 0.0413333 0.0417118 0.056 9.37619e-05
0 0.985103 0.105333 0.0297941 0.210667 9.4087e-05
0 0.51598 0 0.0536295 0 9.48539e-05
0 0.496479 0.0493333 0.0449621 0.0613333 9.5014e-05
0 0.358072 0.270667 0.0780065 0.296 9.51989e-05
0 0.98429 0.972 0.0314193 0.056 9.52697e-05
0 0.136511 0.0226667 0.0855905 0.0453333 9.56006e-05
0 0.900325 0.263333 0.0725894 0.268 9.64019e-05
0 0.308505 0.445333 0.61701 0.890667 9.64051e-05
0 0.53169 0.586667 0.0828819 0.16 9.6418e-05
0 0.739437 0.932667 0.0834236 0.126667 9.68548e-05
0 0.313922 0.792 0.095883 0.192 9.71276e-05
0 0.219664 0.764 0.103467 0.354667 9.73089e-05
0 0.447725 0.0233333 0.0482123 0.0466667 9.75216e-05
0 0.0365655 0.629333 0.0731311 0.453333 9.80274e-05
0 0.937432 1 0.0872156 0 9.80323e-05
0 0.110509 0.466 0.0823402 0.281333 9.8171e-05
0 0.242687 0.836667 0.0433369 0.132 9.83273e-05
0 0.82584 1 0.0817985 0 9.89456e-05
0 0.417389 0 0.052546 0 9.96857e-05
0 0.82286 0.000666667 0.0855905 0.00133333 0.000100152
0 0.672535 0.172667 0.0785482 0.153333 0.000100725
0 0.0102925 0.932667 0.0130011 0.134667 0.000101672
0 0.311213 0.995333 0.0861322 0.00933333 0.000101758
0 0.030065 0.948 0.06013 0.104 0.000101892
0 0.752979 0 0.0541712 0 0.000102329
0 0.491062 0 0.0536295 0 0.000102464
0 0.989166 0.112667 0.0151679 0.121333 0.000102471
0 0.362134 0.633333 0.0817985 0.146667 0.000103101
0 0.00622969 0.852667 0.0124594 0.150667 0.000103319
0 0.5948 0.0673333 0.0465872 0.0786667 0.000103433
0 0.0373781 0.290667 0.0747562 0.410667 0.000103621
0 0.513001 0.082 0.0888407 0.137333 0.000104329
0 0.973727 0.064 0.0514626 0.12 0.000104534
0 0.985103 0.474 0.0287107 0.169333 0.000104586
0 0.384345 0.485333 0.0872156 0.125333 0.000105159
0 0.694475 0.867333 0.056338 0.164 0.000105542
0 0.296316 0.452667 0.0780065 0.161333 0.000105932
0 0.23104 0.696667 0.0590466 0.177333 0.000106238
0 0.315547 0.835333 0.147887 0.329333 0.000106306
0 0.562297 0.286 0.0910076 0.129333 0.000106326
0 0.216414 0.622667 0.112134 0.392 0.000106582
0 0.2026 1 0.0509209 0 0.000107168
0 0.209101 0.575333 0.0346696 0.102667 0.000107247
0 0.266251 0.486667 0.111051 0.368 0.000107676
0 0.239707 0.0113333 0.0709642 0.0226667 0.000107773
0 0.225894 0.889333 0.0390032 0.154667 0.000107882
0 0.0173348 0.519333 0.0346696 0.118667 0.000108908
0 0.168743 0.72 0.117551 0.376 0.000109111
0 0.766251 0.01 0.0774648 0.02 0.000109497
0 0.442037 0 0.0530878 0 0.0001099
0 0.470206 0.581333 0.0520043 0.117333 0.000110291
0 0.538732 0.888 0.0817985 0.144 0.000110851
0 0.8039 1 0.0509209 0 0.000110856
0 0.541712 0 0.0541712 0 0.000111296
0 0.573402 0.866667 0.031961 0.0826667 0.000111776
0 0.0159805 0.0946667 0.031961 0.149333 0.000112123
0 0.199621 0.400667 0.0417118 0.118667 0.000112473
0 0.991333 0.570667 0.0173348 0.176 0.00011396
0 0.863759 1 0.088299 0 0.000114532
0 0.68039 0.539333 0.0682557 0.164 0.000114541
0 0.728061 0 0.0541712 0 0.000115227
0 0.354821 0.513333 0.0465872 0.104 0.000115247
0 0.433369 0.332667 0.0855905 0.257333 0.000115847
0 0.322319 0.0206667 0.0704225 0.0413333 0.000116402
0 0.777356 0 0.0552546 0 0.000117697
0 0.289003 0.526 0.0785482 0.145333 0.000117866
0 0.106988 0.472 0.0557963 0.181333 0.000118144
0 0.164951 0.996667 0.115385 0.00666667 0.000118209
0 0.740249 0.409333 0.0590466 0.170667 0.000118382
0 0.614843 0.006 0.0758397 0.012 0.000120411
0 0.685265 0.0253333 0.0866739 0.0506667 0.000120524
0 0.266522 1 0.0465872 0 0.000121003
0 0.112676 0 0.0552546 0 0.00012115
0 0.415764 0.006 0.0698808 0.012 0.000121177
0 0.479686 0.616 0.133803 0.376 0.000121244
0 0.14247 0.0173333 0.0942579 0.0346667 0.000121502
0 0.986186 0.988667 0.0200433 0.0226667 0.000122546
0 0.707747 0.986667 0.0384615 0.024 0.000122641
0 0.667931 0.609333 0.0433369 0.0906667 0.000123457
0 0.0113759 0.014 0.0227519 0.028 0.00012356
0 0.0541712 0.874667 0.0780065 0.250667 0.000124218
0 0.228332 1 0.0492958 0 0.00012441
0 0.195558 0.666667 0.0422535 0.104 0.000124506
0 0.652492 0 0.0547129 0 0.00012453
0 0.74377 0.557333 0.0520043 0.114667 0.000125239
0 0.564193 0.0793333 0.0774648 0.132 0.000126335
0 0.762459 0.024 0.0828819 0.048 0.000127943
0 0.137595 1 0.0877573 0 0.000129275
0 0.964789 0.993333 0.0704225 0.0133333 0.000129556
0 0.989166 0.46 0.0173348 0.125333 0.000130129
0 0.658451 0.5 0.683099 1 0.000130189
0 0.172535 0.412 0.0633803 0.168 0.000130418
0 0.665493 0.00733333 0.0752979 0.0146667 0.00013099
0 0.190683 0.014 0.0769231 0.028 0.000131021
0 0.286836 0.882667 0.109967 0.218667 0.000132719
0 0.864572 0 0.113759 0 0.000133031
0 0.71506 0.00933333 0.0758397 0.0186667 0.00013471
0 0.202059 0 0.0552546 0 0.000136582
0 0.917931 0.456 0.0807151 0.221333 0.000136583
0 0.987812 0.0746667 0.024377 0.146667 0.000137002
0 0.0287107 0.102 0.0476706 0.169333 0.000137053
0 0.7026 0 0.0552546 0 0.000137631
0 0.666576 0.882667 0.0341278 0.146667 0.000138105
0 0.961538 0.046 0.0411701 0.06 0.000138313
0 0.627302 0 0.0552546 0 0.000138813
0 0.0135428 0.997333 0.0249187 0.00533333 0.000138888
0 0.508938 0.596 0.100217 0.232 0.000139203
0 0.281961 0.0693333 0.039545 0.0773333 0.00013981
0 0.320693 0.318 0.0422535 0.134667 0.000140408
0 0.75 0.514667 0.0666305 0.12 0.000141237
0 0.656555 0.0293333 0.0465872 0.048 0.000141404
0 0.336403 0.0353333 0.084507 0.0706667 0.000141531
0 0.0195016 1 0.0390032 0 0.000142013
0 0.209372 0.64 0.067714 0.234667 0.000142263
0 0.479415 0.098 0.0812568 0.14 0.000143521
0 0.216956 0.0293333 0.0709642 0.0586667 0.000143657
0 0.151408 0 0.0557963 0 0.000145166
0 0.135157 0.619333 0.121885 0.353333 0.000146128
0 0.988082 0.0106667 0.020585 0.0213333 0.000147149
0 0.383532 0.536 0.0964247 0.125333 0.000148899
0 0.49377 0.478 0.0893824 0.102667 0.000149334
0 0.986186 0 0.0276273 0 0.000149504
0 0.463705 0.01 0.0682557 0.02 0.000149547
0 0.196641 0.548 0.0390032 0.117333 0.00014966
0 0.513814 0.478667 0.0211268 0.0266667 0.00015023
0 0.261918 0.995333 0.0850488 0.00933333 0.000150746
0 0.338028 0.002 0.0888407 0.004 0.000152552
0 0.241333 0.08 0.0579632 0.133333 0.000152622
0 0.417931 0.41 0.637595 0.82 0.00015265
0 0.56636 0 0.0547129 0 0.000153663
0 0.0192308 0.421333 0.0222102 0.226667 0.000153933
0 0.086403 1 0.0904659 0 0.000154781
0 0.353738 0.519333 0.104009 0.326667 0.000155167
0 0.0576923 0.627333 0.0796316 0.206667 0.000156316
0 0.0192308 0.166 0.0384615 0.273333 0.000156776
0 0.677681 0 0.0552546 0 0.000158455
0 0.991333 0.692667 0.0173348 0.241333 0.000158514
0 0.457746 0.223333 0.0953413 0.150667 0.000159406
0 0.460184 0.096 0.0698808 0.192 0.000160087
0 0.590195 0 0.0547129 0 0.000160502
0 0.324215 0.488 0.0492958 0.104 0.00016121
0 0.380011 0.203333 0.0763814 0.246667 0.00016145
0 0.412243 0.588667 0.109426 0.153333 0.00016178
0 0.38922 0 0.0828819 0 0.000162835
0 0.93987 0.00933333 0.0780065 0.0186667 0.000163025
0 0.532774 0.026 0.0482123 0.0466667 0.000164743
0 0.165764 0.024 0.0942579 0.048 0.000166102
0 0.0130011 0.885333 0.0227519 0.189333 0.000166329
0 0.911972 0.0233333 0.0817985 0.0466667 0.000166865
0 0.0595883 0.510667 0.108342 0.394667 0.000169421
0 0.25325 0.573333 0.0872156 0.232 0.000169446
0 0.974269 0.781333 0.0514626 0.317333 0.000170679
0 0.026273 0.778667 0.0362947 0.253333 0.000170947
0 0.808234 0.291333 0.0216685 0.0466667 0.000171829
0 0.736999 0.0286667 0.0752979 0.0573333 0.000171858
0 0.331257 0.574667 0.0698808 0.165333 0.000172497
0 0.0880282 0 0.0547129 0 0.000173976
0 0.0528169 0.768667 0.103467 0.377333 0.000175133
0 0.48429 0.04 0.0660888 0.08 0.000177403
0 0.977248 0 0.0455038 0 0.000177813
0 0.253792 0.858 0.0785482 0.230667 0.000177894
0 0.336132 0.886667 0.117551 0.208 0.000179314
0 0.270856 0.0613333 0.0801734 0.122667 0.000180585
0 0.513001 0.0106667 0.0747562 0.0213333 0.000180856
0 0.00839653 0.116 0.0167931 0.154667 0.000182301
0 0.0501083 0 0.0557963 0 0.000183966
0 0.177411 0 0.0557963 0 0.000185275
0 0.954767 0.271333 0.0406284 0.084 0.000187338
0 0.0148971 0.156667 0.0254605 0.193333 0.000188011
0 0.219935 0.767333 0.0617551 0.204 0.000191198
0 0.788462 0 0.105634 0 0.00019133
0 0.212622 0.997333 0.0937161 0.00533333 0.000193823
0 0.695016 0.396 0.0606717 0.197333 0.000199135
0 0.311484 0.008 0.092091 0.016 0.000199264
0 0.137053 0.00333333 0.0942579 0.00666667 0.000200631
0 0.943933 0.026 0.0850488 0.052 0.000200706
0 0.15818 0.636667 0.0487541 0.110667 0.000201499
0 0.91441 0 0.0953413 0 0.000201744
0 0.0476706 0.392 0.0953413 0.354667 0.000202566
0 0.00704225 0.304667 0.0130011 0.188 0.000204778
0 0.115926 0.0173333 0.0975081 0.0346667 0.000206013
0 0.0092091 1 0.0184182 0 0.000206459
0 0.656013 0.0566667 0.0476706 0.06 0.000206775
0 0.344258 0.561333 0.0503792 0.0986667 0.000209126
0 0.00731311 0.552 0.0146262 0.141333 0.000209149
0 0.674702 0.578667 0.0514626 0.0746667 0.00020979
0 0.486186 0.538667 0.100217 0.144 0.000210539
0 0.00812568 0.177333 0.0162514 0.170667 0.000212261
0 0.638678 0 0.0964247 0 0.000214197
0 0.597237 0 0.0893824 0 0.000215934
0 0.25948 0.02 0.0476706 0.0373333 0.000216327
0 0.818797 0.526 0.362405 0.948 0.000218955
0 0.738082 0 0.0969664 0 0.000222712
0 0.568527 0.056 0.0460455 0.064 0.000222751
0 0.612947 0.084 0.0698808 0.106667 0.000223888
0 0.988624 0.903333 0.0227519 0.193333 0.000224175
0 0.0373781 0.992667 0.0747562 0.0146667 0.000225874
0 0.220748 0.643333 0.039545 0.0973333 0.000228611
0 0.136782 0.63 0.0655471 0.174667 0.000228717
0 0.562839 0.00266667 0.0899242 0.00533333 0.00023101
0 0.989166 0.518 0.020585 0.132 0.000232158
0 0.112947 0.594 0.0568797 0.164 0.00023484
0 0.31636 0.686667 0.501625 0.626667 0.000237055
0 0.223185 0.575333 0.0422535 0.0946667 0.000239358
0 0.264626 0.008 0.0947996 0.016 0.000240292
0 0.655471 0.04 0.0769231 0.08 0.000240323
0 0.207476 0.644 0.0465872 0.146667 0.000243551
0 0.0165222 0.0473333 0.031961 0.0946667 0.000243608
0 0.171181 0.704 0.0736728 0.186667 0.000245134
0 0.901138 1 0.100217 0 0.000245807
0 0.467497 0.052 0.0400867 0.072 0.000247219
0 0.982123 1 0.0325027 0 0.000248921
0 0.23429 0.545333 0.0482123 0.114667 0.00024933
0 0.0568797 0.512667 0.0812568 0.201333 0.000252545
0 0.304171 0.364667 0.0406284 0.0946667 0.000253549
0 0.0273564 0.216667 0.0449621 0.193333 0.000255955
0 0.0278982 1 0.052546 0 0.000256906
0 0.439599 0.00333333 0.0850488 0.00666667 0.000260768
0 0.231582 0.643333 0.0709642 0.153333 0.000261036
0 0.98429 0.997333 0.0314193 0.00533333 0.00026207
0 0.903034 0.600667 0.0910076 0.201333 0.000266817
0 0.169827 0.516667 0.124052 0.412 0.000267786
0 0.985103 0.048 0.0297941 0.064 0.000269768
0 0.159805 0.458 0.071506 0.214667 0.000269986
0 0.903304 0.633333 0.0644637 0.125333 0.000270323
0 0.212893 0 0.0964247 0 0.000270865
0 0.261918 0.489333 0.0742145 0.173333 0.000271013
0 0.688787 0 0.0980498 0 0.000273222
0 0.48429 0.598 0.106176 0.153333 0.000277926
0 0.00866739 0.865333 0.0119177 0.253333 0.000280042
0 0.633803 0.0866667 0.0455038 0.0853333 0.000280571
0 0.00622969 0.91 0.0124594 0.18 0.000284295
0 0.232936 0.428 0.0411701 0.114667 0.000284697
0 0.488624 0.004 0.0888407 0.008 0.000289278
0 0.964518 0.004 0.0709642 0.008 0.000298939
0 0.358884 0.581333 0.0796316 0.144 0.000305818
0 0.906555 0.0206667 0.0427952 0.0413333 0.000306213
0 0.638407 0.054 0.0731311 0.092 0.000308714
0 0.915222 0.349333 0.105634 0.365333 0.000309998
0 0.143283 0.606 0.286566 0.788 0.000312449
0 0.747833 0.532 0.0438787 0.0613333 0.000313021
0 0.317443 0.453333 0.0660888 0.269333 0.000315496
0 0.369718 0.174 0.0503792 0.126667 0.000324478
0 0.494854 0.0253333 0.0482123 0.04 0.00032459
0 0.471018 0.537333 0.552004 0.925333 0.000325839
0 0.16766 0.5 0.33532 1 0.00033168
0 0.68039 0.71 0.608884 0.58 0.000332093
0 0.513543 0.0373333 0.0855905 0.0746667 0.000333943
0 0.0148971 0.586667 0.0297941 0.184 0.000337221
0 0.00785482 0.237333 0.0146262 0.176 0.000337437
0 0.507313 0.670667 0.0698808 0.112 0.000337516
0 0.445829 0.0473333 0.0801734 0.0946667 0.000343349
0 0.0284399 0.334667 0.0287107 0.181333 0.000344823
0 0.459642 0.0886667 0.0427952 0.121333 0.000346445
0 0.16441 0 0.118635 0 0.000347869
0 0.225894 0.876 0.056338 0.248 0.000354521
0 0.128927 0.543333 0.0855905 0.18 0.000357225
0 0.0292524 0.852667 0.0541712 0.294667 0.000361291
0 0.540358 0.0426667 0.0785482 0.0826667 0.000364062
0 0.211809 0.585333 0.0498375 0.165333 0.000378277
0 0.0276273 0.295333 0.0444204 0.190667 0.000380862
0 0.181203 0.647333 0.0557963 0.148 0.000384287
0 0.324485 0.384667 0.0595883 0.190667 0.000384733
0 0.0983207 0.00333333 0.102384 0.00666667 0.000391044
0 0.190141 0.44 0.0736728 0.314667 0.000392213
0 0.993229 0.967333 0.0135428 0.0653333 0.000398276
0 0.247291 0.0386667 0.0720477 0.0773333 0.000399633
0 0.214518 0.525333 0.0585049 0.165333 0.000406775
0 0.00650054 0.611333 0.0130011 0.217333 0.000424329
0 0.0265439 0.596 0.0422535 0.173333 0.00042715
0 0.991333 0.038 0.0173348 0.076 0.000430254
0 0.0186891 0.660667 0.0373781 0.305333 0.000444881
0 0.233207 0.580667 0.0698808 0.142667 0.00044815
0 0.989437 1 0.0178765 0 0.000454657
0 0.286295 0.0153333 0.0839653 0.0306667 0.000454696
0 0.180119 0.59 0.0568797 0.158667 0.000458247
0 0.913868 0.188667 0.111593 0.244 0.000464599
0 0.292524 0.37 0.099675 0.297333 0.000465752
0 0.0178765 0.784 0.035753 0.357333 0.000469155
0 0.00812568 0.364 0.0140845 0.186667 0.000472958
0 0.024377 0.528667 0.0411701 0.177333 0.000487723
0 0.313922 0.328 0.0590466 0.234667 0.000496374
0 0.557151 0.038 0.0427952 0.0546667 0.00050223
0 0.989978 0.85 0.0200433 0.217333 0.000508345
0 0.00758397 0.454667 0.0140845 0.208 0.000529625
0 0.989166 0.977333 0.00975081 0.0453333 0.000536271
0 0.00704225 0.795333 0.0140845 0.252 0.000546481
0 0.0124594 0.768 0.0195016 0.242667 0.000566725
0 0.0119177 0.649333 0.0216685 0.216 0.000571584
0 0.714789 0.875333 0.0590466 0.169333 0.000576476
0 0.168202 0.521333 0.0774648 0.194667 0.00058928
0 0.584236 0.056 0.0839653 0.0933333 0.000596987
0 0.0617551 0.000666667 0.111593 0.00133333 0.000597787
0 0.968852 0.028 0.0438787 0.0533333 0.000611713
0 0.0333153 0.024 0.0644637 0.048 0.000613328
0 0.245937 0.397333 0.0682557 0.181333 0.000627926
0 0.45883 0.0326667 0.0411701 0.0466667 0.00062922
0 0.198537 0.396 0.0774648 0.157333 0.000637447
0 0.929036 0.281333 0.0747562 0.130667 0.000651994
0 0.51273 0.48 0.0438787 0.04 0.000687666
0 0.90818 0.252667 0.0709642 0.134667 0.000699592
0 0.98104 0.888 0.035753 0.216 0.000718547
0 0.00650054 0.701333 0.0130011 0.232 0.000719808
0 0.260834 0.0593333 0.0427952 0.068 0.000737846
0 0.332611 0.477333 0.0725894 0.157333 0.000746423
0 0.911701 0.393333 0.0617551 0.210667 0.000766387
0 0.0235645 0.459333 0.0460455 0.193333 0.000792168
0 0.298483 0.034 0.0650054 0.068 0.000822306
0 0.988353 0.918 0.0157096 0.150667 0.00083285
0 0.338299 0.526 0.0666305 0.126667 0.000852313
0 0.989166 0.054 0.0173348 0.0946667 0.000885242
0 0.156284 0.594667 0.0633803 0.157333 0.000895804
0 0.22779 0.5 0.45558 1 0.000902932
0 0.805525 0.302667 0.0270856 0.0906667 0.000909467
0 0.815276 0.396667 0.369447 0.793333 0.000913673
0 0.995125 0.932 0.00975081 0.133333 0.00100087
0 0.716143 0.28 0.110509 0.306667 0.0010427
0 0.222914 0.416 0.0915493 0.272 0.00106444
0 0.721018 0.398667 0.44312 0.797333 0.0011174
0 0.676056 0.598667 0.0411701 0.056 0.00116715
0 0.919285 0.334667 0.0671723 0.125333 0.00142353
0 0.991062 0.946 0.0092091 0.0893333 0.00148336
0 0.239707 0.888667 0.0417118 0.172 0.00148347
0 0.272481 0.0433333 0.063922 0.076 0.00169483
0 0.0260022 0.392 0.0411701 0.194667 0.00173306
0 0.0265439 0.000666667 0.0530878 0.00133333 0.00286209
0 0.676327 0.885333 0.0417118 0.210667 0.00327806
0 0.726436 0.383333 0.295775 0.705333 0.0034953
0 0.293608 0.364667 0.0693391 0.137333 0.00409602
0 0.912784 0.191333 0.0552546 0.052 0.00441864
0 0.28467 0.0286667 0.0482123 0.044 0.00475361
0 0.708288 0.256667 0.0774648 0.148 0.0173002
0 0.721289 0.817333 0.196641 0.365333 0.0283479
0 0.743499 0.415333 0.0828819 0.297333 0.0511495
0 0.320693 0.363333 0.0465872 0.108 0.0688215
0 0.226165 0.392 0.0482123 0.149333 0.112662
0 0.906555 0.202 0.0752979 0.1 0.188832
0 0.719122 0.884 0.10455 0.232 0.879217
