0 0.197454 0.372 0.0492958 0.138667 1.98498e-05
0 0.517606 0.992 0.0471289 0.016 1.98538e-05
0 0.124052 0.0233333 0.0942579 0.0466667 1.98875e-05
0 0.165222 0.961333 0.162514 0.0773333 1.98953e-05
0 0.716414 0.278667 0.144637 0.557333 1.99161e-05
0 0.460184 0.142667 0.10455 0.266667 1.99916e-05
0 0.564464 0.276667 0.063922 0.198667 2.00004e-05
0 0.433099 0.0666667 0.0438787 0.0746667 2.00646e-05
0 0.184182 0.152667 0.099675 0.305333 2.00713e-05
0 0.634886 0.158 0.0725894 0.174667 2.01582e-05
0 0.809859 0.398667 0.0498375 0.128 2.01618e-05
0 0.0195016 0.634667 0.0227519 0.290667 2.01829e-05
0 0.537378 0.990667 0.0758397 0.0186667 2.02071e-05
0 0.245666 0.204667 0.052546 0.132 2.02798e-05
0 0.985374 0.388 0.028169 0.12 2.03801e-05
0 0.835049 0.484667 0.0742145 0.169333 2.04078e-05
0 0.251896 0.61 0.0769231 0.14 2.04477e-05
0 0.0606717 0.966 0.107259 0.068 2.04956e-05
0 0.415493 0.876667 0.0541712 0.148 2.05429e-05
0 0.0192308 0.538 0.0384615 0.124 2.05454e-05
0 0.23727 0.118667 0.0390032 0.0853333 2.06778e-05
0 0.760022 0.508667 0.0433369 0.092 2.07138e-05
0 0.141387 0.084 0.104009 0.154667 2.08529e-05
0 0.413868 0.972667 0.0812568 0.0546667 2.0878e-05
0 0.858613 0.517333 0.0530878 0.125333 2.09528e-05
0 0.97156 0.572667 0.0492958 0.124 2.10205e-05
0 0.62351 0.973333 0.0628386 0.0533333 2.10685e-05
0 0.143283 0.018 0.0503792 0.036 2.11286e-05
0 0.478873 0.33 0.0487541 0.0973333 2.11478e-05
0 0.659805 0.349333 0.0855905 0.141333 2.14401e-05
0 0.162243 0.637333 0.124052 0.224 2.14519e-05
0 0.371614 0.195333 0.151679 0.390667 2.14577e-05
0 0.00839653 0.939333 0.0167931 0.121333 2.14788e-05
0 0.797942 0.427333 0.0455038 0.118667 2.1578e-05
0 0.393283 0.600667 0.0574215 0.126667 2.15846e-05
0 0.386782 1 0.0801734 0 2.16542e-05
0 0.3513 0.990667 0.0514626 0.0186667 2.18573e-05
0 0.156555 0.054 0.0509209 0.0733333 2.18835e-05
0 0.372156 0.99 0.0877573 0.02 2.18977e-05
0 0.696641 0.534667 0.0411701 0.106667 2.20095e-05
0 0.48429 0.908 0.0650054 0.146667 2.20744e-05
0 0.916576 0.965333 0.138678 0.0693333 2.20745e-05
0 0.520585 0.202 0.149512 0.404 2.21146e-05
0 0.797129 0.368667 0.0471289 0.124 2.21924e-05
0 0.685536 0.638 0.0503792 0.172 2.22568e-05
0 0.87974 0.752667 0.144095 0.217333 2.22712e-05
0 0.839653 0.998667 0.0509209 0.00266667 2.22786e-05
0 0.570964 0.84 0.192849 0.32 2.24557e-05
0 0.690683 0.291333 0.0476706 0.182667 2.24579e-05
0 0.295504 0.968 0.108884 0.064 2.25699e-05
0 0.0501083 0.327333 0.0817985 0.265333 2.26243e-05
0 0.783044 0.14 0.0417118 0.117333 2.26413e-05
0 0.314735 0.27 0.131094 0.185333 2.26473e-05
0 0.905471 0 0.0547129 0 2.26753e-05
0 0.556609 0.113333 0.0373781 0.0773333 2.26806e-05
0 0.859426 0.102667 0.039545 0.096 2.27403e-05
0 0.507042 0.663333 0.0520043 0.118667 2.27497e-05
0 0.352925 0.416 0.0536295 0.0773333 2.28234e-05
0 0.114843 0.712 0.186349 0.378667 2.28269e-05
0 0.408722 0.935333 0.0460455 0.092 2.29257e-05
0 0.951788 0.24 0.0964247 0.48 2.29569e-05
0 0.972644 0.048 0.0417118 0.0533333 2.30359e-05
0 0.544962 0.0793333 0.035753 0.0626667 2.3083e-05
0 0.927411 1 0.0530878 0 2.31945e-05
0 0.769502 0.174 0.0384615 0.124 2.33737e-05
0 0.794691 0.995333 0.0465872 0.00933333 2.34595e-05
0 0.493499 0.991333 0.0465872 0.0173333 2.34836e-05
0 0.307421 0.98 0.0503792 0.0266667 2.35063e-05
0 0.507313 0.132667 0.0482123 0.0973333 2.36829e-05
0 0.789274 0.636667 0.056338 0.174667 2.37647e-05
0 0.986457 0.322667 0.0270856 0.101333 2.38399e-05
0 0.0186891 0.356 0.0373781 0.128 2.38417e-05
0 0.0492958 0.999333 0.0541712 0.00133333 2.39355e-05
0 0.81013 0.49 0.0482123 0.110667 2.39525e-05
0 0.434995 0.424 0.0541712 0.106667 2.39792e-05
0 0.0652763 0 0.0536295 0 2.41035e-05
0 0.888678 0.344 0.148971 0.296 2.41301e-05
0 0.809859 0.289333 0.0509209 0.109333 2.41331e-05
0 0.271939 0.174667 0.133261 0.349333 2.41752e-05
0 0.761647 1 0.0704225 0 2.4202e-05
0 0.820693 0.519333 0.0487541 0.118667 2.42074e-05
0 0.424973 1 0.0731311 0 2.43461e-05
0 0.376219 1 0.0492958 0 2.43592e-05
0 0.24675 0.142 0.0482123 0.105333 2.4426e-05
0 0.442579 0.631333 0.056338 0.134667 2.44624e-05
0 0.493499 0.696667 0.0541712 0.121333 2.44929e-05
0 0.0533586 0.52 0.106717 0.213333 2.45087e-05
0 0.863759 0.266 0.127302 0.209333 2.45188e-05
0 0.570693 0.432 0.0460455 0.08 2.45839e-05
0 0.818797 0.219333 0.168472 0.438667 2.46117e-05
0 0.296046 0.492 0.0547129 0.0933333 2.46138e-05
0 0.442037 0.728667 0.0552546 0.118667 2.46857e-05
0 0.30688 0.941333 0.0709642 0.117333 2.48232e-05
0 0.942037 0.34 0.104009 0.221333 2.48308e-05
0 0.801463 0.99 0.0817985 0.02 2.48542e-05
0 0.944745 0.01 0.0520043 0.02 2.49108e-05
0 0.0674431 0.982 0.0785482 0.036 2.50533e-05
0 0.0102925 0.04 0.0151679 0.08 2.52808e-05
0 0.521398 0.635333 0.0503792 0.118667 2.53307e-05
0 0.668202 0.597333 0.128386 0.474667 2.53887e-05
0 0.616197 0.924667 0.105634 0.150667 2.54163e-05
0 0.469393 0.964 0.0427952 0.056 2.54729e-05
0 0.927952 0 0.0520043 0 2.55003e-05
0 0.56961 0.970667 0.0427952 0.0426667 2.55408e-05
0 0.529794 0.833333 0.0899242 0.184 2.56613e-05
0 0.350758 0.352 0.0557963 0.0826667 2.58176e-05
0 0.481311 0.731333 0.0557963 0.121333 2.59349e-05
0 0.242958 0.452667 0.067714 0.121333 2.60755e-05
0 0.150596 0.999333 0.0530878 0.00133333 2.6123e-05
0 0.772752 0.484667 0.0482123 0.0893333 2.61769e-05
0 0.709372 0.350667 0.0417118 0.0986667 2.62777e-05
0 0.710184 0.078 0.0325027 0.0733333 2.63629e-05
0 0.346425 0.49 0.0817985 0.153333 2.63643e-05
0 0.68662 0.504 0.0471289 0.114667 2.63831e-05
0 0.454767 0.267333 0.0503792 0.108 2.65116e-05
0 0.0590466 0.889333 0.111593 0.221333 2.6625e-05
0 0.988082 0.684667 0.00866739 0.14 2.66277e-05
0 0.988353 0.874667 0.00812568 0.130667 2.6715e-05
0 0.940141 0.142667 0.0872156 0.205333 2.67578e-05
0 0.300108 0.98 0.0812568 0.04 2.67986e-05
0 0.91143 0.0466667 0.0796316 0.0853333 2.68707e-05
0 0.483478 0.0733333 0.039545 0.072 2.69535e-05
0 0.10753 0.274 0.210726 0.548 2.71958e-05
0 0.651679 0.777333 0.0693391 0.0453333 2.74121e-05
0 0.156284 0.983333 0.0752979 0.0333333 2.75297e-05
0 0.842633 0.7 0.10455 0.178667 2.75413e-05
0 0.531961 0.076 0.0379198 0.064 2.75428e-05
0 0.691224 0.215333 0.0455038 0.209333 2.75543e-05
0 0.128386 0.000666667 0.056338 0.00133333 2.77441e-05
0 0.96831 0.958 0.0633803 0.084 2.79478e-05
0 0.73727 0.948667 0.0704225 0.102667 2.8435e-05
0 0.325027 0.752667 0.0671723 0.116 2.84842e-05
0 0.816089 0.693333 0.0937161 0.253333 2.86002e-05
0 0.985645 0.270667 0.0276273 0.101333 2.86456e-05
0 0.773023 0.283333 0.152763 0.566667 2.8736e-05
0 0.613489 0.728 0.0872156 0.149333 2.87693e-05
0 0.745937 0.48 0.0465872 0.096 2.88034e-05
0 0.83234 0.104667 0.0427952 0.0893333 2.88102e-05
0 0.587757 0.776 0.111593 0.157333 2.88617e-05
0 0.086403 1 0.0568797 0 2.89101e-05
0 0.94312 0.878 0.106176 0.204 2.89261e-05
0 0.797942 0.0713333 0.0574215 0.1 2.90118e-05
0 0.797671 0.572 0.0417118 0.112 2.90201e-05
0 0.729415 0.986667 0.0514626 0.0266667 2.90215e-05
0 0.208559 0.046 0.0455038 0.06 2.90641e-05
0 0.40818 0.966 0.0460455 0.044 2.91122e-05
0 0.355092 0.148 0.119718 0.296 2.92913e-05
0 0.318256 0.933333 0.108884 0.133333 2.9296e-05
0 0.409534 0.151333 0.109426 0.294667 2.93983e-05
0 0.288732 0.132 0.0910076 0.186667 2.94264e-05
0 0.343716 0.0406667 0.0482123 0.0546667 2.94272e-05
0 0.790358 0.628667 0.0790899 0.281333 2.95954e-05
0 0.353196 0.217333 0.0985916 0.16 2.961e-05
0 0.751625 0.954 0.0492958 0.092 2.98317e-05
0 0.87351 0.264667 0.182557 0.529333 2.98885e-05
0 0.553359 0.891333 0.0590466 0.137333 2.98961e-05
0 0.907096 0.0473333 0.0492958 0.0546667 3.0011e-05
0 0.20883 0.410667 0.0449621 0.141333 3.00548e-05
0 0.733478 0.138 0.0465872 0.108 3.02637e-05
0 0.0238353 0.11 0.0422535 0.185333 3.02745e-05
0 0.764626 0.628667 0.0666305 0.161333 3.02791e-05
0 0.236186 0.048 0.0411701 0.064 3.04294e-05
0 0.773023 0.228667 0.0422535 0.102667 3.05588e-05
0 0.090195 0 0.0547129 0 3.05627e-05
0 0.402492 1 0.0476706 0 3.06033e-05
0 0.467497 0.298667 0.0509209 0.0853333 3.06824e-05
0 0.716143 0.967333 0.084507 0.0653333 3.07703e-05
0 0.665222 0.870667 0.0411701 0.152 3.08028e-05
0 0.387053 0.391333 0.0384615 0.0893333 3.08554e-05
0 0.653846 0.270667 0.12026 0.509333 3.09166e-05
0 0.621343 0.0406667 0.0444204 0.0546667 3.09541e-05
0 0.232665 0.236 0.0482123 0.146667 3.11599e-05
0 0.947725 0.584 0.10455 0.456 3.12221e-05
0 0.985103 0.504 0.0297941 0.106667 3.12853e-05
0 0.469122 0.701333 0.0541712 0.125333 3.1288e-05
0 0.699621 0.99 0.0904659 0.02 3.14315e-05
0 0.58532 0.118 0.06013 0.236 3.16404e-05
0 0.0208559 0.385333 0.0222102 0.272 3.17189e-05
0 0.659534 0.640667 0.0817985 0.196 3.17663e-05
0 0.535211 0.268 0.0985916 0.256 3.18827e-05
0 0.0278982 0.970667 0.0557963 0.0586667 3.1976e-05
0 0.338299 1 0.052546 0 3.20368e-05
0 0.868906 0 0.0541712 0 3.21214e-05
0 0.0495666 0.2 0.0763814 0.285333 3.21217e-05
0 0.733478 0.505333 0.0444204 0.117333 3.22414e-05
0 0.112947 1 0.0568797 0 3.23585e-05
0 0.757042 0.779333 0.13597 0.441333 3.24604e-05
0 0.516251 0.104667 0.0422535 0.0866667 3.25475e-05
0 0.591278 0.994667 0.0492958 0.0106667 3.26128e-05
0 0.370802 0.042 0.0482123 0.0546667 3.2629e-05
0 0.73727 0.276667 0.0747562 0.18 3.26399e-05
0 0.970748 0.642667 0.0585049 0.194667 3.26491e-05
0 0.984832 0.448667 0.0292524 0.110667 3.2742e-05
0 0.23727 0.998 0.0812568 0.004 3.27616e-05
0 0.319339 0.972 0.0503792 0.0266667 3.29989e-05
0 0.818797 0.396667 0.169556 0.569333 3.32299e-05
0 0.469122 0.038 0.0606717 0.076 3.3267e-05
0 0.896533 0.7 0.105092 0.162667 3.33868e-05
0 0.24377 0.0226667 0.12351 0.0453333 3.35489e-05
0 0.0622969 1 0.056338 0 3.35696e-05
0 0.541712 0.994667 0.0465872 0.0106667 3.36625e-05
0 0.605634 0.597333 0.0769231 0.146667 3.36884e-05
0 0.211268 0.540667 0.0335861 0.153333 3.40008e-05
0 0.612947 0.196 0.124052 0.392 3.40328e-05
0 0.176056 0.998 0.0509209 0.004 3.41588e-05
0 0.732936 0.635333 0.0509209 0.153333 3.43e-05
0 0.482665 0.663333 0.0541712 0.116 3.4374e-05
0 0.182828 0.0526667 0.0460455 0.068 3.44321e-05
0 0.519772 0.024 0.119718 0.048 3.45373e-05
0 0.729415 1 0.0471289 0 3.45923e-05
0 0.564193 0.349333 0.088299 0.141333 3.461e-05
0 0.785753 0.546 0.0460455 0.102667 3.46701e-05
0 0.323131 0.501333 0.0503792 0.0906667 3.50776e-05
0 0.80688 0.177333 0.0449621 0.114667 3.51443e-05
0 0.483478 0.299333 0.108884 0.172 3.52758e-05
0 0.287649 0.22 0.114843 0.181333 3.53835e-05
0 0.569339 0.208 0.0693391 0.178667 3.53947e-05
0 0.475352 1 0.0687974 0 3.54405e-05
0 0.428223 1 0.0460455 0 3.57937e-05
0 0.445558 0.386 0.0547129 0.110667 3.5799e-05
0 0.578007 0.403333 0.12351 0.465333 3.58145e-05
0 0.81961 0.202 0.0498375 0.102667 3.58146e-05
0 0.557421 0.046 0.0444204 0.06 3.58301e-05
0 0.646262 0.284667 0.0736728 0.185333 3.59076e-05
0 0.531419 0.486 0.0541712 0.116 3.59873e-05
0 0.671723 0.404667 0.119177 0.446667 3.6047e-05
0 0.831528 0.892 0.144095 0.186667 3.60515e-05
0 0.381094 0.3 0.124052 0.162667 3.60654e-05
0 0.245125 0.266667 0.0547129 0.141333 3.6114e-05
0 0.566631 0.994 0.0476706 0.012 3.61456e-05
0 0.98727 0.775333 0.0254605 0.313333 3.62576e-05
0 0.809047 0.545333 0.0460455 0.117333 3.62894e-05
0 0.688516 0.21 0.0650054 0.353333 3.63177e-05
0 0.50948 0.198 0.111051 0.270667 3.63505e-05
0 0.669556 0.024 0.124594 0.048 3.67288e-05
0 0.711268 0.63 0.0595883 0.169333 3.68259e-05
0 0.990791 0.963333 0.0130011 0.0733333 3.70114e-05
0 0.105634 0.996 0.0780065 0.008 3.70731e-05
0 0.709101 0.286 0.0650054 0.292 3.70734e-05
0 0.691766 0.993333 0.0509209 0.0133333 3.70738e-05
0 0.218581 0.0926667 0.0785482 0.14 3.70871e-05
0 0.514897 0.140667 0.0850488 0.161333 3.73004e-05
0 0.587757 0.993333 0.0834236 0.0133333 3.73175e-05
0 0.659534 0.458667 0.0460455 0.0906667 3.73859e-05
0 0.439599 0.792667 0.0763814 0.172 3.73943e-05
0 0.944745 0.0606667 0.0899242 0.121333 3.75272e-05
0 0.518147 0.044 0.0579632 0.0826667 3.78122e-05
0 0.315818 0.794 0.0509209 0.0466667 3.81264e-05
0 0.902492 0 0.0530878 0 3.81963e-05
0 0.771668 0.498667 0.13922 0.533333 3.82796e-05
0 0.167931 0.06 0.0899242 0.12 3.83525e-05
0 0.901679 1 0.0536295 0 3.84553e-05
0 0.640303 0.0773333 0.0693391 0.133333 3.87744e-05
0 0.619989 0.516 0.0514626 0.0826667 3.88802e-05
0 0.947725 0.501333 0.0763814 0.112 3.90154e-05
0 0.896533 0.0833333 0.0433369 0.092 3.90913e-05
0 0.893012 0.0606667 0.0839653 0.121333 3.91891e-05
0 0.722914 0.110667 0.031961 0.0853333 3.91907e-05
0 0.223185 0.458 0.0476706 0.14 3.92717e-05
0 0.744312 0.024 0.125677 0.048 3.93995e-05
0 0.421723 0.454 0.0536295 0.0973333 3.95452e-05
0 0.986186 0.938667 0.0178765 0.0693333 3.9557e-05
0 0.394095 0.0266667 0.120802 0.0533333 3.97455e-05
0 0.0560672 0.262667 0.112134 0.525333 4.00286e-05
0 0.687432 0.564 0.0671723 0.288 4.0174e-05
0 0.927411 0.396667 0.145179 0.486667 4.02757e-05
0 0.427952 0.699333 0.056338 0.126667 4.02947e-05
0 0.663055 0.573333 0.0801734 0.173333 4.05725e-05
0 0.292524 0.0266667 0.121343 0.0533333 4.07266e-05
0 0.864572 0.650667 0.133261 0.248 4.08818e-05
0 0.31013 0.148667 0.113218 0.294667 4.13237e-05
0 0.131636 0.807333 0.263272 0.385333 4.14456e-05
0 0.635157 0.750667 0.0471289 0.0666667 4.15362e-05
0 0.866197 0.947333 0.122427 0.105333 4.15828e-05
0 0.362947 0.984667 0.121343 0.0306667 4.15881e-05
0 0.845883 0.0713333 0.0406284 0.084 4.17227e-05
0 0.188516 0.088 0.0866739 0.152 4.18133e-05
0 0.665493 0.0726667 0.0655471 0.126667 4.18976e-05
0 0.506771 0.602667 0.0514626 0.12 4.18986e-05
0 0.838841 0.416667 0.114301 0.172 4.19841e-05
0 0.0308776 0.0646667 0.0487541 0.110667 4.22691e-05
0 0.444745 0.299333 0.0520043 0.084 4.23448e-05
0 0.874323 0.0526667 0.0704225 0.092 4.23999e-05
0 0.640574 0.969333 0.100217 0.0613333 4.24629e-05
0 0.533315 0.0946667 0.0850488 0.189333 4.29322e-05
0 0.367551 0.0593333 0.088299 0.118667 4.29378e-05
0 0.44312 0.028 0.119177 0.056 4.30474e-05
0 0.168472 0.0166667 0.0498375 0.0333333 4.31948e-05
0 0.0381907 0.640667 0.0763814 0.601333 4.32729e-05
0 0.988895 0.628 0.0113759 0.138667 4.3419e-05
0 0.607259 0.485333 0.0509209 0.08 4.35264e-05
0 0.877844 0 0.0536295 0 4.3604e-05
0 0.864572 1 0.0520043 0 4.36453e-05
0 0.74675 0.201333 0.0362947 0.117333 4.36473e-05
0 0.629198 0.639333 0.0666305 0.196 4.37505e-05
0 0.757855 0.138667 0.0379198 0.125333 4.37793e-05
0 0.882178 0.0506667 0.0482123 0.0586667 4.38333e-05
0 0.965601 0.999333 0.0482123 0.00133333 4.3911e-05
0 0.819339 0.26 0.0503792 0.112 4.40541e-05
0 0.531419 0.362667 0.0942579 0.125333 4.43951e-05
0 0.808234 0.106 0.0400867 0.0866667 4.44146e-05
0 0.55688 0.966 0.035753 0.0493333 4.45959e-05
0 0.138678 1 0.056338 0 4.46345e-05
0 0.7974 0.519333 0.0465872 0.102667 4.46845e-05
0 0.987541 0.648 0.0249187 0.274667 4.48978e-05
0 0.173348 0.0226667 0.0866739 0.0453333 4.50246e-05
0 0.716685 0.476667 0.125677 0.497333 4.50267e-05
0 0.359967 0.0846667 0.0785482 0.132 4.53119e-05
0 0.153846 0 0.056338 0 4.53843e-05
0 0.216685 0.212 0.0617551 0.197333 4.54661e-05
0 0.483478 0.086 0.0915493 0.14 4.55366e-05
0 0.905471 0.0106667 0.0514626 0.0213333 4.59322e-05
0 0.194204 0.985333 0.0731311 0.0293333 4.59332e-05
0 0.570964 0.91 0.0606717 0.134667 4.60832e-05
0 0.28467 0.707333 0.14247 0.238667 4.61149e-05
0 0.507313 0.076 0.0438787 0.064 4.61508e-05
0 0.973185 0.48 0.0492958 0.104 4.62006e-05
0 0.514626 0.0646667 0.0801734 0.129333 4.62921e-05
0 0.67416 0.48 0.0460455 0.101333 4.63459e-05
0 0.828007 0.608 0.159805 0.474667 4.64516e-05
0 0.0918202 0.06 0.108884 0.12 4.67602e-05
0 0.216685 0.0586667 0.0812568 0.117333 4.68245e-05
0 0.834236 0.337333 0.115926 0.258667 4.68557e-05
0 0.751625 0.986 0.039545 0.028 4.6884e-05
0 0.062026 0.406 0.124052 0.305333 4.69419e-05
0 0.328007 0.845333 0.156555 0.309333 4.69852e-05
0 0.419014 0.6 0.0568797 0.128 4.7071e-05
0 0.872156 0.0786667 0.0390032 0.088 4.71582e-05
0 0.707205 0.57 0.052546 0.161333 4.72693e-05
0 0.829902 0.598 0.105092 0.190667 4.7377e-05
0 0.468581 0.764 0.0541712 0.104 4.73932e-05
0 0.030065 0.0293333 0.0514626 0.0586667 4.74083e-05
0 0.453413 1 0.0455038 0 4.74173e-05
0 0.244041 0.998 0.0438787 0.004 4.74919e-05
0 0.318256 0.942667 0.0503792 0.0666667 4.76286e-05
0 0.568256 0.152667 0.063922 0.132 4.76922e-05
0 0.616197 0.832667 0.0590466 0.201333 4.77135e-05
0 0.0530878 0.104667 0.0975081 0.209333 4.79611e-05
0 0.751896 1 0.0444204 0 4.83052e-05
0 0.6961 0.044 0.0444204 0.056 4.90085e-05
0 0.971831 0.0306667 0.056338 0.0613333 4.90257e-05
0 0.0148971 0.890667 0.0276273 0.216 4.90655e-05
0 0.964518 0.574 0.0709642 0.198667 4.93133e-05
0 0.766522 0.278 0.0790899 0.161333 4.95475e-05
0 0.987541 0.882 0.0249187 0.236 4.98123e-05
0 0.5948 0.98 0.0953413 0.04 4.98847e-05
0 0.991603 0.842 0.0146262 0.286667 5.03439e-05
0 0.883261 0.819333 0.209642 0.361333 5.04208e-05
0 0.957205 0.983333 0.071506 0.0333333 5.04302e-05
0 0.513001 1 0.0682557 0 5.05904e-05
0 0.45558 0 0.0530878 0 5.06679e-05
0 0.245937 0.068 0.0780065 0.136 5.07756e-05
0 0.439057 0.978667 0.0893824 0.0426667 5.08721e-05
0 0.887324 0.0926667 0.0888407 0.185333 5.08743e-05
0 0.49377 0 0.0536295 0 5.08851e-05
0 0.734832 0.0853333 0.0362947 0.0693333 5.10881e-05
0 0.418472 0.0593333 0.0872156 0.118667 5.12998e-05
0 0.39247 0.218667 0.120802 0.170667 5.17408e-05
0 0.558776 0.488667 0.052546 0.108 5.17837e-05
0 0.565276 0.06 0.0774648 0.12 5.21521e-05
0 0.952058 1 0.0536295 0 5.21614e-05
0 0.667118 0.0566667 0.0752979 0.113333 5.24522e-05
0 0.317443 0 0.0541712 0 5.25331e-05
0 0.333153 0.754 0.0530878 0.0653333 5.26489e-05
0 0.342362 0 0.0541712 0 5.26997e-05
0 0.45585 0.597333 0.0547129 0.133333 5.31848e-05
0 0.348592 1 0.0947996 0 5.32993e-05
0 0.695287 0.368667 0.0612134 0.230667 5.34896e-05
0 0.209642 0.538 0.0606717 0.212 5.37004e-05
0 0.606988 0.107333 0.052546 0.137333 5.37418e-05
0 0.735915 0.568667 0.0666305 0.169333 5.3787e-05
0 0.39572 0.04 0.06013 0.0773333 5.37882e-05
0 0.240249 0.156 0.0687974 0.170667 5.38633e-05
0 0.761647 0.416 0.0769231 0.165333 5.39671e-05
0 0.222914 0.267333 0.0438787 0.14 5.41118e-05
0 0.0265439 0.896 0.0530878 0.176 5.43676e-05
0 0.531961 0.0466667 0.0444204 0.0613333 5.44113e-05
0 0.797129 0.262 0.0492958 0.105333 5.44829e-05
0 0.975081 0.776667 0.0498375 0.254667 5.45265e-05
0 0.0067714 0.689333 0.0135428 0.154667 5.46152e-05
0 0.717497 0.141333 0.0579632 0.282667 5.46495e-05
0 0.911701 0.199333 0.128927 0.270667 5.46691e-05
0 0.242687 0 0.0541712 0 5.50195e-05
0 0.407096 0.569333 0.0557963 0.128 5.51007e-05
0 0.533857 0.733333 0.0850488 0.192 5.51493e-05
0 0.494854 0.0433333 0.06013 0.0786667 5.55138e-05
0 0.478332 1 0.0465872 0 5.55364e-05
0 0.853196 0 0.0541712 0 5.55915e-05
0 0.221831 0.638667 0.0406284 0.154667 5.61973e-05
0 0.279523 0.455333 0.0780065 0.132 5.63639e-05
0 0.504334 0.888667 0.0530878 0.148 5.64212e-05
0 0.333424 0.166667 0.100217 0.186667 5.69829e-05
0 0.861051 0.148 0.112134 0.258667 5.71181e-05
0 0.98429 0.328667 0.0292524 0.198667 5.74103e-05
0 0.8448 0 0.0557963 0 5.74382e-05
0 0.179307 0 0.0552546 0 5.74846e-05
0 0.689599 0.0806667 0.0552546 0.134667 5.75519e-05
0 0.647616 0.48 0.0482123 0.0853333 5.8397e-05
0 0.589382 0.942667 0.0942579 0.114667 5.86404e-05
0 0.366197 0.648 0.0801734 0.186667 5.86721e-05
0 0.890845 0.536667 0.143554 0.230667 5.87349e-05
0 0.331798 0.566667 0.0547129 0.112 5.88333e-05
0 0.233478 0.016 0.0476706 0.032 5.88835e-05
0 0.591008 1 0.0498375 0 5.88955e-05
0 0.367281 0 0.0541712 0 5.91161e-05
0 0.430661 0.57 0.056338 0.129333 5.92767e-05
0 0.50948 0.566667 0.0763814 0.133333 5.94153e-05
0 0.391928 0.078 0.0850488 0.124 5.94442e-05
0 0.261647 0.257333 0.12026 0.413333 5.9467e-05
0 0.767335 0.566667 0.0709642 0.162667 5.9579e-05
0 0.407096 0.73 0.0557963 0.113333 5.96607e-05
0 0.816089 0.997333 0.0503792 0.00533333 5.97136e-05
0 0.645991 0.0426667 0.039545 0.0586667 5.97271e-05
0 0.00866739 0.0646667 0.0119177 0.121333 5.97319e-05
0 0.43039 0 0.0536295 0 5.98048e-05
0 0.593174 0 0.0541712 0 6.01833e-05
0 0.555796 0 0.0541712 0 6.02348e-05
0 0.292254 0 0.0547129 0 6.03562e-05
0 0.0249187 0.528 0.0465872 0.264 6.06661e-05
0 0.758667 0.448667 0.482665 0.897333 6.08883e-05
0 0.991603 0.626667 0.0124594 0.274667 6.09068e-05
0 0.593716 0.213333 0.0444204 0.317333 6.09972e-05
0 0.325569 0.993333 0.0541712 0.0133333 6.10231e-05
0 0.989437 0.534667 0.0146262 0.144 6.10398e-05
0 0.721831 0.448667 0.0449621 0.105333 6.1287e-05
0 0.793066 1 0.0476706 0 6.13099e-05
0 0.532503 0.962 0.0444204 0.052 6.17645e-05
0 0.915764 0.413333 0.14247 0.245333 6.18849e-05
0 0.438245 0.230667 0.112676 0.197333 6.2046e-05
0 0.888678 0.882667 0.134886 0.192 6.22266e-05
0 0.254334 0.876 0.0817985 0.248 6.22998e-05
0 0.960184 0.0206667 0.0796316 0.0413333 6.23428e-05
0 0.960455 0.0193333 0.0704225 0.0386667 6.24105e-05
0 0.485374 0.938667 0.0433369 0.0986667 6.35899e-05
0 0.247291 0.910667 0.0341278 0.125333 6.36693e-05
0 0.73727 0.201333 0.0585049 0.269333 6.38239e-05
0 0.783315 0.204 0.0455038 0.104 6.39057e-05
0 0.954767 0 0.0557963 0 6.39182e-05
0 0.867822 0.012 0.0498375 0.024 6.40324e-05
0 0.634615 0.460667 0.0438787 0.092 6.42457e-05
0 0.720748 0.0486667 0.0427952 0.06 6.43215e-05
0 0.67091 0.0426667 0.0438787 0.056 6.4342e-05
0 0.807963 1 0.0698808 0 6.43484e-05
0 0.518147 0 0.0547129 0 6.4511e-05
0 0.4052 0 0.0541712 0 6.45985e-05
0 0.732123 0.358 0.0850488 0.142667 6.49076e-05
0 0.580444 0.595333 0.0557963 0.132 6.49759e-05
0 0.00785482 0.142 0.0124594 0.148 6.5029e-05
0 0.793608 0 0.0552546 0 6.53864e-05
0 0.357801 0.958667 0.0817985 0.0586667 6.55996e-05
0 0.469935 0.632 0.0536295 0.125333 6.59609e-05
0 0.989707 0.355333 0.0130011 0.134667 6.61799e-05
0 0.617822 0.0546667 0.0763814 0.109333 6.62435e-05
0 0.680932 0 0.0541712 0 6.63304e-05
0 0.368093 0.966 0.0503792 0.0413333 6.63588e-05
0 0.689599 1 0.0530878 0 6.64011e-05
0 0.420098 0.908 0.0807151 0.184 6.6455e-05
0 0.567443 0.940667 0.0427952 0.092 6.65159e-05
0 0.565276 1 0.0503792 0 6.69226e-05
0 0.643012 0 0.0530878 0 6.69356e-05
0 0.862676 0.477333 0.131636 0.218667 6.78142e-05
0 0.358072 0.942667 0.0899242 0.114667 6.79319e-05
0 0.137595 0.838667 0.156013 0.266667 6.81571e-05
0 0.494583 0.418667 0.0541712 0.106667 6.8299e-05
0 0.811213 0.048 0.0644637 0.0826667 6.8302e-05
0 0.789816 0.064 0.071506 0.128 6.83048e-05
0 0.0067714 0.291333 0.0135428 0.156 6.83203e-05
0 0.281961 0.516 0.0568797 0.0986667 6.84161e-05
0 0.490791 0.984 0.0931744 0.032 6.84886e-05
0 0.834778 0.214 0.113759 0.233333 6.91797e-05
0 0.742145 0.0646667 0.071506 0.129333 6.92508e-05
0 0.580986 0.0126667 0.0482123 0.0253333 6.95439e-05
0 0.266793 0 0.0547129 0 6.96212e-05
0 0.618364 0 0.0536295 0 6.99056e-05
0 0.817985 0.000666667 0.0552546 0.00133333 6.99584e-05
0 0.821235 0.0773333 0.0379198 0.0826667 6.99647e-05
0 0.502979 1 0.0471289 0 7.00593e-05
0 0.421181 0.288667 0.147887 0.46 7.02365e-05
0 0.974269 0.337333 0.0514626 0.232 7.05606e-05
0 0.911701 0.0893333 0.0866739 0.133333 7.06553e-05
0 0.560401 0.098 0.0731311 0.121333 7.07116e-05
0 0.64572 0.976667 0.0617551 0.0466667 7.09744e-05
0 0.443933 0.529333 0.0557963 0.12 7.12758e-05
0 0.00731311 0.91 0.0092091 0.14 7.12889e-05
0 0.617281 0.368 0.0622969 0.176 7.17888e-05
0 0.0151679 0.152 0.0303359 0.216 7.1979e-05
0 0.66468 0.998667 0.0530878 0.00266667 7.19902e-05
0 0.764355 0.212667 0.0628386 0.172 7.21845e-05
0 0.791983 0.344667 0.0823402 0.166667 7.23212e-05
0 0.310672 0.631333 0.113218 0.209333 7.24067e-05
0 0.76896 0 0.0547129 0 7.29186e-05
0 0.162514 0.540667 0.125677 0.222667 7.29425e-05
0 0.482936 0.0426667 0.0471289 0.0506667 7.29557e-05
0 0.885428 0.512 0.198808 0.528 7.30562e-05
0 0.421993 0.962 0.0433369 0.06 7.32621e-05
0 0.0969664 0.016 0.0790899 0.032 7.32806e-05
0 0.439599 0.068 0.0785482 0.106667 7.34276e-05
0 0.00758397 0.630667 0.0151679 0.149333 7.37014e-05
0 0.613489 1 0.0850488 0 7.37743e-05
0 0.790628 0.412667 0.0807151 0.161333 7.4122e-05
0 0.0403575 0.00533333 0.0557963 0.0106667 7.41566e-05
0 0.70585 0 0.0541712 0 7.43382e-05
0 0.913326 0.636667 0.144095 0.244 7.46885e-05
0 0.969664 0.209333 0.0606717 0.237333 7.48031e-05
0 0.0325027 0.280667 0.0650054 0.412 7.49593e-05
0 0.2026 0.998 0.0520043 0.004 7.5131e-05
0 0.89545 0.996667 0.0790899 0.00666667 7.58934e-05
0 0.28494 0.0713333 0.0888407 0.142667 7.59399e-05
0 0.565005 0.697333 0.0747562 0.168 7.60765e-05
0 0.631907 0.580667 0.088299 0.164 7.61175e-05
0 0.0119177 0.0173333 0.0238353 0.0346667 7.62747e-05
0 0.0316901 0.962667 0.0633803 0.0746667 7.71191e-05
0 0.857259 0.0486667 0.0471289 0.0573333 7.73856e-05
0 0.409534 0.354667 0.134345 0.218667 7.78825e-05
0 0.550379 1 0.0725894 0 7.86328e-05
0 0.559859 0.943333 0.0785482 0.113333 7.87232e-05
0 0.81013 0.406667 0.102384 0.256 7.875e-05
0 0.985645 0.0273333 0.0200433 0.0546667 7.88047e-05
0 0.942849 0.467333 0.107801 0.174667 7.88469e-05
0 0.313651 1 0.0552546 0 7.88925e-05
0 0.990791 0.235333 0.0108342 0.121333 7.89209e-05
0 0.257584 0.998 0.0460455 0.004 7.89917e-05
0 0.973456 0.890667 0.0530878 0.186667 7.91097e-05
0 0.557421 0.422 0.107259 0.214667 7.92088e-05
0 0.00758397 0.567333 0.0151679 0.148 7.92904e-05
0 0.495937 0.962667 0.0471289 0.0586667 7.9344e-05
0 0.839924 1 0.0536295 0 7.94769e-05
0 0.255688 0.521333 0.0747562 0.106667 7.95258e-05
0 0.841008 0 0.0557963 0 7.95505e-05
0 0.73104 0 0.0536295 0 8.01278e-05
0 0.204767 0 0.0552546 0 8.08497e-05
0 0.271939 0.413333 0.137595 0.514667 8.09145e-05
0 0.540628 1 0.0498375 0 8.10702e-05
0 0.281419 0.358 0.121885 0.169333 8.16795e-05
0 0.968852 0.0113333 0.0492958 0.0226667 8.20526e-05
0 0.557692 0.918667 0.0417118 0.0986667 8.2194e-05
0 0.265168 0.572 0.0839653 0.136 8.25506e-05
0 0.760834 0.150667 0.06013 0.184 8.30311e-05
0 0.0197725 0.832 0.039545 0.336 8.30393e-05
0 0.418743 0.533333 0.056338 0.125333 8.34527e-05
0 0.565005 0.99 0.110509 0.02 8.37522e-05
0 0.514626 0.428667 0.137595 0.385333 8.43705e-05
0 0.491333 0.532667 0.0660888 0.118667 8.45389e-05
0 0.386782 0.38 0.071506 0.12 8.48735e-05
0 0.5948 0.462667 0.0487541 0.0986667 8.60536e-05
0 0.366739 0.941333 0.0509209 0.0986667 8.65234e-05
0 0.033857 0.480667 0.067714 0.396 8.68204e-05
0 0.808776 0.232 0.0509209 0.101333 8.68998e-05
0 0.112676 0.481333 0.215601 0.293333 8.69191e-05
0 0.454496 0.326667 0.0541712 0.101333 8.72564e-05
0 0.222373 0.699333 0.0655471 0.348 8.73829e-05
0 0.586945 0.124 0.0460455 0.12 8.77045e-05
0 0.0119177 0.764667 0.0238353 0.284 8.78851e-05
0 0.316901 0.969333 0.108342 0.0613333 8.82485e-05
0 0.163326 1 0.0557963 0 8.8597e-05
0 0.494583 0.634 0.0530878 0.121333 8.92452e-05
0 0.255146 0.280667 0.0964247 0.201333 8.97369e-05
0 0.989978 0.0213333 0.0200433 0.0426667 8.97664e-05
0 0.712351 0.418 0.0682557 0.148 9.0074e-05
0 0.408451 0.04 0.0476706 0.0506667 9.0312e-05
0 0.507313 0.0453333 0.0471289 0.0533333 9.09065e-05
0 0.823402 0.467333 0.353196 0.934667 9.09404e-05
0 0.507313 0.367333 0.052546 0.092 9.11124e-05
0 0.0124594 0.908667 0.0130011 0.182667 9.147e-05
0 0.825027 0.996 0.0888407 0.008 9.23952e-05
0 0.992958 0.922 0.0140845 0.156 9.24898e-05
0 0.60753 0.189333 0.0590466 0.173333 9.25954e-05
0 0.985915 0 0.028169 0 9.43622e-05
0 0.670639 0.417333 0.0693391 0.152 9.4793e-05
0 0.781961 0.0773333 0.0373781 0.0746667 9.51232e-05
0 0.393012 0.516667 0.0687974 0.129333 9.54571e-05
0 0.469122 0.570667 0.0541712 0.130667 9.59375e-05
0 0.572589 0.0193333 0.0758397 0.0386667 9.6139e-05
0 0.427411 0 0.0552546 0 9.67219e-05
0 0.83857 0.532 0.111593 0.16 9.74518e-05
0 0.634345 0.987333 0.0455038 0.0173333 9.74782e-05
0 0.465601 0 0.0547129 0 9.76986e-05
0 0.986728 0.520667 0.0265439 0.265333 9.79785e-05
0 0.602384 0.604 0.127844 0.410667 9.83326e-05
0 0.893554 0.996 0.148971 0.008 9.86165e-05
0 0.992687 0.29 0.0146262 0.209333 9.8684e-05
0 0.87649 1 0.0910076 0 9.89356e-05
0 0.746479 0.0513333 0.0444204 0.0626667 9.90473e-05
0 0.456392 0.0386667 0.0471289 0.0533333 9.91849e-05
0 0.459101 0.914 0.0828819 0.172 9.91955e-05
0 0.745937 0.107333 0.0390032 0.0893333 9.94285e-05
0 0.308776 0.403333 0.131094 0.254667 9.9452e-05
0 0.00839653 0.445333 0.0167931 0.146667 0.000100054
0 0.809859 0.158667 0.0855905 0.229333 0.000100353
0 0.241603 1 0.0476706 0 0.000101085
0 0.293879 0.044 0.0503792 0.0613333 0.000101138
0 0.664139 1 0.056338 0 0.000101626
0 0.569068 0.522667 0.0687974 0.112 0.000102013
0 0.989437 0.417333 0.0135428 0.141333 0.000102279
0 0.262189 0.657333 0.524377 0.685333 0.000102355
0 0.596696 0.173333 0.0330444 0.104 0.00010259
0 0.556338 0.0133333 0.0487541 0.0266667 0.000103379
0 0.607259 0.012 0.0487541 0.024 0.000103825
0 0.125406 0 0.0557963 0 0.000103958
0 0.309047 0.561333 0.0785482 0.138667 0.000104264
0 0.222373 0.51 0.161972 0.257333 0.000104925
0 0.495666 0.7 0.0899242 0.168 0.000105003
0 0.125677 1 0.0931744 0 0.000105206
0 0.787649 0.162667 0.071506 0.176 0.000105752
0 0.517877 0.451333 0.0552546 0.116 0.000105753
0 0.54415 0.424667 0.0503792 0.0733333 0.000106394
0 0.445287 0.961333 0.0465872 0.0613333 0.00010649
0 0.166306 0.996 0.156013 0.008 0.00010736
0 0.342091 0.636 0.103467 0.28 0.000107758
0 0.437161 0.392667 0.102925 0.158667 0.000109147
0 0.839382 0.0853333 0.0828819 0.133333 0.000109337
0 0.861051 0.0226667 0.0850488 0.0453333 0.000109804
0 0.381636 0.0133333 0.0514626 0.0266667 0.000110443
0 0.707476 0.481333 0.0433369 0.125333 0.000110633
0 0.336945 0.304 0.126761 0.338667 0.00011073
0 0.250271 1 0.0823402 0 0.000110751
0 0.71831 0.0913333 0.0509209 0.134667 0.000111076
0 0.210184 0.414 0.0823402 0.350667 0.0001119
0 0.992687 0.413333 0.0146262 0.248 0.000112336
0 0.0195016 0.363333 0.0390032 0.353333 0.000112453
0 0.987541 0.00666667 0.0173348 0.0133333 0.000112482
0 0.695016 0.022 0.0595883 0.044 0.000113097
0 0.53467 0.918667 0.0866739 0.162667 0.000113135
0 0.128386 0.626667 0.256771 0.658667 0.000113253
0 0.207476 0.0153333 0.0487541 0.0306667 0.000114226
0 0.340737 0.962667 0.0530878 0.0373333 0.00011424
0 0.989707 0.476 0.0140845 0.130667 0.000114348
0 0.0874865 0 0.0547129 0 0.000115035
0 0.985915 0.404 0.028169 0.274667 0.000115643
0 0.364843 0.437333 0.0937161 0.165333 0.000116067
0 0.745937 0.846667 0.071506 0.306667 0.000116461
0 0.598321 0.169333 0.0211268 0.0666667 0.000117062
0 0.811213 0.269333 0.0861322 0.152 0.000117817
0 0.140303 0.02 0.111593 0.04 0.000118157
0 0.810401 0.527333 0.102925 0.228 0.000118419
0 0.97156 1 0.0568797 0 0.000118997
0 0.0352113 0.0646667 0.0704225 0.129333 0.000119916
0 0.030065 0.151333 0.06013 0.302667 0.00012062
0 0.416847 0.764667 0.0763814 0.14 0.00012079
0 0.530878 0.0133333 0.0498375 0.0266667 0.000120975
0 0.490249 0 0.0552546 0 0.0001211
0 0.559317 0.452667 0.0731311 0.102667 0.000121281
0 0.0138137 0.992667 0.0276273 0.0146667 0.000121478
0 0.992145 0.502667 0.0135428 0.250667 0.000121622
0 0.81013 0.0193333 0.0731311 0.0386667 0.000122685
0 0.541441 0.671333 0.0720477 0.174667 0.000123539
0 0.22156 0.369333 0.0400867 0.141333 0.000123749
0 0.706934 0.5 0.0682557 0.250667 0.000125217
0 0.814464 0 0.0547129 0 0.000125305
0 0.910347 0.0193333 0.0926327 0.0386667 0.000125412
0 0.805796 0.0126667 0.0492958 0.0253333 0.000125421
0 0.219935 0.581333 0.0368364 0.152 0.000126016
0 0.0135428 0.578667 0.0270856 0.258667 0.000126017
0 0.715601 0.396 0.0487541 0.0773333 0.000126386
0 0.618093 1 0.0530878 0 0.00012665
0 0.99052 0.298 0.0135428 0.124 0.00012702
0 0.402492 0 0.0552546 0 0.000127166
0 0.988895 0.938 0.00812568 0.102667 0.000127894
0 0.789545 0 0.0557963 0 0.000127971
0 0.00650054 0.878 0.0130011 0.233333 0.000128092
0 0.302275 0 0.0552546 0 0.000128403
0 0.169014 0.46 0.338028 0.92 0.000128408
0 0.739437 0.885333 0.0574215 0.168 0.00012842
0 0.25 0.00466667 0.0839653 0.00933333 0.000128501
0 0.53494 0.0193333 0.0774648 0.0386667 0.000128605
0 0.389491 0.780667 0.169014 0.132 0.000129071
0 0.740791 0.0966667 0.06013 0.193333 0.000129506
0 0.837486 0.0506667 0.0693391 0.088 0.000129507
0 0.591549 0.412667 0.084507 0.150667 0.000129628
0 0.517064 0.861333 0.13922 0.277333 0.00012966
0 0.0092091 0.506667 0.0184182 0.149333 0.000130999
0 0.43987 0.304667 0.107259 0.145333 0.000131111
0 0.292254 0.850667 0.103467 0.202667 0.000131158
0 0.364572 0.577333 0.0736728 0.165333 0.000131367
0 0.476706 0.394 0.0704225 0.137333 0.0001317
0 0.367822 0.524 0.0530878 0.112 0.000131742
0 0.99377 0.196667 0.0124594 0.225333 0.000133453
0 0.00785482 0.386 0.0157096 0.150667 0.000133702
0 0.642741 0.803333 0.0915493 0.153333 0.000134893
0 0.320964 0.0406667 0.0503792 0.052 0.000135077
0 0.229415 0.750667 0.124052 0.498667 0.000135142
0 0.0143554 0.469333 0.0287107 0.261333 0.000135305
0 0.125135 0.006 0.0975081 0.012 0.000135642
0 0.869989 0.0286667 0.0964247 0.0573333 0.000136368
0 0.307151 0.082 0.092091 0.129333 0.000136561
0 0.323673 0.00533333 0.0807151 0.0106667 0.000136769
0 0.499187 0.00333333 0.0731311 0.00666667 0.000137
0 0.231582 0.278 0.0763814 0.297333 0.000137121
0 0.923619 0.571333 0.108342 0.169333 0.000137574
0 0.511376 0.0913333 0.0747562 0.116 0.00013773
0 0.338299 0.326667 0.0926327 0.170667 0.00013776
0 0.0092091 0.112667 0.0184182 0.188 0.000138486
0 0.528711 0.39 0.0487541 0.0813333 0.0001388
0 0.842904 0.0146667 0.0509209 0.0293333 0.000139366
0 0.267876 1 0.0514626 0 0.000140773
0 0.377573 0 0.0552546 0 0.000140794
0 0.233749 0.006 0.0742145 0.012 0.000140812
0 0.339924 0 0.0557963 0 0.000141159
0 0.0100217 1 0.0200433 0 0.00014117
0 0.251896 0 0.0552546 0 0.000141466
0 0.79442 0.0486667 0.0438787 0.06 0.000142286
0 0.603196 0.533333 0.109967 0.194667 0.000142522
0 0.812026 0.0953333 0.0650054 0.145333 0.000143597
0 0.360509 0.738 0.13922 0.121333 0.000143956
0 0.304171 0.524 0.0633803 0.0986667 0.000144064
0 0.631094 0.843333 0.135428 0.313333 0.000144327
0 0.150596 0 0.056338 0 0.000144507
0 0.816089 1 0.052546 0 0.000145904
0 0.986457 0.207333 0.0270856 0.289333 0.000146061
0 0.633261 0.514667 0.0910076 0.130667 0.000146141
0 0.468581 0.016 0.0855905 0.032 0.00014711
0 0.633803 0.756667 0.0812568 0.092 0.000147216
0 0.790087 0.525333 0.0763814 0.141333 0.00014837
0 0.61701 0.403333 0.711809 0.806667 0.000148637
0 0.0176056 0.052 0.0352113 0.104 0.000149289
0 0.0617551 0.996 0.12351 0.008 0.000149766
0 0.624323 0.989333 0.0731311 0.0213333 0.000150117
0 0.0701517 0.00866667 0.0752979 0.0173333 0.000150121
0 0.226706 0 0.0557963 0 0.000150302
0 0.277086 0 0.0557963 0 0.000151368
0 0.435265 0.932667 0.0655471 0.134667 0.000152055
0 0.977519 0.0853333 0.0449621 0.157333 0.000152436
0 0.241333 0.534667 0.100217 0.184 0.000152946
0 0.229144 0.409333 0.0736728 0.181333 0.000153271
0 0.203142 1 0.0541712 0 0.000154689
0 0.582611 0.490667 0.0568797 0.0986667 0.000155009
0 0.969122 0.41 0.0617551 0.236 0.000155474
0 0.422264 0.00733333 0.0698808 0.0146667 0.000155661
0 0.515168 0 0.0552546 0 0.000158283
0 0.734561 0.969333 0.0704225 0.0613333 0.000158969
0 0.43662 0.00533333 0.0769231 0.0106667 0.000161339
0 0.552546 0 0.0552546 0 0.000162172
0 0.764897 0 0.0552546 0 0.000162931
0 0.327736 0.405333 0.655471 0.810667 0.000163005
0 0.774919 0.659333 0.450163 0.681333 0.000164094
0 0.761918 0.476667 0.0828819 0.137333 0.000164509
0 0.672806 0.997333 0.0910076 0.00533333 0.000166298
0 0.00893824 0.202 0.0167931 0.230667 0.000166374
0 0.952329 0 0.0552546 0 0.000166855
0 0.790358 0.222667 0.0758397 0.152 0.000167528
0 0.984561 0.0166667 0.0287107 0.0333333 0.000167716
0 0.820693 0.038 0.084507 0.076 0.000168634
0 0.0482123 1 0.0628386 0 0.000168898
0 0.983207 0.997333 0.0260022 0.00533333 0.0001699
0 0.835049 0.00466667 0.0742145 0.00933333 0.000169986
0 0.577194 0 0.0557963 0 0.000170447
0 0.591008 0.179333 0.0260022 0.0626667 0.000170736
0 0.346966 0.00466667 0.0720477 0.00933333 0.000171043
0 0.602384 0 0.0552546 0 0.000171237
0 0.833424 0.048 0.0482123 0.056 0.000171693
0 0.0181473 0.668 0.0362947 0.405333 0.000171728
0 0.257584 0.411333 0.118635 0.246667 0.000172387
0 0.623781 0.018 0.0752979 0.036 0.000172569
0 0.356446 0.0133333 0.0520043 0.0266667 0.000173209
0 0.506501 0.014 0.0498375 0.028 0.000173366
0 0.614572 0.338 0.024377 0.113333 0.000173985
0 0.00839653 0.603333 0.0135428 0.294667 0.000174116
0 0.639762 0 0.0552546 0 0.000174237
0 0.838028 1 0.0866739 0 0.000174259
0 0.0501083 0 0.0557963 0 0.000174457
0 0.677411 0 0.0557963 0 0.000174929
0 0.497833 0.006 0.0704225 0.012 0.000175218
0 0.176056 0 0.056338 0 0.000176004
0 0.620531 0.997333 0.052546 0.00533333 0.000176272
0 0.33532 0.946667 0.0931744 0.0853333 0.000176284
0 0.536295 0.00333333 0.0725894 0.00666667 0.000177509
0 0.744312 0.0126667 0.0498375 0.0253333 0.000178663
0 0.784399 0.0946667 0.0595883 0.138667 0.00017969
0 0.72779 0 0.0557963 0 0.000180735
0 0.78169 0.0133333 0.0465872 0.0266667 0.000180836
0 0.386241 0.00333333 0.0780065 0.00666667 0.000180886
0 0.758397 0.0833333 0.0368364 0.076 0.000181289
0 0.48104 0.0146667 0.0498375 0.0293333 0.000183504
0 0.7026 0 0.0552546 0 0.000183641
0 0.286024 0.00533333 0.0823402 0.0106667 0.000183971
0 0.274377 0.989333 0.067714 0.0213333 0.00018683
0 0.770043 0.0173333 0.088299 0.0346667 0.000187013
0 0.317172 0.014 0.088299 0.028 0.000188843
0 0.488895 0.0246667 0.0742145 0.0493333 0.00019001
0 0.673348 0.0186667 0.0704225 0.0373333 0.000190765
0 0.68662 1 0.0926327 0 0.000190892
0 0.606446 0.329333 0.039545 0.16 0.00019153
0 0.0111051 0.802667 0.0124594 0.269333 0.000192486
0 0.637324 0.466667 0.0850488 0.130667 0.000192539
0 0.62026 0.990667 0.121343 0.0186667 0.000192921
0 0.63299 0.869333 0.106717 0.192 0.00019306
0 0.267606 0.014 0.0855905 0.028 0.000194043
0 0.407367 0.487333 0.0736728 0.126667 0.000194053
0 0.706392 0.012 0.0498375 0.024 0.000194244
0 0.247291 0.0906667 0.0622969 0.125333 0.000195151
0 0.669285 0.0126667 0.0482123 0.0253333 0.000195913
0 0.0092091 0.292667 0.0173348 0.257333 0.000198391
0 0.256771 0.018 0.0498375 0.036 0.000198467
0 0.507042 0.416667 0.12026 0.196 0.000198471
0 0.385157 0.006 0.0704225 0.012 0.000198985
0 0.175785 1 0.0904659 0 0.000199389
0 0.979957 0 0.0400867 0 0.000200733
0 0.66468 0.457333 0.104009 0.202667 0.000201273
0 0.201517 0 0.056338 0 0.000202923
0 0.0866739 1 0.0964247 0 0.000203728
0 0.403034 0.644667 0.0834236 0.174667 0.000204755
0 0.29117 1 0.0557963 0 0.000206321
0 0.532774 0.546667 0.0763814 0.12 0.000207565
0 0.607801 0.266 0.0769231 0.326667 0.000208398
0 0.318527 0.985333 0.0780065 0.0293333 0.000208879
0 0.641387 1 0.056338 0 0.000209961
0 0.334778 0.994 0.102925 0.012 0.000210002
0 0.960184 0.000666667 0.067714 0.00133333 0.000214347
0 0.0113759 0.676667 0.0162514 0.286667 0.000217086
0 0.989707 0.166667 0.0119177 0.141333 0.000219697
0 0.192308 0.622667 0.384615 0.754667 0.000226723
0 0.346696 0.0193333 0.0801734 0.0386667 0.000226988
0 0.632178 0.0126667 0.0476706 0.0253333 0.00022725
0 0.770585 0.054 0.0406284 0.0653333 0.000227879
0 0.593445 0.516667 0.0514626 0.0866667 0.000227979
0 0.920368 0.0113333 0.102925 0.0226667 0.000228075
0 0.243499 0.824667 0.0373781 0.292 0.000228748
0 0.264085 0.084 0.0774648 0.168 0.000228928
0 0.573131 0.00666667 0.071506 0.0133333 0.000229264
0 0.190141 0.02 0.092091 0.04 0.000230749
0 0.254063 0.642667 0.0975081 0.293333 0.000230922
0 0.535482 0.006 0.0709642 0.012 0.000231364
0 0.0585049 0.0193333 0.0975081 0.0386667 0.00023353
0 0.454496 0.938667 0.0498375 0.104 0.000234868
0 0.941495 0.998 0.111593 0.004 0.000235113
0 0.624323 0.793333 0.0362947 0.0586667 0.000235203
0 0.281148 0.996 0.0725894 0.008 0.000236614
0 0.732394 0.464 0.0725894 0.146667 0.000236992
0 0.811484 0.00333333 0.0780065 0.00666667 0.000240367
0 0.850488 0.006 0.071506 0.012 0.00024128
0 0.43364 0.479333 0.0557963 0.116 0.000241717
0 0.162243 0.004 0.0937161 0.008 0.00024589
0 0.433099 0.0393333 0.0492958 0.0493333 0.000245996
0 0.992145 0.973333 0.0157096 0.0533333 0.000246905
0 0.647887 0.00666667 0.071506 0.0133333 0.000247051
0 0.00622969 0.788 0.0124594 0.277333 0.000253897
0 0.319339 0.89 0.10455 0.174667 0.000254366
0 0.282232 0.42 0.11701 0.157333 0.000255398
0 0.684995 0.00533333 0.0709642 0.0106667 0.000259384
0 0.374323 0.868667 0.134345 0.262667 0.000259631
0 0.889762 0.016 0.0991333 0.032 0.00026213
0 0.139491 0 0.148971 0 0.000263897
0 0.515439 0.685333 0.609426 0.629333 0.000265084
0 0.545504 0.938667 0.0400867 0.0853333 0.000265333
0 0.508667 0.506667 0.0541712 0.114667 0.000267711
0 0.759751 0.096 0.0547129 0.133333 0.000268285
0 0.432286 0.942 0.0411701 0.0973333 0.000272145
0 0.735374 0.00466667 0.0709642 0.00933333 0.00028151
0 0.028169 1 0.0541712 0 0.00028725
0 0.697725 0.409333 0.0541712 0.104 0.000288906
0 0.913326 1 0.099675 0 0.000289466
0 0.391928 0.0213333 0.0752979 0.0426667 0.000298506
0 0.585861 0.882 0.105634 0.217333 0.000299112
0 0.0121885 0.396 0.0167931 0.258667 0.000299708
0 0.690953 0.5 0.618093 1 0.00030358
0 0.511918 0.654 0.107259 0.164 0.000306437
0 0.406826 0.016 0.0498375 0.032 0.000309037
0 0.469664 0.53 0.0834236 0.161333 0.000309515
0 0.54415 0.596 0.0687974 0.0986667 0.000315663
0 0.56636 0.54 0.126219 0.328 0.000323433
0 0.989166 0.0493333 0.0173348 0.0693333 0.000324885
0 0.285482 0.0226667 0.0780065 0.0453333 0.000326761
0 0.52844 0.424 0.102384 0.114667 0.000327713
0 0.609426 0.480667 0.0899242 0.118667 0.000329326
0 0.592904 0.550667 0.0752979 0.101333 0.000329915
0 0.245937 0.026 0.0812568 0.052 0.000330745
0 0.215872 0.014 0.0861322 0.028 0.000337213
0 0.301733 0.996 0.0552546 0.008 0.000338379
0 0.986728 0.0506667 0.0265439 0.101333 0.000341376
0 0.0985916 0.00333333 0.108342 0.00666667 0.000344044
0 0.0311484 0.994667 0.0622969 0.0106667 0.000344704
0 0.488895 0 0.116468 0 0.000346483
0 0.0130011 0.520667 0.0184182 0.276 0.000348032
0 0.224269 0.518 0.24377 0.601333 0.000351155
0 0.837757 0 0.154388 0 0.000351725
0 0.774106 0.00333333 0.0780065 0.00666667 0.000353515
0 0.698537 0.00133333 0.0807151 0.00266667 0.000354561
0 0.21208 1 0.0893824 0 0.000358273
0 0.63922 0.0166667 0.0693391 0.0333333 0.000364047
0 0.513272 0.0173333 0.0828819 0.0346667 0.000369405
0 0.455309 0.0133333 0.0514626 0.0266667 0.000375939
0 0.306338 0.0186667 0.0514626 0.0373333 0.000377183
0 0.911972 0.000666667 0.0937161 0.00133333 0.000379887
0 0.588841 0.0153333 0.0758397 0.0306667 0.00038194
0 0.987541 0.106667 0.0249187 0.213333 0.000381981
0 0.437974 0.002 0.115385 0.004 0.000384082
0 0.71831 0.874667 0.0574215 0.157333 0.000384954
0 0.446371 0.456 0.0541712 0.109333 0.000387161
0 0.690412 0.464667 0.0612134 0.153333 0.000387449
0 0.940953 0.014 0.099675 0.028 0.000390984
0 0.763543 0.0286667 0.0622969 0.0573333 0.00039883
0 0.98727 0.986 0.0102925 0.028 0.000404761
0 0.259209 0.056 0.0460455 0.08 0.000407594
0 0.509209 0.394 0.0823402 0.105333 0.000409956
0 0.189328 0 0.129469 0 0.000411415
0 0.471831 0.772 0.105092 0.138667 0.000413584
0 0.340195 0 0.118093 0 0.000423075
0 0.975894 0 0.0482123 0 0.000424496
0 0.388949 0 0.119177 0 0.000428025
0 0.672806 0.83 0.0975081 0.177333 0.000428544
0 0.987541 1 0.0173348 0 0.000430278
0 0.557151 0.692667 0.108884 0.26 0.00043046
0 0.365385 0.0133333 0.0915493 0.0266667 0.000436487
0 0.288732 0.000666667 0.11701 0.00133333 0.000436942
0 0.539274 0 0.119718 0 0.000437775
0 0.45883 0.0186667 0.0758397 0.0373333 0.000440732
0 0.239437 0.782667 0.0682557 0.328 0.000442083
0 0.563651 0.012 0.0807151 0.024 0.000442597
0 0.238895 0 0.122427 0 0.000442694
0 0.533857 0.607333 0.129469 0.34 0.000446857
0 0.980769 0.994 0.0373781 0.012 0.000447474
0 0.788462 0 0.138137 0 0.000448371
0 0.979144 1 0.0384615 0 0.000449721
0 0.838841 0.0213333 0.0969664 0.0426667 0.000451538
0 0.265439 0.493333 0.113759 0.144 0.000463673
0 0.417389 0.0193333 0.0893824 0.0386667 0.000466035
0 0.634345 0.786667 0.071506 0.0693333 0.000471105
0 0.614572 0 0.122969 0 0.000473348
0 0.787649 0.0193333 0.0823402 0.0386667 0.000476148
0 0.665493 0.01 0.0774648 0.02 0.00048423
0 0.277356 0.571333 0.133261 0.308 0.000488573
0 0.318256 0.525333 0.141387 0.381333 0.00048865
0 0.641387 0.996 0.0552546 0.008 0.000496061
0 0.71533 0.0126667 0.0774648 0.0253333 0.000508928
0 0.663868 0 0.122969 0 0.000511096
0 0.322048 0.0246667 0.0752979 0.0493333 0.00051586
0 0.674431 0.602667 0.619718 0.794667 0.000516799
0 0.309047 0.508 0.109967 0.133333 0.000523675
0 0.968852 0.00666667 0.0622969 0.0133333 0.000530694
0 0.457746 0.358 0.092091 0.14 0.00053242
0 0.989437 0.034 0.0092091 0.068 0.000542841
0 0.48429 0.602 0.0877573 0.161333 0.000571188
0 0.74052 0.0173333 0.0758397 0.0346667 0.000575413
0 0.738624 0 0.124052 0 0.000576887
0 0.335049 0.818667 0.114301 0.301333 0.000577608
0 0.581798 0.637333 0.100758 0.192 0.000586709
0 0.280878 0.995333 0.052546 0.00933333 0.000597215
0 0.649512 1 0.0855905 0 0.000598052
0 0.460455 0.725333 0.119177 0.146667 0.000622204
0 0.375135 0.896 0.106717 0.170667 0.000625088
0 0.514626 0.932 0.0790899 0.114667 0.000635048
0 0.616468 0.00933333 0.0790899 0.0186667 0.000645892
0 0.267335 0.0386667 0.0785482 0.0773333 0.000648517
0 0.612405 0.276667 0.0514626 0.193333 0.000658244
0 0.310672 1 0.0969664 0 0.000668639
0 0.559588 0.492 0.0985916 0.130667 0.000678253
0 0.431473 0.0153333 0.0514626 0.0306667 0.000700576
0 0.278982 0.0793333 0.0682557 0.116 0.000717719
0 0.492416 0.476 0.0747562 0.130667 0.000737687
0 0.435265 0.0233333 0.0752979 0.0466667 0.000744535
0 0.520585 0.5 0.620802 1 0.00075186
0 0.0631094 0.000666667 0.121885 0.00133333 0.000752166
0 0.480769 0.432667 0.0937161 0.14 0.000776774
0 0.367551 0.5 0.735103 1 0.000812893
0 0.460726 0.647333 0.107801 0.174667 0.000827791
0 0.677411 0.880667 0.0547129 0.217333 0.000832227
0 0.93987 0 0.12026 0 0.00086052
0 0.384615 0.615333 0.137595 0.292 0.000874112
0 0.993229 0.0693333 0.0135428 0.138667 0.000879166
0 0.420098 0.708 0.102384 0.16 0.000968551
0 0.70558 0.381333 0.0330444 0.072 0.000998221
0 0.388407 0.542667 0.113759 0.154667 0.00100041
0 0.648429 0.996667 0.0801734 0.00666667 0.00104824
0 0.0327736 0.01 0.0655471 0.02 0.0010528
0 0.358342 0.831333 0.133803 0.174667 0.00107394
0 0.99052 0.118 0.0178765 0.166667 0.00112693
0 0.508126 0.777333 0.099675 0.216 0.00113108
0 0.456663 0.580667 0.0942579 0.204 0.00118649
0 0.375406 0.407333 0.0465872 0.0946667 0.00134747
0 0.0270856 0.000666667 0.0541712 0.00133333 0.00156728
0 0.518689 0.51 0.0980498 0.148 0.00156757
0 0.534128 0.590667 0.0964247 0.168 0.00159249
0 0.369177 0.628667 0.572589 0.742667 0.00161281
0 0.630553 0.779333 0.0509209 0.0413333 0.00175273
0 0.506771 0.872667 0.0937161 0.193333 0.00189291
0 0.298754 0.997333 0.0947996 0.00533333 0.00200055
0 0.990249 0.08 0.0119177 0.130667 0.00213855
0 0.464247 0.774667 0.141928 0.290667 0.00219272
0 0.463705 0.491333 0.12026 0.321333 0.00222428
0 0.368364 0.411333 0.128927 0.292 0.00229251
0 0.334778 0.540667 0.0910076 0.137333 0.00230791
0 0.417931 0.772 0.339653 0.456 0.00233785
0 0.28467 0.538 0.108884 0.14 0.00244099
0 0.73104 0.930667 0.0807151 0.128 0.00326851
0 0.420098 0.770667 0.131636 0.226667 0.00355325
0 0.368364 0.474667 0.425785 0.949333 0.00396649
0 0.428494 0.451333 0.101842 0.142667 0.0042712
0 0.560401 0.556667 0.0915493 0.116 0.00489552
0 0.466414 0.859333 0.122427 0.214667 0.00601016
0 0.426056 0.604667 0.111051 0.209333 0.00673633
0 0.41766 0.862667 0.136511 0.216 0.00926883
0 0.331798 0.795333 0.0774648 0.161333 0.00977626
0 0.696912 0.866 0.0536295 0.236 0.00991364
0 0.720206 0.792667 0.246479 0.414667 0.0117369
0 0.439599 0.510667 0.114301 0.16 0.0132954
0 0.461538 0.479333 0.0780065 0.134667 0.0471108
0 0.330444 0.789333 0.0671723 0.0746667 0.26102
0 0.363218 0.377333 0.0709642 0.138667 0.401679
0 0.619718 0.302667 0.0303359 0.152 0.443615
0 0.722644 0.882 0.109426 0.228 0.461599
