0 0.309588 0.414667 0.0817985 0.157333 1.28644e-05
0 0.407096 0.734 0.0200433 0.0893333 1.28705e-05
0 0.696641 0.654 0.0660888 0.145333 1.29011e-05
0 0.504334 0.929333 0.0790899 0.141333 1.29028e-05
0 0.78494 0.106 0.0888407 0.212 1.29118e-05
0 0.821235 0.956667 0.0942579 0.0866667 1.30286e-05
0 0.812297 0.339333 0.0763814 0.132 1.30343e-05
0 0.947996 0.024 0.0487541 0.0373333 1.30457e-05
0 0.635428 0.483333 0.0368364 0.105333 1.30526e-05
0 0.458288 0.774667 0.0444204 0.152 1.30815e-05
0 0.96208 0.12 0.0465872 0.064 1.31621e-05
0 0.778169 0.470667 0.0807151 0.274667 1.31711e-05
0 0.830715 0.0426667 0.0341278 0.0773333 1.31923e-05
0 0.419556 0.052 0.0449621 0.072 1.32492e-05
0 0.858884 0.482 0.0492958 0.129333 1.32634e-05
0 0.394908 0.054 0.0433369 0.0733333 1.32951e-05
0 0.83532 0.482 0.0585049 0.284 1.32973e-05
0 0.777898 0.484667 0.0455038 0.132 1.33272e-05
0 0.182015 0.088 0.0476706 0.0933333 1.33344e-05
0 0.133532 0.549333 0.0991333 0.226667 1.33439e-05
0 0.209913 0.612 0.0373781 0.112 1.34045e-05
0 0.131365 0.0586667 0.0492958 0.0826667 1.34915e-05
0 0.369718 0.0526667 0.0427952 0.0706667 1.35737e-05
0 0.602384 0.52 0.084507 0.178667 1.36557e-05
0 0.561755 0.713333 0.0368364 0.197333 1.36678e-05
0 0.382449 0.498 0.0195016 0.0573333 1.36796e-05
0 0.882719 0.210667 0.148971 0.421333 1.3685e-05
0 0.433911 0.352667 0.0660888 0.108 1.36869e-05
0 0.578007 0.679333 0.0346696 0.0573333 1.37128e-05
0 0.56636 0.63 0.0438787 0.121333 1.37767e-05
0 0.86701 0.704667 0.172806 0.590667 1.37772e-05
0 0.106717 0.984667 0.0758397 0.0306667 1.37973e-05
0 0.483207 0.954 0.0530878 0.092 1.38148e-05
0 0.495125 0.128667 0.0195016 0.0893333 1.38432e-05
0 0.503521 0.330667 0.0763814 0.245333 1.38525e-05
0 0.824215 0.382 0.155471 0.630667 1.38827e-05
0 0.232394 0.652 0.0390032 0.112 1.39322e-05
0 0.466414 0.608667 0.0433369 0.092 1.39816e-05
0 0.937974 0.082 0.0384615 0.0786667 1.39947e-05
0 0.433911 0.212 0.084507 0.290667 1.40101e-05
0 0.505417 0.996 0.0400867 0.008 1.4125e-05
0 0.810672 0.65 0.156555 0.596 1.41896e-05
0 0.871885 0.078 0.0352113 0.0866667 1.42756e-05
0 0.45558 0.627333 0.0790899 0.185333 1.43304e-05
0 0.230769 0.864667 0.0780065 0.204 1.43388e-05
0 0.486999 0.276667 0.0303359 0.126667 1.43864e-05
0 0.674973 0.54 0.0216685 0.0666667 1.44074e-05
0 0.57286 0.678667 0.0178765 0.04 1.44231e-05
0 0.383532 0.960667 0.0736728 0.0786667 1.44349e-05
0 0.823402 0.158 0.180932 0.316 1.44532e-05
0 0.48429 0.339333 0.0595883 0.126667 1.44791e-05
0 0.112947 0.999333 0.0514626 0.00133333 1.44928e-05
0 0.573402 0.494667 0.0557963 0.165333 1.45049e-05
0 0.537378 0.964667 0.0693391 0.0706667 1.45173e-05
0 0.481853 1 0.0427952 0 1.45187e-05
0 0.480498 0.858667 0.0335861 0.138667 1.45281e-05
0 0.0774648 0.470667 0.12351 0.178667 1.45427e-05
0 0.488082 0.22 0.0346696 0.173333 1.46286e-05
0 0.520314 0.0306667 0.0568797 0.0613333 1.4709e-05
0 0.985645 0.640667 0.0287107 0.092 1.48128e-05
0 0.270856 0.991333 0.0314193 0.0173333 1.48161e-05
0 0.711809 0.592667 0.0671723 0.116 1.48188e-05
0 0.837216 0.401333 0.0633803 0.146667 1.49908e-05
0 0.318527 0.988 0.0368364 0.024 1.50003e-05
0 0.404388 0.823333 0.0796316 0.270667 1.50109e-05
0 0.663597 0.948667 0.0184182 0.0733333 1.50858e-05
0 0.635428 0.579333 0.0628386 0.142667 1.5264e-05
0 0.966685 0.492 0.0308776 0.0826667 1.53028e-05
0 0.569881 0.03 0.0552546 0.06 1.53132e-05
0 0.0186891 0.234667 0.0373781 0.136 1.53332e-05
0 0.561484 0.638 0.0232936 0.0813333 1.53485e-05
0 0.865385 0.75 0.0991333 0.18 1.54017e-05
0 0.460726 0.412 0.0222102 0.0613333 1.5432e-05
0 0.472644 0.616667 0.0167931 0.044 1.54322e-05
0 0.966956 0.92 0.0400867 0.0293333 1.55143e-05
0 0.366739 0.587333 0.0671723 0.150667 1.55225e-05
0 0.0189599 0.292 0.0379198 0.138667 1.55535e-05
0 0.262189 0.972 0.0834236 0.056 1.55707e-05
0 0.357259 0.418667 0.0893824 0.24 1.56538e-05
0 0.581798 0.415333 0.063922 0.156 1.56769e-05
0 0.517877 0.524 0.0693391 0.261333 1.58126e-05
0 0.411701 0.525333 0.125677 0.525333 1.58321e-05
0 0.68039 0.118667 0.0433369 0.0986667 1.58668e-05
0 0.539274 0.424 0.0590466 0.288 1.58891e-05
0 0.488624 0.147333 0.028169 0.153333 1.59627e-05
0 0.864572 0.285333 0.0433369 0.0933333 1.60561e-05
0 0.846425 0.046 0.039545 0.0706667 1.60692e-05
0 0.0855905 0.0233333 0.107259 0.0466667 1.60699e-05
0 0.894366 0.947333 0.0617551 0.105333 1.61285e-05
0 0.848862 0.272667 0.0660888 0.222667 1.6172e-05
0 0.43662 0.288 0.0628386 0.16 1.62221e-05
0 0.861051 0.948 0.1013 0.104 1.62595e-05
0 0.73402 0.220667 0.0725894 0.132 1.62714e-05
0 0.853738 0.777333 0.0314193 0.064 1.62823e-05
0 0.958017 0.34 0.0384615 0.0613333 1.63143e-05
0 0.0260022 0.763333 0.0411701 0.281333 1.63647e-05
0 0.48727 0.215333 0.0579632 0.292 1.6375e-05
0 0.375406 0.694 0.0552546 0.316 1.64265e-05
0 0.313922 0.414 0.138137 0.553333 1.64361e-05
0 0.143824 0.0166667 0.0492958 0.0333333 1.64403e-05
0 0.456663 0.216667 0.0520043 0.169333 1.64892e-05
0 0.679848 0.493333 0.0541712 0.288 1.65186e-05
0 0.031961 0.41 0.0455038 0.286667 1.66261e-05
0 0.273564 0.311333 0.0465872 0.126667 1.66385e-05
0 0.896262 0.606667 0.1013 0.106667 1.66847e-05
0 0.484019 0.539333 0.0731311 0.129333 1.6705e-05
0 0.476977 0.899333 0.0622969 0.201333 1.67605e-05
0 0.786566 0.262 0.0606717 0.132 1.67668e-05
0 0.868093 0.068 0.0742145 0.114667 1.68402e-05
0 0.843716 0.736667 0.0633803 0.332 1.695e-05
0 0.193933 0.0506667 0.0444204 0.072 1.7036e-05
0 0.809317 0.177333 0.0769231 0.138667 1.7068e-05
0 0.375948 0.482667 0.0195016 0.0613333 1.71773e-05
0 0.45883 0.272 0.0758397 0.221333 1.71821e-05
0 0.0132719 0.930667 0.0265439 0.138667 1.7284e-05
0 0.590466 0.991333 0.107259 0.0173333 1.73054e-05
0 0.281419 0.156 0.0817985 0.312 1.73332e-05
0 0.278711 0.218667 0.0568797 0.242667 1.73635e-05
0 0.212893 0.0993333 0.0650054 0.166667 1.74868e-05
0 0.246479 0.0866667 0.0368364 0.101333 1.74953e-05
0 0.0869447 1 0.0514626 0 1.75057e-05
0 0.920368 0.358667 0.0942579 0.130667 1.75174e-05
0 0.0487541 0.577333 0.0975081 0.258667 1.75586e-05
0 0.809859 0.646667 0.0910076 0.186667 1.75761e-05
0 0.563922 0.931333 0.084507 0.137333 1.76821e-05
0 0.285211 0.0726667 0.0406284 0.0866667 1.78035e-05
0 0.558505 0.334 0.0747562 0.246667 1.78331e-05
0 0.258667 0.595333 0.095883 0.169333 1.79139e-05
0 0.381636 0.912 0.0492958 0.176 1.79331e-05
0 0.603738 0.402667 0.0709642 0.277333 1.79415e-05
0 0.751896 0.656667 0.0422535 0.148 1.79602e-05
0 0.295504 0.968667 0.112134 0.0626667 1.79883e-05
0 0.287107 0.462 0.0877573 0.164 1.79925e-05
0 0.816631 0.54 0.0774648 0.133333 1.7995e-05
0 0.563109 0.660667 0.024377 0.052 1.80022e-05
0 0.435265 0.46 0.0698808 0.146667 1.80941e-05
0 0.437703 0.542 0.0682557 0.134667 1.80985e-05
0 0.195558 0.524 0.0433369 0.128 1.81333e-05
0 0.732123 0.528 0.0417118 0.130667 1.81666e-05
0 0.692579 0.726 0.0731311 0.26 1.82366e-05
0 0.657638 0.0553333 0.0476706 0.0733333 1.82856e-05
0 0.441224 0.996 0.0384615 0.008 1.8292e-05
0 0.786566 0.987333 0.0682557 0.0253333 1.83315e-05
0 0.557963 0.440667 0.0465872 0.246667 1.83613e-05
0 0.667389 0.398667 0.157096 0.704 1.83971e-05
0 0.351842 0.508667 0.0557963 0.254667 1.8413e-05
0 0.88597 0.115333 0.0969664 0.177333 1.84524e-05
0 0.648429 0.847333 0.0671723 0.193333 1.85717e-05
0 0.508938 0.628 0.0893824 0.130667 1.86976e-05
0 0.560401 0.693333 0.0644637 0.117333 1.87913e-05
0 0.158451 0.524 0.052546 0.128 1.87959e-05
0 0.756501 0.976667 0.0579632 0.0466667 1.88222e-05
0 0.173889 0.06 0.0899242 0.0986667 1.88554e-05
0 0.168202 0.0533333 0.0503792 0.0773333 1.88621e-05
0 0.791712 0.218 0.0492958 0.105333 1.88817e-05
0 0.669014 0.026 0.0585049 0.052 1.88845e-05
0 0.374865 0.658 0.0595883 0.14 1.89535e-05
0 0.705309 0.152667 0.0758397 0.148 1.9103e-05
0 0.767606 0.711333 0.0888407 0.26 1.91066e-05
0 0.144366 0.985333 0.0709642 0.0293333 1.91126e-05
0 0.149783 0.0226667 0.0926327 0.0453333 1.9139e-05
0 0.608884 0.401333 0.0606717 0.146667 1.91458e-05
0 0.361322 0.962667 0.109426 0.0746667 1.91623e-05
0 0.349946 1 0.0498375 0 1.92033e-05
0 0.475352 0.779333 0.0471289 0.164 1.92339e-05
0 0.731582 0.145333 0.0915493 0.248 1.92346e-05
0 0.408992 0.0866667 0.063922 0.130667 1.93338e-05
0 0.589924 0.997333 0.0487541 0.00533333 1.93679e-05
0 0.505146 0.33 0.0612134 0.121333 1.9387e-05
0 0.0127302 0.954667 0.0135428 0.0906667 1.9393e-05
0 0.912243 0.028 0.0866739 0.056 1.94178e-05
0 0.364843 0.29 0.178223 0.58 1.94197e-05
0 0.543337 0.0186667 0.0390032 0.0373333 1.94394e-05
0 0.492416 0.0266667 0.109426 0.0533333 1.94791e-05
0 0.272752 0.732667 0.0687974 0.1 1.94922e-05
0 0.296316 0.984 0.0541712 0.032 1.94922e-05
0 0.582069 0.154 0.0417118 0.137333 1.95146e-05
0 0.0828819 0.408 0.15493 0.322667 1.95178e-05
0 0.309859 0.578 0.0812568 0.156 1.95836e-05
0 0.921181 0.614 0.0471289 0.273333 1.97007e-05
0 0.459913 0.15 0.071506 0.278667 1.97153e-05
0 0.48727 0.132667 0.0200433 0.092 1.97255e-05
0 0.840195 0.931333 0.0985916 0.137333 1.9809e-05
0 0.761376 0.398667 0.13922 0.573333 1.98484e-05
0 0.864572 0.963333 0.0888407 0.0733333 1.98572e-05
0 0.685807 0.210667 0.0736728 0.136 1.98837e-05
0 0.436349 0.0226667 0.0742145 0.0453333 1.98964e-05
0 0.437703 0.830667 0.056338 0.173333 1.99427e-05
0 0.565547 0.998667 0.0476706 0.00266667 2.00733e-05
0 0.410888 0.929333 0.0980498 0.141333 2.03733e-05
0 0.503792 0.956667 0.0693391 0.0866667 2.03745e-05
0 0.458288 0.834667 0.0790899 0.290667 2.03793e-05
0 0.839924 0.489333 0.0590466 0.125333 2.03986e-05
0 0.970206 0.968667 0.0530878 0.0626667 2.05004e-05
0 0.435807 0.09 0.0763814 0.137333 2.05593e-05
0 0.241874 0.0266667 0.115385 0.0533333 2.05803e-05
0 0.511105 0.266 0.134886 0.532 2.06178e-05
0 0.656013 0.202 0.0671723 0.238667 2.06443e-05
0 0.236728 1 0.071506 0 2.06785e-05
0 0.116739 0 0.0557963 0 2.07538e-05
0 0.845883 0.541333 0.0471289 0.0933333 2.08338e-05
0 0.634074 0.224 0.0492958 0.16 2.08649e-05
0 0.439057 0.398 0.067714 0.118667 2.08972e-05
0 0.929307 0.630667 0.0807151 0.165333 2.09119e-05
0 0.0891116 0 0.0557963 0 2.09858e-05
0 0.76896 0.190667 0.140303 0.381333 2.10204e-05
0 0.894095 0.925333 0.0698808 0.149333 2.10602e-05
0 0.430119 0.34 0.0346696 0.048 2.11179e-05
0 0.0203142 0.325333 0.0232936 0.282667 2.11457e-05
0 0.790628 0.0766667 0.088299 0.129333 2.11519e-05
0 0.222373 0.513333 0.039545 0.109333 2.11983e-05
0 0.0295233 0.121333 0.052546 0.152 2.1227e-05
0 0.0178765 0.724667 0.035753 0.137333 2.13547e-05
0 0.454225 0.363333 0.0655471 0.108 2.14214e-05
0 0.394637 0.612667 0.0612134 0.254667 2.14292e-05
0 0.144637 0.068 0.0985916 0.136 2.15504e-05
0 0.45883 0.286667 0.0498375 0.125333 2.16663e-05
0 0.849946 0.651333 0.0151679 0.0173333 2.16721e-05
0 0.220206 0.0246667 0.0547129 0.0493333 2.16728e-05
0 0.413868 0.0673333 0.0769231 0.134667 2.17142e-05
0 0.863759 0.513333 0.127302 0.528 2.17169e-05
0 0.166847 0.0933333 0.118093 0.170667 2.17293e-05
0 0.83559 0.612 0.0612134 0.0986667 2.18685e-05
0 0.293066 0.034 0.115926 0.068 2.1894e-05
0 0.945287 0.848 0.0812568 0.157333 2.19475e-05
0 0.190412 0.641333 0.0774648 0.157333 2.20149e-05
0 0.695287 0.948667 0.0666305 0.102667 2.20973e-05
0 0.542524 0.0273333 0.114301 0.0546667 2.2132e-05
0 0.633803 0.970667 0.0595883 0.0586667 2.21781e-05
0 0.505688 0.636667 0.106717 0.270667 2.22685e-05
0 0.50325 0.104667 0.0444204 0.134667 2.22789e-05
0 0.607259 0.0506667 0.0476706 0.072 2.23019e-05
0 0.518147 0.536667 0.0460455 0.134667 2.24102e-05
0 0.58559 0.328667 0.0595883 0.110667 2.2437e-05
0 0.586403 0.103333 0.0557963 0.164 2.25131e-05
0 0.235374 0.749333 0.0893824 0.264 2.26231e-05
0 0.0189599 0.354667 0.0379198 0.136 2.2659e-05
0 0.404659 0.419333 0.0422535 0.129333 2.29052e-05
0 0.429036 0.998 0.0444204 0.004 2.2911e-05
0 0.196912 0.582667 0.0417118 0.125333 2.29523e-05
0 0.381636 0.998667 0.0655471 0.00266667 2.30008e-05
0 0.56636 0.274667 0.152221 0.549333 2.30044e-05
0 0.695016 0.734 0.0509209 0.161333 2.30114e-05
0 0.760293 0.165333 0.0687974 0.154667 2.3015e-05
0 0.611593 0.218 0.063922 0.148 2.30374e-05
0 0.0186891 0.816667 0.0373781 0.150667 2.31546e-05
0 0.0473998 0.328667 0.0742145 0.246667 2.31918e-05
0 0.296046 0.992 0.039545 0.016 2.3506e-05
0 0.542253 0.623333 0.0671723 0.276 2.35531e-05
0 0.030065 0.0646667 0.0492958 0.1 2.36025e-05
0 0.324215 1 0.052546 0 2.36599e-05
0 0.27844 0.759333 0.0498375 0.0813333 2.3675e-05
0 0.393012 0.0253333 0.116468 0.0506667 2.37921e-05
0 0.669827 0.144667 0.0417118 0.121333 2.38718e-05
0 0.944475 0.006 0.052546 0.012 2.39277e-05
0 0.463434 0.838667 0.0503792 0.154667 2.40741e-05
0 0.459642 0.559333 0.0536295 0.108 2.41125e-05
0 0.53494 0.338667 0.0655471 0.128 2.41126e-05
0 0.929848 0.603333 0.0362947 0.0493333 2.41495e-05
0 0.781419 0.344 0.0807151 0.234667 2.41553e-05
0 0.781961 0.361333 0.0568797 0.141333 2.42334e-05
0 0.51896 0.0226667 0.0400867 0.0453333 2.43089e-05
0 0.267064 0.817333 0.127844 0.365333 2.43418e-05
0 0.634345 0.409333 0.0509209 0.130667 2.4356e-05
0 0.630282 0.336667 0.0763814 0.214667 2.43833e-05
0 0.026273 0.970667 0.052546 0.0586667 2.44755e-05
0 0.550379 0.554667 0.020585 0.122667 2.45592e-05
0 0.375135 0.702 0.0373781 0.156 2.46806e-05
0 0.462893 0.0646667 0.0720477 0.129333 2.47501e-05
0 0.162784 0.162 0.148971 0.324 2.47508e-05
0 0.847779 0.534 0.0151679 0.00933333 2.48047e-05
0 0.967768 0.204667 0.0590466 0.196 2.48422e-05
0 0.160618 0.584 0.0742145 0.189333 2.49299e-05
0 0.565818 0.064 0.0731311 0.128 2.50248e-05
0 0.536295 0.0673333 0.071506 0.134667 2.50304e-05
0 0.478602 0.915333 0.0438787 0.137333 2.50843e-05
0 0.891116 0 0.0509209 0 2.51666e-05
0 0.472102 0.432667 0.0362947 0.084 2.52326e-05
0 0.411701 0.953333 0.0747562 0.0933333 2.52543e-05
0 0.36078 0.082 0.0910076 0.129333 2.54751e-05
0 0.489166 0.0673333 0.0671723 0.134667 2.55217e-05
0 0.635157 0.647333 0.0698808 0.198667 2.55849e-05
0 0.572048 0.522667 0.0325027 0.128 2.58986e-05
0 0.228332 1 0.0471289 0 2.59123e-05
0 0.309588 0.885333 0.0893824 0.189333 2.60019e-05
0 0.0625677 1 0.052546 0 2.60081e-05
0 0.456121 0.0186667 0.0465872 0.0373333 2.61129e-05
0 0.56013 0.967333 0.0942579 0.0653333 2.61452e-05
0 0.810943 0.468667 0.0736728 0.145333 2.61861e-05
0 0.632449 0.0506667 0.0492958 0.072 2.61979e-05
0 0.563922 0.338667 0.0628386 0.130667 2.63006e-05
0 0.241603 0.068 0.0747562 0.136 2.63863e-05
0 0.919285 0.0893333 0.109426 0.136 2.63987e-05
0 0.57909 0.668667 0.0184182 0.0226667 2.64797e-05
0 0.913868 0.03 0.092091 0.06 2.64918e-05
0 0.40818 0.534667 0.0622969 0.194667 2.66384e-05
0 0.18662 0.974667 0.114301 0.0506667 2.66411e-05
0 0.0476706 0.871333 0.0790899 0.214667 2.6657e-05
0 0.00866739 0.0406667 0.0130011 0.0813333 2.67232e-05
0 0.891928 0.714 0.105634 0.153333 2.67372e-05
0 0.695558 0.778 0.0433369 0.0466667 2.68119e-05
0 0.662243 0.066 0.0850488 0.132 2.68574e-05
0 0.894366 0.656667 0.110509 0.129333 2.69829e-05
0 0.0492958 0.196 0.0823402 0.264 2.71279e-05
0 0.971831 0.975333 0.0390032 0.036 2.71382e-05
0 0.781961 0.176 0.0590466 0.130667 2.72562e-05
0 0.882449 0.986 0.0379198 0.028 2.72894e-05
0 0.836674 0.654 0.031961 0.0493333 2.73669e-05
0 0.780607 0.994 0.0433369 0.012 2.74521e-05
0 0.245125 0.357333 0.0828819 0.264 2.74539e-05
0 0.168472 0.0146667 0.0509209 0.0293333 2.7483e-05
0 0.782232 0.408667 0.0617551 0.121333 2.74947e-05
0 0.729686 0.703333 0.0498375 0.118667 2.75614e-05
0 0.138678 0.999333 0.0520043 0.00133333 2.75938e-05
0 0.632719 0.332 0.0520043 0.122667 2.76116e-05
0 0.317172 0.152 0.134886 0.304 2.76351e-05
0 0.0994041 1 0.0547129 0 2.76619e-05
0 0.637324 0.984667 0.0742145 0.0306667 2.76809e-05
0 0.482124 0.981333 0.0216685 0.0373333 2.76926e-05
0 0.702871 0.109333 0.0904659 0.218667 2.78175e-05
0 0.338028 0.443333 0.063922 0.137333 2.79106e-05
0 0.932286 0.002 0.0498375 0.004 2.80647e-05
0 0.00866739 0.959333 0.00866739 0.0813333 2.81187e-05
0 0.430932 0.016 0.0460455 0.032 2.81491e-05
0 0.191224 0.064 0.0834236 0.128 2.81545e-05
0 0.864572 0.314 0.0260022 0.0866667 2.83374e-05
0 0.71506 0.824667 0.0509209 0.124 2.83809e-05
0 0.545233 0.62 0.0590466 0.136 2.8396e-05
0 0.463705 0.0906667 0.0530878 0.128 2.84035e-05
0 0.660888 0.492667 0.0530878 0.105333 2.84047e-05
0 0.454225 0.748 0.121885 0.493333 2.84142e-05
0 0.852654 0.742 0.0400867 0.129333 2.84244e-05
0 0.517335 0.124667 0.0747562 0.182667 2.85139e-05
0 0.608072 0.332667 0.0579632 0.113333 2.85314e-05
0 0.688516 0.916667 0.0400867 0.166667 2.86967e-05
0 0.587486 0.902667 0.088299 0.136 2.87995e-05
0 0.317172 0.512667 0.0579632 0.142667 2.88453e-05
0 0.159263 0.498 0.0812568 0.190667 2.8852e-05
0 0.0292524 0.566667 0.0455038 0.28 2.88613e-05
0 0.54415 0.427333 0.052546 0.132 2.89544e-05
0 0.41766 0 0.0541712 0 2.89657e-05
0 0.652763 0.418 0.071506 0.230667 2.89667e-05
0 0.735645 0.275333 0.0671723 0.14 2.90276e-05
0 0.262459 1 0.052546 0 2.9073e-05
0 0.508938 0.898 0.0687974 0.134667 2.9167e-05
0 0.631636 0.975333 0.0433369 0.0146667 2.9182e-05
0 0.361051 0.0666667 0.0828819 0.133333 2.92725e-05
0 0.376219 1 0.0482123 0 2.93473e-05
0 0.962622 0.0266667 0.0487541 0.0533333 2.93693e-05
0 0.233478 0.711333 0.0487541 0.092 2.94416e-05
0 0.764626 0.216667 0.0698808 0.137333 2.94921e-05
0 0.668743 0.0146667 0.0438787 0.0293333 2.95631e-05
0 0.986728 0.0433333 0.0265439 0.0866667 2.97616e-05
0 0.493229 0 0.052546 0 2.98325e-05
0 0.327736 0.490667 0.028169 0.08 2.98942e-05
0 0.391658 0.696 0.0346696 0.138667 2.99571e-05
0 0.286836 0.982667 0.0915493 0.0346667 3.01201e-05
0 0.267876 0.868 0.0731311 0.189333 3.01321e-05
0 0.499729 0.00533333 0.0709642 0.0106667 3.0324e-05
0 0.409534 0.900667 0.0541712 0.174667 3.04272e-05
0 0.97454 0.944 0.0509209 0.101333 3.05882e-05
0 0.532232 0.278667 0.0590466 0.122667 3.06828e-05
0 0.141658 0.000666667 0.0568797 0.00133333 3.08035e-05
0 0.607259 0.146667 0.0812568 0.210667 3.08231e-05
0 0.942849 0.492 0.114301 0.442667 3.08866e-05
0 0.501083 1 0.0520043 0 3.11054e-05
0 0.842362 0 0.0520043 0 3.11114e-05
0 0.63597 0.742667 0.0520043 0.370667 3.11824e-05
0 0.767606 0 0.0520043 0 3.1187e-05
0 0.238353 0.992667 0.084507 0.0146667 3.12814e-05
0 0.715872 0.469333 0.0666305 0.272 3.1552e-05
0 0.478061 0.612 0.0178765 0.0373333 3.15594e-05
0 0.190141 0.479333 0.0931744 0.172 3.16026e-05
0 0.592904 0.03 0.0622969 0.06 3.20914e-05
0 0.0636511 0 0.0557963 0 3.21091e-05
0 0.462351 1 0.0547129 0 3.22222e-05
0 0.815276 0.102 0.0834236 0.148 3.22293e-05
0 0.811755 0.766667 0.113218 0.202667 3.22384e-05
0 0.553088 0.782 0.063922 0.294667 3.22558e-05
0 0.654117 0.406667 0.0503792 0.122667 3.23992e-05
0 0.245937 0.164 0.0660888 0.184 3.24478e-05
0 0.939328 0.831333 0.121343 0.337333 3.25779e-05
0 0.214789 0.649333 0.0655471 0.146667 3.26247e-05
0 0.581798 0.0513333 0.0433369 0.0706667 3.2794e-05
0 0.900325 0.999333 0.0660888 0.00133333 3.28155e-05
0 0.568527 0 0.052546 0 3.28535e-05
0 0.0157096 0.01 0.0314193 0.02 3.29298e-05
0 0.0189599 0.416667 0.0379198 0.132 3.3019e-05
0 0.261105 0.098 0.0812568 0.196 3.30692e-05
0 0.982394 0.327333 0.0352113 0.076 3.31481e-05
0 0.0579632 0.970667 0.111593 0.0586667 3.32075e-05
0 0.231582 0.246667 0.14247 0.493333 3.32231e-05
0 0.185807 0.0213333 0.0866739 0.0426667 3.34852e-05
0 0.98429 0.268 0.0314193 0.109333 3.35066e-05
0 0.670098 0.184 0.141928 0.368 3.35425e-05
0 0.367281 0.893333 0.106176 0.2 3.35478e-05
0 0.386511 0.492 0.0438787 0.0986667 3.36016e-05
0 0.456934 0.992 0.0287107 0.016 3.3668e-05
0 0.36701 0.806 0.165222 0.388 3.38217e-05
0 0.946371 0.910667 0.0335861 0.0693333 3.39837e-05
0 0.453142 0.742667 0.0807151 0.202667 3.40018e-05
0 0.972373 0.164 0.0509209 0.0986667 3.40534e-05
0 0.367281 0 0.0541712 0 3.44831e-05
0 0.476165 0.427333 0.0238353 0.044 3.45217e-05
0 0.531148 0.215333 0.0807151 0.204 3.47169e-05
0 0.489166 0.259333 0.020585 0.0786667 3.4726e-05
0 0.455038 0 0.0541712 0 3.47438e-05
0 0.475081 0.442 0.0162514 0.0413333 3.47829e-05
0 0.958017 0.912 0.0189599 0.064 3.49347e-05
0 0.752438 0.525333 0.0650054 0.178667 3.49454e-05
0 0.58234 0.801333 0.0530878 0.397333 3.50103e-05
0 0.710455 0.284 0.0828819 0.258667 3.50229e-05
0 0.983207 0.956 0.0335861 0.088 3.50509e-05
0 0.476977 0.71 0.0807151 0.254667 3.50869e-05
0 0.436891 0.895333 0.0785482 0.209333 3.51426e-05
0 0.849946 0.295333 0.0422535 0.132 3.52523e-05
0 0.97481 0.403333 0.0417118 0.110667 3.52607e-05
0 0.317172 0.000666667 0.0536295 0.00133333 3.53008e-05
0 0.641658 0.0153333 0.0471289 0.0306667 3.53692e-05
0 0.125948 1 0.0547129 0 3.55495e-05
0 0.56636 0.15 0.0742145 0.230667 3.56199e-05
0 0.219664 0.588 0.0406284 0.133333 3.57001e-05
0 0.175785 0.998667 0.0514626 0.00266667 3.57112e-05
0 0.701246 1 0.0709642 0 3.57711e-05
0 0.851029 0.537333 0.0325027 0.016 3.57809e-05
0 0.500542 0.291333 0.0379198 0.124 3.58986e-05
0 0.235374 0.0513333 0.0417118 0.0706667 3.59361e-05
0 0.570964 0.570667 0.0422535 0.325333 3.59437e-05
0 0.193391 0.0146667 0.0476706 0.0293333 3.60048e-05
0 0.491062 0.108667 0.0146262 0.044 3.602e-05
0 0.348862 1 0.0801734 0 3.61488e-05
0 0.526815 1 0.0666305 0 3.62606e-05
0 0.532232 0.919333 0.0547129 0.161333 3.63326e-05
0 0.764626 0.272 0.0666305 0.133333 3.63947e-05
0 0.88299 0.00266667 0.0465872 0.00533333 3.66525e-05
0 0.27221 0.349333 0.0785482 0.208 3.66696e-05
0 0.258397 0.750667 0.0790899 0.184 3.69083e-05
0 0.0303359 0.026 0.0509209 0.052 3.71465e-05
0 0.361863 0.998667 0.132178 0.00266667 3.71725e-05
0 0.470748 0.930667 0.0411701 0.138667 3.73738e-05
0 0.165222 0.536 0.11701 0.298667 3.74609e-05
0 0.714789 0.288667 0.166306 0.577333 3.75963e-05
0 0.671993 0.577333 0.0427952 0.117333 3.76072e-05
0 0.258667 0.653333 0.131636 0.456 3.76919e-05
0 0.223185 0.679333 0.0444204 0.105333 3.77662e-05
0 0.476977 1 0.0287107 0 3.78055e-05
0 0.238082 0.098 0.0579632 0.158667 3.78209e-05
0 0.668202 0.646667 0.0590466 0.149333 3.79301e-05
0 0.23727 0.714 0.0801734 0.129333 3.79368e-05
0 0.800921 0.218667 0.0232936 0.0586667 3.80316e-05
0 0.843716 0.002 0.0482123 0.004 3.81113e-05
0 0.0173348 0.916 0.0325027 0.12 3.81524e-05
0 0.442849 0.961333 0.0514626 0.0773333 3.81943e-05
0 0.422535 0.685333 0.0346696 0.154667 3.83084e-05
0 0.784399 0.0346667 0.0476706 0.0453333 3.87008e-05
0 0.0178765 0.665333 0.035753 0.141333 3.87756e-05
0 0.923348 0.978667 0.0687974 0.0426667 3.87916e-05
0 0.0195016 0.09 0.0379198 0.121333 3.88932e-05
0 0.230228 0.427333 0.119177 0.465333 3.89021e-05
0 0.605905 0.744 0.0427952 0.341333 3.91696e-05
0 0.741874 0.632667 0.088299 0.116 3.91987e-05
0 0.192579 0.984 0.0709642 0.032 3.92118e-05
0 0.848321 0.00866667 0.0758397 0.0173333 3.92443e-05
0 0.977519 0.828667 0.0297941 0.132 3.93729e-05
0 0.397075 0.459333 0.0574215 0.214667 3.94286e-05
0 0.200975 0.998667 0.0509209 0.00266667 3.95858e-05
0 0.509751 0.799333 0.0650054 0.270667 4.00409e-05
0 0.255146 0 0.0530878 0 4.05084e-05
0 0.230228 0 0.0530878 0 4.05582e-05
0 0.815005 0 0.052546 0 4.06607e-05
0 0.387324 0.436 0.0411701 0.141333 4.07569e-05
0 0.922806 1 0.0644637 0 4.08749e-05
0 0.893012 1 0.0362947 0 4.13501e-05
0 0.812297 0.410667 0.0655471 0.133333 4.13719e-05
0 0.342091 0 0.0536295 0 4.15223e-05
0 0.64247 0.022 0.130011 0.044 4.18659e-05
0 0.543608 0 0.052546 0 4.18803e-05
0 0.642199 0.153333 0.0687974 0.165333 4.20156e-05
0 0.858884 0.522 0.0774648 0.161333 4.20917e-05
0 0.412784 1 0.0693391 0 4.23082e-05
0 0.550108 0.006 0.0731311 0.012 4.23494e-05
0 0.424973 0.00333333 0.0731311 0.00666667 4.23984e-05
0 0.0742145 1 0.056338 0 4.25874e-05
0 0.503521 0.216667 0.0612134 0.209333 4.29305e-05
0 0.228332 0.590667 0.0839653 0.269333 4.30241e-05
0 0.736457 0.949333 0.0731311 0.101333 4.30467e-05
0 0.694204 0.548667 0.0341278 0.26 4.33106e-05
0 0.401679 1 0.0460455 0 4.33817e-05
0 0.612947 0.717333 0.169556 0.565333 4.36465e-05
0 0.480498 0.981333 0.0498375 0.0373333 4.37452e-05
0 0.51896 0 0.0530878 0 4.37951e-05
0 0.533586 0.711333 0.112676 0.342667 4.3859e-05
0 0.839112 0.965333 0.125677 0.0693333 4.41204e-05
0 0.491603 1 0.0341278 0 4.43207e-05
0 0.251354 0.488667 0.0736728 0.18 4.43419e-05
0 0.769502 0.984 0.0460455 0.032 4.43437e-05
0 0.562026 0.284 0.0622969 0.12 4.46874e-05
0 0.292795 0.00266667 0.0536295 0.00533333 4.4938e-05
0 0.592633 0 0.0541712 0 4.50004e-05
0 0.614843 0.0593333 0.084507 0.118667 4.51087e-05
0 0.166306 0 0.056338 0 4.5253e-05
0 0.440412 0.910667 0.0498375 0.128 4.52696e-05
0 0.864572 0.03 0.0953413 0.06 4.53143e-05
0 0.951246 0.314667 0.0379198 0.0533333 4.54607e-05
0 0.118635 0.253333 0.226436 0.506667 4.58203e-05
0 0.436349 0.995333 0.0731311 0.00933333 4.58422e-05
0 0.391928 0 0.0547129 0 4.59054e-05
0 0.482394 0.436667 0.0092091 0.0386667 4.60739e-05
0 0.228602 0.511333 0.0595883 0.190667 4.60778e-05
0 0.739437 0.91 0.0780065 0.166667 4.61047e-05
0 0.744583 0.428667 0.0417118 0.196 4.63734e-05
0 0.979957 0.362667 0.0400867 0.0906667 4.67031e-05
0 0.39247 0.0153333 0.0471289 0.0306667 4.67119e-05
0 0.951517 0.750667 0.0969664 0.394667 4.67256e-05
0 0.795233 0.998667 0.0476706 0.00266667 4.68047e-05
0 0.46208 0.973333 0.0216685 0.0533333 4.69061e-05
0 0.761647 0.349333 0.0617551 0.138667 4.6938e-05
0 0.465872 0.582667 0.789816 0.834667 4.69829e-05
0 0.0208559 0.45 0.024377 0.286667 4.71082e-05
0 0.601571 1 0.0536295 0 4.73538e-05
0 0.511918 0.992667 0.0834236 0.0146667 4.74646e-05
0 0.532774 0.836 0.0622969 0.229333 4.75943e-05
0 0.726165 0.998 0.0763814 0.004 4.76364e-05
0 0.149512 0.012 0.0780065 0.024 4.78453e-05
0 0.583153 0.212 0.0720477 0.192 4.79619e-05
0 0.605634 0.645333 0.0931744 0.261333 4.81021e-05
0 0.682828 0.508 0.052546 0.104 4.84121e-05
0 0.695558 0.540667 0.0130011 0.0253333 4.86631e-05
0 0.615114 0.84 0.0752979 0.202667 4.86928e-05
0 0.63299 0.106 0.088299 0.161333 4.91903e-05
0 0.689599 0.798667 0.0260022 0.112 4.94625e-05
0 0.0912784 0.0606667 0.117551 0.121333 4.94779e-05
0 0.848592 0.527333 0.0167931 0.02 4.98934e-05
0 0.254063 0.668667 0.0780065 0.188 5.03493e-05
0 0.660618 0.344 0.0547129 0.165333 5.03565e-05
0 0.0192308 0.830667 0.0222102 0.269333 5.05146e-05
0 0.0514626 0.088 0.0877573 0.152 5.07205e-05
0 0.517064 1 0.0449621 0 5.09078e-05
0 0.453413 1 0.0346696 0 5.12602e-05
0 0.557421 0.854667 0.0400867 0.290667 5.13265e-05
0 0.674702 0.795333 0.0460455 0.228 5.14196e-05
0 0.845883 0.018 0.0384615 0.036 5.15527e-05
0 0.342362 0.024 0.0595883 0.048 5.16491e-05
0 0.920639 1 0.0427952 0 5.18485e-05
0 0.973998 0.940667 0.035753 0.0653333 5.20043e-05
0 0.564735 1 0.052546 0 5.20133e-05
0 0.952058 0.103333 0.0406284 0.0786667 5.21827e-05
0 0.735915 0.354 0.0763814 0.201333 5.22711e-05
0 0.540628 1 0.0498375 0 5.23134e-05
0 0.466414 1 0.0303359 0 5.25956e-05
0 0.961538 0.330667 0.0736728 0.104 5.26663e-05
0 0.327465 0.466667 0.0720477 0.253333 5.28524e-05
0 0.632449 0.278667 0.052546 0.128 5.29586e-05
0 0.705309 1 0.0433369 0 5.334e-05
0 0.638949 0.780667 0.0817985 0.214667 5.33641e-05
0 0.0482123 0.46 0.0942579 0.288 5.37174e-05
0 0.789003 1 0.0698808 0 5.39261e-05
0 0.605634 0.715333 0.130011 0.305333 5.39845e-05
0 0.73429 0.036 0.0471289 0.0533333 5.41295e-05
0 0.679577 1 0.0427952 0 5.42182e-05
0 0.853196 0.992 0.0476706 0.016 5.43069e-05
0 0.682015 0 0.0530878 0 5.52439e-05
0 0.970206 0.992 0.0595883 0.016 5.54549e-05
0 0.686078 0.408667 0.0644637 0.145333 5.54628e-05
0 0.0105634 0.0173333 0.0211268 0.0346667 5.58119e-05
0 0.976165 0.531333 0.0335861 0.0733333 5.58863e-05
0 0.678494 0.539333 0.0406284 0.092 5.5911e-05
0 0.676869 0.946 0.0384615 0.108 5.59636e-05
0 0.535753 0.898667 0.109426 0.202667 5.60354e-05
0 0.151138 1 0.0541712 0 5.63202e-05
0 0.770585 0.113333 0.0817985 0.146667 5.63972e-05
0 0.977248 0.0373333 0.0455038 0.0746667 5.65837e-05
0 0.459372 0.918667 0.0411701 0.122667 5.68932e-05
0 0.235103 0.596667 0.470206 0.806667 5.69613e-05
0 0.110238 0.776 0.203142 0.448 5.71178e-05
0 0.658722 0.278 0.0942579 0.22 5.74156e-05
0 0.257042 0.209333 0.0937161 0.336 5.77067e-05
0 0.482394 0.44 0.0211268 0.032 5.80136e-05
0 0.395991 0.466 0.0368364 0.113333 5.81424e-05
0 0.47779 0.988 0.0184182 0.024 5.85189e-05
0 0.0390032 1 0.0541712 0 5.87364e-05
0 0.0189599 0.478 0.0379198 0.137333 5.90054e-05
0 0.257584 0.0493333 0.0460455 0.0693333 5.92435e-05
0 0.0067714 0.0653333 0.0102925 0.12 6.01137e-05
0 0.673077 0.986667 0.0622969 0.0266667 6.07766e-05
0 0.312568 0.999333 0.0520043 0.00133333 6.07876e-05
0 0.930119 0.968667 0.0498375 0.0466667 6.12105e-05
0 0.929307 0 0.0547129 0 6.13394e-05
0 0.226706 1 0.0503792 0 6.14984e-05
0 0.64247 0 0.0552546 0 6.19327e-05
0 0.253521 1 0.0476706 0 6.19564e-05
0 0.711268 0.366 0.0509209 0.252 6.19853e-05
0 0.869177 0.046 0.0438787 0.0573333 6.19996e-05
0 0.897346 0.956 0.0373781 0.088 6.20919e-05
0 0.336403 0.006 0.0769231 0.012 6.22295e-05
0 0.740249 0 0.052546 0 6.23799e-05
0 0.841549 0.766 0.0211268 0.0493333 6.25595e-05
0 0.478873 0.443333 0.00866739 0.0333333 6.28402e-05
0 0.464518 0.977333 0.0352113 0.0453333 6.32177e-05
0 0.0679848 0.0173333 0.13597 0.0346667 6.32768e-05
0 0.182828 0.540667 0.0666305 0.182667 6.39162e-05
0 0.342904 0.054 0.0433369 0.0706667 6.39774e-05
0 0.740791 0.887333 0.125135 0.225333 6.42286e-05
0 0.56013 0.843333 0.130011 0.281333 6.42906e-05
0 0.617551 0.016 0.0487541 0.032 6.49718e-05
0 0.247021 0.434 0.0390032 0.110667 6.52078e-05
0 0.191766 0 0.0552546 0 6.52194e-05
0 0.586132 0.286 0.0617551 0.118667 6.52984e-05
0 0.233207 0.0186667 0.0438787 0.0373333 6.53113e-05
0 0.282232 0.345333 0.0455038 0.106667 6.53182e-05
0 0.821235 0.892667 0.151679 0.196 6.5403e-05
0 0.885428 0.0226667 0.0622969 0.0453333 6.59999e-05
0 0.487811 0.0253333 0.0633803 0.0506667 6.61228e-05
0 0.623781 0.0233333 0.0807151 0.0466667 6.65075e-05
0 0.261918 0.006 0.0752979 0.012 6.65275e-05
0 0.00758397 0.752 0.0151679 0.154667 6.65615e-05
0 0.950433 0.911333 0.0362947 0.036 6.70162e-05
0 0.76598 0.991333 0.0379198 0.0173333 6.74942e-05
0 0.561755 0.443333 0.0433369 0.113333 6.75672e-05
0 0.684724 0.286 0.0780065 0.174667 6.79558e-05
0 0.00622969 0.169333 0.0124594 0.154667 6.86398e-05
0 0.612947 0.994667 0.115385 0.0106667 6.87853e-05
0 0.67416 0.722 0.0633803 0.161333 6.88456e-05
0 0.61701 0 0.0552546 0 6.88579e-05
0 0.125677 1 0.0888407 0 6.88621e-05
0 0.581257 0.0213333 0.0433369 0.0426667 6.93864e-05
0 0.766251 1 0.0438787 0 6.94831e-05
0 0.0501083 1 0.0557963 0 6.97366e-05
0 0.71533 0.101333 0.0828819 0.146667 6.98091e-05
0 0.577194 1 0.0774648 0 6.99516e-05
0 0.289816 0 0.0552546 0 7.03307e-05
0 0.85753 0.00266667 0.0520043 0.00533333 7.03883e-05
0 0.374052 0.00266667 0.0752979 0.00533333 7.04484e-05
0 0.950433 0.49 0.0763814 0.185333 7.12308e-05
0 0.427681 1 0.0460455 0 7.12605e-05
0 0.682828 0.986667 0.0352113 0.0266667 7.22631e-05
0 0.735103 0.03 0.0953413 0.06 7.24095e-05
0 0.0495666 0.242667 0.0991333 0.466667 7.24266e-05
0 0.890303 0.968667 0.0384615 0.044 7.28612e-05
0 0.224269 0.00466667 0.0758397 0.00933333 7.32544e-05
0 0.982394 0.709333 0.0352113 0.130667 7.32902e-05
0 0.412784 0.0226667 0.0725894 0.0453333 7.37712e-05
0 0.166576 0.518667 0.241062 0.64 7.39072e-05
0 0.175785 1 0.0547129 0 7.40972e-05
0 0.882449 0.0173333 0.0411701 0.0346667 7.4542e-05
0 0.354821 0.0146667 0.0487541 0.0293333 7.46455e-05
0 0.838841 0.994667 0.0492958 0.0106667 7.54646e-05
0 0.0303359 0.96 0.0606717 0.08 7.69001e-05
0 0.950704 0.296667 0.0801734 0.134667 7.72658e-05
0 0.81961 0.815333 0.226436 0.369333 7.736e-05
0 0.968039 0 0.0530878 0 7.74115e-05
0 0.953955 0.214 0.0758397 0.332 7.75025e-05
0 0.257313 0.392 0.0574215 0.12 7.77913e-05
0 0.682828 0.349333 0.0666305 0.197333 7.79843e-05
0 0.719664 0.486 0.0427952 0.116 7.8351e-05
0 0.515439 0.0246667 0.0752979 0.0493333 7.85555e-05
0 0.873781 1 0.0725894 0 7.86784e-05
0 0.200975 1 0.0541712 0 7.90101e-05
0 0.890033 0.978 0.0650054 0.044 7.93765e-05
0 0.683911 0.344667 0.121885 0.244 7.93907e-05
0 0.0067714 0.939333 0.00812568 0.121333 8.0127e-05
0 0.730228 1 0.0487541 0 8.01819e-05
0 0.314735 0 0.0552546 0 8.07339e-05
0 0.845341 0.650667 0.0265439 0.024 8.07451e-05
0 0.666847 0.990667 0.0400867 0.0186667 8.09978e-05
0 0.264085 0 0.0557963 0 8.13744e-05
0 0.616197 0.996 0.0514626 0.008 8.16397e-05
0 0.51273 0.714 0.0828819 0.217333 8.22413e-05
0 0.567172 0.0206667 0.0801734 0.0413333 8.23311e-05
0 0.957205 0.917333 0.0368364 0.0986667 8.29925e-05
0 0.917118 0.931333 0.0834236 0.113333 8.32542e-05
0 0.513272 0.747333 0.14247 0.505333 8.34291e-05
0 0.942849 0.914667 0.0763814 0.152 8.36989e-05
0 0.0400867 0.518 0.0801734 0.58 8.38043e-05
0 0.0135428 0.15 0.0270856 0.212 8.41058e-05
0 0.00812568 0.324 0.0162514 0.154667 8.45909e-05
0 0.671452 0.113333 0.0807151 0.154667 8.46942e-05
0 0.0539003 0.768667 0.107801 0.462667 8.50971e-05
0 0.963434 0.418 0.0731311 0.329333 8.52343e-05
0 0.939599 0.014 0.0752979 0.028 8.52923e-05
0 0.678494 0.798667 0.0341278 0.136 8.54386e-05
0 0.210184 0.524667 0.0769231 0.302667 8.54902e-05
0 0.833694 0.0206667 0.0780065 0.0413333 8.55491e-05
0 0.112947 0 0.0557963 0 8.66061e-05
0 0.316631 0.0173333 0.0817985 0.0346667 8.67942e-05
0 0.709642 0.441333 0.580715 0.882667 8.7187e-05
0 0.209642 0.527333 0.0498375 0.182667 8.7454e-05
0 0.760834 0.999333 0.0687974 0.00133333 8.76262e-05
0 0.769231 0.002 0.0433369 0.004 8.86219e-05
0 0.742958 0.438 0.0102925 0.036 8.86776e-05
0 0.695558 0.0133333 0.0465872 0.0266667 8.88428e-05
0 0.865114 1 0.0465872 0 8.89544e-05
0 0.980498 0.204 0.0390032 0.106667 8.96889e-05
0 0.0246479 0.882 0.0492958 0.185333 9.02874e-05
0 0.980228 0.977333 0.039545 0.0453333 9.06431e-05
0 0.790628 0.0333333 0.0969664 0.0666667 9.07765e-05
0 0.299025 0.0106667 0.0780065 0.0213333 9.09161e-05
0 0.865385 0 0.0547129 0 9.1259e-05
0 0.0157096 0.056 0.0314193 0.112 9.13738e-05
0 0.627031 1 0.052546 0 9.17077e-05
0 0.842633 0.662 0.0308776 0.0306667 9.19786e-05
0 0.674973 0.884 0.0411701 0.218667 9.25748e-05
0 0.0146262 1 0.0227519 0 9.26177e-05
0 0.409263 0.634667 0.0557963 0.149333 9.34361e-05
0 0.0362947 0.062 0.0725894 0.124 9.35363e-05
0 0.932015 0.990667 0.0503792 0.0186667 9.36957e-05
0 0.609967 0.288 0.0585049 0.122667 9.41948e-05
0 0.267064 0.016 0.0855905 0.032 9.50795e-05
0 0.433369 0.00733333 0.0704225 0.0146667 9.56452e-05
0 0.543608 0.996667 0.106717 0.00666667 9.63835e-05
0 0.280607 0.631333 0.561213 0.737333 9.80557e-05
0 0.730769 0.984667 0.0520043 0.0226667 9.82448e-05
0 0.426327 0 0.0552546 0 9.83826e-05
0 0.363759 0 0.0557963 0 9.91693e-05
0 0.693391 0.972 0.0725894 0.056 9.92493e-05
0 0.563922 0 0.0552546 0 9.94469e-05
0 0.23429 0.443333 0.468581 0.886667 9.97635e-05
0 0.27844 1 0.0520043 0 9.98175e-05
0 0.691495 0.797333 0.114301 0.394667 0.000100145
0 0.0292524 0.152667 0.0585049 0.305333 0.000101372
0 0.977248 0.0113333 0.0455038 0.0226667 0.000102
0 0.960455 0.749333 0.071506 0.192 0.000102114
0 0.968039 0.997333 0.0487541 0.00533333 0.000102369
0 0.885157 0.0126667 0.0650054 0.0253333 0.000102473
0 0.661701 1 0.0785482 0 0.000103311
0 0.451517 0 0.0557963 0 0.000103518
0 0.70558 0.000666667 0.0536295 0.00133333 0.000104097
0 0.460997 0.00266667 0.0812568 0.00533333 0.000104187
0 0.809588 0.004 0.0904659 0.008 0.000104719
0 0.00785482 0.692667 0.0157096 0.153333 0.000105099
0 0.387866 0.484 0.0249187 0.0666667 0.000106751
0 0.238895 0 0.0552546 0 0.000107165
0 0.138137 0 0.056338 0 0.000108583
0 0.280607 0.0726667 0.0769231 0.129333 0.000108961
0 0.944475 0.961333 0.0991333 0.0773333 0.000109247
0 0.700163 0.00666667 0.0763814 0.0133333 0.000110104
0 0.117551 0.0186667 0.110509 0.0373333 0.000110184
0 0.699621 0.02 0.0752979 0.04 0.000110628
0 0.00650054 0.986667 0.0130011 0.0266667 0.000110787
0 0.849675 0.534 0.0308776 0.0386667 0.000111726
0 0.653034 1 0.0503792 0 0.000111829
0 0.167931 0.996667 0.132178 0.00666667 0.00011243
0 0.977519 0.0353333 0.0449621 0.068 0.000113075
0 0.589112 0 0.0557963 0 0.000114036
0 0.542795 0.012 0.0812568 0.024 0.000114183
0 0.906826 0.983333 0.028169 0.0333333 0.0001147
0 0.677411 0 0.0557963 0 0.000115114
0 0.625406 0.998667 0.0752979 0.00266667 0.000115653
0 0.985645 0.567333 0.0287107 0.254667 0.000115885
0 0.339112 0 0.0552546 0 0.00011603
0 0.489707 0 0.0552546 0 0.000116882
0 0.519231 0.00533333 0.067714 0.0106667 0.000117188
0 0.969664 0.662667 0.0487541 0.218667 0.000117275
0 0.816089 0.997333 0.0514626 0.00533333 0.000117642
0 0.980228 0.02 0.039545 0.04 0.000118961
0 0.983749 0.662667 0.0325027 0.301333 0.000119748
0 0.0189599 0.231333 0.0379198 0.353333 0.000119823
0 0.985915 0.168667 0.028169 0.14 0.000120016
0 0.255959 0.0186667 0.0482123 0.0373333 0.000120132
0 0.345612 0.00666667 0.071506 0.0133333 0.000120891
0 0.586674 0.00533333 0.0823402 0.0106667 0.000121006
0 0.234832 0.429333 0.0763814 0.229333 0.000121417
0 0.751083 1 0.0449621 0 0.000122468
0 0.762188 0.0173333 0.0801734 0.0346667 0.000123076
0 0.0801734 0.995333 0.0790899 0.00933333 0.000123214
0 0.904659 0.0126667 0.0335861 0.0253333 0.000123813
0 0.00839653 0.386 0.0167931 0.153333 0.000124133
0 0.790899 0 0.0552546 0 0.00012428
0 0.990791 0.602667 0.0151679 0.12 0.00012438
0 0.388678 0 0.0557963 0 0.00012512
0 0.838299 0.014 0.0731311 0.028 0.000125265
0 0.722914 0.978667 0.0752979 0.0426667 0.000125315
0 0.539545 0 0.0552546 0 0.000126249
0 0.216414 0.016 0.0893824 0.032 0.000126561
0 0.942308 1 0.052546 0 0.000126914
0 0.271668 0.367333 0.0438787 0.0893333 0.000127206
0 0.743229 0.421333 0.0303359 0.0906667 0.000128799
0 0.639491 0 0.0557963 0 0.000129112
0 0.972373 0.574 0.0465872 0.158667 0.000129701
0 0.941495 0.93 0.0541712 0.0706667 0.000130478
0 0.163055 0 0.056338 0 0.000132393
0 0.912514 0.00533333 0.0817985 0.0106667 0.000132499
0 0.987812 0.871333 0.0211268 0.0973333 0.000132833
0 0.663597 0.0193333 0.0910076 0.0386667 0.00013321
0 0.721289 0.418667 0.0590466 0.12 0.000134742
0 0.241603 0.022 0.0823402 0.044 0.000134869
0 0.0674431 0.0133333 0.0807151 0.0266667 0.00013489
0 0.270856 0.998 0.105092 0.004 0.000135551
0 0.329361 0.0186667 0.0487541 0.0373333 0.000136106
0 0.741603 0.436 0.0292524 0.04 0.00013635
0 0.792795 1 0.0482123 0 0.000136632
0 0.39545 0.00533333 0.071506 0.0106667 0.000136996
0 0.664951 0.388 0.670098 0.776 0.000137332
0 0.695558 0.984 0.0411701 0.0293333 0.000137412
0 0.689328 0.537333 0.0178765 0.0346667 0.000138003
0 0.71506 0 0.0552546 0 0.000138913
0 0.169285 0.0253333 0.0969664 0.0506667 0.000139406
0 0.388407 0.0146667 0.0823402 0.0293333 0.000140596
0 0.776273 0.604667 0.447454 0.790667 0.0001418
0 0.863489 0.0213333 0.0704225 0.0426667 0.000142412
0 0.469664 0.956667 0.0238353 0.0866667 0.000142611
0 0.937161 0.299333 0.0520043 0.0573333 0.000143344
0 0.981582 0.201333 0.0368364 0.298667 0.000144107
0 0.328007 0.476667 0.0471289 0.118667 0.000144597
0 0.716414 0.783333 0.118635 0.172 0.0001451
0 0.514897 0 0.0547129 0 0.000145728
0 0.145179 0.410667 0.290358 0.821333 0.00014727
0 0.213705 0 0.0557963 0 0.000147879
0 0.307963 0.997333 0.113218 0.00533333 0.000150292
0 0.613489 0 0.0557963 0 0.000151385
0 0.74675 0.981333 0.0579632 0.0373333 0.000153974
0 0.848321 0.754 0.0292524 0.068 0.000154135
0 0.792795 0.004 0.0536295 0.008 0.000154559
0 0.174973 0.00466667 0.0855905 0.00933333 0.000156954
0 0.283586 0.0206667 0.0514626 0.0413333 0.000157
0 0.321777 1 0.0801734 0 0.000157793
0 0.330715 0.466 0.66143 0.932 0.00015784
0 0.0736728 0 0.0552546 0 0.000158097
0 0.270043 1 0.0482123 0 0.000159726
0 0.98727 0.569333 0.0254605 0.154667 0.000161435
0 0.0232936 0.996667 0.0465872 0.00666667 0.000162144
0 0.963434 0.0186667 0.0731311 0.0373333 0.000162637
0 0.0197725 0.361333 0.039545 0.352 0.000163131
0 0.770856 0.012 0.0368364 0.024 0.000164362
0 0.808505 0.0346667 0.0417118 0.0506667 0.000164445
0 0.648158 0.995333 0.0698808 0.00933333 0.000164956
0 0.00893824 0.632667 0.0178765 0.153333 0.000167439
0 0.83234 0.0106667 0.0406284 0.0213333 0.000167739
0 0.0116468 0.912667 0.0124594 0.174667 0.000168454
0 0.986457 0.970667 0.0270856 0.048 0.000169351
0 0.920639 0.612667 0.039545 0.0573333 0.000169947
0 0.911159 0.966 0.0671723 0.068 0.000170291
0 0.866739 0.0226667 0.0455038 0.0453333 0.000170476
0 0.839382 1 0.052546 0 0.000170639
0 0.00975081 1 0.0195016 0 0.000170785
0 0.638949 0.992667 0.0492958 0.0146667 0.000170949
0 0.910618 0.234 0.107259 0.262667 0.000172955
0 0.0092091 0.447333 0.0184182 0.153333 0.000173269
0 0.98402 0.352667 0.031961 0.193333 0.000173779
0 0.938787 0.254667 0.0801734 0.162667 0.000176038
0 0.90195 0.954667 0.0314193 0.0586667 0.000178603
0 0.0105634 0.836667 0.0124594 0.265333 0.000180244
0 0.288191 0.00466667 0.111593 0.00933333 0.000182425
0 0.969664 0.0166667 0.0411701 0.0333333 0.000182969
0 0.692579 0.542 0.031961 0.0946667 0.000186301
0 0.359967 0.0186667 0.0850488 0.0373333 0.000186367
0 0.437161 0 0.110509 0 0.00018646
0 0.00893824 0.568667 0.0178765 0.153333 0.00018662
0 0.98402 0.00133333 0.031961 0.00266667 0.00018724
0 0.691224 0.0133333 0.084507 0.0266667 0.000187465
0 0.732123 0.00333333 0.0514626 0.00666667 0.000188174
0 0.469935 0.986667 0.0124594 0.0266667 0.000188253
0 0.475623 0.967333 0.0184182 0.0653333 0.000190632
0 0.151138 0.597333 0.302275 0.805333 0.000193689
0 0.902763 0.96 0.0157096 0.0613333 0.000194858
0 0.676327 0.950667 0.0200433 0.0853333 0.000197934
0 0.21208 1 0.0893824 0 0.000197999
0 0.819881 0.00533333 0.0406284 0.0106667 0.000199774
0 0.188516 0 0.056338 0 0.000201587
0 0.220748 0.464667 0.0449621 0.132 0.000201995
0 0.00893824 0.237333 0.0157096 0.229333 0.000204189
0 0.488624 0 0.104009 0 0.000206908
0 0.673348 0.00266667 0.0855905 0.00533333 0.000207975
0 0.346966 0.478 0.0482123 0.108 0.000212541
0 0.859967 0.99 0.100217 0.02 0.000212612
0 0.339653 0 0.111593 0 0.00021595
0 0.271127 0.026 0.0947996 0.052 0.000216327
0 0.00812568 0.110667 0.0162514 0.192 0.000216554
0 0.020585 0.836 0.0411701 0.328 0.000217264
0 0.739978 0.944667 0.0530878 0.06 0.000217462
0 0.922264 0.296667 0.0568797 0.0813333 0.000219506
0 0.82909 0.00733333 0.0330444 0.0146667 0.000223788
0 0.8987 0.00866667 0.0379198 0.0173333 0.000226274
0 0.00731311 0.902667 0.0146262 0.194667 0.000228928
0 0.236728 0 0.114843 0 0.000229853
0 0.125406 0.00333333 0.108884 0.00666667 0.000232259
0 0.978602 0.506 0.0417118 0.225333 0.000232747
0 0.307692 0.062 0.092091 0.124 0.000233749
0 0.824756 0.997333 0.088299 0.00533333 0.000235139
0 0.697454 0.804667 0.0633803 0.116 0.000236902
0 0.0287107 1 0.0530878 0 0.000239691
0 0.539274 0 0.108884 0 0.000240871
0 0.615655 0.016 0.0947996 0.032 0.000242881
0 0.0143554 0.775333 0.0222102 0.294667 0.000245279
0 0.988895 0.704667 0.0211268 0.249333 0.0002598
0 0.965872 1 0.0509209 0 0.000262034
0 0.00975081 0.51 0.0195016 0.156 0.000267032
0 0.0148971 0.580667 0.0297941 0.244 0.000270468
0 0.636511 0.00666667 0.0834236 0.0133333 0.000271088
0 0.762188 0.00733333 0.0888407 0.0146667 0.000275466
0 0.31013 1 0.0839653 0 0.000277398
0 0.815818 1 0.0530878 0 0.000278358
0 0.0213976 0.491333 0.0427952 0.297333 0.000279962
0 0.0105634 0.353333 0.0146262 0.258667 0.000280146
0 0.557692 0.521333 0.0893824 0.357333 0.000280838
0 0.0067714 0.791333 0.0135428 0.292 0.000286883
0 0.953684 0.0573333 0.0839653 0.104 0.000287542
0 0.086403 1 0.0980498 0 0.000288568
0 0.989437 0.302667 0.0200433 0.12 0.000294789
0 0.334236 0.5 0.668472 1 0.000298205
0 0.863759 0.004 0.0828819 0.008 0.000302018
0 0.388678 0 0.114301 0 0.00030405
0 0.0189599 0.664667 0.0379198 0.369333 0.000305441
0 0.985103 0.878667 0.0297941 0.16 0.000307188
0 0.895991 0.982 0.0249187 0.036 0.000315241
0 0.938245 0.958667 0.0855905 0.0746667 0.000318307
0 0.0430661 0.994 0.0861322 0.012 0.000321728
0 0.989166 0.23 0.0216685 0.153333 0.000322132
0 0.983478 0.992667 0.031961 0.0146667 0.000323127
0 0.199079 0.00333333 0.0904659 0.00666667 0.000327387
0 0.113759 0 0.153846 0 0.000327754
0 0.591008 0 0.124594 0 0.00032881
0 0.734832 0.0133333 0.0698808 0.0266667 0.000332195
0 0.877302 0.301333 0.0503792 0.12 0.000336462
0 0.742145 0.442667 0.0162514 0.0613333 0.000342341
0 0.328548 0.0566667 0.0449621 0.084 0.000349591
0 0.714789 0.882667 0.0579632 0.157333 0.000350473
0 0.967768 0.441333 0.0471289 0.170667 0.000358139
0 0.164139 0 0.138678 0 0.000363099
0 0.0490249 0 0.0568797 0 0.000365619
0 0.667931 0.671333 0.664139 0.657333 0.000371967
0 0.850488 0.762667 0.0195016 0.0426667 0.000378803
0 0.903034 0.311333 0.132178 0.225333 0.000385081
0 0.0102925 0.447333 0.0140845 0.268 0.000395506
0 0.751896 0.986667 0.0400867 0.0266667 0.000395528
0 0.837486 1 0.0855905 0 0.00039827
0 0.898971 0.0106667 0.0211268 0.016 0.000399701
0 0.0343987 0.00866667 0.06013 0.0173333 0.000406427
0 0.757042 0.01 0.0297941 0.02 0.000413496
0 0.304984 0.024 0.0530878 0.0453333 0.000414047
0 0.0116468 0.648667 0.0189599 0.278667 0.00043351
0 0.547942 0.504 0.0373781 0.170667 0.000446466
0 0.991603 0.964 0.0167931 0.072 0.000458285
0 0.290358 1 0.0541712 0 0.000474248
0 0.718852 0.0166667 0.0487541 0.0333333 0.000474819
0 0.924431 0.611333 0.0222102 0.0253333 0.00047578
0 0.473727 0.974667 0.0092091 0.0506667 0.00047691
0 0.688787 0.850667 0.0568797 0.210667 0.000501073
0 0.716956 0.014 0.0774648 0.028 0.00050689
0 0.944475 0.922667 0.0427952 0.0346667 0.000517046
0 0.750813 0.969333 0.0411701 0.0533333 0.000529964
0 0.234561 0.462667 0.0368364 0.101333 0.000560952
0 0.975894 0.119333 0.0482123 0.150667 0.000576037
0 0.754063 0.008 0.0260022 0.016 0.000581495
0 0.948537 1 0.0899242 0 0.000587781
0 0.63922 0 0.130011 0 0.000625835
0 0.979957 1 0.0390032 0 0.000639815
0 0.819339 0.0173333 0.0417118 0.0293333 0.000651593
0 0.949621 0.928667 0.0216685 0.0466667 0.000662777
0 0.78169 0.496667 0.43662 0.993333 0.000669723
0 0.32584 0.0366667 0.0763814 0.0733333 0.000670776
0 0.714247 0.000666667 0.100217 0.00133333 0.000707182
0 0.686078 0.952 0.031961 0.0773333 0.000716813
0 0.0858613 0.00466667 0.109967 0.00933333 0.000734165
0 0.0232936 0 0.0465872 0 0.000735816
0 0.739978 0.722667 0.0834236 0.365333 0.000738144
0 0.0127302 0.524667 0.0200433 0.278667 0.000745447
0 0.785211 0.0146667 0.0503792 0.0293333 0.000745623
0 0.735645 0.02 0.0628386 0.04 0.000746188
0 0.416576 0.504667 0.523294 0.990667 0.000756771
0 0.699892 0.95 0.0606717 0.092 0.000798899
0 0.988624 1 0.0216685 0 0.000805999
0 0.92389 0.620667 0.031961 0.0253333 0.000828077
0 0.989437 0.550667 0.0167931 0.101333 0.00085667
0 0.790899 0.00933333 0.0866739 0.0186667 0.000863623
0 0.298483 1 0.0704225 0 0.000889201
0 0.942579 0.988 0.0964247 0.024 0.000891038
0 0.409263 0.673333 0.0720477 0.269333 0.000941854
0 0.903575 0.305333 0.0574215 0.0906667 0.000953075
0 0.900867 0.97 0.0249187 0.0333333 0.00100046
0 0.952329 0.920667 0.0238353 0.0226667 0.0010446
0 0.988082 0.982667 0.0151679 0.0346667 0.00105734
0 0.989166 0.914 0.020585 0.132 0.00108238
0 0.98402 0.0873333 0.031961 0.092 0.00109749
0 0.713976 0.968667 0.0769231 0.0546667 0.00113904
0 0.294962 0.0326667 0.0687974 0.0653333 0.00119386
0 0.338299 0.491333 0.0276273 0.0866667 0.00134929
0 0.97779 0.504 0.0303359 0.04 0.00139116
0 0.74675 0.0126667 0.0406284 0.0226667 0.00163138
0 0.0436078 0.000666667 0.0872156 0.00133333 0.00165915
0 0.299025 0.0546667 0.0736728 0.0826667 0.00168926
0 0.989437 0.944667 0.0146262 0.105333 0.0017178
0 0.796316 0.0226667 0.0736728 0.0453333 0.00185459
0 0.985915 0.51 0.0249187 0.0786667 0.0022636
0 0.866739 0.286 0.266522 0.572 0.00467603
0 0.986999 0.828 0.0238353 0.122667 0.00493805
0 0.981853 0.776 0.0362947 0.208 0.00565376
0 0.982123 0.437333 0.0346696 0.186667 0.00620573
0 0.96506 0.094 0.0698808 0.188 0.00792033
0 0.887866 0.329333 0.224269 0.658667 0.0121125
0 0.71831 0.932667 0.0888407 0.105333 0.012714
0 0.728873 0.590667 0.371073 0.818667 0.0129428
0 0.721289 0.782 0.252979 0.436 0.0138419
0 0.981582 0.484 0.0292524 0.0933333 0.0257504
0 0.714518 0.886667 0.0942579 0.226667 0.556395
0 0.408722 0.688 0.0373781 0.16 0.57833
0 0.966956 0.084 0.063922 0.109333 0.631114
0 0.558776 0.521333 0.0330444 0.154667 0.767272
0 0.907367 0.300667 0.108342 0.108 0.881011
0 0.747833 0.693333 0.0655471 0.184 0.902366
