0 0.751896 0.668 0.0574215 0.149333 1.07769e-05
0 0.945287 0.953333 0.0790899 0.0933333 1.08158e-05
0 0.734832 0.541333 0.0774648 0.157333 1.08608e-05
0 0.711809 0.616 0.0400867 0.0346667 1.09359e-05
0 0.823673 0.178 0.174973 0.356 1.09618e-05
0 0.393012 0.992 0.0503792 0.016 1.10207e-05
0 0.947454 0.714 0.0725894 0.156 1.1043e-05
0 0.645991 0.05 0.0568797 0.0813333 1.10477e-05
0 0.93987 0.161333 0.084507 0.186667 1.11244e-05
0 0.307692 0.0453333 0.0433369 0.0586667 1.12155e-05
0 0.868093 0.989333 0.0406284 0.0213333 1.12702e-05
0 0.911159 0.114667 0.084507 0.229333 1.14207e-05
0 0.767064 0.796 0.224269 0.408 1.14526e-05
0 0.290628 0.92 0.0872156 0.16 1.14609e-05
0 0.806609 0.989333 0.0400867 0.0213333 1.15112e-05
0 0.167118 0.348667 0.159805 0.692 1.15422e-05
0 0.237541 0.202 0.0937161 0.230667 1.15612e-05
0 0.334507 0.452667 0.0514626 0.0813333 1.15666e-05
0 0.0888407 0.929333 0.108342 0.141333 1.15749e-05
0 0.488353 0.140667 0.0731311 0.244 1.16064e-05
0 0.886782 0.462667 0.0314193 0.0986667 1.1668e-05
0 0.880553 0.018 0.039545 0.036 1.17052e-05
0 0.780878 0.936 0.0612134 0.128 1.17094e-05
0 0.030065 0.977333 0.0417118 0.0453333 1.17265e-05
0 0.442037 0.422667 0.11701 0.146667 1.17336e-05
0 0.310943 0.0486667 0.0790899 0.0813333 1.18192e-05
0 0.404117 0.715333 0.111593 0.313333 1.18622e-05
0 0.887053 0.504667 0.031961 0.068 1.18675e-05
0 0.182557 0.704 0.125677 0.354667 1.1869e-05
0 0.785753 0.464667 0.115385 0.294667 1.18806e-05
0 0.0799025 0.0526667 0.052546 0.0733333 1.19286e-05
0 0.638678 0.563333 0.0346696 0.174667 1.19316e-05
0 0.547942 0.948 0.0438787 0.0426667 1.19859e-05
0 0.773564 0.212 0.135428 0.424 1.20066e-05
0 0.404117 0.59 0.0455038 0.153333 1.20217e-05
0 0.768689 0.0186667 0.0400867 0.0373333 1.20478e-05
0 0.505146 0.988 0.0471289 0.024 1.20713e-05
0 0.659534 0.176 0.0471289 0.0826667 1.21771e-05
0 0.186078 0.352667 0.121885 0.209333 1.21855e-05
0 0.886782 0.980667 0.0595883 0.0386667 1.22468e-05
0 0.512459 0.209333 0.0747562 0.149333 1.22539e-05
0 0.452871 0.922667 0.100758 0.138667 1.22952e-05
0 0.793608 0.018 0.0411701 0.036 1.22973e-05
0 0.769231 0.967333 0.0390032 0.0386667 1.23311e-05
0 0.759209 0.341333 0.0449621 0.154667 1.23405e-05
0 0.788462 0.0773333 0.0763814 0.154667 1.23498e-05
0 0.9461 0.0873333 0.0850488 0.166667 1.24006e-05
0 0.808776 0.915333 0.0747562 0.169333 1.24146e-05
0 0.882178 0.902667 0.102384 0.194667 1.24633e-05
0 0.916035 0.938667 0.0455038 0.064 1.25176e-05
0 0.568527 0.562 0.129469 0.502667 1.26346e-05
0 0.764626 0.622 0.155471 0.604 1.27226e-05
0 0.906284 0.0166667 0.0422535 0.0333333 1.27332e-05
0 0.862405 0.386 0.0812568 0.249333 1.27609e-05
0 0.195829 0.343333 0.0503792 0.121333 1.27967e-05
0 0.369177 0.078 0.0330444 0.0946667 1.2856e-05
0 0.841008 0.344 0.0817985 0.133333 1.29448e-05
0 0.890845 0.464 0.0807151 0.234667 1.29921e-05
0 0.812568 0.354667 0.0704225 0.168 1.30541e-05
0 0.944204 0.992 0.0465872 0.016 1.31166e-05
0 0.209913 0.603333 0.0438787 0.134667 1.31338e-05
0 0.325298 0.997333 0.0893824 0.00533333 1.31681e-05
0 0.132719 0.566667 0.0801734 0.181333 1.32013e-05
0 0.736728 0.0946667 0.0552546 0.178667 1.32073e-05
0 0.737812 0.0713333 0.0790899 0.142667 1.3298e-05
0 0.513814 0.268 0.0937161 0.168 1.33126e-05
0 0.466685 0.703333 0.0471289 0.0733333 1.33168e-05
0 0.9461 0.018 0.0417118 0.036 1.33916e-05
0 0.689599 0.254 0.0249187 0.068 1.34277e-05
0 0.92091 0.222667 0.144095 0.445333 1.34391e-05
0 0.0964247 0.886 0.0931744 0.193333 1.34596e-05
0 0.653034 0.642 0.0167931 0.06 1.34749e-05
0 0.888678 0.072 0.0850488 0.144 1.34982e-05
0 0.834236 0.456667 0.127844 0.294667 1.3522e-05
0 0.862947 0.531333 0.108342 0.238667 1.3564e-05
0 0.593716 0.428 0.0238353 0.0826667 1.3625e-05
0 0.723185 0.164 0.178765 0.328 1.36572e-05
0 0.922535 1 0.0650054 0 1.36593e-05
0 0.0934453 0.969333 0.118635 0.0613333 1.36607e-05
0 0.907096 0.388667 0.0427952 0.068 1.37333e-05
0 0.723456 0.960667 0.0579632 0.0573333 1.37752e-05
0 0.764085 0.78 0.105634 0.229333 1.38125e-05
0 0.163055 0.955333 0.12026 0.0893333 1.38346e-05
0 0.982665 0.798667 0.0346696 0.0906667 1.38357e-05
0 0.719122 0.974667 0.0449621 0.0293333 1.38716e-05
0 0.518418 0.181333 0.139762 0.362667 1.38786e-05
0 0.657909 0.569333 0.0254605 0.0826667 1.40166e-05
0 0.488624 0.967333 0.0866739 0.0653333 1.41009e-05
0 0.386782 0.534 0.0465872 0.132 1.42302e-05
0 0.0381907 0.825333 0.0763814 0.261333 1.42612e-05
0 0.233749 0.367333 0.0503792 0.110667 1.43794e-05
0 0.428765 0.321333 0.0460455 0.0853333 1.44078e-05
0 0.550921 0.998667 0.092091 0.00266667 1.44547e-05
0 0.755688 0.330667 0.0595883 0.258667 1.45037e-05
0 0.543337 1 0.0444204 0 1.45507e-05
0 0.906826 0.637333 0.0812568 0.12 1.45774e-05
0 0.522481 0.804 0.263814 0.392 1.45998e-05
0 0.535211 0.154667 0.0650054 0.125333 1.46568e-05
0 0.787107 0.984667 0.0769231 0.0306667 1.46608e-05
0 0.336132 0.278667 0.111051 0.274667 1.46926e-05
0 0.255146 0.51 0.0541712 0.126667 1.47057e-05
0 0.130823 0.0533333 0.052546 0.072 1.47338e-05
0 0.468039 0.773333 0.146262 0.24 1.48141e-05
0 0.439057 0.937333 0.0904659 0.125333 1.48278e-05
0 0.946912 0.156667 0.106176 0.313333 1.48507e-05
0 0.682015 0.762 0.105092 0.289333 1.49486e-05
0 0.653575 0.64 0.0633803 0.136 1.49915e-05
0 0.706663 0.386 0.124052 0.561333 1.51097e-05
0 0.430932 0.218 0.0947996 0.222667 1.52015e-05
0 0.518418 0.989333 0.0476706 0.0213333 1.52518e-05
0 0.608613 0.0506667 0.0384615 0.0586667 1.52563e-05
0 0.0579632 0.707333 0.115926 0.281333 1.53113e-05
0 0.707205 0.232667 0.0297941 0.102667 1.54257e-05
0 0.562568 0.797333 0.0568797 0.0853333 1.54928e-05
0 0.257584 0.994667 0.0362947 0.0106667 1.5612e-05
0 0.37026 0.642667 0.0861322 0.253333 1.56551e-05
0 0.763001 0.118 0.0492958 0.166667 1.56748e-05
0 0.373781 0.167333 0.177681 0.334667 1.5763e-05
0 0.217497 0.972 0.103467 0.056 1.57633e-05
0 0.985103 0.701333 0.0297941 0.109333 1.5888e-05
0 0.734832 0.213333 0.0514626 0.12 1.6056e-05
0 0.564735 0.906667 0.0796316 0.186667 1.60918e-05
0 0.490249 0.953333 0.111593 0.0933333 1.61292e-05
0 0.170639 0.439333 0.056338 0.116 1.61541e-05
0 0.446641 0.0426667 0.0352113 0.0613333 1.62118e-05
0 0.952871 0.882667 0.0520043 0.205333 1.6262e-05
0 0.795775 0.962667 0.028169 0.0506667 1.62928e-05
0 0.0539003 0.154667 0.107801 0.309333 1.6368e-05
0 0.0170639 0.784667 0.0341278 0.156 1.63764e-05
0 0.666847 0.491333 0.0422535 0.0946667 1.63878e-05
0 0.10455 0.0153333 0.0520043 0.0306667 1.63895e-05
0 0.886511 0.384 0.0341278 0.088 1.64211e-05
0 0.901408 0.226 0.0758397 0.305333 1.64433e-05
0 0.111863 0.962 0.127302 0.076 1.64497e-05
0 0.356717 0.448667 0.052546 0.110667 1.64619e-05
0 0.743229 0.02 0.0411701 0.04 1.6468e-05
0 0.298483 0.486 0.0509209 0.0573333 1.65158e-05
0 0.906826 0.927333 0.100758 0.145333 1.65806e-05
0 0.832611 0.02 0.0400867 0.04 1.65825e-05
0 0.473456 0.152667 0.143012 0.305333 1.66194e-05
0 0.477519 0.998 0.088299 0.004 1.6722e-05
0 0.273023 0.203333 0.162514 0.406667 1.67772e-05
0 0.86701 0.0266667 0.102384 0.0533333 1.67825e-05
0 0.183099 0.403333 0.0530878 0.118667 1.68435e-05
0 0.813109 0.98 0.0725894 0.04 1.69277e-05
0 0.763001 0.618 0.0893824 0.169333 1.70052e-05
0 0.296587 0.947333 0.0731311 0.0786667 1.70189e-05
0 0.567443 0.547333 0.0817985 0.142667 1.70231e-05
0 0.330715 0.510667 0.0731311 0.125333 1.70393e-05
0 0.380011 1 0.0536295 0 1.70749e-05
0 0.337216 0.145333 0.095883 0.266667 1.70912e-05
0 0.584778 0.423333 0.0211268 0.0866667 1.72075e-05
0 0.786566 0.338 0.0823402 0.148 1.72471e-05
0 0.586945 0.938 0.0417118 0.0653333 1.7282e-05
0 0.387053 0.831333 0.117551 0.14 1.7328e-05
0 0.345883 0.110667 0.0406284 0.0853333 1.73474e-05
0 0.486999 0.567333 0.0834236 0.185333 1.73482e-05
0 0.688516 0.072 0.0790899 0.144 1.73955e-05
0 0.212893 0.964 0.0953413 0.072 1.74987e-05
0 0.77221 0.532 0.0915493 0.186667 1.75794e-05
0 0.734561 0.338667 0.0465872 0.165333 1.75816e-05
0 0.940683 0.066 0.0839653 0.132 1.75869e-05
0 0.35428 0.389333 0.0725894 0.138667 1.75897e-05
0 0.920098 0.228667 0.052546 0.118667 1.76352e-05
0 0.184182 0.700667 0.0855905 0.206667 1.76984e-05
0 0.0571506 0.503333 0.0774648 0.292 1.7789e-05
0 0.837757 0.0833333 0.0720477 0.166667 1.78376e-05
0 0.868093 0.332 0.0417118 0.0773333 1.78737e-05
0 0.264085 0.0706667 0.102384 0.141333 1.78983e-05
0 0.763272 0.877333 0.0834236 0.245333 1.79314e-05
0 0.868364 0.285333 0.15818 0.570667 1.79594e-05
0 0.0427952 0.596 0.0574215 0.282667 1.7993e-05
0 0.620531 1 0.0547129 0 1.80698e-05
0 0.467768 0.611333 0.0872156 0.198667 1.80796e-05
0 0.294962 0.513333 0.052546 0.106667 1.8147e-05
0 0.619177 0.962 0.0693391 0.052 1.81553e-05
0 0.271127 0.992667 0.0373781 0.0146667 1.81679e-05
0 0.945016 0 0.0492958 0 1.82055e-05
0 0.622698 0.159333 0.161972 0.318667 1.82249e-05
0 0.863489 0.980667 0.0693391 0.0386667 1.82712e-05
0 0.24675 0.0766667 0.0427952 0.0973333 1.84265e-05
0 0.723456 0.201333 0.0297941 0.0666667 1.84307e-05
0 0.320964 0.428667 0.0514626 0.0893333 1.8463e-05
0 0.262459 0.986667 0.0763814 0.0266667 1.84966e-05
0 0.818527 0.944667 0.0444204 0.0733333 1.8511e-05
0 0.880553 0.986 0.0341278 0.028 1.85623e-05
0 0.312297 0.207333 0.127302 0.244 1.8563e-05
0 0.305796 0.991333 0.0492958 0.0173333 1.85912e-05
0 0.346966 0.0806667 0.0341278 0.0866667 1.861e-05
0 0.831257 0.990667 0.0449621 0.0186667 1.86185e-05
0 0.363759 0.998 0.108884 0.004 1.86335e-05
0 0.637324 0.528 0.0178765 0.0693333 1.86512e-05
0 0.0200433 0.976 0.028169 0.0453333 1.86666e-05
0 0.327194 0.636 0.0823402 0.2 1.86788e-05
0 0.184453 0.874667 0.111051 0.218667 1.86821e-05
0 0.855634 0.101333 0.0893824 0.133333 1.86974e-05
0 0.468852 0.616667 0.147887 0.497333 1.8727e-05
0 0.245937 0.702667 0.0942579 0.208 1.8741e-05
0 0.667931 0.204667 0.131094 0.409333 1.87714e-05
0 0.41468 0.265333 0.150054 0.530667 1.88592e-05
0 0.531419 0.986667 0.0455038 0.0266667 1.88654e-05
0 0.666576 0.346 0.0774648 0.185333 1.89663e-05
0 0.316631 1 0.0482123 0 1.90514e-05
0 0.517335 0.969333 0.112676 0.0613333 1.90833e-05
0 0.849946 0.006 0.0758397 0.012 1.91543e-05
0 0.406826 0.421333 0.0985916 0.285333 1.91846e-05
0 0.308234 0.473333 0.071506 0.104 1.9232e-05
0 0.711268 0.622 0.0671723 0.148 1.92913e-05
0 0.958017 0.994667 0.0460455 0.0106667 1.93168e-05
0 0.813922 0.264667 0.0850488 0.166667 1.94299e-05
0 0.633261 0.262 0.099675 0.297333 1.96448e-05
0 0.856988 0.0586667 0.0400867 0.0586667 1.96542e-05
0 0.765439 0.026 0.100758 0.052 1.96686e-05
0 0.468852 1 0.0492958 0 1.97026e-05
0 0.371343 0.420667 0.165222 0.681333 1.9771e-05
0 0.460726 0.148 0.0926327 0.165333 1.98152e-05
0 0.393554 0.424667 0.0579632 0.158667 1.98312e-05
0 0.769502 0.386 0.134886 0.574667 1.99266e-05
0 0.88922 0.970667 0.0666305 0.0586667 1.99811e-05
0 0.737541 0.962667 0.0579632 0.0373333 2.00213e-05
0 0.401679 0.940667 0.112134 0.118667 2.01083e-05
0 0.815005 0.0266667 0.0937161 0.0533333 2.01085e-05
0 0.293066 1 0.0444204 0 2.02157e-05
0 0.650596 0.638 0.028169 0.0946667 2.02247e-05
0 0.211268 0.284667 0.11701 0.406667 2.02553e-05
0 0.406013 0.458 0.0471289 0.121333 2.02571e-05
0 0.974269 0.169333 0.0514626 0.226667 2.03739e-05
0 0.41766 1 0.0530878 0 2.03887e-05
0 0.81013 0.394 0.109967 0.246667 2.04148e-05
0 0.821506 1 0.0622969 0 2.05409e-05
0 0.945016 0.293333 0.0926327 0.136 2.06068e-05
0 0.816901 0.536 0.112676 0.197333 2.06461e-05
0 0.420368 0.04 0.0780065 0.08 2.06605e-05
0 0.952329 0.384 0.0476706 0.048 2.07129e-05
0 0.569068 0.0393333 0.0449621 0.0546667 2.07772e-05
0 0.157367 0.543333 0.0557963 0.137333 2.07906e-05
0 0.88922 0.392667 0.0644637 0.172 2.08497e-05
0 0.280878 0.05 0.0482123 0.0653333 2.09111e-05
0 0.591278 0.452667 0.0222102 0.06 2.09595e-05
0 0.633803 0.983333 0.0400867 0.0253333 2.09615e-05
0 0.70558 0.111333 0.0774648 0.153333 2.09683e-05
0 0.805796 0.940667 0.0438787 0.0973333 2.09782e-05
0 0.417931 0.987333 0.0503792 0.0253333 2.10473e-05
0 0.675515 0.525333 0.0650054 0.298667 2.10696e-05
0 0.656826 0.499333 0.113218 0.508 2.11204e-05
0 0.539274 0.921333 0.107801 0.117333 2.11604e-05
0 0.236457 0.286667 0.111051 0.221333 2.11819e-05
0 0.9052 0 0.0498375 0 2.12651e-05
0 0.77221 0.382667 0.0839653 0.197333 2.13054e-05
0 0.0790899 0.018 0.0520043 0.036 2.14342e-05
0 0.219664 0.28 0.200975 0.56 2.15313e-05
0 0.599946 0.94 0.0720477 0.117333 2.16025e-05
0 0.285211 0.976 0.039545 0.0426667 2.16057e-05
0 0.314464 0.264 0.167389 0.528 2.16971e-05
0 0.221289 0.338 0.0492958 0.113333 2.17091e-05
0 0.867551 0 0.0492958 0 2.17465e-05
0 0.969393 0 0.0471289 0 2.17492e-05
0 0.115114 1 0.0492958 0 2.17493e-05
0 0.713434 0.998 0.0942579 0.004 2.17547e-05
0 0.543337 0.218667 0.104009 0.117333 2.18124e-05
0 0.353738 0.163333 0.0650054 0.18 2.1862e-05
0 0.619447 0.979333 0.0384615 0.0253333 2.19289e-05
0 0.505146 1 0.0514626 0 2.19821e-05
0 0.434453 0.103333 0.071506 0.206667 2.19893e-05
0 0.297942 0.445333 0.063922 0.088 2.19914e-05
0 0.820152 0.204 0.131094 0.408 2.2074e-05
0 0.748104 0.172 0.0552546 0.322667 2.20799e-05
0 0.73104 0.33 0.06013 0.297333 2.21036e-05
0 0.632449 0.968 0.0991333 0.064 2.21078e-05
0 0.313651 0.103333 0.111593 0.206667 2.21278e-05
0 0.684182 0.975333 0.0400867 0.028 2.21335e-05
0 0.989978 0.736667 0.0200433 0.1 2.21463e-05
0 0.941224 0.513333 0.0752979 0.16 2.22618e-05
0 0.692849 0.982667 0.0660888 0.0346667 2.22667e-05
0 0.622427 0.522667 0.0476706 0.128 2.23103e-05
0 0.141658 0.0746667 0.102384 0.149333 2.23913e-05
0 0.221831 0.636 0.0449621 0.130667 2.24031e-05
0 0.0181473 0.922667 0.0362947 0.154667 2.24729e-05
0 0.663055 0.431333 0.063922 0.294667 2.25683e-05
0 0.167118 1 0.0471289 0 2.26525e-05
0 0.684453 0.946 0.130553 0.108 2.27728e-05
0 0.916847 0.0253333 0.102384 0.0506667 2.27818e-05
0 0.0823402 0.336667 0.138678 0.276 2.28648e-05
0 0.266251 1 0.039545 0 2.28997e-05
0 0.0880282 0 0.0557963 0 2.29105e-05
0 0.687703 0.346 0.0373781 0.166667 2.29165e-05
0 0.0539003 0.0246667 0.052546 0.0493333 2.29587e-05
0 0.867822 0.250667 0.092091 0.184 2.30287e-05
0 0.160347 0.0846667 0.0433369 0.113333 2.30291e-05
0 0.707205 0.21 0.0449621 0.092 2.30886e-05
0 0.439599 0.992 0.0980498 0.016 2.31501e-05
0 0.888137 1 0.0752979 0 2.32473e-05
0 0.71533 0.0253333 0.106717 0.0506667 2.33268e-05
0 0.105905 0.992667 0.0785482 0.0146667 2.33311e-05
0 0.909534 0.193333 0.0541712 0.146667 2.3337e-05
0 0.798483 0.00466667 0.0747562 0.00933333 2.34758e-05
0 0.158451 0.465333 0.0557963 0.12 2.36091e-05
0 0.804984 0 0.0487541 0 2.36274e-05
0 0.443933 1 0.0514626 0 2.37209e-05
0 0.751896 0.998667 0.0812568 0.00266667 2.38368e-05
0 0.699892 0.150667 0.0260022 0.0426667 2.39975e-05
0 0.676598 0.222667 0.0704225 0.170667 2.39983e-05
0 0.381094 0.952667 0.222644 0.0946667 2.39997e-05
0 0.0950704 0.567333 0.0915493 0.26 2.40516e-05
0 0.918743 1 0.0433369 0 2.40554e-05
0 0.245395 0.398 0.0520043 0.102667 2.41394e-05
0 0.569881 0.454 0.0216685 0.0786667 2.42451e-05
0 0.549567 0.806667 0.0297941 0.0853333 2.43901e-05
0 0.790358 0.112 0.084507 0.149333 2.43958e-05
0 0.593716 0.246667 0.0487541 0.106667 2.43984e-05
0 0.71831 0.02 0.0433369 0.04 2.45247e-05
0 0.140574 1 0.0492958 0 2.45619e-05
0 0.916847 0.223333 0.031961 0.0386667 2.46935e-05
0 0.807963 0.886667 0.116468 0.213333 2.47659e-05
0 0.703413 0.262 0.0417118 0.169333 2.48822e-05
0 0.958288 0.283333 0.0834236 0.452 2.49442e-05
0 0.45558 0.986 0.0455038 0.028 2.49842e-05
0 0.311484 0.968667 0.092091 0.0626667 2.50062e-05
0 0.0994041 0.282 0.192308 0.564 2.5029e-05
0 0.783586 0.963333 0.031961 0.044 2.52245e-05
0 0.193391 0.116667 0.0465872 0.121333 2.52491e-05
0 0.772752 0.882 0.0254605 0.14 2.52716e-05
0 0.270585 0.472 0.0644637 0.08 2.52982e-05
0 0.964247 0.279333 0.028169 0.0653333 2.53106e-05
0 0.0891116 1 0.0503792 0 2.53554e-05
0 0.66441 0.0266667 0.0991333 0.0533333 2.53748e-05
0 0.843445 0 0.0487541 0 2.54684e-05
0 0.621073 0.465333 0.067714 0.245333 2.55898e-05
0 0.0314193 0.878 0.0390032 0.209333 2.57495e-05
0 0.82909 0.776 0.165222 0.253333 2.5775e-05
0 0.134886 0.422 0.176598 0.241333 2.57994e-05
0 0.217497 0.829333 0.0731311 0.338667 2.58614e-05
0 0.691766 0.960667 0.118093 0.076 2.59522e-05
0 0.0652763 1 0.0503792 0 2.59536e-05
0 0.041441 0.974667 0.0828819 0.0506667 2.60702e-05
0 0.748375 0.00466667 0.0807151 0.00933333 2.61215e-05
0 0.971018 0.02 0.0373781 0.04 2.61291e-05
0 0.868364 0.630667 0.0509209 0.048 2.61514e-05
0 0.585861 0.454667 0.0362947 0.109333 2.61713e-05
0 0.0132719 0.937333 0.0265439 0.125333 2.62811e-05
0 0.0092091 0.966 0.00975081 0.068 2.63003e-05
0 0.778711 0.211333 0.0655471 0.249333 2.63592e-05
0 0.856446 0.02 0.0390032 0.04 2.63618e-05
0 0.835861 0.0693333 0.0390032 0.0613333 2.64311e-05
0 0.353467 0 0.052546 0 2.66053e-05
0 0.586945 0.107333 0.0633803 0.158667 2.67175e-05
0 0.819881 0.970667 0.0438787 0.032 2.6802e-05
0 0.87026 0.358667 0.0308776 0.0906667 2.68332e-05
0 0.816631 0.522 0.176056 0.561333 2.68949e-05
0 0.704767 0.34 0.0455038 0.162667 2.69151e-05
0 0.163326 0.112 0.0893824 0.224 2.71054e-05
0 0.780607 0.991333 0.0422535 0.0173333 2.71341e-05
0 0.958288 0.604667 0.0834236 0.484 2.73669e-05
0 0.242145 0.997333 0.0422535 0.00533333 2.74079e-05
0 0.210997 0.541333 0.0471289 0.122667 2.75228e-05
0 0.748646 0.974667 0.0671723 0.0453333 2.76226e-05
0 0.559047 0.450667 0.0465872 0.117333 2.76892e-05
0 0.612947 0.116 0.0612134 0.232 2.80174e-05
0 0.952329 0.434667 0.0325027 0.072 2.80401e-05
0 0.297942 0.97 0.0671723 0.0546667 2.82028e-05
0 0.659263 0.567333 0.0617551 0.156 2.82447e-05
0 0.884345 0.944 0.0568797 0.112 2.82749e-05
0 0.280336 0.348667 0.137053 0.196 2.82904e-05
0 0.742416 0 0.0492958 0 2.83951e-05
0 0.492687 0.486667 0.0503792 0.109333 2.83974e-05
0 0.899512 0.00466667 0.0861322 0.00933333 2.86949e-05
0 0.635699 0.0706667 0.0709642 0.141333 2.88633e-05
0 0.43039 0 0.0503792 0 2.88883e-05
0 0.488082 0.387333 0.0942579 0.142667 2.90951e-05
0 0.906284 0.512 0.0704225 0.136 2.92249e-05
0 0.11078 0.0913333 0.108884 0.145333 2.92467e-05
0 0.76273 0.028 0.0660888 0.056 2.93094e-05
0 0.656013 0.00466667 0.0650054 0.00933333 2.95213e-05
0 0.744041 0.974667 0.0427952 0.024 2.95377e-05
0 0.885428 0.337333 0.0926327 0.202667 2.96096e-05
0 0.942308 0 0.052546 0 2.96374e-05
0 0.486728 0.945333 0.182557 0.109333 2.98271e-05
0 0.736457 0.919333 0.0980498 0.161333 2.99923e-05
0 0.606176 0.958 0.0595883 0.084 3.0088e-05
0 0.260834 0.140667 0.127302 0.222667 3.0243e-05
0 0.860509 0.333333 0.0254605 0.0533333 3.02584e-05
0 0.713705 0.915333 0.13922 0.1 3.0332e-05
0 0.115114 0.00133333 0.0568797 0.00266667 3.06044e-05
0 0.20558 0.048 0.0471289 0.072 3.06529e-05
0 0.136511 0.652 0.169014 0.341333 3.07211e-05
0 0.0595883 0.961333 0.107259 0.0773333 3.07727e-05
0 0.89545 0.363333 0.0390032 0.084 3.0856e-05
0 0.281148 0.639333 0.0780065 0.236 3.09225e-05
0 0.7026 0.334 0.0552546 0.297333 3.09715e-05
0 0.461268 0.0473333 0.0352113 0.0653333 3.09771e-05
0 0.904659 0.579333 0.0758397 0.164 3.11224e-05
0 0.0186891 0.29 0.0373781 0.148 3.1523e-05
0 0.780607 0 0.0498375 0 3.15874e-05
0 0.770314 0.938667 0.0422535 0.0853333 3.17165e-05
0 0.704767 0.516 0.0660888 0.157333 3.22132e-05
0 0.434453 0.0746667 0.0487541 0.149333 3.2225e-05
0 0.444204 0.983333 0.0498375 0.0333333 3.24627e-05
0 0.511647 0.148 0.0817985 0.154667 3.24636e-05
0 0.693933 0.006 0.0660888 0.012 3.25049e-05
0 0.134345 0.665333 0.107259 0.237333 3.25611e-05
0 0.47481 0.0653333 0.0200433 0.0826667 3.27379e-05
0 0.196371 0.435333 0.0536295 0.116 3.27433e-05
0 0.717497 0 0.0492958 0 3.28404e-05
0 0.0167931 0.842 0.0335861 0.150667 3.28896e-05
0 0.216143 0.024 0.115926 0.048 3.29097e-05
0 0.192849 1 0.0487541 0 3.29692e-05
0 0.687703 0.234 0.0352113 0.0866667 3.2992e-05
0 0.89247 1 0.0417118 0 3.30413e-05
0 0.221018 0.388 0.056338 0.122667 3.30978e-05
0 0.859426 0.356667 0.0276273 0.0813333 3.31914e-05
0 0.678765 0.53 0.0671723 0.14 3.31915e-05
0 0.754875 0.19 0.0330444 0.0546667 3.3203e-05
0 0.232124 0.750667 0.138137 0.44 3.34334e-05
0 0.985645 0.836667 0.0287107 0.156 3.353e-05
0 0.679036 0.886667 0.138137 0.178667 3.38689e-05
0 0.355905 0.104 0.0736728 0.208 3.39935e-05
0 0.562026 0.138 0.138137 0.276 3.41086e-05
0 0.136782 0.876 0.120802 0.221333 3.43574e-05
0 0.290358 0.0293333 0.105092 0.0586667 3.45015e-05
0 0.305796 0 0.0514626 0 3.45151e-05
0 0.906284 0.509333 0.0433369 0.0746667 3.45684e-05
0 0.588841 0.0333333 0.0953413 0.0666667 3.46746e-05
0 0.710184 0.604 0.020585 0.0506667 3.4778e-05
0 0.392199 0 0.0520043 0 3.48343e-05
0 0.241603 0.0906667 0.0953413 0.16 3.50243e-05
0 0.900054 0.258 0.0308776 0.0653333 3.51393e-05
0 0.947454 1 0.0650054 0 3.51862e-05
0 0.41143 0.463333 0.0612134 0.217333 3.51968e-05
0 0.948537 0.433333 0.0595883 0.125333 3.53806e-05
0 0.0506501 0.00133333 0.0557963 0.00266667 3.53918e-05
0 0.566089 0.391333 0.0606717 0.289333 3.54014e-05
0 0.397346 0.002 0.0861322 0.004 3.54658e-05
0 0.12351 0.058 0.100758 0.0866667 3.55131e-05
0 0.361593 0.978 0.119718 0.044 3.57345e-05
0 0.739437 0.692667 0.0227519 0.0413333 3.57469e-05
0 0.889491 0.0273333 0.0964247 0.0546667 3.57866e-05
0 0.839112 0.984667 0.0866739 0.0306667 3.60845e-05
0 0.781148 0.888667 0.0574215 0.158667 3.617e-05
0 0.668472 0 0.0498375 0 3.61766e-05
0 0.599946 0.334 0.0417118 0.102667 3.6289e-05
0 0.762188 0.984667 0.0823402 0.0306667 3.63794e-05
0 0.207476 0.102667 0.0964247 0.205333 3.66125e-05
0 0.439599 0.960667 0.154388 0.0786667 3.66168e-05
0 0.915493 0.978667 0.0931744 0.0426667 3.66385e-05
0 0.6961 0.605333 0.0422535 0.322667 3.6785e-05
0 0.169014 0.0226667 0.12351 0.0453333 3.70154e-05
0 0.24675 0.432667 0.0514626 0.0733333 3.71828e-05
0 0.0408992 1 0.052546 0 3.74038e-05
0 0.485374 0.002 0.0899242 0.004 3.74166e-05
0 0.0408992 0.743333 0.0817985 0.513333 3.75998e-05
0 0.636241 0.178 0.0807151 0.126667 3.76254e-05
0 0.606717 0.366667 0.110509 0.445333 3.76522e-05
0 0.692308 0.99 0.0465872 0.02 3.77801e-05
0 0.580986 0.996667 0.0503792 0.00666667 3.78396e-05
0 0.912514 0.354667 0.0926327 0.125333 3.78955e-05
0 0.560401 0.976 0.0460455 0.0266667 3.78971e-05
0 0.756501 0.992 0.0492958 0.016 3.79313e-05
0 0.8513 1 0.0752979 0 3.79398e-05
0 0.864572 0.604 0.106176 0.133333 3.79446e-05
0 0.363218 0.846667 0.244312 0.306667 3.79599e-05
0 0.323131 0.0433333 0.0427952 0.06 3.79739e-05
0 0.550379 0.965333 0.0693391 0.0426667 3.80792e-05
0 0.692849 0.415333 0.0400867 0.265333 3.838e-05
0 0.314464 0.955333 0.132719 0.0893333 3.85288e-05
0 0.232394 0.360667 0.104009 0.182667 3.90067e-05
0 0.479415 0 0.0530878 0 3.91389e-05
0 0.985915 0.912 0.028169 0.176 3.92099e-05
0 0.789816 0.0273333 0.0834236 0.0546667 3.92349e-05
0 0.942308 1 0.0471289 0 3.96324e-05
0 0.634074 0.101333 0.0709642 0.122667 3.97341e-05
0 0.729415 1 0.0460455 0 3.98693e-05
0 0.281419 0.818667 0.155471 0.362667 3.98867e-05
0 0.0590466 0.588667 0.118093 0.313333 3.99028e-05
0 0.655742 0.0193333 0.0438787 0.0386667 4.0068e-05
0 0.208559 0.623333 0.071506 0.188 4.00883e-05
0 0.401408 0.995333 0.104009 0.00933333 4.01622e-05
0 0.69312 0.459333 0.0460455 0.105333 4.02649e-05
0 0.917931 0.395333 0.088299 0.105333 4.05226e-05
0 0.0130011 0.941333 0.0151679 0.117333 4.06196e-05
0 0.0067714 0.75 0.0135428 0.156 4.077e-05
0 0.605363 0 0.0492958 0 4.07701e-05
0 0.982665 0.00333333 0.0335861 0.00666667 4.09202e-05
0 0.817172 0.119333 0.0796316 0.124 4.10005e-05
0 0.609967 0.195333 0.130011 0.390667 4.1027e-05
0 0.559859 0.0806667 0.0850488 0.142667 4.14406e-05
0 0.890574 0.631333 0.0487541 0.0573333 4.15794e-05
0 0.68987 1 0.0471289 0 4.15964e-05
0 0.463434 0.036 0.0872156 0.072 4.19082e-05
0 0.972914 0.509333 0.0422535 0.0853333 4.19852e-05
0 0.289274 0.977333 0.0812568 0.0453333 4.20488e-05
0 0.663597 0.98 0.0780065 0.04 4.21197e-05
0 0.0287107 0.34 0.0476706 0.234667 4.222e-05
0 0.203413 0 0.0547129 0 4.23195e-05
0 0.656555 0.527333 0.0314193 0.0813333 4.23457e-05
0 0.0590466 0.878667 0.108342 0.221333 4.24568e-05
0 0.546045 0.989333 0.0476706 0.0213333 4.24875e-05
0 0.865926 1 0.0427952 0 4.25062e-05
0 0.293066 0.022 0.0650054 0.044 4.26257e-05
0 0.0306067 0.532667 0.0417118 0.286667 4.26955e-05
0 0.865114 0 0.0530878 0 4.27778e-05
0 0.384886 0.100667 0.0720477 0.201333 4.30602e-05
0 0.600217 0.868667 0.121343 0.262667 4.31213e-05
0 0.706934 0.161333 0.0650054 0.152 4.31865e-05
0 0.0425244 0.0586667 0.0709642 0.106667 4.33133e-05
0 0.643012 0 0.0498375 0 4.34167e-05
0 0.612676 0.106 0.0476706 0.148 4.3512e-05
0 0.843987 0.086 0.0465872 0.0626667 4.37295e-05
0 0.942849 0.984 0.0861322 0.032 4.37433e-05
0 0.139491 0.002 0.0557963 0.004 4.4179e-05
0 0.541712 0 0.0530878 0 4.42573e-05
0 0.731853 0.989333 0.0476706 0.0213333 4.43452e-05
0 0.619447 1 0.0406284 0 4.4428e-05
0 0.495125 0.00733333 0.0444204 0.0146667 4.44544e-05
0 0.413326 0.59 0.126761 0.446667 4.46443e-05
0 0.986728 0.661333 0.0200433 0.186667 4.47811e-05
0 0.0926327 0.022 0.140845 0.044 4.49925e-05
0 0.283586 0.990667 0.0427952 0.0186667 4.51966e-05
0 0.63922 1 0.0736728 0 4.54303e-05
0 0.934453 0.611333 0.0747562 0.169333 4.54375e-05
0 0.389491 0.492667 0.0910076 0.225333 4.55077e-05
0 0.840737 0 0.0530878 0 4.55368e-05
0 0.290899 0.572 0.0769231 0.178667 4.57061e-05
0 0.0284399 0.034 0.0568797 0.068 4.58297e-05
0 0.906826 0.462667 0.0769231 0.128 4.58339e-05
0 0.676056 0.784667 0.214518 0.430667 4.58951e-05
0 0.583965 0.371333 0.0476706 0.278667 4.60528e-05
0 0.848592 0.157333 0.0763814 0.152 4.6222e-05
0 0.634345 0.220667 0.11701 0.110667 4.6271e-05
0 0.859697 0.0346667 0.0855905 0.0693333 4.66224e-05
0 0.903034 0 0.0530878 0 4.67187e-05
0 0.872156 0.634 0.0975081 0.0653333 4.68536e-05
0 0.692849 0.000666667 0.0498375 0.00133333 4.73878e-05
0 0.815818 0.0353333 0.0812568 0.0706667 4.75319e-05
0 0.282503 0.267333 0.163055 0.321333 4.75855e-05
0 0.0140845 0.0406667 0.0238353 0.0813333 4.75857e-05
0 0.559859 0.000666667 0.088299 0.00133333 4.75917e-05
0 0.235645 0.841333 0.0465872 0.253333 4.77047e-05
0 0.39545 0.0413333 0.0411701 0.064 4.85503e-05
0 0.27519 0.705333 0.119177 0.274667 4.89393e-05
0 0.522752 0.00333333 0.0855905 0.00666667 4.92392e-05
0 0.514085 0.998 0.102925 0.004 4.9329e-05
0 0.445016 0.00533333 0.0590466 0.0106667 4.93992e-05
0 0.788462 1 0.0763814 0 4.95547e-05
0 0.655471 0.821333 0.128927 0.314667 4.97484e-05
0 0.561755 0.768667 0.0682557 0.190667 4.97976e-05
0 0.666306 0.441333 0.063922 0.133333 4.98577e-05
0 0.802275 0 0.0530878 0 5.00943e-05
0 0.884074 0.96 0.0249187 0.0506667 5.02947e-05
0 0.906013 0.949333 0.0817985 0.0826667 5.05829e-05
0 0.242958 0 0.0514626 0 5.07984e-05
0 0.736999 0.950667 0.103467 0.0853333 5.08022e-05
0 0.901138 0.244667 0.0687974 0.1 5.15977e-05
0 0.448267 0 0.088299 0 5.1774e-05
0 0.270314 0.468 0.0942579 0.128 5.19058e-05
0 0.35455 0.088 0.0492958 0.144 5.20684e-05
0 0.522752 0.432667 0.0834236 0.132 5.2345e-05
0 0.00704225 0.842 0.0130011 0.156 5.23792e-05
0 0.95585 1 0.0492958 0 5.26423e-05
0 0.0132719 0.0153333 0.0265439 0.0306667 5.26474e-05
0 0.642741 0.442 0.0503792 0.134667 5.26476e-05
0 0.583424 0.450667 0.0173348 0.0693333 5.28174e-05
0 0.368906 0.044 0.035753 0.064 5.28617e-05
0 0.695287 0.211333 0.0167931 0.132 5.30429e-05
0 0.328548 0 0.0547129 0 5.31923e-05
0 0.0186891 0.227333 0.0373781 0.153333 5.32089e-05
0 0.567985 0.398 0.0427952 0.142667 5.34389e-05
0 0.693662 0.0186667 0.0438787 0.0373333 5.37773e-05
0 0.659534 0.116 0.0872156 0.128 5.38856e-05
0 0.086403 0.105333 0.144637 0.210667 5.40826e-05
0 0.411701 0.058 0.0325027 0.113333 5.41585e-05
0 0.940953 0.398667 0.0303359 0.072 5.43089e-05
0 0.516793 0 0.0530878 0 5.4333e-05
0 0.426327 0.569333 0.0877573 0.176 5.43622e-05
0 0.171993 0.114667 0.0449621 0.122667 5.45774e-05
0 0.738082 0.983333 0.0872156 0.0333333 5.46593e-05
0 0.632449 0.0893333 0.0330444 0.0693333 5.4914e-05
0 0.471289 0.00666667 0.0455038 0.0133333 5.50076e-05
0 0.696641 0.97 0.0433369 0.028 5.51311e-05
0 0.965872 0 0.0520043 0 5.52376e-05
0 0.130823 0.018 0.052546 0.036 5.54495e-05
0 0.625406 0.473333 0.0492958 0.117333 5.54633e-05
0 0.804713 1 0.0427952 0 5.54764e-05
0 0.63299 0.0593333 0.0373781 0.0706667 5.62845e-05
0 0.0541712 0.27 0.0866739 0.305333 5.63061e-05
0 0.236999 0.999333 0.0774648 0.00133333 5.64987e-05
0 0.184724 0.098 0.0823402 0.164 5.66726e-05
0 0.265981 0 0.0541712 0 5.68952e-05
0 0.286566 0.0913333 0.11701 0.132 5.7107e-05
0 0.00812568 0.198667 0.0162514 0.154667 5.73919e-05
0 0.842362 1 0.0433369 0 5.74277e-05
0 0.875677 0.965333 0.0287107 0.032 5.7739e-05
0 0.334507 0.000666667 0.0872156 0.00133333 5.8062e-05
0 0.894908 0.49 0.0368364 0.0786667 5.87963e-05
0 0.322589 0.869333 0.140303 0.208 5.88727e-05
0 0.272752 0.0546667 0.0850488 0.0853333 5.97575e-05
0 0.828277 0.208667 0.0520043 0.297333 6.0472e-05
0 0.0184182 0.476667 0.0368364 0.145333 6.05981e-05
0 0.750813 0.187333 0.0465872 0.110667 6.07176e-05
0 0.71533 0 0.0536295 0 6.0953e-05
0 0.838028 0.0433333 0.0736728 0.084 6.10182e-05
0 0.188516 0.999333 0.0985916 0.00133333 6.10488e-05
0 0.249729 1 0.0736728 0 6.14304e-05
0 0.425785 0.51 0.0812568 0.156 6.14697e-05
0 0.740249 0 0.0536295 0 6.17715e-05
0 0.619989 0.989333 0.0427952 0.0186667 6.20124e-05
0 0.942579 0.0253333 0.0834236 0.0506667 6.21275e-05
0 0.566901 0 0.0536295 0 6.21389e-05
0 0.026273 0.722 0.052546 0.404 6.21909e-05
0 0.660076 0.979333 0.0698808 0.0386667 6.25746e-05
0 0.483478 0.0106667 0.0406284 0.0213333 6.30961e-05
0 0.302275 0 0.0552546 0 6.31777e-05
0 0.841278 0.0113333 0.0704225 0.0226667 6.34985e-05
0 0.0157096 0.593333 0.0314193 0.157333 6.35782e-05
0 0.184724 0.461333 0.0530878 0.117333 6.37171e-05
0 0.330986 0.419333 0.143012 0.257333 6.41727e-05
0 0.179036 0 0.0557963 0 6.43137e-05
0 0.0176056 0.909333 0.0287107 0.128 6.44139e-05
0 0.979957 0.948667 0.0400867 0.102667 6.45334e-05
0 0.68039 0.992667 0.0476706 0.0146667 6.46009e-05
0 0.23727 0.004 0.0877573 0.008 6.47209e-05
0 0.360238 0.458667 0.0855905 0.176 6.47358e-05
0 0.567985 1 0.0417118 0 6.48767e-05
0 0.217768 0.999333 0.0487541 0.00133333 6.52278e-05
0 0.028169 0.956667 0.056338 0.0866667 6.53984e-05
0 0.114301 1 0.0530878 0 6.55493e-05
0 0.416035 0.806667 0.162514 0.218667 6.56123e-05
0 0.17091 0.494 0.0557963 0.132 6.562e-05
0 0.500542 0.983333 0.107259 0.0333333 6.6009e-05
0 0.454767 0 0.052546 0 6.62176e-05
0 0.0853196 0.0586667 0.107801 0.0906667 6.63664e-05
0 0.092091 0.014 0.084507 0.028 6.64433e-05
0 0.949892 0.459333 0.100217 0.332 6.64603e-05
0 0.771398 0.179333 0.0552546 0.110667 6.67846e-05
0 0.593716 0.0166667 0.0465872 0.0333333 6.70308e-05
0 0.755146 1 0.0465872 0 6.73475e-05
0 0.975623 0.961333 0.0487541 0.0666667 6.77334e-05
0 0.352925 0.581333 0.109967 0.232 6.8026e-05
0 0.894908 0.958667 0.0552546 0.0533333 6.82616e-05
0 0.632178 0.0206667 0.0433369 0.0413333 6.84876e-05
0 0.615655 0 0.0536295 0 6.85041e-05
0 0.641928 1 0.0476706 0 6.87833e-05
0 0.387324 0.0446667 0.0823402 0.0893333 6.88879e-05
0 0.956934 0.801333 0.0861322 0.349333 6.92385e-05
0 0.137595 1 0.105092 0 6.93031e-05
0 0.112947 0.548667 0.186891 0.278667 6.93379e-05
0 0.656826 0.982 0.0417118 0.0253333 6.94782e-05
0 0.0560672 0.410667 0.102384 0.272 6.95995e-05
0 0.637324 0.985333 0.0666305 0.0293333 7.05039e-05
0 0.622156 0.982 0.0579632 0.036 7.05182e-05
0 0.777627 0 0.0536295 0 7.05255e-05
0 0.320152 0.00133333 0.0498375 0.00266667 7.06542e-05
0 0.567985 0.00533333 0.0612134 0.0106667 7.07885e-05
0 0.0365655 0.07 0.0731311 0.14 7.08319e-05
0 0.0761105 1 0.0536295 0 7.14303e-05
0 0.400054 0.982667 0.116468 0.0346667 7.17712e-05
0 0.580444 0 0.0503792 0 7.21491e-05
0 0.603738 1 0.0373781 0 7.29131e-05
0 0.570693 0.928667 0.0720477 0.110667 7.41481e-05
0 0.450975 0.975333 0.0947996 0.0493333 7.46948e-05
0 0.323673 0.433333 0.0969664 0.162667 7.49387e-05
0 0.195287 0.514667 0.0514626 0.141333 7.51643e-05
0 0.687974 0.986667 0.104009 0.0266667 7.53803e-05
0 0.677681 0 0.0541712 0 7.53836e-05
0 0.692849 0.415333 0.0433369 0.118667 7.59613e-05
0 0.244312 0.00466667 0.071506 0.00933333 7.60059e-05
0 0.166035 1 0.0503792 0 7.61556e-05
0 0.689328 0.140667 0.0362947 0.0946667 7.61986e-05
0 0.0826111 0.472667 0.151138 0.289333 7.65568e-05
0 0.689057 0.0233333 0.0834236 0.0466667 7.68264e-05
0 0.156826 0.0493333 0.0449621 0.08 7.70237e-05
0 0.682286 0.46 0.0330444 0.0586667 7.71639e-05
0 0.590737 0 0.0536295 0 7.71713e-05
0 0.653034 0 0.0536295 0 7.73363e-05
0 0.818527 0.182 0.0769231 0.126667 7.75093e-05
0 0.38299 0.074 0.0552546 0.126667 7.75707e-05
0 0.789545 0.00866667 0.0709642 0.0173333 7.8178e-05
0 0.822319 0.745333 0.212351 0.509333 7.84143e-05
0 0.246208 0.679333 0.492416 0.641333 7.84931e-05
0 0.139762 1 0.0520043 0 7.87163e-05
0 0.98727 0.437333 0.0254605 0.096 7.90982e-05
0 0.633261 0.992 0.0465872 0.016 7.93993e-05
0 0.0067714 0.688667 0.0135428 0.156 7.95345e-05
0 0.0343987 0.239333 0.0687974 0.478667 8.04924e-05
0 0.98727 0 0.0254605 0 8.07065e-05
0 0.989166 0.479333 0.0216685 0.108 8.09523e-05
0 0.985374 0.0226667 0.0292524 0.0453333 8.17647e-05
0 0.740791 0.0113333 0.0774648 0.0226667 8.19363e-05
0 0.240249 1 0.0460455 0 8.21704e-05
0 0.307692 0.014 0.0465872 0.028 8.34e-05
0 0.113489 0.756 0.226977 0.450667 8.40382e-05
0 0.0511918 1 0.0536295 0 8.45003e-05
0 0.666306 1 0.0487541 0 8.49692e-05
0 0.612134 0.0313333 0.0585049 0.0626667 8.54231e-05
0 0.972102 0.469333 0.0492958 0.0826667 8.54784e-05
0 0.689057 0.207333 0.0444204 0.294667 8.55488e-05
0 0.349404 0.456 0.698808 0.912 8.60781e-05
0 0.778982 1 0.0455038 0 8.66386e-05
0 0.211268 0.484 0.0487541 0.0986667 8.66612e-05
0 0.181203 0.0513333 0.0492958 0.0786667 8.70729e-05
0 0.0173348 0.536 0.0346696 0.154667 8.77518e-05
0 0.667931 0.174 0.0823402 0.121333 8.80335e-05
0 0.915222 0.00933333 0.0763814 0.0186667 8.81167e-05
0 0.270856 0.432667 0.157096 0.590667 8.83385e-05
0 0.958017 0.9 0.0839653 0.2 8.85238e-05
0 0.00812568 0.262 0.0162514 0.153333 8.87154e-05
0 0.396262 0.492667 0.0547129 0.134667 8.94127e-05
0 0.511647 0.431333 0.0330444 0.102667 8.95097e-05
0 0.191766 1 0.0509209 0 8.95316e-05
0 0.251625 0 0.0557963 0 8.97313e-05
0 0.574215 0.278667 0.0660888 0.264 8.99427e-05
0 0.0146262 0.7 0.0292524 0.256 9.01931e-05
0 0.183369 0.584667 0.106717 0.358667 9.14952e-05
0 0.591549 1 0.0379198 0 9.15476e-05
0 0.18364 0.428 0.12026 0.125333 9.16397e-05
0 0.0159805 0.406 0.031961 0.249333 9.1999e-05
0 0.675785 1 0.088299 0 9.20146e-05
0 0.507855 0.0206667 0.0417118 0.0413333 9.24418e-05
0 0.699892 0.971333 0.0834236 0.044 9.28317e-05
0 0.598862 0.992 0.0698808 0.016 9.2917e-05
0 0.0105634 0.0646667 0.0189599 0.108 9.34476e-05
0 0.991603 0.999333 0.0167931 0.00133333 9.4298e-05
0 0.577736 0.955333 0.0449621 0.0546667 9.56381e-05
0 0.248104 0.462 0.0476706 0.0466667 9.59248e-05
0 0.213705 0 0.0557963 0 9.62171e-05
0 0.00812568 0.324 0.0162514 0.154667 9.62891e-05
0 0.661159 0.0286667 0.0850488 0.0573333 9.68603e-05
0 0.458017 0.004 0.0482123 0.008 9.76867e-05
0 0.0135428 0.861333 0.0119177 0.237333 9.87408e-05
0 0.0100217 0.905333 0.0200433 0.189333 9.89776e-05
0 0.00839653 0.91 0.0092091 0.14 9.95217e-05
0 0.549837 0.954667 0.0964247 0.0906667 9.97469e-05
0 0.599946 0.262667 0.0850488 0.144 9.98723e-05
0 0.578819 0.352667 0.0189599 0.0786667 0.000100036
0 0.328819 0.533333 0.121343 0.181333 0.000100601
0 0.972644 0.777333 0.0536295 0.0586667 0.000101052
0 0.659263 0.5 0.681473 1 0.000102379
0 0.0855905 0.026 0.110509 0.052 0.000103545
0 0.568527 0.002 0.0492958 0.004 0.000103749
0 0.663868 0.00866667 0.0742145 0.0173333 0.000104168
0 0.98727 0.138667 0.024377 0.130667 0.000104773
0 0.261918 0.0253333 0.0774648 0.0506667 0.000105453
0 0.222102 0.427333 0.0498375 0.0946667 0.000106481
0 0.244854 0.0473333 0.0476706 0.0706667 0.000106922
0 0.414951 0.791333 0.219935 0.409333 0.000107601
0 0.223185 0.572667 0.0552546 0.198667 0.00010795
0 0.273294 0.00466667 0.0839653 0.00933333 0.00010839
0 0.613759 0.00933333 0.0736728 0.0186667 0.000108915
0 0.0306067 0.102 0.0612134 0.172 0.00010985
0 0.369447 0.775333 0.12351 0.166667 0.000109961
0 0.811755 0 0.088299 0 0.000111631
0 0.223998 0.513333 0.0492958 0.117333 0.000111838
0 0.119177 0.00666667 0.0790899 0.0133333 0.000111899
0 0.542253 0.981333 0.104009 0.0373333 0.000112111
0 0.444204 0.018 0.0411701 0.036 0.000112445
0 0.0828819 0.209333 0.165764 0.330667 0.000112928
0 0.531961 0.0546667 0.0455038 0.104 0.000113599
0 0.16143 0.499333 0.157096 0.318667 0.000113613
0 0.0866739 0 0.0552546 0 0.000113787
0 0.354821 0.625333 0.151679 0.434667 0.000113816
0 0.052546 0.148667 0.105092 0.297333 0.000114029
0 0.184453 0.568 0.0763814 0.202667 0.000115056
0 0.63597 0.034 0.0736728 0.068 0.000115869
0 0.162514 0 0.056338 0 0.000116054
0 0.979415 0.348667 0.0390032 0.124 0.000116421
0 0.163326 1 0.0915493 0 0.000116698
0 0.112134 0 0.056338 0 0.000116719
0 0.521127 0.00666667 0.0498375 0.0133333 0.000117358
0 0.459101 0.0166667 0.0417118 0.0333333 0.000117431
0 0.586132 0.36 0.0422535 0.106667 0.000117462
0 0.889491 0 0.104009 0 0.000118071
0 0.428223 0.008 0.039545 0.016 0.000118159
0 0.0143554 0.776 0.0232936 0.301333 0.000118507
0 0.339112 0.0533333 0.0660888 0.106667 0.000118636
0 0.260834 0.423333 0.113218 0.129333 0.000118818
0 0.208017 0.433333 0.114843 0.330667 0.000119911
0 0.584778 0.026 0.0850488 0.052 0.000119919
0 0.973185 0.0366667 0.0536295 0.0733333 0.0001202
0 0.180932 0.00466667 0.0725894 0.00933333 0.000120426
0 0.390303 0.575333 0.0796316 0.26 0.000120498
0 0.411701 0.0106667 0.035753 0.0213333 0.000121229
0 0.986728 0.606 0.0265439 0.126667 0.000121244
0 0.137053 0 0.056338 0 0.000121538
0 0.00866739 0.722 0.0162514 0.268 0.000124139
0 0.0739437 0.998667 0.1013 0.00266667 0.00012446
0 0.276273 0 0.056338 0 0.000124463
0 0.742145 0.436 0.51571 0.872 0.000125016
0 0.987541 0.306667 0.0249187 0.122667 0.000125068
0 0.0617551 0 0.0552546 0 0.000126033
0 0.599946 0.365333 0.0612134 0.154667 0.000126485
0 0.113489 0.514 0.220477 0.628 0.000127314
0 0.305796 0.488 0.137053 0.157333 0.000127974
0 0.762459 0 0.0947996 0 0.000128322
0 0.972102 0.737333 0.0557963 0.146667 0.000128581
0 0.219393 0.0173333 0.0476706 0.0346667 0.000129257
0 0.971018 1 0.0557963 0 0.000130585
0 0.977519 0.644 0.0449621 0.176 0.000130994
0 0.253521 0.426667 0.132178 0.272 0.000132077
0 0.216685 1 0.0520043 0 0.000132539
0 0.0362947 0.479333 0.0725894 0.382667 0.000132634
0 0.445558 0.494 0.108884 0.366667 0.000133064
0 0.160076 0.604667 0.10455 0.217333 0.000134733
0 0.476436 0.0253333 0.0287107 0.0453333 0.000134818
0 0.00785482 0.418 0.0157096 0.153333 0.000135674
0 0.964789 0.00733333 0.0552546 0.0146667 0.000135718
0 0.97156 0.507333 0.0492958 0.185333 0.000135933
0 0.602113 0.984 0.0352113 0.032 0.000136597
0 0.907909 0.238667 0.0379198 0.0666667 0.00013728
0 0.1487 0.026 0.0828819 0.052 0.00013946
0 0.986457 0.0253333 0.0260022 0.0506667 0.000141473
0 0.00812568 0.995333 0.0162514 0.00933333 0.000142517
0 0.222914 0.427333 0.0752979 0.164 0.000143657
0 0.598592 0.205333 0.0747562 0.138667 0.000143865
0 0.555255 0.00466667 0.0476706 0.00933333 0.000144851
0 0.0173348 0.102667 0.0314193 0.2 0.000144929
0 0.0146262 1 0.0292524 0 0.00014558
0 0.188516 0 0.056338 0 0.000145704
0 0.209101 0.0193333 0.0812568 0.0386667 0.000148413
0 0.0192308 0.292 0.0384615 0.397333 0.000149311
0 0.712622 0.00266667 0.100217 0.00533333 0.000150139
0 0.696641 0.21 0.0400867 0.14 0.000151584
0 0.0213976 0.99 0.0427952 0.02 0.000152657
0 0.266251 0.0133333 0.0861322 0.0266667 0.000153057
0 0.603467 0.196 0.0498375 0.0853333 0.000153418
0 0.137324 0.0233333 0.113218 0.0466667 0.000153992
0 0.0195016 0.851333 0.0379198 0.286667 0.000158652
0 0.344529 0.714 0.122427 0.228 0.00016176
0 0.76273 0.184667 0.0270856 0.0786667 0.00016263
0 0.655742 0.993333 0.0471289 0.0133333 0.000162971
0 0.0200433 1 0.0400867 0 0.000163013
0 0.576652 0.196667 0.0579632 0.0493333 0.000165595
0 0.0105634 0.323333 0.0167931 0.257333 0.000166062
0 0.458559 0.881333 0.125135 0.237333 0.000166107
0 0.637053 0.00333333 0.0910076 0.00666667 0.000169403
0 0.0197725 0.490667 0.039545 0.312 0.000170758
0 0.00866739 0.629333 0.0173348 0.157333 0.000171826
0 0.161972 0.455333 0.323944 0.910667 0.000171919
0 0.0100217 0.134667 0.0178765 0.234667 0.000172156
0 0.485915 0.0173333 0.0747562 0.0346667 0.000173495
0 0.93987 0 0.0866739 0 0.000173962
0 0.578548 0.214667 0.056338 0.0453333 0.000175065
0 0.988082 0.986 0.0195016 0.028 0.000175843
0 0.233478 0.022 0.063922 0.044 0.000176993
0 0.661701 0.99 0.0763814 0.02 0.000177072
0 0.243229 0.601333 0.0725894 0.176 0.0001787
0 0.988353 0.0153333 0.0167931 0.0306667 0.000182853
0 0.78467 0.934 0.0352113 0.105333 0.000183369
0 0.00893824 0.821333 0.0178765 0.277333 0.000184427
0 0.979957 0.986 0.0400867 0.028 0.000187454
0 0.473185 0.488 0.0471289 0.0986667 0.000187582
0 0.169827 0.649333 0.339653 0.701333 0.000188332
0 0.1552 0.0193333 0.0460455 0.0386667 0.000191056
0 0.125406 1 0.0980498 0 0.000191924
0 0.366739 0.00533333 0.0433369 0.0106667 0.000192918
0 0.0111051 0.447333 0.0167931 0.254667 0.000196095
0 0.875677 0.940667 0.0341278 0.0973333 0.000198872
0 0.98402 0.519333 0.031961 0.172 0.000203302
0 0.0111051 0.232667 0.0178765 0.246667 0.000208439
0 0.989437 0.204667 0.0178765 0.129333 0.000210553
0 0.971289 0.970667 0.0574215 0.0586667 0.000210987
0 0.461538 0.0133333 0.0823402 0.0266667 0.00021384
0 0.49675 0.434667 0.0985916 0.274667 0.000213894
0 0.111863 0.00733333 0.113218 0.0146667 0.000216645
0 0.979957 0.101333 0.0379198 0.202667 0.000216721
0 0.614843 0.607333 0.75623 0.785333 0.000217465
0 0.278982 0.528 0.122427 0.162667 0.000218192
0 0.991603 0.690667 0.0167931 0.154667 0.000221187
0 0.0666305 0.00533333 0.0780065 0.0106667 0.000221866
0 0.394908 0.00666667 0.0465872 0.0133333 0.000223141
0 0.60428 0.98 0.0666305 0.04 0.000225071
0 0.586403 0.00666667 0.0915493 0.0133333 0.000226873
0 0.425515 0.0373333 0.024377 0.056 0.000227616
0 0.986999 0.052 0.0260022 0.104 0.000231644
0 0.550379 0.03 0.0747562 0.06 0.000234488
0 0.213164 1 0.0893824 0 0.000234877
0 0.759209 0.629333 0.481582 0.741333 0.000237081
0 0.187432 0.0233333 0.092091 0.0466667 0.000240131
0 0.951246 0.384667 0.0736728 0.1 0.000240442
0 0.206392 0.479333 0.0910076 0.132 0.000244216
0 0.690953 0.168 0.0211268 0.0693333 0.000249691
0 0.97779 0.585333 0.0379198 0.194667 0.000250215
0 0.0170639 0.604 0.0341278 0.341333 0.000255471
0 0.0869447 1 0.0980498 0 0.000262817
0 0.0384615 0 0.0574215 0 0.000266603
0 0.432557 0.0206667 0.0687974 0.0413333 0.000269277
0 0.245395 0.464 0.0682557 0.0986667 0.000271836
0 0.701517 0.598667 0.0173348 0.0666667 0.00027385
0 0.0200433 0.054 0.0390032 0.108 0.000274273
0 0.272481 0.02 0.0801734 0.04 0.000275009
0 0.362947 0.928667 0.135428 0.137333 0.000275014
0 0.829902 0.214 0.0498375 0.110667 0.000283241
0 0.0576923 0.028 0.112134 0.056 0.000285852
0 0.0100217 1 0.0200433 0 0.000289689
0 0.573131 0.986667 0.0411701 0.0266667 0.000294599
0 0.162514 0.512667 0.102925 0.212 0.000297516
0 0.314193 0.525333 0.176598 0.552 0.000297844
0 0.181473 0.02 0.0509209 0.04 0.000304854
0 0.56636 0.0173333 0.0492958 0.0346667 0.000307283
0 0.414951 0.0646667 0.0465872 0.129333 0.000312781
0 0.286295 0.00133333 0.108884 0.00266667 0.000313166
0 0.986457 0.630667 0.0270856 0.288 0.000313436
0 0.212622 0.538667 0.1013 0.274667 0.00031636
0 0.53467 0.0553333 0.0671723 0.110667 0.000318627
0 0.0230228 0.167333 0.0438787 0.294667 0.000320219
0 0.035753 0.0366667 0.071506 0.0733333 0.000321438
0 0.0119177 0.543333 0.0173348 0.262667 0.000322054
0 0.985374 0.272 0.0216685 0.08 0.000324424
0 0.590466 0.185333 0.100758 0.232 0.000326238
0 0.220748 0.512 0.189057 0.485333 0.00032627
0 0.698537 0.614667 0.0265439 0.0666667 0.000335104
0 0.0276273 0.00933333 0.0552546 0.0186667 0.000336367
0 0.596154 0.956 0.0352113 0.064 0.000337303
0 0.21208 0.00266667 0.122969 0.00533333 0.00034919
0 0.039545 1 0.0790899 0 0.000352808
0 0.34507 0.0346667 0.0422535 0.0613333 0.000353106
0 0.980498 1 0.0390032 0 0.000354042
0 0.479957 0.0686667 0.0487541 0.137333 0.000359098
0 0.546858 0.0133333 0.0622969 0.0266667 0.000368328
0 0.987541 0.380667 0.0249187 0.084 0.000385711
0 0.322319 0.0213333 0.0628386 0.0426667 0.000390156
0 0.0105634 0.633333 0.0157096 0.28 0.00040031
0 0.307421 0.592667 0.137053 0.254667 0.000402934
0 0.313922 0.00666667 0.0969664 0.0133333 0.000413765
0 0.44935 0.483333 0.0861322 0.177333 0.000420682
0 0.642199 0.509333 0.0124594 0.0586667 0.000421112
0 0.0287107 1 0.0520043 0 0.000434199
0 0.513001 0.0546667 0.0682557 0.109333 0.000442946
0 0.533857 0.01 0.0449621 0.02 0.000445673
0 0.0289816 0.0293333 0.0536295 0.0586667 0.000446049
0 0.647616 0.479333 0.0222102 0.0706667 0.0004526
0 0.245937 0.0173333 0.0487541 0.0346667 0.000454125
0 0.964518 0.925333 0.0655471 0.149333 0.000471154
0 0.406013 0.542667 0.067714 0.144 0.000492279
0 0.687703 0.444 0.024377 0.04 0.000496436
0 0.513814 0.0186667 0.0817985 0.0373333 0.000504991
0 0.236457 0.526667 0.0796316 0.176 0.000539522
0 0.334507 0.00666667 0.0482123 0.0133333 0.000547825
0 0.163326 0.00266667 0.137053 0.00533333 0.000554024
0 0.976977 0.278 0.0438787 0.185333 0.000560371
0 0.0230228 0 0.0460455 0 0.000572913
0 0.312297 0.722667 0.158722 0.386667 0.000598832
0 0.387324 0.016 0.0801734 0.032 0.000608566
0 0.988353 0.551333 0.0200433 0.124 0.000623181
0 0.704496 0.605333 0.0135428 0.0346667 0.000641075
0 0.587486 0.297333 0.0449621 0.165333 0.000645478
0 0.582069 0.949333 0.0612134 0.101333 0.000646494
0 0.970477 0.816667 0.0590466 0.14 0.000647652
0 0.975352 0.429333 0.0492958 0.109333 0.000669409
0 0.834236 0.210667 0.0303359 0.0586667 0.000680103
0 0.257042 0.584 0.10455 0.277333 0.000686923
0 0.0877573 0.002 0.140845 0.004 0.000717108
0 0.572589 0.412 0.706392 0.824 0.000731137
0 0.701788 0.618667 0.0189599 0.0373333 0.000755337
0 0.355092 0.016 0.0666305 0.032 0.000771618
0 0.320423 0.610667 0.428494 0.778667 0.000783009
0 0.988895 0.11 0.0146262 0.14 0.000847268
0 0.566631 0.664 0.0595883 0.178667 0.000847419
0 0.986728 0.147333 0.0265439 0.294667 0.000860418
0 0.991874 0.038 0.0151679 0.076 0.000864003
0 0.394366 0.024 0.0660888 0.048 0.000875958
0 0.333694 0.5 0.667389 1 0.000926948
0 0.432828 0.885333 0.290358 0.229333 0.00100727
0 0.989437 0.0553333 0.0124594 0.102667 0.00103304
0 0.992145 0.630667 0.0157096 0.186667 0.00110367
0 0.364572 0.0153333 0.0368364 0.0306667 0.00113676
0 0.982665 0.249333 0.0314193 0.109333 0.00114743
0 0.041441 0.00666667 0.0828819 0.0133333 0.00116804
0 0.570964 0.976 0.0671723 0.048 0.00145132
0 0.487811 0.0393333 0.0276273 0.0626667 0.00160998
0 0.992145 0.137333 0.0146262 0.216 0.00174786
0 0.424702 0.747333 0.600217 0.505333 0.00186072
0 0.977519 0.388 0.0352113 0.0746667 0.00218565
0 0.550379 0.0226667 0.0433369 0.0453333 0.00261706
0 0.643824 0.493333 0.0362947 0.162667 0.00265252
0 0.586132 0.336 0.0270856 0.0826667 0.00286177
0 0.480498 0.0406667 0.0260022 0.0813333 0.00372546
0 0.585049 0.981333 0.0303359 0.0346667 0.00418783
0 0.353738 0.0113333 0.0292524 0.0226667 0.00438097
0 0.337486 0.0186667 0.0530878 0.0373333 0.00453808
0 0.535753 0.026 0.0617551 0.052 0.00469057
0 0.872427 0.5 0.255146 1 0.00470819
0 0.415764 0.0253333 0.0373781 0.0506667 0.00484629
0 0.975623 0.275333 0.0314193 0.0573333 0.00509755
0 0.434453 0.922 0.252438 0.156 0.00521705
0 0.8987 0.704667 0.2026 0.590667 0.00714765
0 0.542524 0.636 0.406826 0.696 0.00797446
0 0.964789 0.403333 0.0704225 0.169333 0.0083632
0 0.515168 0.0393333 0.0541712 0.068 0.00859698
0 0.477248 0.418 0.359697 0.836 0.0118918
0 0.642199 0.505333 0.0254605 0.0746667 0.0190683
0 0.484561 0.0573333 0.0189599 0.0666667 0.0224718
0 0.41766 0.0253333 0.0162514 0.0506667 0.0242508
0 0.346154 0.0166667 0.0390032 0.0253333 0.0255149
0 0.57286 0.718 0.173889 0.548 0.0359995
0 0.534128 0.03 0.0368364 0.0493333 0.0548725
0 0.589382 0.212667 0.0660888 0.0786667 0.171996
0 0.587216 0.967333 0.0379198 0.0653333 0.293801
0 0.976165 0.877333 0.0465872 0.221333 0.704979
0 0.96831 0.400667 0.0622969 0.0893333 0.759163
0 0.484561 0.454 0.0763814 0.14 0.898448
0 0.571506 0.692 0.084507 0.317333 0.911198
