0 0.284128 0.115333 0.118635 0.142667 1.29276e-05
0 0.781419 0.189333 0.247562 0.378667 1.29441e-05
0 0.609697 0.6 0.0417118 0.096 1.29892e-05
0 0.0872156 0.106667 0.131094 0.213333 1.30229e-05
0 0.633261 0.104667 0.0444204 0.092 1.30578e-05
0 0.783315 0.107333 0.0487541 0.105333 1.31279e-05
0 0.112676 0.0866667 0.125677 0.136 1.32718e-05
0 0.923348 0.550667 0.0861322 0.266667 1.32801e-05
0 0.861051 0.795333 0.277898 0.409333 1.33146e-05
0 0.807421 0.024 0.0449621 0.048 1.33158e-05
0 0.184995 0.420667 0.0590466 0.156 1.33586e-05
0 0.908992 0.148 0.146262 0.296 1.34817e-05
0 0.863759 0.927333 0.108884 0.145333 1.34912e-05
0 0.972644 0.326 0.0547129 0.262667 1.35149e-05
0 0.416847 0.024 0.052546 0.048 1.35424e-05
0 0.232936 0.514667 0.0476706 0.104 1.37065e-05
0 0.0633803 0.595333 0.126761 0.334667 1.37098e-05
0 0.334778 0.342 0.0910076 0.230667 1.37394e-05
0 0.184724 0.204 0.0476706 0.130667 1.37665e-05
0 0.437974 0.271333 0.0991333 0.177333 1.3771e-05
0 0.643283 0.26 0.0742145 0.165333 1.38724e-05
0 0.223727 0.122667 0.0346696 0.101333 1.38742e-05
0 0.430932 0.110667 0.0687974 0.170667 1.39483e-05
0 0.769231 0.861333 0.0964247 0.218667 1.40126e-05
0 0.447996 0.961333 0.0476706 0.064 1.40237e-05
0 0.148971 0.614 0.106176 0.212 1.40268e-05
0 0.382719 0.822 0.0503792 0.153333 1.40913e-05
0 0.209913 0.481333 0.039545 0.117333 1.41823e-05
0 0.79415 0.576667 0.0520043 0.113333 1.42491e-05
0 0.978602 0.322 0.0406284 0.161333 1.42743e-05
0 0.735645 0.702667 0.092091 0.304 1.42758e-05
0 0.375948 0.993333 0.0541712 0.0133333 1.43471e-05
0 0.135157 0.086 0.0406284 0.0626667 1.43498e-05
0 0.562026 0.999333 0.0644637 0.00133333 1.43529e-05
0 0.0284399 0.122 0.0536295 0.148 1.44038e-05
0 0.657638 0.982 0.0465872 0.0173333 1.44351e-05
0 0.305255 0.344 0.128386 0.341333 1.4439e-05
0 0.79442 0.176667 0.0872156 0.182667 1.44559e-05
0 0.216685 0.105333 0.0476706 0.181333 1.44686e-05
0 0.56961 0.374 0.0514626 0.0813333 1.44711e-05
0 0.242958 0.607333 0.0471289 0.132 1.45027e-05
0 0.58559 0.0393333 0.0660888 0.0786667 1.45258e-05
0 0.391928 0.046 0.0449621 0.092 1.45673e-05
0 0.379469 0.542667 0.0471289 0.106667 1.46739e-05
0 0.546045 0.118 0.0325027 0.0866667 1.4754e-05
0 0.726436 1 0.0790899 0 1.47653e-05
0 0.336403 0.704667 0.0975081 0.158667 1.47726e-05
0 0.506501 0.990667 0.0476706 0.0186667 1.4803e-05
0 0.283315 0.777333 0.119177 0.304 1.4846e-05
0 0.113759 0.97 0.139762 0.06 1.49254e-05
0 0.988353 0.913333 0.0189599 0.138667 1.49331e-05
0 0.660076 0.545333 0.0438787 0.08 1.49334e-05
0 0.79442 0.270667 0.0568797 0.136 1.49385e-05
0 0.411701 0.214 0.0975081 0.161333 1.49688e-05
0 0.559047 0.6 0.0520043 0.114667 1.50503e-05
0 0.0918202 0.048 0.0492958 0.0533333 1.51086e-05
0 0.646533 0.946667 0.088299 0.106667 1.51152e-05
0 0.946641 0.334 0.0926327 0.177333 1.51205e-05
0 0.98429 0.876667 0.0238353 0.129333 1.51383e-05
0 0.0942579 0.974 0.130011 0.052 1.52245e-05
0 0.821506 0.292667 0.0915493 0.204 1.52396e-05
0 0.381094 0.826667 0.0330444 0.101333 1.52915e-05
0 0.700433 0.264667 0.0444204 0.084 1.53174e-05
0 0.18987 0.638 0.0655471 0.204 1.53174e-05
0 0.78494 0.422 0.0541712 0.110667 1.53377e-05
0 0.770043 0.173333 0.0514626 0.128 1.53478e-05
0 0.476977 0.795333 0.0893824 0.102667 1.54047e-05
0 0.382449 0.287333 0.0541712 0.092 1.55193e-05
0 0.596696 0.702 0.0482123 0.129333 1.56224e-05
0 0.189599 0.149333 0.0780065 0.285333 1.57908e-05
0 0.391658 0.324667 0.0725894 0.142667 1.58124e-05
0 0.370802 0.792 0.0276273 0.101333 1.58417e-05
0 0.390303 0.108667 0.0438787 0.0893333 1.59255e-05
0 0.932286 0.018 0.0498375 0.036 1.60601e-05
0 0.470748 0.602 0.0411701 0.0973333 1.60783e-05
0 0.8513 0.487333 0.0308776 0.092 1.6081e-05
0 0.976436 0.594 0.0460455 0.150667 1.61351e-05
0 0.736457 0.944 0.0774648 0.112 1.62832e-05
0 0.572319 0.211333 0.147887 0.422667 1.63402e-05
0 0.87351 0.966667 0.10455 0.0453333 1.63465e-05
0 0.194475 0.0493333 0.0433369 0.064 1.64139e-05
0 0.21208 0.182667 0.0373781 0.136 1.64236e-05
0 0.563651 0.286667 0.10455 0.186667 1.64735e-05
0 0.335861 0.0793333 0.0801734 0.129333 1.6556e-05
0 0.0536295 0.881333 0.102925 0.237333 1.66406e-05
0 0.758938 0.0833333 0.0487541 0.0973333 1.68186e-05
0 0.9526 0.229333 0.0947996 0.248 1.68418e-05
0 0.423077 0.776 0.0530878 0.0373333 1.69315e-05
0 0.481853 0.926 0.0417118 0.0973333 1.70826e-05
0 0.934724 0.418667 0.108884 0.146667 1.71271e-05
0 0.891116 0.998 0.0498375 0.004 1.71475e-05
0 0.661701 0.331333 0.0514626 0.110667 1.72269e-05
0 0.0276273 0.941333 0.0433369 0.106667 1.72525e-05
0 0.318797 0.705333 0.0471289 0.0666667 1.72828e-05
0 0.793608 0.661333 0.0520043 0.114667 1.73408e-05
0 0.50325 0.385333 0.0487541 0.12 1.74301e-05
0 0.358613 0.483333 0.0812568 0.198667 1.74571e-05
0 0.479686 0.795333 0.039545 0.0706667 1.74598e-05
0 0.0547129 0.0153333 0.0498375 0.0306667 1.74849e-05
0 0.583153 0.839333 0.0828819 0.308 1.75088e-05
0 0.426598 0.898 0.0536295 0.1 1.75339e-05
0 0.967768 0.692 0.0482123 0.133333 1.75362e-05
0 0.330715 0.958 0.0449621 0.0706667 1.75756e-05
0 0.761376 1 0.0742145 0 1.75886e-05
0 0.462622 0.445333 0.0758397 0.202667 1.75976e-05
0 0.0910076 0.344667 0.182015 0.468 1.77377e-05
0 0.358884 0.967333 0.0492958 0.044 1.77521e-05
0 0.00514626 0.17 0.0102925 0.161333 1.77854e-05
0 0.520043 0.187333 0.140845 0.374667 1.79397e-05
0 0.0181473 0.78 0.0362947 0.173333 1.79677e-05
0 0.193933 0.583333 0.0877573 0.182667 1.79919e-05
0 0.440412 0.976 0.12026 0.048 1.80065e-05
0 0.882178 0.618 0.0547129 0.185333 1.81893e-05
0 0.0446912 0.535333 0.067714 0.268 1.82049e-05
0 0.0438787 0.0933333 0.0509209 0.128 1.82322e-05
0 0.614301 0.352 0.109426 0.165333 1.82696e-05
0 0.378386 0.167333 0.052546 0.116 1.82927e-05
0 0.517335 0.566 0.0541712 0.116 1.83414e-05
0 0.352113 0.993333 0.0520043 0.0133333 1.84055e-05
0 0.623239 0.0813333 0.0406284 0.0853333 1.84185e-05
0 0.732936 0.0866667 0.0455038 0.106667 1.84237e-05
0 0.634615 0.724667 0.0178765 0.084 1.84834e-05
0 0.916306 0.969333 0.130553 0.0613333 1.85542e-05
0 0.119447 0.0506667 0.0449621 0.056 1.85787e-05
0 0.512459 0.691333 0.0606717 0.206667 1.86383e-05
0 0.703955 0.835333 0.0547129 0.156 1.86486e-05
0 0.308776 0.711333 0.0931744 0.124 1.86692e-05
0 0.789274 1 0.0834236 0 1.87264e-05
0 0.731582 0.81 0.132719 0.196 1.88919e-05
0 0.320152 0.164667 0.0758397 0.233333 1.92043e-05
0 0.559047 0.536667 0.0660888 0.105333 1.92531e-05
0 0.704225 1 0.0487541 0 1.93806e-05
0 0.189057 0.975333 0.128927 0.0493333 1.95134e-05
0 0.117822 0.0173333 0.0449621 0.0346667 1.9604e-05
0 0.233478 0.177333 0.0465872 0.2 1.96377e-05
0 0.607801 0.972 0.0617551 0.0453333 1.96799e-05
0 0.187161 0.48 0.106717 0.202667 1.97737e-05
0 0.686891 0.962 0.102925 0.076 1.9802e-05
0 0.865385 0.248 0.164139 0.256 1.998e-05
0 0.00975081 0.748 0.0195016 0.162667 2.00017e-05
0 0.615655 0.270667 0.0839653 0.245333 2.00118e-05
0 0.325027 0.596 0.0617551 0.16 2.0047e-05
0 0.768147 0.684667 0.0910076 0.177333 2.01335e-05
0 0.738895 0.879333 0.056338 0.148 2.02183e-05
0 0.539274 0.775333 0.088299 0.156 2.0232e-05
0 0.865655 0.482 0.056338 0.166667 2.03819e-05
0 0.892199 0.0206667 0.0498375 0.0413333 2.04849e-05
0 0.217497 0.158667 0.0742145 0.301333 2.04852e-05
0 0.923077 0.415333 0.153846 0.484 2.05911e-05
0 0.672264 0.104 0.0390032 0.088 2.05983e-05
0 0.563922 0.153333 0.0834236 0.189333 2.0626e-05
0 0.383261 0.746667 0.0655471 0.0853333 2.06354e-05
0 0.422264 0.39 0.152221 0.622667 2.06699e-05
0 0.295504 0.936 0.0872156 0.128 2.07337e-05
0 0.222644 0.261333 0.0368364 0.12 2.08607e-05
0 0.326652 1 0.0498375 0 2.09555e-05
0 0.605905 0.425333 0.0503792 0.117333 2.09823e-05
0 0.928765 0.820667 0.14247 0.358667 2.1033e-05
0 0.708288 0.116 0.0482123 0.114667 2.10968e-05
0 0.244312 0.942667 0.0260022 0.08 2.11525e-05
0 0.661159 0.506667 0.0471289 0.109333 2.11846e-05
0 0.986186 0.564667 0.0276273 0.153333 2.1208e-05
0 0.916576 0.999333 0.0498375 0.00133333 2.13154e-05
0 0.597237 1 0.0547129 0 2.1422e-05
0 0.536566 0.842667 0.10455 0.154667 2.14973e-05
0 0.0151679 0.00866667 0.0303359 0.0173333 2.15218e-05
0 0.611593 0.739333 0.0758397 0.193333 2.15942e-05
0 0.307151 0.0173333 0.0585049 0.0346667 2.1696e-05
0 0.971018 0.824667 0.0579632 0.244 2.1758e-05
0 0.262459 0.328667 0.116468 0.230667 2.17826e-05
0 0.536836 0.400667 0.0444204 0.0893333 2.18513e-05
0 0.438787 0.576667 0.0931744 0.297333 2.18923e-05
0 0.852384 0.998667 0.052546 0.00266667 2.19878e-05
0 0.736186 0.272 0.0487541 0.096 2.19963e-05
0 0.255146 0.885333 0.0541712 0.170667 2.20372e-05
0 0.269502 0.686667 0.0373781 0.0933333 2.20525e-05
0 0.485374 0.520667 0.0433369 0.102667 2.21852e-05
0 0.320152 0.212 0.149512 0.424 2.22664e-05
0 0.480769 0.606 0.13597 0.521333 2.22757e-05
0 0.255959 0.950667 0.0276273 0.08 2.23019e-05
0 0.656826 0.396667 0.0666305 0.113333 2.23073e-05
0 0.164951 0.0846667 0.0969664 0.134667 2.23203e-05
0 0.779252 0.383333 0.0774648 0.118667 2.23721e-05
0 0.0362947 0.253333 0.0725894 0.506667 2.23729e-05
0 0.391928 0.261333 0.052546 0.088 2.24339e-05
0 0.494583 0.048 0.0498375 0.0586667 2.2453e-05
0 0.371885 0.780667 0.0482123 0.134667 2.25017e-05
0 0.531419 0.989333 0.0498375 0.0213333 2.25386e-05
0 0.236186 0.744667 0.12026 0.446667 2.25747e-05
0 0.312026 0.121333 0.109426 0.242667 2.26693e-05
0 0.432286 1 0.071506 0 2.27794e-05
0 0.136241 0.022 0.0893824 0.044 2.28066e-05
0 0.216956 0.414 0.052546 0.196 2.28235e-05
0 0.4052 0.386 0.0747562 0.177333 2.29373e-05
0 0.293608 0.86 0.165764 0.28 2.29376e-05
0 0.622698 0.669333 0.0362947 0.109333 2.29574e-05
0 0.546316 0.068 0.0265439 0.0933333 2.29621e-05
0 0.658451 0.632667 0.0352113 0.0786667 2.31023e-05
0 0.761647 0.632667 0.0476706 0.0866667 2.31091e-05
0 0.983478 0.446 0.0330444 0.132 2.31778e-05
0 0.249729 0.250667 0.12351 0.229333 2.32009e-05
0 0.170368 0.986 0.0752979 0.028 2.32119e-05
0 0.853196 0.576667 0.0530878 0.308 2.32565e-05
0 0.181473 0.616667 0.185265 0.58 2.33447e-05
0 0.271398 0.979333 0.056338 0.0413333 2.33474e-05
0 0.461538 0.625333 0.0693391 0.333333 2.33529e-05
0 0.472644 0.297333 0.0861322 0.181333 2.33955e-05
0 0.263814 0.0713333 0.0866739 0.142667 2.34331e-05
0 0.797129 0.0793333 0.0449621 0.0893333 2.35054e-05
0 0.236457 0.194667 0.131636 0.389333 2.35731e-05
0 0.481853 0.822667 0.0308776 0.101333 2.36056e-05
0 0.54442 0.494 0.0660888 0.150667 2.36192e-05
0 0.687432 0.713333 0.0812568 0.149333 2.369e-05
0 0.806609 0.996667 0.0498375 0.00666667 2.37865e-05
0 0.711538 0.386 0.0460455 0.0973333 2.38206e-05
0 0.456663 0.190667 0.0455038 0.106667 2.3881e-05
0 0.361322 0.394667 0.119177 0.296 2.38922e-05
0 0.567172 0.762667 0.0725894 0.16 2.39311e-05
0 0.984561 0.965333 0.0232936 0.0373333 2.39327e-05
0 0.00595883 0.935333 0.00866739 0.116 2.39557e-05
0 0.779523 0.904 0.157096 0.189333 2.41084e-05
0 0.670098 0.265333 0.0790899 0.117333 2.41833e-05
0 0.300379 1 0.0492958 0 2.42555e-05
0 0.986728 0.810667 0.0178765 0.146667 2.42692e-05
0 0.722373 0.512 0.0471289 0.114667 2.427e-05
0 0.945558 0.972667 0.105634 0.0546667 2.42923e-05
0 0.33532 0.412667 0.122427 0.164 2.43146e-05
0 0.181744 0.539333 0.0568797 0.177333 2.43714e-05
0 0.321777 0.0493333 0.0498375 0.064 2.44341e-05
0 0.351571 1 0.0530878 0 2.44745e-05
0 0.631094 0.434 0.0682557 0.132 2.46269e-05
0 0.209372 0.601333 0.0406284 0.16 2.46384e-05
0 0.811755 0.939333 0.102384 0.092 2.46578e-05
0 0.532232 0.144667 0.0687974 0.273333 2.4708e-05
0 0.699079 0.992667 0.103467 0.0146667 2.48865e-05
0 0.924973 0.897333 0.111051 0.170667 2.4996e-05
0 0.647887 0.574667 0.0433369 0.0773333 2.51086e-05
0 0.890033 0.563333 0.0552546 0.169333 2.51834e-05
0 0.0579632 0.974667 0.112676 0.0506667 2.52336e-05
0 0.943662 1 0.0509209 0 2.52508e-05
0 0.333424 0.862667 0.0872156 0.205333 2.53443e-05
0 0.510022 0.923333 0.0460455 0.1 2.53534e-05
0 0.0912784 0.0133333 0.0492958 0.0266667 2.5403e-05
0 0.150867 0.999333 0.052546 0.00133333 2.54368e-05
0 0.420639 0.624 0.147887 0.541333 2.55222e-05
0 0.168743 0.0506667 0.0482123 0.0666667 2.55779e-05
0 0.863489 0.958667 0.135428 0.0826667 2.58259e-05
0 0.0614843 0.208667 0.122969 0.342667 2.5828e-05
0 0.698808 0.358 0.0487541 0.105333 2.59385e-05
0 0.0170639 0.382 0.0341278 0.14 2.60194e-05
0 0.44312 0.142 0.0487541 0.124 2.60235e-05
0 0.327194 0.99 0.0476706 0.02 2.60916e-05
0 0.686078 0.574 0.0417118 0.0866667 2.60922e-05
0 0.0108342 0.134 0.0216685 0.238667 2.60967e-05
0 0.980228 0.702667 0.039545 0.304 2.60978e-05
0 0.0471289 0.975333 0.0942579 0.0493333 2.61367e-05
0 0.470477 0.842 0.199892 0.316 2.61434e-05
0 0.369447 0.262667 0.0552546 0.0933333 2.62287e-05
0 0.143283 0.016 0.0471289 0.032 2.62918e-05
0 0.583965 0.932667 0.035753 0.108 2.63251e-05
0 0.946371 0.708667 0.107259 0.436 2.6351e-05
0 0.279252 0.391333 0.0752979 0.132 2.64084e-05
0 0.387324 0.0226667 0.0487541 0.0426667 2.64744e-05
0 0.0165222 0.656667 0.0330444 0.158667 2.64779e-05
0 0.389491 0.776667 0.110509 0.105333 2.65046e-05
0 0.711268 0.543333 0.0476706 0.1 2.67757e-05
0 0.366468 0.272 0.174973 0.544 2.68753e-05
0 0.672806 0.612 0.0379198 0.0773333 2.68884e-05
0 0.306338 0.00266667 0.0503792 0.00533333 2.69131e-05
0 0.609967 0.573333 0.0725894 0.250667 2.69517e-05
0 0.216956 0.688 0.0406284 0.178667 2.70542e-05
0 0.877844 0.162 0.191224 0.324 2.72787e-05
0 0.618906 0.478 0.0482123 0.121333 2.72906e-05
0 0.582069 0.370667 0.106717 0.277333 2.73057e-05
0 0.580715 1 0.0314193 0 2.73268e-05
0 0.00758397 0.287333 0.0151679 0.156 2.76139e-05
0 0.311213 0.998667 0.0828819 0.00266667 2.76255e-05
0 0.222644 0.05 0.035753 0.0733333 2.7716e-05
0 0.233478 0.702 0.0400867 0.118667 2.77281e-05
0 0.422806 0.212 0.160888 0.424 2.77417e-05
0 0.421181 0.628667 0.0850488 0.188 2.78138e-05
0 0.492958 0.978 0.119177 0.044 2.79597e-05
0 0.488895 1 0.0872156 0 2.80086e-05
0 0.567443 1 0.0362947 0 2.80263e-05
0 0.341549 0.939333 0.0438787 0.076 2.80966e-05
0 0.751625 0.986 0.0417118 0.028 2.82843e-05
0 0.613759 0.998667 0.0736728 0.00266667 2.8447e-05
0 0.479144 0.00333333 0.052546 0.00666667 2.85862e-05
0 0.810401 0.058 0.0465872 0.0813333 2.86382e-05
0 0.369447 0.220667 0.0780065 0.121333 2.87184e-05
0 0.510293 0.966667 0.0433369 0.0506667 2.87493e-05
0 0.646533 0.0833333 0.0417118 0.0866667 2.89137e-05
0 0.030065 0.600667 0.0547129 0.294667 2.89453e-05
0 0.193662 0.0166667 0.0438787 0.0333333 2.89871e-05
0 0.686078 0.537333 0.0460455 0.088 2.90163e-05
0 0.376761 1 0.0547129 0 2.96356e-05
0 0.975894 0.194667 0.0482123 0.296 2.96589e-05
0 0.767335 0.028 0.126219 0.056 2.96809e-05
0 0.0861322 0.0526667 0.100758 0.0786667 2.97564e-05
0 0.92389 0.126667 0.152221 0.253333 2.98766e-05
0 0.464789 0.579333 0.0520043 0.174667 2.99917e-05
0 0.646533 0.61 0.0417118 0.092 3.0009e-05
0 0.176056 0.999333 0.0530878 0.00133333 3.00537e-05
0 0.536295 0.375333 0.0975081 0.228 3.01471e-05
0 0.793608 0.520667 0.0552546 0.110667 3.02289e-05
0 0.0170639 0.592 0.0341278 0.149333 3.02563e-05
0 0.201517 0.998667 0.0530878 0.00266667 3.03253e-05
0 0.46831 0.140667 0.0449621 0.118667 3.03631e-05
0 0.565276 0.034 0.107801 0.068 3.03803e-05
0 0.584778 0.76 0.039545 0.0933333 3.0509e-05
0 0.258938 0.982667 0.0303359 0.032 3.05377e-05
0 0.390303 0.00733333 0.0547129 0.0146667 3.05839e-05
0 0.649512 0.951333 0.114843 0.0973333 3.06492e-05
0 0.00758397 0.115333 0.0151679 0.153333 3.07863e-05
0 0.729686 1 0.0487541 0 3.07924e-05
0 0.406284 0.274 0.0975081 0.145333 3.08443e-05
0 0.261918 0.971333 0.0828819 0.0573333 3.08518e-05
0 0.761105 0.180667 0.0899242 0.166667 3.09645e-05
0 0.833965 0.695333 0.102384 0.166667 3.10202e-05
0 0.402492 1 0.0541712 0 3.10698e-05
0 0.780065 1 0.0444204 0 3.12044e-05
0 0.494583 0.942667 0.0411701 0.0933333 3.12338e-05
0 0.905742 0.466 0.0855905 0.121333 3.12528e-05
0 0.746479 0.268667 0.0736728 0.150667 3.12538e-05
0 0.669827 0.603333 0.134886 0.452 3.12561e-05
0 0.238353 0.833333 0.0422535 0.216 3.12728e-05
0 0.615655 0.617333 0.133803 0.469333 3.14707e-05
0 0.590466 0.0653333 0.0780065 0.130667 3.15663e-05
0 0.235645 0.415333 0.0964247 0.281333 3.17111e-05
0 0.429307 0.205333 0.0362947 0.088 3.17227e-05
0 0.67389 0.362667 0.0530878 0.104 3.20062e-05
0 0.992416 0.963333 0.0151679 0.0733333 3.20997e-05
0 0.906013 0.748 0.0536295 0.109333 3.21633e-05
0 0.224269 0.022 0.0736728 0.044 3.23088e-05
0 0.456663 0.750667 0.099675 0.101333 3.2688e-05
0 0.054442 0.0833333 0.1013 0.14 3.273e-05
0 0.488082 0.208 0.0812568 0.2 3.27666e-05
0 0.609426 0.983333 0.0444204 0.0333333 3.31342e-05
0 0.513272 0.145333 0.0742145 0.194667 3.33595e-05
0 0.436349 0.349333 0.107801 0.170667 3.34392e-05
0 0.0303359 0.056 0.056338 0.096 3.35221e-05
0 0.0325027 0.960667 0.0650054 0.0786667 3.35681e-05
0 0.0947996 0.02 0.138678 0.04 3.36447e-05
0 0.80688 0.662667 0.0915493 0.154667 3.36896e-05
0 0.966414 0.960667 0.0671723 0.0786667 3.37788e-05
0 0.684453 0.4 0.0492958 0.117333 3.38189e-05
0 0.483478 0.565333 0.0384615 0.114667 3.3876e-05
0 0.747291 0.596 0.0492958 0.088 3.38943e-05
0 0.57909 0.422 0.0552546 0.142667 3.39915e-05
0 0.643554 0.700667 0.0292524 0.0706667 3.40036e-05
0 0.213434 0.235333 0.0379198 0.121333 3.41114e-05
0 0.667931 0.0266667 0.121343 0.0533333 3.41899e-05
0 0.310401 0.960667 0.0650054 0.0653333 3.42398e-05
0 0.411701 0.146667 0.11701 0.290667 3.42569e-05
0 0.570423 0.0426667 0.0455038 0.0533333 3.43823e-05
0 0.26896 0.054 0.0514626 0.068 3.46197e-05
0 0.390845 0.473333 0.103467 0.181333 3.47154e-05
0 0.760834 0.574667 0.0514626 0.106667 3.47422e-05
0 0.350217 0.999333 0.088299 0.00133333 3.50213e-05
0 0.0232936 0.901333 0.0303359 0.189333 3.5076e-05
0 0.377844 0.13 0.0687974 0.134667 3.52745e-05
0 0.168202 0.016 0.0471289 0.032 3.53266e-05
0 0.469935 0.526 0.0763814 0.169333 3.53726e-05
0 0.464518 0.0386667 0.102384 0.0773333 3.55238e-05
0 0.413326 0.52 0.0985916 0.168 3.55483e-05
0 0.427681 0 0.0536295 0 3.57518e-05
0 0.521939 0.851333 0.143554 0.297333 3.58628e-05
0 0.614843 0.910667 0.0942579 0.165333 3.59826e-05
0 0.478061 0.96 0.0471289 0.0666667 3.59894e-05
0 0.899783 0.084 0.114843 0.12 3.60195e-05
0 0.454496 1 0.0498375 0 3.60392e-05
0 0.879198 0 0.0552546 0 3.61915e-05
0 0.665764 0.878 0.0660888 0.201333 3.62421e-05
0 0.150325 0.518 0.108884 0.209333 3.64543e-05
0 0.125948 1 0.052546 0 3.65193e-05
0 0.323673 0.986667 0.0850488 0.0266667 3.65904e-05
0 0.618093 0.0273333 0.118093 0.0546667 3.66094e-05
0 0.235645 0.834 0.0617551 0.329333 3.67077e-05
0 0.411972 0.0306667 0.103467 0.0613333 3.67839e-05
0 0.341008 0.132667 0.0720477 0.156 3.68238e-05
0 0.82909 0.997333 0.052546 0.00533333 3.73975e-05
0 0.717497 0.0273333 0.128386 0.0546667 3.75562e-05
0 0.568797 0.568667 0.056338 0.0893333 3.77356e-05
0 0.365926 0.0393333 0.106717 0.0786667 3.77547e-05
0 0.493499 1 0.0498375 0 3.78752e-05
0 0.0874865 1 0.0514626 0 3.79434e-05
0 0.324215 0.0113333 0.0839653 0.0226667 3.80762e-05
0 0.558505 0.896667 0.0790899 0.206667 3.8095e-05
0 0.616197 0.104667 0.088299 0.209333 3.81022e-05
0 0.108613 0.21 0.17714 0.398667 3.81875e-05
0 0.428494 1 0.0520043 0 3.81983e-05
0 0.00622969 0.228667 0.0124594 0.161333 3.82791e-05
0 0.641928 0.338 0.105092 0.262667 3.84153e-05
0 0.751896 1 0.0455038 0 3.88314e-05
0 0.376219 0.534667 0.0720477 0.16 3.88994e-05
0 0.0111051 0.808667 0.0222102 0.169333 3.89432e-05
0 0.749458 0.940667 0.0514626 0.108 3.90784e-05
0 0.088299 0 0.0552546 0 3.91368e-05
0 0.498375 0.475333 0.0682557 0.137333 3.9197e-05
0 0.874865 0.888 0.125677 0.176 3.92288e-05
0 0.789545 0.0693333 0.0947996 0.138667 3.93183e-05
0 0.128927 0.000666667 0.056338 0.00133333 3.93408e-05
0 0.115114 0.751333 0.230228 0.497333 3.94361e-05
0 0.357259 0.008 0.0536295 0.016 3.94847e-05
0 0.588028 0.204667 0.111051 0.316 3.95456e-05
0 0.220748 0.018 0.039545 0.036 3.955e-05
0 0.375677 0.754 0.0276273 0.0306667 3.9601e-05
0 0.710184 0.602 0.0411701 0.0813333 3.96095e-05
0 0.345883 0.0593333 0.052546 0.0813333 3.98211e-05
0 0.279794 0.004 0.0536295 0.008 4.00215e-05
0 0.0325027 0.156 0.0650054 0.312 4.00945e-05
0 0.797129 0.326667 0.0991333 0.178667 4.01198e-05
0 0.929577 0.727333 0.0530878 0.129333 4.0124e-05
0 0.589924 0.0946667 0.0866739 0.146667 4.01425e-05
0 0.868906 0.988 0.108342 0.024 4.0189e-05
0 0.961268 0.646667 0.0774648 0.258667 4.02825e-05
0 0.890303 1 0.0536295 0 4.04438e-05
0 0.684182 0.622 0.0585049 0.126667 4.08819e-05
0 0.593987 1 0.0373781 0 4.11118e-05
0 0.24052 0.758 0.0476706 0.164 4.11951e-05
0 0.267064 0.452667 0.0758397 0.14 4.13779e-05
0 0.793066 0.610667 0.0725894 0.146667 4.15616e-05
0 0.781148 0.022 0.0476706 0.044 4.15926e-05
0 0.773835 0.586667 0.452329 0.826667 4.16042e-05
0 0.345341 0.0286667 0.0514626 0.052 4.19111e-05
0 0.884345 0.046 0.1013 0.0893333 4.19283e-05
0 0.0192308 0.236667 0.0384615 0.364 4.19669e-05
0 0.281419 0.414 0.108884 0.273333 4.19902e-05
0 0.50623 0.629333 0.0633803 0.149333 4.19929e-05
0 0.231582 0.986667 0.067714 0.0266667 4.21319e-05
0 0.386241 0.333333 0.107259 0.266667 4.2383e-05
0 0.312568 0.633333 0.0975081 0.266667 4.26459e-05
0 0.356988 0.00333333 0.0704225 0.00666667 4.27019e-05
0 0.819068 0.991333 0.122427 0.0173333 4.27165e-05
0 0.440412 0.873333 0.0704225 0.0746667 4.28068e-05
0 0.143554 0.0573333 0.0455038 0.0666667 4.28613e-05
0 0.915764 1 0.0536295 0 4.29088e-05
0 0.66468 0.968667 0.121343 0.0626667 4.30752e-05
0 0.632719 0.692667 0.0411701 0.126667 4.31892e-05
0 0.00947996 0.352 0.0189599 0.149333 4.3616e-05
0 0.0216685 0.0693333 0.0433369 0.138667 4.36479e-05
0 0.39545 0.014 0.0899242 0.028 4.37914e-05
0 0.223727 0.488667 0.0433369 0.092 4.41401e-05
0 0.0411701 0.828667 0.0617551 0.286667 4.42264e-05
0 0.665493 0.153333 0.0915493 0.218667 4.43371e-05
0 0.909534 0.984667 0.0812568 0.0306667 4.44915e-05
0 0.0636511 0.062 0.102384 0.124 4.45708e-05
0 0.709372 0.430667 0.0471289 0.117333 4.48663e-05
0 0.644637 0.672 0.035753 0.0933333 4.49247e-05
0 0.252167 1 0.0503792 0 4.49426e-05
0 0.806067 0.389333 0.122427 0.165333 4.51864e-05
0 0.585049 0.948 0.0520043 0.104 4.52253e-05
0 0.261918 0.835333 0.0742145 0.230667 4.5494e-05
0 0.678494 1 0.0547129 0 4.56596e-05
0 0.392199 0.938 0.0530878 0.0733333 4.57805e-05
0 0.962351 0.221333 0.0752979 0.442667 4.6134e-05
0 0.989437 0.817333 0.0211268 0.266667 4.61488e-05
0 0.454225 0 0.0536295 0 4.61703e-05
0 0.712893 0.618 0.0617551 0.126667 4.62313e-05
0 0.330444 0.00733333 0.0520043 0.0146667 4.62565e-05
0 0.480769 0.932 0.1013 0.136 4.62648e-05
0 0.760834 0.056 0.0807151 0.0906667 4.63155e-05
0 0.523835 0.002 0.0899242 0.004 4.6495e-05
0 0.567985 0 0.0514626 0 4.65094e-05
0 0.421723 0.233333 0.0362947 0.056 4.65444e-05
0 0.551733 0.0633333 0.0633803 0.126667 4.66033e-05
0 0.61078 0.0486667 0.0438787 0.0626667 4.66076e-05
0 0.553629 0.406 0.0595883 0.116 4.66696e-05
0 0.284128 0.988 0.0438787 0.024 4.66996e-05
0 0.624594 0.259333 0.15818 0.518667 4.67214e-05
0 0.400054 0.989333 0.105634 0.0213333 4.6842e-05
0 0.247021 0.058 0.0465872 0.076 4.69364e-05
0 0.25623 0.158 0.0725894 0.201333 4.7193e-05
0 0.960455 0.0413333 0.0671723 0.08 4.72566e-05
0 0.00975081 0.687333 0.0195016 0.158667 4.75172e-05
0 0.63299 0.956667 0.0503792 0.076 4.76207e-05
0 0.316901 0.028 0.102925 0.056 4.76315e-05
0 0.988624 0.877333 0.0108342 0.144 4.76374e-05
0 0.812297 0.692 0.120802 0.258667 4.781e-05
0 0.593445 0 0.052546 0 4.79014e-05
0 0.382719 0.853333 0.199892 0.293333 4.8194e-05
0 0.254605 0.002 0.0541712 0.004 4.82862e-05
0 0.658992 0.054 0.0438787 0.0706667 4.83157e-05
0 0.541983 1 0.0460455 0 4.83238e-05
0 0.783044 0.492667 0.0547129 0.108 4.84778e-05
0 0.516522 0 0.0547129 0 4.89293e-05
0 0.0092091 0.0633333 0.0184182 0.105333 4.89374e-05
0 0.56338 0.696667 0.0671723 0.206667 4.96933e-05
0 0.670098 0 0.0530878 0 4.9779e-05
0 0.606988 1 0.0471289 0 5.02027e-05
0 0.703955 0.239333 0.0330444 0.0573333 5.05354e-05
0 0.233749 0.02 0.039545 0.04 5.05492e-05
0 0.783044 0.0553333 0.0482123 0.076 5.06186e-05
0 0.0509209 0 0.056338 0 5.06235e-05
0 0.233207 0.471333 0.0644637 0.156 5.11705e-05
0 0.11701 0.994 0.115926 0.012 5.13007e-05
0 0.0213976 0.366667 0.0427952 0.36 5.14942e-05
0 0.985374 0.938667 0.0227519 0.0693333 5.15433e-05
0 0.947725 0.991333 0.0796316 0.0173333 5.17388e-05
0 0.644095 0 0.0530878 0 5.17848e-05
0 0.223185 0.206667 0.0411701 0.136 5.1794e-05
0 0.589653 0.961333 0.0341278 0.0773333 5.19436e-05
0 0.388137 0.0386667 0.0438787 0.04 5.20836e-05
0 0.0872156 1 0.0552546 0 5.20966e-05
0 0.150596 1 0.056338 0 5.25494e-05
0 0.72454 0.184667 0.140303 0.369333 5.26397e-05
0 0.432557 0.942667 0.0503792 0.0826667 5.28108e-05
0 0.539816 0.982 0.102384 0.036 5.28426e-05
0 0.63299 0.840667 0.137053 0.318667 5.29557e-05
0 0.819068 0.00133333 0.0552546 0.00266667 5.29973e-05
0 0.738082 0.0726667 0.0915493 0.145333 5.30026e-05
0 0.986186 0.882667 0.0276273 0.234667 5.31277e-05
0 0.391116 0.838 0.107259 0.262667 5.31369e-05
0 0.30065 0.99 0.0498375 0.02 5.34551e-05
0 0.261918 1 0.0817985 0 5.37035e-05
0 0.823402 0.0273333 0.0476706 0.0546667 5.37424e-05
0 0.923619 0.026 0.108342 0.052 5.38229e-05
0 0.638137 0.0673333 0.0780065 0.134667 5.40194e-05
0 0.536836 0.688 0.0899242 0.301333 5.40588e-05
0 0.499729 0.445333 0.0482123 0.112 5.41317e-05
0 0.0116468 0.016 0.0232936 0.032 5.41589e-05
0 0.00812568 0.996667 0.0162514 0.00666667 5.42575e-05
0 0.543337 0.00533333 0.0487541 0.0106667 5.43474e-05
0 0.852113 1 0.0552546 0 5.44521e-05
0 0.378115 0.587333 0.0877573 0.174667 5.47383e-05
0 0.780878 0 0.0557963 0 5.49107e-05
0 0.825027 0.0713333 0.0617551 0.0866667 5.52339e-05
0 0.693933 0.505333 0.0509209 0.122667 5.52477e-05
0 0.407367 0.396667 0.108342 0.273333 5.55797e-05
0 0.239978 0.994 0.0476706 0.012 5.56238e-05
0 0.748917 0.515333 0.0514626 0.110667 5.56633e-05
0 0.27844 0.0173333 0.0628386 0.0346667 5.57694e-05
0 0.640574 0.878667 0.0828819 0.242667 5.59697e-05
0 0.401679 0 0.0557963 0 5.60514e-05
0 0.485915 0.05 0.092091 0.0733333 5.60655e-05
0 0.718039 0 0.0547129 0 5.61713e-05
0 0.804171 0.476 0.115385 0.154667 5.62479e-05
0 0.167931 0.0553333 0.0780065 0.110667 5.63205e-05
0 0.377573 0.0873333 0.0498375 0.110667 5.63314e-05
0 0.405742 0.0286667 0.0476706 0.0546667 5.67461e-05
0 0.719393 0.251333 0.0238353 0.0786667 5.68178e-05
0 0.175785 1 0.0557963 0 5.68763e-05
0 0.436078 0.451333 0.105092 0.281333 5.68866e-05
0 0.229686 0 0.0541712 0 5.68867e-05
0 0.688787 0.567333 0.088299 0.230667 5.69592e-05
0 0.967768 0.896667 0.0644637 0.166667 5.7167e-05
0 0.361863 0.266 0.113759 0.273333 5.71709e-05
0 0.216685 0.0513333 0.0725894 0.102667 5.73344e-05
0 0.536295 0.962667 0.0910076 0.072 5.76976e-05
0 0.735103 0.573333 0.0498375 0.0853333 5.79379e-05
0 0.307151 0.967333 0.0476706 0.0306667 5.79589e-05
0 0.98727 0.508 0.024377 0.152 5.80589e-05
0 0.226977 0.998 0.0509209 0.004 5.82177e-05
0 0.760563 0.0266667 0.0790899 0.0533333 5.82838e-05
0 0.891116 0.435333 0.0866739 0.118667 5.85386e-05
0 0.154117 0 0.0568797 0 5.88525e-05
0 0.254875 0.992667 0.0460455 0.0146667 5.90543e-05
0 0.367551 0.982 0.138137 0.036 5.92287e-05
0 0.904117 0 0.056338 0 5.95177e-05
0 0.734561 0.966667 0.0834236 0.0666667 5.96445e-05
0 0.212622 0.532 0.0482123 0.162667 6.00683e-05
0 0.261647 0.992667 0.0736728 0.0146667 6.01506e-05
0 0.494854 0.322667 0.0460455 0.0586667 6.03705e-05
0 0.366739 0.941333 0.0541712 0.096 6.0422e-05
0 0.653575 0.698 0.0655471 0.148 6.04518e-05
0 0.611322 0.566667 0.0655471 0.112 6.06208e-05
0 0.584507 0.538667 0.0422535 0.0746667 6.0623e-05
0 0.671452 0.0213333 0.0417118 0.0426667 6.08126e-05
0 0.289545 0.587333 0.107801 0.158667 6.09667e-05
0 0.412243 0.75 0.140845 0.0946667 6.10334e-05
0 0.89247 0.493333 0.0872156 0.285333 6.10486e-05
0 0.195829 0.991333 0.115385 0.0173333 6.10679e-05
0 0.267606 0.370667 0.131094 0.608 6.11352e-05
0 0.0631094 1 0.052546 0 6.14261e-05
0 0.962893 0.535333 0.0720477 0.366667 6.14277e-05
0 0.5539 0 0.0536295 0 6.14289e-05
0 0.309859 0.843333 0.084507 0.310667 6.16349e-05
0 0.277898 1 0.0509209 0 6.17358e-05
0 0.504875 0.321333 0.0736728 0.162667 6.18083e-05
0 0.533315 0.964667 0.0482123 0.0546667 6.18417e-05
0 0.478061 0 0.0547129 0 6.19347e-05
0 0.756771 0.0206667 0.0487541 0.0413333 6.24873e-05
0 0.510022 0.042 0.0514626 0.052 6.26696e-05
0 0.916576 0.651333 0.0899242 0.233333 6.27582e-05
0 0.293608 0.0233333 0.0444204 0.0413333 6.28424e-05
0 0.618635 0 0.0530878 0 6.39438e-05
0 0.201517 1 0.056338 0 6.41831e-05
0 0.788462 0.092 0.10455 0.146667 6.44291e-05
0 0.125948 1 0.0557963 0 6.51006e-05
0 0.415222 0.0173333 0.0839653 0.0346667 6.52864e-05
0 0.473727 0.000666667 0.0926327 0.00133333 6.55823e-05
0 0.292254 0.873333 0.0742145 0.186667 6.56391e-05
0 0.263272 0.636667 0.12351 0.422667 6.61528e-05
0 0.514897 0.0473333 0.0947996 0.0946667 6.63154e-05
0 0.0316901 0.0233333 0.0612134 0.0466667 6.67701e-05
0 0.516793 1 0.0509209 0 6.72623e-05
0 0.0858613 0.02 0.10455 0.04 6.72728e-05
0 0.573944 0.00666667 0.0796316 0.0133333 6.73907e-05
0 0.55688 0.086 0.0530878 0.134667 6.75378e-05
0 0.484019 0.441333 0.0536295 0.16 6.83781e-05
0 0.837486 0.916 0.114843 0.117333 6.86148e-05
0 0.432828 0.81 0.0530878 0.0706667 6.86394e-05
0 0.261105 0.747333 0.0704225 0.174667 6.91959e-05
0 0.400867 1 0.0899242 0 6.94057e-05
0 0.647075 0.456 0.0514626 0.109333 6.99352e-05
0 0.730769 0.02 0.0455038 0.04 7.07582e-05
0 0.309859 0.474667 0.114843 0.157333 7.0916e-05
0 0.9526 1 0.0547129 0 7.11477e-05
0 0.74377 0 0.0552546 0 7.12367e-05
0 0.56636 0.598 0.130553 0.433333 7.1749e-05
0 0.61078 0.646667 0.052546 0.168 7.24526e-05
0 0.295233 0.98 0.0455038 0.0266667 7.25897e-05
0 0.489707 0.566 0.0574215 0.177333 7.27935e-05
0 0.62351 0.988 0.0747562 0.024 7.29117e-05
0 0.226977 0.521333 0.0931744 0.237333 7.31102e-05
0 0.354009 0 0.0547129 0 7.34602e-05
0 0.303359 0 0.0552546 0 7.35108e-05
0 0.356988 0.62 0.0812568 0.277333 7.41772e-05
0 0.277356 0 0.0552546 0 7.42683e-05
0 0.0408992 0.748667 0.0817985 0.502667 7.55342e-05
0 0.480228 0.0213333 0.0514626 0.0346667 7.56227e-05
0 0.272752 0.716 0.0720477 0.0986667 7.58219e-05
0 0.804442 1 0.0509209 0 7.60261e-05
0 0.869718 0.562 0.052546 0.18 7.61939e-05
0 0.245937 0.704 0.0628386 0.24 7.63971e-05
0 0.887866 0.06 0.118093 0.12 7.64223e-05
0 0.711538 0.165333 0.0612134 0.202667 7.70905e-05
0 0.75948 0.143333 0.12026 0.284 7.7454e-05
0 0.820152 1 0.0769231 0 7.76734e-05
0 0.26571 0.506667 0.0947996 0.216 7.79072e-05
0 0.747291 0.418 0.0482123 0.116 7.82157e-05
0 0.035753 0.484 0.071506 0.426667 7.84515e-05
0 0.588299 0.558667 0.0682557 0.109333 7.87202e-05
0 0.966143 1 0.0503792 0 7.87522e-05
0 0.985915 0.0713333 0.028169 0.14 7.87778e-05
0 0.484019 0.09 0.0763814 0.166667 7.88743e-05
0 0.314464 0.644667 0.628927 0.710667 7.89868e-05
0 0.693391 0 0.0541712 0 7.9666e-05
0 0.0154388 1 0.0308776 0 7.98626e-05
0 0.661159 0.582667 0.0709642 0.133333 8.00976e-05
0 0.288462 0.989333 0.100217 0.0213333 8.03912e-05
0 0.583424 0.926667 0.0671723 0.136 8.04802e-05
0 0.404659 0.0573333 0.0444204 0.0853333 8.06911e-05
0 0.0471289 0.0186667 0.0942579 0.0373333 8.10613e-05
0 0.537378 0.06 0.0552546 0.096 8.11551e-05
0 0.973456 0.476 0.0530878 0.194667 8.11933e-05
0 0.745395 0.614 0.0855905 0.137333 8.13513e-05
0 0.773564 0.249333 0.114843 0.216 8.19568e-05
0 0.945829 0.006 0.0552546 0.012 8.24544e-05
0 0.179307 0 0.056338 0 8.3022e-05
0 0.754334 0.354667 0.0655471 0.130667 8.35191e-05
0 0.67416 0.262667 0.133803 0.437333 8.48015e-05
0 0.633803 0.052 0.0465872 0.0693333 8.48947e-05
0 0.225081 0.526667 0.141387 0.544 8.51214e-05
0 0.457476 0.004 0.0492958 0.008 8.53275e-05
0 0.687432 0.574 0.0628386 0.137333 8.63998e-05
0 0.940953 0.062 0.0942579 0.124 8.68516e-05
0 0.322048 0.0233333 0.0492958 0.036 8.71146e-05
0 0.644095 0.02 0.0465872 0.04 8.72262e-05
0 0.594529 0.016 0.0482123 0.032 8.72856e-05
0 0.640574 0.0893333 0.0839653 0.138667 8.73702e-05
0 0.93987 0.0286667 0.11701 0.0573333 8.77606e-05
0 0.0111051 0.248 0.0200433 0.264 8.79911e-05
0 0.836403 0.886667 0.135428 0.226667 8.84885e-05
0 0.90818 0.714 0.0785482 0.121333 8.8696e-05
0 0.578277 0 0.0547129 0 8.91823e-05
0 0.637324 0.210667 0.116468 0.296 8.93286e-05
0 0.0102925 0.628 0.020585 0.154667 8.93914e-05
0 0.509209 0.626 0.0823402 0.297333 8.94867e-05
0 0.654388 0.635333 0.0660888 0.145333 8.94912e-05
0 0.217226 0.640667 0.0585049 0.313333 8.9979e-05
0 0.519502 0.00866667 0.0509209 0.0173333 9.08748e-05
0 0.718852 0.056 0.0498375 0.0746667 9.09917e-05
0 0.205309 0 0.0552546 0 9.10191e-05
0 0.865114 0.0253333 0.0509209 0.0506667 9.15646e-05
0 0.84182 0.004 0.056338 0.008 9.17824e-05
0 0.052546 0.466667 0.105092 0.205333 9.21435e-05
0 0.52546 1 0.0888407 0 9.2285e-05
0 0.636511 0.591333 0.0693391 0.134667 9.22924e-05
0 0.985915 0.00333333 0.028169 0.00666667 9.31478e-05
0 0.636782 0.977333 0.0796316 0.0426667 9.45672e-05
0 0.838028 0.074 0.104009 0.148 9.48716e-05
0 0.662243 0.00533333 0.0774648 0.0106667 9.49719e-05
0 0.476436 0.389333 0.0785482 0.176 9.49781e-05
0 0.799296 0.00466667 0.0752979 0.00933333 9.52107e-05
0 0.823131 0.844 0.250813 0.312 9.55481e-05
0 0.468039 0.0413333 0.0487541 0.0533333 9.56409e-05
0 0.560672 0.384667 0.109426 0.134667 9.60766e-05
0 0.632178 0.643333 0.0487541 0.145333 9.64834e-05
0 0.960184 0.0233333 0.0514626 0.0466667 9.6603e-05
0 0.359697 0.146 0.115926 0.262667 9.68328e-05
0 0.0102925 0.898667 0.020585 0.197333 9.71467e-05
0 0.688787 0.0713333 0.0698808 0.142667 9.74694e-05
0 0.0186891 0.086 0.0373781 0.14 9.78812e-05
0 0.990791 0.445333 0.0184182 0.242667 9.80209e-05
0 0.295775 0.97 0.0812568 0.06 9.86757e-05
0 0.745666 0.832667 0.0980498 0.334667 9.92519e-05
0 0.533315 0.921333 0.0872156 0.133333 9.97128e-05
0 0.686078 0.329333 0.0503792 0.112 0.000100643
0 0.339653 0.0193333 0.0801734 0.0386667 0.000100853
0 0.668743 0.0813333 0.0633803 0.122667 0.000100974
0 0.582882 0.695333 0.0747562 0.281333 0.000102699
0 0.442037 0.02 0.0834236 0.04 0.000103317
0 0.34805 0.458 0.6961 0.916 0.000103714
0 0.711538 0.341333 0.0471289 0.106667 0.000103891
0 0.00812568 0.904667 0.0119177 0.148 0.000104131
0 0.319068 0.96 0.0433369 0.0426667 0.000104194
0 0.377031 0.0333333 0.0877573 0.0586667 0.0001044
0 0.828548 1 0.0547129 0 0.000105954
0 0.808234 0.585333 0.126761 0.28 0.000108808
0 0.722644 0.456667 0.0660888 0.148 0.000109484
0 0.188245 1 0.0893824 0 0.00011017
0 0.0170639 0.518 0.0341278 0.244 0.000110612
0 0.722914 0.291333 0.122969 0.404 0.00011075
0 0.630282 1 0.0547129 0 0.000110911
0 0.288732 0.016 0.0834236 0.032 0.0001114
0 0.24675 0.022 0.0460455 0.044 0.000111516
0 0.489437 0.324 0.088299 0.309333 0.000112176
0 0.444204 0.936 0.101842 0.128 0.00011414
0 0.777627 0.396667 0.119718 0.26 0.000114685
0 0.624052 0.00533333 0.0780065 0.0106667 0.000114956
0 0.570693 0.501333 0.0655471 0.117333 0.000115445
0 0.369177 0.951333 0.127302 0.0973333 0.000115575
0 0.226706 1 0.0547129 0 0.000115898
0 0.736186 0.311333 0.0487541 0.105333 0.000116126
0 0.677411 1 0.0579632 0 0.000116382
0 0.0796316 0.996 0.0801734 0.008 0.000116604
0 0.728602 0.227333 0.0855905 0.150667 0.000117247
0 0.239166 0 0.0557963 0 0.000118451
0 0.567172 0.014 0.0812568 0.028 0.000118518
0 0.328277 0 0.0552546 0 0.000119456
0 0.0105634 0.414667 0.0211268 0.149333 0.000120276
0 0.564735 0.59 0.0774648 0.198667 0.000120436
0 0.0398158 1 0.0536295 0 0.000120752
0 0.603467 0 0.0552546 0 0.000121913
0 0.257855 0.642667 0.0758397 0.173333 0.000122349
0 0.633532 0.984 0.052546 0.024 0.000122553
0 0.877302 0 0.0557963 0 0.000122611
0 0.668743 0.348 0.088299 0.144 0.000123308
0 0.715872 0.578 0.0839653 0.126667 0.000123555
0 0.263543 0.0153333 0.0904659 0.0306667 0.000123642
0 0.724269 0.004 0.0780065 0.008 0.000124267
0 0.377573 0 0.056338 0 0.000125083
0 0.509751 0.076 0.0671723 0.133333 0.000125699
0 0.771668 0.521333 0.0536295 0.117333 0.000126175
0 0.37351 0.259333 0.102384 0.132 0.000126367
0 0.77221 0.604667 0.0536295 0.108 0.000126462
0 0.384615 0.174667 0.101842 0.16 0.000130176
0 0.852654 0 0.056338 0 0.000130577
0 0.448808 0.146 0.0893824 0.158667 0.000130614
0 0.325298 0.544667 0.131636 0.401333 0.000131214
0 0.611863 0.964667 0.0947996 0.0706667 0.00013163
0 0.112405 0.481333 0.167389 0.352 0.000132688
0 0.711268 0.514 0.0790899 0.164 0.000133115
0 0.988895 0.379333 0.0222102 0.150667 0.000133221
0 0.568527 0.976 0.0503792 0.048 0.000134253
0 0.666306 0 0.0552546 0 0.000134848
0 0.346696 0.0373333 0.107259 0.0746667 0.000136091
0 0.631094 0.996667 0.0552546 0.00666667 0.000136643
0 0.0503792 1 0.056338 0 0.000136933
0 0.0151679 0.41 0.020585 0.262667 0.000138269
0 0.0254605 0.992 0.0509209 0.016 0.000138422
0 0.132719 0.616667 0.265439 0.766667 0.000139385
0 0.138137 0.00533333 0.0931744 0.0106667 0.000139687
0 0.992416 0.901333 0.0151679 0.197333 0.000141351
0 0.942849 0 0.0557963 0 0.000141648
0 0.761647 0.00266667 0.0747562 0.00533333 0.000142225
0 0.628386 0 0.0552546 0 0.000143287
0 0.701246 0.232 0.0612134 0.304 0.000144905
0 0.675785 0.881333 0.0352113 0.157333 0.000144938
0 0.710726 0.0853333 0.071506 0.144 0.000145177
0 0.97779 0.046 0.0444204 0.092 0.000145307
0 0.0119177 0.790667 0.0238353 0.325333 0.000147424
0 0.681473 0.507333 0.0552546 0.0786667 0.000147885
0 0.0173348 0.0446667 0.0346696 0.0893333 0.000149287
0 0.422806 0.824 0.156555 0.352 0.000150344
0 0.142741 0.024 0.0991333 0.048 0.000150632
0 0.690683 0 0.0552546 0 0.00015064
0 0.705309 0.0193333 0.0520043 0.0386667 0.000150909
0 0.675785 0.413333 0.124052 0.370667 0.000151765
0 0.0203142 0.0266667 0.0406284 0.0533333 0.00015195
0 0.699621 0.006 0.0763814 0.012 0.000153271
0 0.790899 0.0306667 0.104009 0.0613333 0.000153748
0 0.902221 0 0.0557963 0 0.000154067
0 0.0102925 1 0.020585 0 0.000155045
0 0.547671 0.948 0.0444204 0.096 0.000155834
0 0.268689 0.024 0.0498375 0.0426667 0.00015768
0 0.228332 0.588667 0.052546 0.169333 0.000158
0 0.479415 0.368 0.0314193 0.0986667 0.000159058
0 0.112134 0 0.056338 0 0.000160223
0 0.534399 0.578667 0.103467 0.165333 0.00016028
0 0.71533 0 0.0547129 0 0.000162674
0 0.492145 0.0286667 0.0807151 0.0573333 0.000163648
0 0.665222 0.28 0.0964247 0.245333 0.000166701
0 0.988082 0.024 0.0227519 0.048 0.000167674
0 0.619177 0.0186667 0.0476706 0.0373333 0.000168409
0 0.960726 1 0.0785482 0 0.000168457
0 0.0111051 0.534667 0.0222102 0.152 0.00016857
0 0.232394 0.651333 0.0487541 0.169333 0.000169278
0 0.789816 0 0.056338 0 0.000169551
0 0.767606 0.522 0.151679 0.497333 0.000170217
0 0.779523 0.639333 0.0660888 0.105333 0.000170283
0 0.568527 0.0173333 0.0482123 0.0346667 0.000170334
0 0.740791 0.0993333 0.109967 0.150667 0.000170589
0 0.279252 0.994667 0.0503792 0.0106667 0.000171263
0 0.385428 0.00266667 0.0980498 0.00533333 0.000171405
0 0.382449 0.747333 0.0433369 0.0386667 0.000171609
0 0.498104 0.545333 0.0536295 0.101333 0.000174482
0 0.362405 0.0953333 0.0758397 0.18 0.000177229
0 0.663868 0.497333 0.0742145 0.165333 0.000177683
0 0.988624 0.937333 0.00866739 0.104 0.000178806
0 0.138137 1 0.0931744 0 0.000179259
0 0.669556 0.0106667 0.0877573 0.0213333 0.000179578
0 0.900596 0.999333 0.122969 0.00133333 0.00018134
0 0.766522 0.460667 0.466956 0.921333 0.00018187
0 0.137595 0 0.056338 0 0.000182409
0 0.313109 0.004 0.0964247 0.008 0.000182855
0 0.619177 0.0113333 0.084507 0.0226667 0.000185105
0 0.0861322 0 0.0552546 0 0.000187458
0 0.239978 0.018 0.0899242 0.036 0.000187788
0 0.980498 0.574 0.0390032 0.321333 0.000188903
0 0.288732 0.374667 0.577465 0.749333 0.000191439
0 0.814735 0 0.056338 0 0.000192765
0 0.849946 0.997333 0.114843 0.00533333 0.00019351
0 0.377031 0.0446667 0.035753 0.0893333 0.000194127
0 0.653304 0.998667 0.0552546 0.00266667 0.000194476
0 0.49377 0.451333 0.0752979 0.270667 0.000195059
0 0.330444 0.908667 0.0379198 0.113333 0.000198359
0 0.225352 1 0.0877573 0 0.000201862
0 0.25 0.711333 0.0514626 0.124 0.000203754
0 0.969664 0.00866667 0.0541712 0.0173333 0.000204053
0 0.641387 0.467333 0.099675 0.148 0.000205172
0 0.0203142 0.668667 0.0406284 0.430667 0.000206587
0 0.113218 0.514 0.216685 0.641333 0.000206986
0 0.462351 0.0106667 0.0991333 0.0213333 0.000209252
0 0.163326 0 0.0568797 0 0.000209912
0 0.297671 0.994 0.0785482 0.012 0.000211409
0 0.719664 0.0126667 0.0904659 0.0253333 0.000212314
0 0.589382 0.0193333 0.0823402 0.0386667 0.000215263
0 0.450704 0.878667 0.099675 0.146667 0.000216989
0 0.716143 0.272 0.056338 0.101333 0.000217733
0 0.689599 0.295333 0.0725894 0.14 0.00021789
0 0.740791 0 0.0557963 0 0.000218788
0 0.223998 0.00533333 0.0861322 0.0106667 0.000219384
0 0.981853 0.998667 0.031961 0.00266667 0.000219459
0 0.716956 0.878 0.0579632 0.158667 0.00022044
0 0.784128 0.00333333 0.0731311 0.00666667 0.000226789
0 0.602654 0.518 0.0644637 0.126667 0.000227862
0 0.831528 0.242667 0.192849 0.429333 0.000227904
0 0.213976 0 0.056338 0 0.000228246
0 0.765168 0 0.0557963 0 0.000228778
0 0.842091 0.026 0.0839653 0.052 0.000229019
0 0.758667 0.464 0.052546 0.12 0.000229468
0 0.619447 0.980667 0.10455 0.0386667 0.00022955
0 0.848592 0.012 0.0796316 0.024 0.000229885
0 0.377302 0.901333 0.113218 0.152 0.000232332
0 0.4461 0.044 0.0731311 0.0613333 0.000234904
0 0.991603 0.98 0.0167931 0.04 0.000237656
0 0.687161 0.836 0.1013 0.309333 0.000239528
0 0.653304 1 0.0585049 0 0.000243212
0 0.538462 0.0246667 0.0769231 0.0493333 0.000244277
0 0.774919 0.485333 0.121885 0.221333 0.000245363
0 0.676056 0.0553333 0.0346696 0.0786667 0.000247407
0 0.325298 0.556 0.0893824 0.170667 0.000248696
0 0.98402 0.2 0.031961 0.165333 0.000248757
0 0.187161 0.00466667 0.088299 0.00933333 0.000248968
0 0.0151679 0.858667 0.0195016 0.248 0.000249049
0 0.0994041 1 0.0991333 0 0.000251998
0 0.188787 0 0.0568797 0 0.000256071
0 0.738624 0.0293333 0.103467 0.0586667 0.000257428
0 0.521939 0.445333 0.0503792 0.130667 0.000260118
0 0.0490249 0 0.0568797 0 0.000260925
0 0.684453 0.026 0.0427952 0.0493333 0.000263009
0 0.363218 0.0126667 0.0991333 0.0253333 0.000264164
0 0.538462 0.496 0.100758 0.245333 0.000272815
0 0.66468 0.674 0.670639 0.652 0.000274732
0 0.823402 0.00333333 0.0834236 0.00666667 0.000278221
0 0.207205 0.00466667 0.0742145 0.00933333 0.000281308
0 0.742958 0.531333 0.102384 0.145333 0.000282963
0 0.431473 0.871333 0.0557963 0.044 0.000283365
0 0.638137 0.026 0.0812568 0.052 0.000289999
0 0.708288 0.46 0.102384 0.224 0.000290665
0 0.850488 1 0.101842 0 0.000292339
0 0.262189 0.00266667 0.114843 0.00533333 0.000300236
0 0.27844 0.210667 0.113759 0.381333 0.000306361
0 0.590195 0 0.109967 0 0.000311831
0 0.75325 0.41 0.0915493 0.142667 0.000313841
0 0.747021 0.00266667 0.0725894 0.00533333 0.000317763
0 0.703684 0.228667 0.0444204 0.126667 0.000320353
0 0.889491 0.0266667 0.127844 0.0533333 0.000321567
0 0.0143554 0.649333 0.0232936 0.298667 0.000324644
0 0.96533 0 0.056338 0 0.000332877
0 0.187974 0.022 0.0725894 0.044 0.000341418
0 0.523023 0.945333 0.052546 0.101333 0.000349973
0 0.60455 0.540667 0.0411701 0.0813333 0.000350522
0 0.0116468 0.476 0.0232936 0.149333 0.000352213
0 0.716685 0.404667 0.0769231 0.132 0.000353572
0 0.638137 0.995333 0.0953413 0.00933333 0.00035487
0 0.371343 0.022 0.0373781 0.044 0.000359289
0 0.670098 0.0313333 0.0671723 0.0626667 0.000362874
0 0.990791 0.088 0.0162514 0.176 0.000363749
0 0.603196 0.474667 0.117551 0.312 0.000367309
0 0.986999 0.988667 0.0140845 0.0226667 0.000380282
0 0.98727 1 0.0211268 0 0.000381238
0 0.041441 0.996 0.0731311 0.008 0.000382708
0 0.788462 0 0.125135 0 0.000388858
0 0.0644637 0.00933333 0.102925 0.0186667 0.000391147
0 0.139491 0 0.144637 0 0.000393076
0 0.638137 0 0.114843 0 0.000401965
0 0.16468 0.0126667 0.0975081 0.0253333 0.000406156
0 0.86403 0.004 0.130011 0.008 0.000410395
0 0.318256 0.916 0.0536295 0.168 0.000411968
0 0.0354821 0.008 0.0612134 0.016 0.000412437
0 0.825298 0.05 0.0698808 0.1 0.000419503
0 0.0287107 1 0.0520043 0 0.000422089
0 0.510834 0.514667 0.0866739 0.165333 0.000428245
0 0.985915 0.380667 0.028169 0.310667 0.000428737
0 0.687974 0 0.115926 0 0.00042955
0 0.433099 0.788667 0.0557963 0.0413333 0.000440211
0 0.589112 0.984 0.0297941 0.032 0.000445443
0 0.398971 0.940667 0.113218 0.0946667 0.000447393
0 0.42416 0.851333 0.111593 0.153333 0.000447572
0 0.979144 0.0973333 0.0417118 0.194667 0.000449115
0 0.549837 0.0266667 0.0585049 0.0533333 0.000460193
0 0.364301 0.06 0.0536295 0.0933333 0.000469731
0 0.422264 0.572 0.666847 0.856 0.000470445
0 0.514355 0.016 0.0915493 0.032 0.000482095
0 0.657638 0.5 0.684724 1 0.000484593
0 0.942308 0.0186667 0.0947996 0.0373333 0.000490021
0 0.675244 0.422667 0.0807151 0.149333 0.000499067
0 0.712893 0.238 0.020585 0.0813333 0.000506642
0 0.925515 1 0.108884 0 0.000508674
0 0.979415 0.996667 0.0411701 0.00666667 0.00052874
0 0.767877 0.583333 0.0947996 0.142667 0.000540409
0 0.738353 0 0.121343 0 0.000543342
0 0.429848 0.848 0.0622969 0.0986667 0.000552519
0 0.0232936 0 0.0465872 0 0.000573883
0 0.213434 0 0.126761 0 0.000585112
0 0.261105 0.5 0.52221 1 0.000592022
0 0.445287 0.028 0.0595883 0.056 0.000592539
0 0.367551 0.038 0.0503792 0.044 0.000612291
0 0.0146262 0.518 0.0216685 0.281333 0.000627876
0 0.757313 0.486 0.0899242 0.129333 0.000630052
0 0.0604009 1 0.088299 0 0.000630641
0 0.68987 0.036 0.0633803 0.072 0.000659331
0 0.978602 1 0.0417118 0 0.000663518
0 0.730498 0.347333 0.0796316 0.18 0.000707977
0 0.96208 0.0106667 0.0758397 0.0213333 0.000713757
0 0.0983207 0.00333333 0.106717 0.00666667 0.000759121
0 0.77844 0.54 0.0985916 0.141333 0.000773895
0 0.45558 0.0246667 0.0465872 0.0413333 0.000774547
0 0.684182 0.470667 0.0855905 0.141333 0.000790194
0 0.0213976 0.847333 0.0427952 0.278667 0.000805484
0 0.990791 0.286 0.00975081 0.113333 0.000813739
0 0.433369 0.775333 0.0790899 0.0626667 0.000862167
0 0.916035 0.00133333 0.130011 0.00266667 0.00087736
0 0.465872 0.943333 0.0682557 0.0893333 0.000940229
0 0.854009 0.038 0.10455 0.076 0.000950597
0 0.692579 0.0573333 0.0482123 0.0746667 0.000966428
0 0.432015 0.796667 0.102384 0.121333 0.000967871
0 0.520856 0.0286667 0.0655471 0.0573333 0.00103609
0 0.347779 0.581333 0.0704225 0.152 0.00108062
0 0.280607 0.182 0.0758397 0.233333 0.00108874
0 0.543337 0.0413333 0.0335861 0.048 0.00110507
0 0.989437 0.272667 0.0211268 0.268 0.00111395
0 0.975352 0.0313333 0.0492958 0.0626667 0.00113935
0 0.542795 0.44 0.0509209 0.133333 0.00115525
0 0.597237 0.470667 0.0828819 0.173333 0.00115656
0 0.673619 1 0.10455 0 0.001169
0 0.992416 0.312667 0.0151679 0.18 0.00127546
0 0.261376 0.719333 0.0352113 0.068 0.00128088
0 0.0425244 0.00133333 0.0850488 0.00266667 0.00128848
0 0.761918 0.556667 0.476165 0.886667 0.00130541
0 0.662243 0.998 0.113218 0.004 0.0014606
0 0.98402 0.269333 0.0308776 0.186667 0.0015178
0 0.571506 0.423333 0.44312 0.846667 0.00156516
0 0.862405 0.607333 0.110509 0.361333 0.0016668
0 0.84182 0.0313333 0.0530878 0.0626667 0.0018124
0 0.580173 0.968 0.0227519 0.064 0.00186473
0 0.511647 0.409333 0.0785482 0.173333 0.00208678
0 0.72779 0.929333 0.0872156 0.125333 0.00256138
0 0.689599 0.874 0.0617551 0.228 0.00341046
0 0.578277 0.978667 0.0189599 0.0346667 0.00353008
0 0.845341 0.0506667 0.0720477 0.08 0.00392043
0 0.98429 0.036 0.0303359 0.056 0.00526201
0 0.321506 0.938667 0.0384615 0.0746667 0.00555675
0 0.531419 0.0293333 0.0455038 0.04 0.00590847
0 0.73104 0.359333 0.0579632 0.0946667 0.00694193
0 0.988082 0.0386667 0.0151679 0.0773333 0.00737133
0 0.447183 0.795333 0.0904659 0.0653333 0.0100189
0 0.995125 0.263333 0.00975081 0.177333 0.0102072
0 0.987541 0.16 0.0238353 0.312 0.0120137
0 0.991603 0.242667 0.0135428 0.248 0.0132885
0 0.562568 0.458 0.0839653 0.185333 0.0135872
0 0.721289 0.798 0.245395 0.404 0.0151862
0 0.888678 0.610667 0.194475 0.517333 0.026602
0 0.489707 0.357333 0.0390032 0.133333 0.0399815
0 0.875406 0.576667 0.056338 0.353333 0.0433421
0 0.722644 0.885333 0.110509 0.226667 0.592319
0 0.902221 0.598 0.105634 0.396 0.593551
