0 0.16143 0.984 0.071506 0.032 2.25505e-05
0 0.158992 0.276667 0.185807 0.553333 2.25694e-05
0 0.815818 0.596667 0.0790899 0.110667 2.26256e-05
0 0.642199 0.670667 0.0352113 0.109333 2.26312e-05
0 0.66468 0.653333 0.0292524 0.0293333 2.26705e-05
0 0.254605 0.536667 0.0422535 0.1 2.27291e-05
0 0.354009 0.359333 0.0482123 0.268 2.27993e-05
0 0.362405 0.184 0.0823402 0.368 2.28789e-05
0 0.983207 0.963333 0.0260022 0.0573333 2.28992e-05
0 0.156284 0.659333 0.0568797 0.121333 2.3044e-05
0 0.208559 0.487333 0.0552546 0.228 2.30587e-05
0 0.88597 0.206 0.0796316 0.124 2.31213e-05
0 0.63299 0.0786667 0.039545 0.101333 2.3125e-05
0 0.73429 0.988 0.0622969 0.024 2.31477e-05
0 0.594529 0.974667 0.0666305 0.0506667 2.31972e-05
0 0.368093 0.788 0.160888 0.424 2.32e-05
0 0.389762 1 0.039545 0 2.32396e-05
0 0.896533 0.434667 0.035753 0.056 2.3241e-05
0 0.58234 0.659333 0.0195016 0.0226667 2.32622e-05
0 0.244041 0.987333 0.0308776 0.0253333 2.33029e-05
0 0.241603 0.542667 0.035753 0.0533333 2.3394e-05
0 0.67091 0.909333 0.0655471 0.149333 2.34196e-05
0 0.41766 0.441333 0.0617551 0.301333 2.34358e-05
0 0.706392 0.0206667 0.0455038 0.0413333 2.34564e-05
0 0.385428 0.0306667 0.0687974 0.0613333 2.36274e-05
0 0.359155 0.931333 0.0888407 0.137333 2.37402e-05
0 0.543879 0.546 0.0260022 0.06 2.37437e-05
0 0.37974 0.546 0.071506 0.137333 2.37683e-05
0 0.619718 0.648 0.0660888 0.165333 2.37844e-05
0 0.715601 0.736 0.145179 0.528 2.38051e-05
0 0.0306067 0.292 0.0612134 0.2 2.3822e-05
0 0.463705 1 0.0541712 0 2.38227e-05
0 0.41143 0.534667 0.0622969 0.122667 2.38548e-05
0 0.561755 0.754 0.0704225 0.153333 2.38972e-05
0 0.580173 0.451333 0.0628386 0.268 2.39206e-05
0 0.767606 0.399333 0.0693391 0.156 2.39734e-05
0 0.441224 0.022 0.0449621 0.036 2.40214e-05
0 0.266522 0.000666667 0.0530878 0.00133333 2.4121e-05
0 0.734561 0.573333 0.0498375 0.136 2.41233e-05
0 0.392741 0.0286667 0.0379198 0.0573333 2.41528e-05
0 0.219935 0.166667 0.0595883 0.333333 2.4156e-05
0 0.650325 0.728667 0.0341278 0.092 2.41739e-05
0 0.36701 0.486667 0.0287107 0.0586667 2.41761e-05
0 0.0536295 0.0926667 0.107259 0.153333 2.42983e-05
0 0.210184 0.350667 0.0541712 0.141333 2.43521e-05
0 0.884886 0.930667 0.132719 0.138667 2.43717e-05
0 0.852654 0.966667 0.0433369 0.0666667 2.43922e-05
0 0.491603 0.391333 0.0287107 0.0333333 2.44127e-05
0 0.838028 0.156667 0.0985916 0.174667 2.44974e-05
0 0.225352 0.824 0.0249187 0.0826667 2.45123e-05
0 0.316089 0.336 0.0514626 0.12 2.45476e-05
0 0.459642 0.954667 0.0557963 0.0906667 2.46291e-05
0 0.521127 0.777333 0.0812568 0.149333 2.4644e-05
0 0.603467 0.836667 0.0606717 0.137333 2.46696e-05
0 0.560401 0.372 0.031961 0.109333 2.46869e-05
0 0.709913 0.274 0.0655471 0.182667 2.47153e-05
0 0.0314193 0.03 0.0487541 0.06 2.47574e-05
0 0.260022 0.526667 0.071506 0.170667 2.47644e-05
0 0.33559 0.900667 0.0666305 0.148 2.47874e-05
0 0.174973 0.838667 0.0660888 0.106667 2.47887e-05
0 0.666306 0.0313333 0.108342 0.0626667 2.48039e-05
0 0.83234 0.796667 0.147887 0.236 2.48841e-05
0 0.713164 0.0766667 0.0731311 0.153333 2.48858e-05
0 0.18662 0.650667 0.0417118 0.125333 2.48871e-05
0 0.561213 0.496667 0.0660888 0.150667 2.49497e-05
0 0.480228 0.402667 0.0254605 0.056 2.49736e-05
0 0.494854 0.591333 0.039545 0.076 2.50765e-05
0 0.184724 0.062 0.0671723 0.124 2.51871e-05
0 0.288732 0.478667 0.0606717 0.12 2.52445e-05
0 0.781961 0.113333 0.0308776 0.096 2.52868e-05
0 0.929848 0 0.052546 0 2.53062e-05
0 0.167931 0.0193333 0.0465872 0.0386667 2.53189e-05
0 0.219393 0.612667 0.0238353 0.0786667 2.53382e-05
0 0.545233 0.520667 0.0232936 0.0653333 2.53485e-05
0 0.717226 0.0306667 0.105092 0.0613333 2.5455e-05
0 0.57909 0.794667 0.0346696 0.106667 2.54627e-05
0 0.612676 0.141333 0.0910076 0.277333 2.55045e-05
0 0.514355 0.273333 0.0709642 0.181333 2.55106e-05
0 0.399512 0.641333 0.0850488 0.154667 2.55371e-05
0 0.362676 0.223333 0.0557963 0.150667 2.5585e-05
0 0.890303 0.413333 0.0276273 0.0373333 2.5602e-05
0 0.910347 0.0573333 0.0460455 0.0746667 2.56095e-05
0 0.306067 0.718667 0.0249187 0.0693333 2.56279e-05
0 0.707205 0.455333 0.0709642 0.14 2.56612e-05
0 0.410888 0.93 0.0742145 0.14 2.56858e-05
0 0.679848 0.501333 0.0693391 0.282667 2.57443e-05
0 0.23104 0.988667 0.0352113 0.0226667 2.57812e-05
0 0.968039 0.994667 0.0444204 0.0106667 2.58741e-05
0 0.911159 0.434 0.0530878 0.289333 2.5881e-05
0 0.661159 0.219333 0.0839653 0.254667 2.58932e-05
0 0.416847 0 0.052546 0 2.59123e-05
0 0.0165222 0.751333 0.0330444 0.153333 2.59258e-05
0 0.459101 0.978 0.024377 0.044 2.59521e-05
0 0.607259 1 0.0552546 0 2.60463e-05
0 0.901408 0.145333 0.0693391 0.0746667 2.60761e-05
0 0.716414 0.768 0.0839653 0.192 2.60943e-05
0 0.668743 0.486 0.121885 0.473333 2.61785e-05
0 0.868635 0.024 0.119718 0.048 2.62228e-05
0 0.841008 0.416667 0.0287107 0.0493333 2.62843e-05
0 0.687161 0.0266667 0.0731311 0.0533333 2.62952e-05
0 0.107801 0.803333 0.1961 0.393333 2.62959e-05
0 0.0590466 0.754667 0.0953413 0.242667 2.63441e-05
0 0.479686 0.766 0.0406284 0.102667 2.64019e-05
0 0.711538 0.250667 0.127302 0.501333 2.64049e-05
0 0.668472 0.741333 0.063922 0.178667 2.64626e-05
0 0.653575 0.920667 0.024377 0.052 2.64768e-05
0 0.539545 0.196667 0.0671723 0.26 2.6548e-05
0 0.191224 0.524667 0.063922 0.297333 2.65971e-05
0 0.541441 0.997333 0.0449621 0.00533333 2.65986e-05
0 0.913868 0.258667 0.0899242 0.186667 2.66214e-05
0 0.151679 1 0.0455038 0 2.66228e-05
0 0.312839 0.411333 0.0373781 0.121333 2.66328e-05
0 0.757584 0.442667 0.0427952 0.0933333 2.66368e-05
0 0.134886 0.992667 0.107259 0.0146667 2.66537e-05
0 0.0148971 0.0106667 0.0297941 0.0213333 2.66805e-05
0 0.643554 0.0206667 0.0444204 0.0413333 2.67465e-05
0 0.310672 0.810667 0.0341278 0.0933333 2.68428e-05
0 0.23104 0.414 0.0612134 0.129333 2.68436e-05
0 0.307692 0.712667 0.0411701 0.110667 2.68628e-05
0 0.342362 0.052 0.0487541 0.056 2.68842e-05
0 0.491603 0 0.0514626 0 2.69607e-05
0 0.267876 0.773333 0.0698808 0.149333 2.69704e-05
0 0.393012 0.0226667 0.0460455 0.0373333 2.70186e-05
0 0.809588 0.937333 0.0666305 0.125333 2.70365e-05
0 0.819339 0.439333 0.0308776 0.06 2.70861e-05
0 0.660347 0.954667 0.0747562 0.0906667 2.71361e-05
0 0.311213 0.770667 0.0547129 0.269333 2.71615e-05
0 0.236999 0.852667 0.0352113 0.124 2.72514e-05
0 0.0287107 0.474667 0.0335861 0.272 2.72784e-05
0 0.379198 0.256667 0.0411701 0.068 2.73109e-05
0 0.0208559 0.854667 0.0200433 0.258667 2.73291e-05
0 0.56013 0.73 0.0368364 0.028 2.73427e-05
0 0.276273 0.772667 0.0260022 0.0626667 2.7372e-05
0 0.582882 0.658667 0.00866739 0.016 2.73957e-05
0 0.89545 0.19 0.149512 0.38 2.74552e-05
0 0.84507 0.0826667 0.0335861 0.0853333 2.74693e-05
0 0.261105 0.492 0.0422535 0.101333 2.7491e-05
0 0.352384 1 0.0427952 0 2.75105e-05
0 0.212351 1 0.056338 0 2.75509e-05
0 0.941495 0.652667 0.11701 0.454667 2.7816e-05
0 0.16143 0.946 0.0790899 0.108 2.78398e-05
0 0.442849 0.712 0.0644637 0.133333 2.78879e-05
0 0.442308 0 0.052546 0 2.79028e-05
0 0.25623 0.988 0.0303359 0.024 2.79242e-05
0 0.0197725 0.262 0.039545 0.14 2.79504e-05
0 0.18662 0.872 0.0785482 0.256 2.80888e-05
0 0.206121 0.426667 0.0287107 0.114667 2.81237e-05
0 0.143554 0.0653333 0.0953413 0.130667 2.81518e-05
0 0.305796 0 0.0503792 0 2.82821e-05
0 0.339924 0.333333 0.0232936 0.0986667 2.83729e-05
0 0.448267 0.766667 0.0633803 0.125333 2.86006e-05
0 0.319881 0.705333 0.0687974 0.149333 2.86318e-05
0 0.485374 0.412667 0.0455038 0.092 2.86567e-05
0 0.494312 0.180667 0.0449621 0.076 2.866e-05
0 0.819881 0.418 0.0698808 0.14 2.86623e-05
0 0.679307 0.408667 0.0769231 0.233333 2.86936e-05
0 0.166306 0.892 0.0866739 0.157333 2.88754e-05
0 0.0812568 0.213333 0.130011 0.248 2.8922e-05
0 0.365114 0.405333 0.0270856 0.0773333 2.89714e-05
0 0.700704 0.879333 0.0330444 0.0226667 2.89767e-05
0 0.46208 0.655333 0.00866739 0.0226667 2.90096e-05
0 0.45558 0.376 0.0606717 0.114667 2.91781e-05
0 0.665764 0.608667 0.0325027 0.116 2.91795e-05
0 0.452058 0.391333 0.122969 0.5 2.92788e-05
0 0.0392741 0.734 0.0785482 0.532 2.9309e-05
0 0.436349 0.994667 0.0774648 0.0106667 2.93412e-05
0 0.742687 0.462667 0.0606717 0.136 2.93969e-05
0 0.814735 0.986 0.0736728 0.028 2.94874e-05
0 0.375948 0.227333 0.0498375 0.105333 2.95951e-05
0 0.791983 0.457333 0.0498375 0.106667 2.96377e-05
0 0.71831 0 0.0520043 0 2.96725e-05
0 0.857801 0.91 0.0807151 0.105333 2.97182e-05
0 0.766522 0.03 0.107259 0.06 2.98464e-05
0 0.641928 0 0.0530878 0 2.99191e-05
0 0.353196 0.00133333 0.0541712 0.00266667 2.99958e-05
0 0.154388 0 0.056338 0 3.00758e-05
0 0.327736 1 0.0411701 0 3.01014e-05
0 0.680661 0 0.052546 0 3.01273e-05
0 0.592904 0.993333 0.039545 0.0133333 3.02272e-05
0 0.547129 0.018 0.0422535 0.036 3.02524e-05
0 0.277356 0.768 0.035753 0.114667 3.02539e-05
0 0.577465 0.818 0.0108342 0.0253333 3.04403e-05
0 0.670639 0.452667 0.0400867 0.102667 3.04497e-05
0 0.359967 0.966667 0.0633803 0.0666667 3.04978e-05
0 0.884886 0.0213333 0.0752979 0.0426667 3.05803e-05
0 0.440953 0.59 0.063922 0.116 3.06118e-05
0 0.0891116 0.948 0.106717 0.104 3.06843e-05
0 0.190683 1 0.0390032 0 3.07937e-05
0 0.0853196 0.887333 0.118635 0.225333 3.08027e-05
0 0.424431 0.084 0.0622969 0.101333 3.08955e-05
0 0.464789 0.0366667 0.105092 0.0733333 3.09676e-05
0 0.925785 0.498 0.0780065 0.150667 3.09752e-05
0 0.713164 0.619333 0.0698808 0.166667 3.10638e-05
0 0.167931 0.521333 0.128927 0.493333 3.10651e-05
0 0.249729 0.02 0.0747562 0.04 3.10962e-05
0 0.214247 0.054 0.0698808 0.108 3.11049e-05
0 0.290899 0.0246667 0.114843 0.0493333 3.11201e-05
0 0.28494 0.008 0.0899242 0.016 3.13038e-05
0 0.669285 0.650667 0.0222102 0.0986667 3.13293e-05
0 0.0506501 0.392 0.1013 0.229333 3.14053e-05
0 0.817172 0.933333 0.039545 0.133333 3.14127e-05
0 0.874865 0.754 0.195016 0.492 3.14183e-05
0 0.768147 0.112 0.0422535 0.0906667 3.14879e-05
0 0.670639 0.974 0.0238353 0.052 3.17278e-05
0 0.0306067 0.0666667 0.0427952 0.0986667 3.18059e-05
0 0.459372 0.265333 0.0682557 0.152 3.18163e-05
0 0.879198 0 0.0509209 0 3.18247e-05
0 0.845341 0.418 0.0276273 0.0226667 3.18594e-05
0 0.699892 0.988667 0.0693391 0.0226667 3.19065e-05
0 0.54415 0.456667 0.031961 0.0866667 3.19362e-05
0 0.442308 0.663333 0.052546 0.108 3.20275e-05
0 0.210726 0.951333 0.0335861 0.084 3.20992e-05
0 0.58532 0.15 0.0752979 0.174667 3.21052e-05
0 0.153575 0.526 0.0557963 0.137333 3.21523e-05
0 0.8513 0.985333 0.0514626 0.0293333 3.22186e-05
0 0.59182 0.356667 0.039545 0.142667 3.22691e-05
0 0.391387 0 0.0536295 0 3.23011e-05
0 0.808776 0.144 0.0888407 0.272 3.2377e-05
0 0.0297941 0.951333 0.0595883 0.0973333 3.24622e-05
0 0.736457 0.284667 0.0731311 0.156 3.25127e-05
0 0.355634 0.492667 0.0254605 0.0546667 3.25178e-05
0 0.759751 0.218667 0.0742145 0.16 3.26284e-05
0 0.75948 0.418 0.00975081 0.0306667 3.26426e-05
0 0.512459 0.956667 0.0780065 0.0866667 3.26469e-05
0 0.533586 0.101333 0.0812568 0.202667 3.26563e-05
0 0.498375 0.725333 0.0530878 0.0506667 3.27742e-05
0 0.112947 1 0.0514626 0 3.27897e-05
0 0.0176056 0.912667 0.0297941 0.126667 3.28146e-05
0 0.828007 0.962 0.0362947 0.0573333 3.29592e-05
0 0.586403 0.218 0.0796316 0.182667 3.30381e-05
0 0.588299 0.398 0.0238353 0.0573333 3.30724e-05
0 0.251354 0.742667 0.0390032 0.08 3.31145e-05
0 0.237541 1 0.0547129 0 3.31213e-05
0 0.554984 0.417333 0.0406284 0.101333 3.32042e-05
0 0.940412 0.814 0.0899242 0.372 3.32415e-05
0 0.307151 0.892667 0.0693391 0.150667 3.32573e-05
0 0.052546 0.998 0.0520043 0.004 3.33462e-05
0 0.560672 0.4 0.063922 0.154667 3.34625e-05
0 0.561484 0.974 0.0991333 0.052 3.35118e-05
0 0.488082 0.994 0.0790899 0.012 3.36615e-05
0 0.593716 0 0.0520043 0 3.37286e-05
0 0.565547 0.421333 0.0238353 0.0453333 3.37399e-05
0 0.59805 0.376667 0.0238353 0.092 3.38556e-05
0 0.355905 0.551333 0.0400867 0.270667 3.39779e-05
0 0.867281 0.0173333 0.0422535 0.0346667 3.40535e-05
0 0.940683 1 0.0514626 0 3.40587e-05
0 0.559859 0.198667 0.0449621 0.117333 3.42031e-05
0 0.670098 0.65 0.0227519 0.02 3.42115e-05
0 0.884615 0.966 0.118093 0.068 3.42141e-05
0 0.695558 0.0506667 0.0455038 0.0693333 3.42422e-05
0 0.309859 0.996 0.0682557 0.008 3.44033e-05
0 0.744583 0.0873333 0.031961 0.105333 3.44267e-05
0 0.265168 0.917333 0.0254605 0.0533333 3.44287e-05
0 0.42714 0.158 0.0687974 0.121333 3.44427e-05
0 0.551733 0.520667 0.0341278 0.110667 3.45446e-05
0 0.384615 0.994667 0.0888407 0.0106667 3.45873e-05
0 0.755959 0.346 0.0742145 0.14 3.47264e-05
0 0.351842 0.28 0.0482123 0.109333 3.48629e-05
0 0.388137 0.960667 0.067714 0.0786667 3.48634e-05
0 0.31636 0.0373333 0.0671723 0.0746667 3.4883e-05
0 0.460726 0.641333 0.0167931 0.032 3.496e-05
0 0.104821 0.631333 0.154388 0.46 3.50196e-05
0 0.572048 0.726 0.0195016 0.02 3.5049e-05
0 0.268418 0.978667 0.024377 0.0426667 3.54568e-05
0 0.206934 0.466667 0.0238353 0.0773333 3.54658e-05
0 0.891116 0.066 0.0834236 0.132 3.55719e-05
0 0.730228 0.944667 0.0910076 0.110667 3.56278e-05
0 0.893824 0.988 0.0758397 0.024 3.56496e-05
0 0.172535 0.641333 0.0752979 0.184 3.56582e-05
0 0.577194 1 0.0482123 0 3.57136e-05
0 0.51598 0.0313333 0.107801 0.0626667 3.59431e-05
0 0.44935 0.402 0.0330444 0.0706667 3.59879e-05
0 0.320152 0.661333 0.0552546 0.0933333 3.61188e-05
0 0.428494 0.139333 0.0465872 0.068 3.62024e-05
0 0.61403 0.918 0.0590466 0.129333 3.62173e-05
0 0.615114 0.034 0.108884 0.068 3.62816e-05
0 0.784399 0.154 0.0693391 0.18 3.62967e-05
0 0.684995 0.874 0.0438787 0.092 3.64409e-05
0 0.403304 1 0.039545 0 3.65172e-05
0 0.329632 0.00133333 0.052546 0.00266667 3.6528e-05
0 0.266251 0.612667 0.0460455 0.113333 3.6609e-05
0 0.215872 0.654 0.0297941 0.126667 3.66105e-05
0 0.260563 0.662667 0.0346696 0.0346667 3.67244e-05
0 0.31961 0.666 0.0314193 0.06 3.69022e-05
0 0.834236 0.102 0.0790899 0.204 3.70712e-05
0 0.0167931 0.694 0.0335861 0.153333 3.71354e-05
0 0.360509 0.736667 0.0427952 0.118667 3.71538e-05
0 0.0200433 0.150667 0.0238353 0.221333 3.71571e-05
0 0.527356 0.570667 0.0720477 0.117333 3.71733e-05
0 0.595612 0.02 0.0406284 0.04 3.71748e-05
0 0.43364 0.964 0.0471289 0.072 3.73093e-05
0 0.699621 0.885333 0.0092091 0.0213333 3.73871e-05
0 0.311755 0.00933333 0.0817985 0.0186667 3.75452e-05
0 0.267606 0.954 0.0238353 0.0813333 3.76618e-05
0 0.861322 0.094 0.0877573 0.150667 3.78961e-05
0 0.391116 0.368667 0.0487541 0.102667 3.82192e-05
0 0.0514626 0 0.056338 0 3.83137e-05
0 0.956121 0 0.0530878 0 3.8336e-05
0 0.749187 0.439333 0.0216685 0.068 3.83853e-05
0 0.659263 0.0986667 0.0790899 0.197333 3.84036e-05
0 0.209642 0.608 0.0216685 0.08 3.84617e-05
0 0.668743 0.632 0.06013 0.178667 3.84919e-05
0 0.0622969 0.625333 0.0975081 0.194667 3.85272e-05
0 0.50948 0.2 0.143554 0.4 3.87463e-05
0 0.571235 0.72 0.0287107 0.125333 3.88046e-05
0 0.364572 0.0533333 0.0476706 0.0693333 3.88358e-05
0 0.0186891 0.144667 0.0373781 0.137333 3.88653e-05
0 0.769772 0.997333 0.0606717 0.00533333 3.89989e-05
0 0.989437 0.524 0.0211268 0.12 3.91227e-05
0 0.783315 0.078 0.0292524 0.0893333 3.91443e-05
0 0.853738 0 0.0520043 0 3.91679e-05
0 0.660618 0.368667 0.0666305 0.132 3.92245e-05
0 0.684995 0.204667 0.0796316 0.356 3.92677e-05
0 0.564193 0.034 0.105634 0.068 3.92957e-05
0 0.682557 0.0213333 0.0455038 0.0426667 3.94422e-05
0 0.897346 0.116667 0.0969664 0.121333 3.97939e-05
0 0.609155 0.0433333 0.0482123 0.0573333 3.98761e-05
0 0.622969 0.418667 0.0346696 0.064 3.99125e-05
0 0.462622 0.644667 0.0249187 0.0173333 3.99829e-05
0 0.604821 0.403333 0.0265439 0.0573333 4.00236e-05
0 0.916847 0.0226667 0.111051 0.0453333 4.00947e-05
0 0.258126 0.0233333 0.0471289 0.0333333 4.02042e-05
0 0.58559 0.406667 0.035753 0.101333 4.02862e-05
0 0.3448 0.0206667 0.0427952 0.0413333 4.03784e-05
0 0.844529 0.052 0.0433369 0.0666667 4.03925e-05
0 0.0755688 1 0.0536295 0 4.04676e-05
0 0.102925 0.392 0.178765 0.549333 4.0497e-05
0 0.203413 1 0.039545 0 4.05327e-05
0 0.615114 0.443333 0.0644637 0.129333 4.06302e-05
0 0.852384 0.885333 0.111051 0.229333 4.07433e-05
0 0.187703 0.483333 0.0384615 0.110667 4.07835e-05
0 0.735103 0.212 0.0725894 0.194667 4.09445e-05
0 0.672535 0.982667 0.0590466 0.0346667 4.09811e-05
0 0.406284 0.830667 0.0801734 0.229333 4.10686e-05
0 0.211268 0.574667 0.0498375 0.264 4.11047e-05
0 0.498646 0.00933333 0.0850488 0.0186667 4.14714e-05
0 0.342904 0.313333 0.0238353 0.032 4.14826e-05
0 0.906555 0.0186667 0.0492958 0.0373333 4.14971e-05
0 0.542795 0 0.0520043 0 4.16414e-05
0 0.827194 0.985333 0.0465872 0.0293333 4.17071e-05
0 0.946371 0.59 0.0704225 0.052 4.19473e-05
0 0.359967 0.902667 0.06013 0.149333 4.19928e-05
0 0.327465 0 0.0547129 0 4.20756e-05
0 0.226977 0.738 0.0335861 0.092 4.20912e-05
0 0.62974 0.479333 0.0666305 0.156 4.22299e-05
0 0.44935 0.01 0.0915493 0.02 4.23646e-05
0 0.72481 0.00333333 0.0780065 0.00666667 4.25211e-05
0 0.479957 0.0466667 0.0411701 0.0693333 4.25511e-05
0 0.902763 1 0.0536295 0 4.266e-05
0 0.810943 0.0646667 0.0866739 0.129333 4.27801e-05
0 0.303088 1 0.0417118 0 4.27879e-05
0 0.0102925 0.018 0.020585 0.036 4.28669e-05
0 0.859426 0.428 0.0742145 0.216 4.29002e-05
0 0.680932 0.976667 0.028169 0.0466667 4.32985e-05
0 0.654659 0.914667 0.0471289 0.170667 4.33149e-05
0 0.380282 0.456 0.0650054 0.125333 4.33384e-05
0 0.527898 0.372667 0.031961 0.108 4.34587e-05
0 0.18662 0.796667 0.0742145 0.121333 4.37266e-05
0 0.617281 0.266667 0.129469 0.533333 4.37784e-05
0 0.710455 0.401333 0.067714 0.149333 4.3816e-05
0 0.491603 1 0.0384615 0 4.38299e-05
0 0.967226 0.423333 0.0655471 0.172 4.39054e-05
0 0.768689 0.990667 0.0455038 0.0186667 4.39743e-05
0 0.339112 0.306667 0.0119177 0.0266667 4.40472e-05
0 0.69312 0.4 0.0406284 0.0693333 4.41104e-05
0 0.31013 0.57 0.0222102 0.0733333 4.41322e-05
0 0.918202 0.421333 0.0650054 0.141333 4.41581e-05
0 0.904659 0 0.0530878 0 4.42822e-05
0 0.260293 0.988667 0.067714 0.0226667 4.43716e-05
0 0.796316 0.984 0.0541712 0.032 4.45966e-05
0 0.33559 0.96 0.0774648 0.08 4.47291e-05
0 0.281419 0.716 0.0287107 0.064 4.48567e-05
0 0.193391 0.948667 0.0704225 0.102667 4.50304e-05
0 0.507042 0.496667 0.0411701 0.212 4.53012e-05
0 0.520314 0.989333 0.0763814 0.0213333 4.53206e-05
0 0.428223 1 0.0373781 0 4.54391e-05
0 0.926869 0.447333 0.0390032 0.068 4.55035e-05
0 0.0246479 0.886 0.0427952 0.198667 4.55329e-05
0 0.491062 0.024 0.0427952 0.0426667 4.55606e-05
0 0.52519 0.408667 0.0449621 0.270667 4.58358e-05
0 0.608342 0.772667 0.0628386 0.14 4.58772e-05
0 0.662514 0.00266667 0.0866739 0.00533333 4.6003e-05
0 0.441766 0.535333 0.0687974 0.105333 4.60183e-05
0 0.656555 0.052 0.0422535 0.0693333 4.6147e-05
0 0.769231 0.941333 0.0411701 0.0906667 4.61584e-05
0 0.188516 0.988667 0.0769231 0.0226667 4.63074e-05
0 0.930661 0.583333 0.0400867 0.0253333 4.6379e-05
0 0.316901 0.555333 0.0368364 0.297333 4.64005e-05
0 0.0893824 0.064 0.118093 0.128 4.64334e-05
0 0.427681 0 0.0547129 0 4.66191e-05
0 0.436349 0.384667 0.0406284 0.036 4.66971e-05
0 0.579902 0.459333 0.0406284 0.124 4.67972e-05
0 0.508938 0.0466667 0.0471289 0.0613333 4.68276e-05
0 0.638678 0.438 0.0444204 0.124 4.68599e-05
0 0.778982 0.805333 0.175515 0.389333 4.70395e-05
0 0.466414 1 0.0346696 0 4.71362e-05
0 0.690953 0.894667 0.0341278 0.0586667 4.72049e-05
0 0.440953 0.0506667 0.0422535 0.0666667 4.76569e-05
0 0.263001 1 0.0536295 0 4.77046e-05
0 0.795233 0.964 0.0411701 0.048 4.77515e-05
0 0.747021 0.969333 0.0465872 0.04 4.77663e-05
0 0.731311 0.994667 0.0476706 0.0106667 4.80064e-05
0 0.982394 0.3 0.0352113 0.114667 4.81228e-05
0 0.466685 0.426667 0.024377 0.04 4.81335e-05
0 0.461538 0.470667 0.056338 0.0826667 4.81346e-05
0 0.516793 1 0.0444204 0 4.82126e-05
0 0.245937 0.855333 0.0303359 0.0786667 4.82392e-05
0 0.236728 0.984 0.0606717 0.032 4.83072e-05
0 0.68039 0.994 0.0411701 0.012 4.83736e-05
0 0.00704225 0.844667 0.0140845 0.158667 4.84489e-05
0 0.169827 0.524667 0.0763814 0.193333 4.8515e-05
0 0.796858 0.072 0.0346696 0.08 4.87107e-05
0 0.227248 0.676 0.0568797 0.170667 4.87413e-05
0 0.274106 0.954 0.0530878 0.092 4.87693e-05
0 0.0674431 0.0186667 0.134886 0.0373333 4.88712e-05
0 0.539816 1 0.0492958 0 4.90865e-05
0 0.512188 0.421333 0.0211268 0.08 4.92186e-05
0 0.809047 0.513333 0.0807151 0.266667 4.92377e-05
0 0.83532 0.432 0.0335861 0.056 4.9276e-05
0 0.575027 0.718667 0.0276273 0.032 4.93392e-05
0 0.757042 0.518667 0.0839653 0.28 4.9354e-05
0 0.743499 0 0.0503792 0 4.95215e-05
0 0.342362 0.024 0.0487541 0.0293333 4.97096e-05
0 0.962622 0.0313333 0.0747562 0.0626667 4.9985e-05
0 0.680661 0.394 0.0308776 0.0626667 5.0447e-05
0 0.681744 0.515333 0.031961 0.105333 5.10663e-05
0 0.453142 1 0.0352113 0 5.10984e-05
0 0.771127 0.082 0.0287107 0.092 5.10992e-05
0 0.411701 0.959333 0.0585049 0.0813333 5.11848e-05
0 0.746208 0.05 0.0384615 0.0733333 5.12229e-05
0 0.28467 0.712667 0.0427952 0.132 5.13585e-05
0 0.71533 0.501333 0.0687974 0.162667 5.14623e-05
0 0.563651 0.402 0.0167931 0.0333333 5.16146e-05
0 0.61078 0.335333 0.0720477 0.273333 5.16489e-05
0 0.711809 0.960667 0.084507 0.0786667 5.18871e-05
0 0.828548 0.640667 0.0438787 0.0493333 5.19512e-05
0 0.758938 0.534 0.0585049 0.161333 5.21859e-05
0 0.457205 0.0946667 0.071506 0.125333 5.22311e-05
0 0.270314 0.828 0.0335861 0.269333 5.23606e-05
0 0.302275 0 0.0541712 0 5.24578e-05
0 0.567714 0 0.0530878 0 5.25858e-05
0 0.57584 0.658 0.0227519 0.028 5.2618e-05
0 0.410618 0.0126667 0.092091 0.0253333 5.2826e-05
0 0.718581 0.408 0.0157096 0.0426667 5.28837e-05
0 0.988895 0.884667 0.0222102 0.198667 5.30799e-05
0 0.324756 0.0206667 0.0655471 0.0386667 5.31113e-05
0 0.617551 0 0.0541712 0 5.31304e-05
0 0.407638 0.375333 0.0135428 0.0226667 5.31676e-05
0 0.36701 0.448 0.0308776 0.0506667 5.32059e-05
0 0.580986 0.654 0.0167931 0.0573333 5.33008e-05
0 0.363489 0.074 0.104009 0.148 5.33196e-05
0 0.837486 0.522 0.0780065 0.164 5.35159e-05
0 0.608613 0.991333 0.0384615 0.0173333 5.35991e-05
0 0.326652 0.507333 0.0260022 0.0413333 5.38105e-05
0 0.478061 0.396 0.0167931 0.0266667 5.39927e-05
0 0.73429 0.145333 0.0633803 0.194667 5.40723e-05
0 0.169014 0.0493333 0.0476706 0.072 5.41244e-05
0 0.180119 0 0.0557963 0 5.42461e-05
0 0.378386 0.0946667 0.102384 0.0826667 5.42757e-05
0 0.259209 0.94 0.0633803 0.12 5.45304e-05
0 0.228602 1 0.0379198 0 5.46078e-05
0 0.33234 0.766667 0.0254605 0.101333 5.47482e-05
0 0.106717 0.515333 0.122427 0.228 5.49509e-05
0 0.545775 0.175333 0.0297941 0.092 5.5144e-05
0 0.0625677 0.752 0.125135 0.453333 5.55207e-05
0 0.296858 0.554 0.0346696 0.1 5.5597e-05
0 0.668743 0.992 0.0417118 0.016 5.56327e-05
0 0.634074 0.353333 0.0655471 0.152 5.56745e-05
0 0.324485 0.806667 0.0216685 0.056 5.57963e-05
0 0.352384 0 0.0547129 0 5.61001e-05
0 0.213976 0.986 0.0660888 0.028 5.61294e-05
0 0.0270856 0.102667 0.0541712 0.157333 5.61991e-05
0 0.766793 0 0.0514626 0 5.62324e-05
0 0.0186891 0.126 0.0373781 0.252 5.66492e-05
0 0.828819 0 0.0530878 0 5.66499e-05
0 0.858342 0.506 0.088299 0.244 5.66548e-05
0 0.509751 0.101333 0.0877573 0.128 5.67402e-05
0 0.277356 0.892667 0.0595883 0.145333 5.68915e-05
0 0.105363 0.212667 0.172806 0.425333 5.70675e-05
0 0.38299 0.0493333 0.035753 0.0986667 5.71796e-05
0 0.206392 0 0.0541712 0 5.71852e-05
0 0.19312 0.836667 0.0384615 0.0706667 5.71855e-05
0 0.277356 0 0.0552546 0 5.74955e-05
0 0.8039 0 0.0530878 0 5.76703e-05
0 0.584778 0.816 0.0222102 0.0213333 5.76853e-05
0 0.973456 0.236667 0.0400867 0.0866667 5.79213e-05
0 0.244041 0.000666667 0.0536295 0.00133333 5.79708e-05
0 0.339382 0.3 0.0211268 0.0186667 5.81035e-05
0 0.333153 0.014 0.0704225 0.028 5.82403e-05
0 0.688787 0.0913333 0.0579632 0.156 5.84344e-05
0 0.637595 0.0906667 0.0704225 0.136 5.84983e-05
0 0.950163 0.0693333 0.0455038 0.0906667 5.85765e-05
0 0.436349 0.431333 0.0384615 0.0493333 5.86324e-05
0 0.192849 0.588 0.0314193 0.112 5.90446e-05
0 0.295775 0.617333 0.0400867 0.237333 5.91673e-05
0 0.404117 0.369333 0.0184182 0.0293333 5.91691e-05
0 0.418202 0.024 0.0444204 0.0346667 5.92411e-05
0 0.402221 0 0.0547129 0 5.93842e-05
0 0.191766 0.535333 0.0346696 0.113333 5.97914e-05
0 0.706934 0.996 0.0455038 0.008 6.01031e-05
0 0.0509209 0.26 0.0931744 0.266667 6.0119e-05
0 0.337216 0.528 0.0276273 0.104 6.01883e-05
0 0.386511 0.905333 0.0536295 0.154667 6.03365e-05
0 0.0211268 0.984 0.0422535 0.032 6.06615e-05
0 0.630282 0.28 0.0947996 0.304 6.07374e-05
0 0.978061 0.534667 0.0438787 0.138667 6.13579e-05
0 0.786295 0.532667 0.0807151 0.161333 6.15286e-05
0 0.826381 0.997333 0.0482123 0.00533333 6.15757e-05
0 0.79442 0.936 0.0417118 0.096 6.16126e-05
0 0.710726 0.414667 0.0292524 0.04 6.16976e-05
0 0.419556 0.436667 0.0590466 0.116 6.18287e-05
0 0.76896 0.966667 0.039545 0.04 6.19391e-05
0 0.336403 0.998 0.0931744 0.004 6.1954e-05
0 0.760022 0.106667 0.0574215 0.213333 6.21024e-05
0 0.41143 0.212667 0.0666305 0.132 6.23051e-05
0 0.740791 0.427333 0.0460455 0.0866667 6.23643e-05
0 0.53467 0.464 0.0422535 0.12 6.25579e-05
0 0.96506 0.985333 0.0644637 0.0293333 6.26246e-05
0 0.624323 0.702667 0.0135428 0.0186667 6.2796e-05
0 0.209372 0.490667 0.0232936 0.072 6.27996e-05
0 0.982936 0.874667 0.0341278 0.250667 6.29553e-05
0 0.502709 0 0.0541712 0 6.30665e-05
0 0.319339 0.572667 0.0113759 0.0626667 6.34161e-05
0 0.456934 0.052 0.0460455 0.0586667 6.34268e-05
0 0.235374 0.218 0.117551 0.436 6.35988e-05
0 0.63299 0.0473333 0.0482123 0.0626667 6.37687e-05
0 0.28494 0.994667 0.0780065 0.0106667 6.40313e-05
0 0.491062 0.622 0.122969 0.462667 6.41827e-05
0 0.835049 0.92 0.0590466 0.112 6.42088e-05
0 0.371614 0.252667 0.0195016 0.06 6.4215e-05
0 0.218852 0.502 0.0238353 0.06 6.4335e-05
0 0.418743 0.278 0.218852 0.556 6.43958e-05
0 0.319339 0.0186667 0.0449621 0.024 6.45742e-05
0 0.467497 0.002 0.0530878 0.004 6.49842e-05
0 0.329902 0.794 0.0184182 0.028 6.52159e-05
0 0.0999458 1 0.0947996 0 6.52414e-05
0 0.278982 1 0.0411701 0 6.53154e-05
0 0.436891 0.906667 0.0557963 0.133333 6.54606e-05
0 0.836132 0.448 0.0492958 0.0666667 6.55882e-05
0 0.349404 0.714667 0.0184182 0.0613333 6.58368e-05
0 0.607801 0.024 0.0606717 0.048 6.59188e-05
0 0.708559 0.147333 0.063922 0.294667 6.59434e-05
0 0.562297 0.076 0.0650054 0.130667 6.60741e-05
0 0.4526 0 0.0547129 0 6.63485e-05
0 0.529523 0.396 0.0276273 0.0373333 6.66653e-05
0 0.0189599 0.456 0.0379198 0.138667 6.68436e-05
0 0.458288 0.653333 0.0216685 0.0186667 6.7023e-05
0 0.0514626 1 0.0541712 0 6.71445e-05
0 0.764897 0.936667 0.092091 0.105333 6.75291e-05
0 0.662514 0.0346667 0.0747562 0.0693333 6.76276e-05
0 0.58559 0.0866667 0.0704225 0.141333 6.7978e-05
0 0.0148971 1 0.0287107 0 6.81983e-05
0 0.735645 0.900667 0.092091 0.148 6.8199e-05
0 0.583153 0.816667 0.00487541 0.0226667 6.83178e-05
0 0.506771 0.182667 0.0817985 0.197333 6.8587e-05
0 0.532774 0.170667 0.0644637 0.109333 6.85976e-05
0 0.517606 0 0.052546 0 6.88754e-05
0 0.0151679 0.0573333 0.0303359 0.114667 6.90125e-05
0 0.783586 0.883333 0.105634 0.233333 6.9129e-05
0 0.27519 0.214667 0.0888407 0.245333 6.94366e-05
0 0.410618 0.382667 0.0498375 0.0933333 6.9557e-05
0 0.876219 1 0.052546 0 6.99003e-05
0 0.498375 0.672667 0.0617551 0.153333 7.01824e-05
0 0.0170639 0.758 0.0308776 0.302667 7.03779e-05
0 0.751083 0.423333 0.0167931 0.0413333 7.04028e-05
0 0.676056 0.915333 0.0238353 0.0866667 7.06632e-05
0 0.226977 0.574 0.0303359 0.108 7.08182e-05
0 0.0926327 0.652 0.0530878 0.0746667 7.09375e-05
0 0.440953 0.0186667 0.0855905 0.0373333 7.1123e-05
0 0.75623 0.418667 0.020585 0.024 7.14547e-05
0 0.556338 0.461333 0.0368364 0.114667 7.15594e-05
0 0.762188 0.004 0.0758397 0.008 7.16358e-05
0 0.959913 0.610667 0.0801734 0.117333 7.17235e-05
0 0.269231 0.646667 0.538462 0.706667 7.18427e-05
0 0.209642 0.499333 0.0400867 0.0946667 7.20297e-05
0 0.962351 0.566667 0.0644637 0.16 7.22695e-05
0 0.389491 0.408667 0.0335861 0.0866667 7.24625e-05
0 0.612405 0.0893333 0.0655471 0.144 7.2507e-05
0 0.687703 1 0.0655471 0 7.2522e-05
0 0.606176 0.402667 0.0368364 0.0986667 7.31839e-05
0 0.856717 0.998667 0.102384 0.00266667 7.32202e-05
0 0.00731311 0.990667 0.0146262 0.0186667 7.35884e-05
0 0.81961 0.05 0.0465872 0.068 7.38173e-05
0 0.235915 0.813333 0.0276273 0.0933333 7.45012e-05
0 0.356446 0.372667 0.0292524 0.108 7.47925e-05
0 0.958559 0.182667 0.0297941 0.088 7.48657e-05
0 0.98402 0.933333 0.031961 0.133333 7.48807e-05
0 0.970206 0.0306667 0.0498375 0.0586667 7.49224e-05
0 0.789545 0 0.0547129 0 7.535e-05
0 0.483478 0.384667 0.0167931 0.036 7.53616e-05
0 0.476977 0 0.0547129 0 7.61292e-05
0 0.254063 1 0.0368364 0 7.64244e-05
0 0.935536 0.00266667 0.0888407 0.00533333 7.64378e-05
0 0.0362947 0.372 0.0725894 0.514667 7.68354e-05
0 0.987541 0.146667 0.0249187 0.125333 7.69151e-05
0 0.477248 0.735333 0.063922 0.102667 7.70221e-05
0 0.625406 0.995333 0.0622969 0.00933333 7.7277e-05
0 0.348862 0.0266667 0.071506 0.048 7.75044e-05
0 0.310401 0.002 0.0953413 0.004 7.79382e-05
0 0.459372 0.651333 0.00866739 0.0173333 7.81124e-05
0 0.982123 0.993333 0.0325027 0.0133333 7.87119e-05
0 0.98402 0.464667 0.031961 0.313333 7.90715e-05
0 0.377573 0 0.0552546 0 7.913e-05
0 0.88922 0.196 0.114301 0.213333 7.92739e-05
0 0.551192 0.396 0.0222102 0.04 7.99397e-05
0 0.512459 0.381333 0.028169 0.0853333 7.99607e-05
0 0.973998 0.332667 0.0520043 0.196 8.02192e-05
0 0.523023 0.538 0.0612134 0.0893333 8.02652e-05
0 0.96533 0.873333 0.063922 0.253333 8.03329e-05
0 0.825027 0.934 0.0335861 0.092 8.04928e-05
0 0.216956 0.886 0.0644637 0.228 8.09776e-05
0 0.371614 0.624 0.0270856 0.0986667 8.1132e-05
0 0.360509 0.0153333 0.0926327 0.0306667 8.17751e-05
0 0.814193 0.08 0.0747562 0.130667 8.24267e-05
0 0.189328 0.864 0.0655471 0.0986667 8.264e-05
0 0.390574 0.0266667 0.0866739 0.0533333 8.35814e-05
0 0.799567 0.00466667 0.0769231 0.00933333 8.38964e-05
0 0.673077 0.954 0.0427952 0.0786667 8.39125e-05
0 0.851029 0.997333 0.0520043 0.00533333 8.42618e-05
0 0.00650054 0.09 0.0119177 0.142667 8.47523e-05
0 0.359426 0.712667 0.024377 0.0626667 8.51223e-05
0 0.516251 0.640667 0.747562 0.718667 8.5333e-05
0 0.771668 0.048 0.0373781 0.0746667 8.60192e-05
0 0.327194 0.804 0.00650054 0.0213333 8.62731e-05
0 0.0839653 0.622667 0.101842 0.125333 8.62883e-05
0 0.325298 0.486667 0.0287107 0.088 8.63986e-05
0 0.740249 0.0313333 0.0568797 0.0626667 8.64484e-05
0 0.801463 0.994667 0.0742145 0.0106667 8.69142e-05
0 0.586674 0.993333 0.0964247 0.0133333 8.73617e-05
0 0.708559 0.46 0.582882 0.92 8.73965e-05
0 0.565547 0 0.0541712 0 8.77523e-05
0 0.410347 0.00266667 0.0991333 0.00533333 8.8119e-05
0 0.00866739 0.388 0.0173348 0.157333 8.81289e-05
0 0.410888 0.908 0.052546 0.154667 8.86213e-05
0 0.520585 0.408667 0.0195016 0.0706667 8.87566e-05
0 0.00866739 0.29 0.0173348 0.156 8.92747e-05
0 0.0557963 0.524667 0.101842 0.230667 8.98409e-05
0 0.625948 0.966 0.024377 0.0493333 9.01612e-05
0 0.058234 0.252 0.116468 0.501333 9.06076e-05
0 0.928223 0 0.0536295 0 9.07155e-05
0 0.312026 0.781333 0.0509209 0.096 9.07763e-05
0 0.226977 0.439333 0.453954 0.878667 9.0835e-05
0 0.838841 0 0.0547129 0 9.09204e-05
0 0.739707 0 0.0547129 0 9.10908e-05
0 0.351571 0.465333 0.0314193 0.256 9.1697e-05
0 0.0289816 0.996 0.0492958 0.008 9.17494e-05
0 0.902221 0 0.0536295 0 9.18324e-05
0 0.112134 0 0.0552546 0 9.21643e-05
0 0.620531 0.714 0.0265439 0.028 9.22115e-05
0 0.876761 0 0.0536295 0 9.24927e-05
0 0.494583 0.509333 0.0465872 0.056 9.25687e-05
0 0.617551 1 0.0346696 0 9.2734e-05
0 0.0287107 0.211333 0.0541712 0.238667 9.30605e-05
0 0.887595 0.510667 0.095883 0.157333 9.31366e-05
0 0.767335 1 0.0460455 0 9.41237e-05
0 0.764085 0 0.0547129 0 9.49622e-05
0 0.426056 0.0733333 0.102384 0.146667 9.62932e-05
0 0.666576 0.927333 0.024377 0.06 9.66542e-05
0 0.033857 0.0626667 0.067714 0.125333 9.68694e-05
0 0.548483 0.419333 0.0276273 0.0626667 9.69307e-05
0 0.627573 0.711333 0.0254605 0.0173333 9.7027e-05
0 0.380823 0.00333333 0.0682557 0.00666667 9.70379e-05
0 0.791712 0.438 0.0341278 0.0706667 9.83496e-05
0 0.345612 0.478 0.0162514 0.0813333 9.89061e-05
0 0.783857 0.0846667 0.0487541 0.142667 9.92187e-05
0 0.963976 0.479333 0.0698808 0.153333 0.000100031
0 0.643283 1 0.0460455 0 0.000100043
0 0.67091 0.478 0.0612134 0.161333 0.000100342
0 0.8039 0.438 0.0346696 0.0653333 0.000101211
0 0.664951 0 0.0547129 0 0.000101305
0 0.714518 0 0.0552546 0 0.000102057
0 0.692308 1 0.0444204 0 0.000102764
0 0.79442 0.990667 0.0471289 0.0186667 0.000102917
0 0.766251 0.99 0.0926327 0.02 0.000103508
0 0.350758 0.686 0.0146262 0.110667 0.000104393
0 0.21208 0.577333 0.0254605 0.109333 0.00010447
0 0.377302 0.242 0.0232936 0.0573333 0.000104887
0 0.814193 0 0.0552546 0 0.000105092
0 0.342904 0.0253333 0.0877573 0.0506667 0.000105159
0 0.899512 0.00266667 0.088299 0.00533333 0.000105289
0 0.679036 0.409333 0.0482123 0.0933333 0.000105299
0 0.244312 0.972 0.0238353 0.0506667 0.000105713
0 0.639762 0 0.0552546 0 0.000107
0 0.619177 0.0193333 0.0476706 0.0386667 0.000107323
0 0.220206 0.831333 0.0579632 0.121333 0.000107467
0 0.823402 0.92 0.121343 0.16 0.000107609
0 0.249729 0.008 0.0812568 0.016 0.000109316
0 0.760293 0.096 0.0427952 0.149333 0.0001094
0 0.0736728 0 0.0552546 0 0.000110339
0 0.466956 0.196667 0.0671723 0.137333 0.000111185
0 0.62974 1 0.0308776 0 0.000112357
0 0.716685 1 0.0476706 0 0.000112573
0 0.596696 0.407333 0.0222102 0.0493333 0.000112865
0 0.979957 0.00266667 0.0400867 0.00533333 0.000113451
0 0.714247 0.03 0.0817985 0.06 0.00011356
0 0.0135428 0.207333 0.0270856 0.222667 0.000114413
0 0.73402 0.0966667 0.0455038 0.150667 0.000114473
0 0.406013 0.044 0.0417118 0.088 0.000114816
0 0.590737 0 0.0547129 0 0.000115154
0 0.512188 0.0266667 0.0720477 0.0533333 0.000115372
0 0.689599 0 0.0552546 0 0.000115469
0 0.256501 0.975333 0.0211268 0.0493333 0.000115632
0 0.449621 0.654667 0.0173348 0.024 0.000116381
0 0.362676 0.664667 0.105634 0.358667 0.00011651
0 0.240249 0 0.0557963 0 0.000116548
0 0.542795 0.997333 0.108342 0.00533333 0.000116788
0 0.741603 1 0.0476706 0 0.000117156
0 0.96506 1 0.0492958 0 0.000117755
0 0.761647 0.424 0.0260022 0.032 0.000118321
0 0.137866 0 0.0557963 0 0.00011837
0 0.0167931 0.575333 0.0227519 0.262667 0.000118776
0 0.991333 0.394 0.0173348 0.166667 0.000118803
0 0.407096 0.385333 0.0276273 0.048 0.000118944
0 0.483478 0.386667 0.00704225 0.0133333 0.000119881
0 0.614572 0.981333 0.0265439 0.0373333 0.000119953
0 0.660076 0.5 0.679848 1 0.000120417
0 0.527898 0 0.0547129 0 0.000120763
0 0.643283 0.934667 0.0503792 0.0933333 0.000120811
0 0.98727 0.004 0.0254605 0.008 0.000121168
0 0.38597 0.00933333 0.121885 0.0186667 0.000121337
0 0.738353 1 0.0801734 0 0.000121941
0 0.692037 0.00933333 0.0817985 0.0186667 0.000122511
0 0.836403 0.00466667 0.0790899 0.00933333 0.000124159
0 0.635157 0.0286667 0.0893824 0.0573333 0.000124544
0 0.0124594 0.912667 0.0140845 0.174667 0.00012574
0 0.961809 0.790667 0.0655471 0.290667 0.000125816
0 0.0173348 0.574 0.0346696 0.145333 0.000125987
0 0.84182 0.016 0.084507 0.032 0.000127236
0 0.713976 0.993333 0.0899242 0.0133333 0.000127649
0 0.753792 0.424667 0.0189599 0.02 0.000128536
0 0.786836 0.932 0.0731311 0.136 0.000128541
0 0.210455 0.546667 0.0232936 0.0666667 0.000128597
0 0.162514 0.00333333 0.092091 0.00666667 0.000130152
0 0.742687 0.0113333 0.0801734 0.0226667 0.000130235
0 0.814735 0.725333 0.242687 0.549333 0.00013063
0 0.626219 0.933333 0.0422535 0.133333 0.000131098
0 0.428223 0.0493333 0.0287107 0.0986667 0.000131532
0 0.391116 0.0513333 0.0465872 0.0626667 0.000131777
0 0.745666 0.018 0.0427952 0.036 0.000134615
0 0.538191 0.0206667 0.0980498 0.0413333 0.000134725
0 0.784399 0.5 0.431203 1 0.000135916
0 0.0622969 0.524667 0.124594 0.473333 0.0001369
0 0.862676 0.0253333 0.0937161 0.0506667 0.000136952
0 0.474269 0.152 0.0438787 0.0666667 0.000137085
0 0.754063 0.433333 0.0249187 0.0346667 0.000137289
0 0.56961 0.0426667 0.0492958 0.0613333 0.000137556
0 0.0100217 1 0.0200433 0 0.000138033
0 0.659805 0.414667 0.0585049 0.0933333 0.000138389
0 0.614843 0 0.0552546 0 0.000138489
0 0.16441 0 0.0557963 0 0.0001391
0 0.00947996 0.632667 0.0189599 0.148 0.000139916
0 0.98104 0.262667 0.0379198 0.306667 0.0001401
0 0.364843 0.433333 0.0200433 0.048 0.000140146
0 0.86403 0.462667 0.0877573 0.104 0.000140516
0 0.975623 0.146667 0.0465872 0.173333 0.000142246
0 0.517064 0.0186667 0.0460455 0.0373333 0.000142657
0 0.790628 0.0126667 0.0817985 0.0253333 0.000142841
0 0.490249 0.018 0.0855905 0.036 0.000144121
0 0.698808 0.880667 0.0173348 0.02 0.000144146
0 0.497833 0.793333 0.0368364 0.12 0.000146465
0 0.358342 0.554667 0.0449621 0.109333 0.000147569
0 0.0189599 0.826 0.0379198 0.348 0.00014833
0 0.936078 0.996 0.106176 0.008 0.000148883
0 0.922535 0.130667 0.0552546 0.064 0.000150132
0 0.714518 0.105333 0.0476706 0.154667 0.00015174
0 0.0297941 1 0.0509209 0 0.000152278
0 0.92091 0.438667 0.0249187 0.0373333 0.000152355
0 0.992145 0.981333 0.0157096 0.0373333 0.000152431
0 0.22156 0.536667 0.0335861 0.092 0.000152758
0 0.953142 0 0.0547129 0 0.000152847
0 0.945287 0.179333 0.0390032 0.0466667 0.0001533
0 0.675244 0.941333 0.0200433 0.048 0.000153726
0 0.473998 0.562 0.0606717 0.0893333 0.000153848
0 0.329902 0.114 0.147346 0.196 0.000155215
0 0.0067714 0.909333 0.0092091 0.146667 0.000155441
0 0.250542 0.944 0.0362947 0.101333 0.000156072
0 0.468852 0.0193333 0.0471289 0.036 0.000156463
0 0.797671 0.436 0.024377 0.0346667 0.000157778
0 0.975081 0.260667 0.0498375 0.172 0.000157822
0 0.922264 0.426667 0.0222102 0.024 0.000158562
0 0.559047 0.202 0.0292524 0.0786667 0.000159603
0 0.144366 0.0186667 0.105634 0.0373333 0.000160198
0 0.654117 0.99 0.039545 0.02 0.000160663
0 0.764085 0.0246667 0.0763814 0.0493333 0.000161201
0 0.0121885 0.804 0.0135428 0.28 0.000161765
0 0.653304 0.980667 0.0260022 0.0386667 0.00016196
0 0.427681 0.0426667 0.0817985 0.0666667 0.00016204
0 0.704767 0.658 0.590466 0.684 0.000162476
0 0.0622969 0.996 0.115926 0.008 0.000162654
0 0.525731 0.409333 0.0373781 0.104 0.000162698
0 0.239707 0.884 0.0438787 0.232 0.000163144
0 0.217768 0.908 0.0487541 0.130667 0.000163378
0 0.989166 0.208667 0.0216685 0.132 0.000165894
0 0.21208 0.522 0.0222102 0.0573333 0.0001661
0 0.276544 0.67 0.0482123 0.212 0.000166819
0 0.144366 0.578667 0.288732 0.842667 0.000167701
0 0.96831 0.582 0.0633803 0.0786667 0.000167879
0 0.640845 0.01 0.0855905 0.02 0.000168394
0 0.989707 0.323333 0.020585 0.174667 0.000170657
0 0.89247 0.01 0.0861322 0.02 0.000171346
0 0.373239 0.674 0.0411701 0.14 0.000171432
0 0.256771 0.684667 0.0238353 0.0493333 0.000171718
0 0.636241 0.414 0.0265439 0.052 0.000171911
0 0.265439 0.0166667 0.0910076 0.0333333 0.000171956
0 0.852113 0.43 0.035753 0.028 0.000171992
0 0.988353 0.0873333 0.0232936 0.129333 0.000172621
0 0.481853 0.0193333 0.0839653 0.0386667 0.000172729
0 0.240791 0.684 0.0471289 0.096 0.000172758
0 0.228061 0.783333 0.020585 0.0546667 0.000173462
0 0.233207 0.006 0.0720477 0.012 0.000174277
0 0.477519 0.384667 0.0211268 0.028 0.000174314
0 0.222914 0.952667 0.0308776 0.0813333 0.000176729
0 0.00785482 0.900667 0.0157096 0.198667 0.000177555
0 0.33857 0.00533333 0.122427 0.0106667 0.000178812
0 0.769772 0.0186667 0.0444204 0.0373333 0.000179473
0 0.131094 0.418 0.262189 0.836 0.000179669
0 0.653304 1 0.0390032 0 0.000180637
0 0.916306 0.028 0.0893824 0.056 0.00018163
0 0.791441 1 0.0476706 0 0.000183014
0 0.312568 0.598667 0.0314193 0.0826667 0.000185165
0 0.422264 0.346 0.844529 0.692 0.000185271
0 0.99052 0.46 0.0189599 0.170667 0.000186449
0 0.214518 0 0.0552546 0 0.000186711
0 0.509209 0.176 0.0660888 0.106667 0.000186997
0 0.232936 0.970667 0.028169 0.048 0.00018718
0 0.835049 0.0186667 0.0796316 0.0373333 0.000188716
0 0.506771 0.495333 0.052546 0.0946667 0.000191324
0 0.98727 0.940667 0.0167931 0.113333 0.000191566
0 0.459372 0.026 0.0790899 0.052 0.000193884
0 0.0111051 0.355333 0.0157096 0.276 0.000197287
0 0.540899 0.014 0.0850488 0.028 0.000198374
0 0.257855 0.717333 0.0541712 0.2 0.000198607
0 0.591008 0.012 0.0877573 0.024 0.000198821
0 0.642199 0.404 0.0222102 0.0533333 0.00019948
0 0.323944 0.801333 0.0140845 0.024 0.000199877
0 0.0121885 0.71 0.0157096 0.257333 0.000200798
0 0.301463 0.652 0.0352113 0.0853333 0.000207209
0 0.245937 0.815333 0.0487541 0.265333 0.000207303
0 0.979686 0.214 0.0352113 0.169333 0.00020797
0 0.251354 0.672 0.0325027 0.0373333 0.000208738
0 0.0195016 0.292 0.0390032 0.365333 0.000211181
0 0.00866739 0.144 0.0173348 0.224 0.000211998
0 0.432557 0.402 0.0655471 0.148 0.000213689
0 0.290087 0.661333 0.031961 0.048 0.000215953
0 0.183369 0.00333333 0.0720477 0.00666667 0.000220791
0 0.0492958 0 0.056338 0 0.000221749
0 0.0297941 0.00733333 0.0552546 0.0146667 0.000222255
0 0.987812 0.0133333 0.0232936 0.0266667 0.000226661
0 0.189328 0 0.0557963 0 0.000228326
0 0.802546 0.43 0.0157096 0.028 0.000230238
0 0.654117 0.987333 0.0644637 0.0253333 0.000231028
0 0.00975081 0.48 0.0195016 0.157333 0.00023172
0 0.885428 0.444 0.067714 0.0693333 0.000238668
0 0.020585 0.42 0.0411701 0.354667 0.000245076
0 0.416576 0.05 0.0422535 0.0573333 0.000245411
0 0.228332 0.525333 0.0308776 0.0586667 0.000246025
0 0.92714 0.431333 0.0232936 0.0466667 0.0002505
0 0.0858613 0.00533333 0.109967 0.0106667 0.000250511
0 0.514085 0.391333 0.0151679 0.036 0.000251079
0 0.982123 1 0.035753 0 0.000251687
0 0.462622 0.00533333 0.105092 0.0106667 0.000252795
0 0.572589 0.0293333 0.0769231 0.0586667 0.00025402
0 0.888949 1 0.12026 0 0.000255159
0 0.317985 0.242667 0.201517 0.485333 0.000255368
0 0.0333153 0.0233333 0.0666305 0.0466667 0.000257321
0 0.976977 0 0.0460455 0 0.000257825
0 0.987812 0.989333 0.0146262 0.0213333 0.000258106
0 0.796045 0.048 0.0449621 0.072 0.000260937
0 0.670368 0.932667 0.00704225 0.0173333 0.000260956
0 0.482936 0.142 0.0633803 0.118667 0.000263358
0 0.558234 0.405333 0.0146262 0.0373333 0.000265196
0 0.91143 0.440667 0.0406284 0.06 0.000266559
0 0.298212 0.619333 0.031961 0.0973333 0.000266708
0 0.0181473 0.659333 0.0362947 0.350667 0.000268704
0 0.325298 0.583333 0.0200433 0.0413333 0.000268869
0 0.988895 0.260667 0.0222102 0.153333 0.000270119
0 0.237811 0.94 0.0314193 0.0986667 0.000271037
0 0.510022 0.540667 0.0362947 0.0466667 0.000272083
0 0.865385 0 0.125135 0 0.000272722
0 0.567985 0.0213333 0.0471289 0.0426667 0.000279572
0 0.00812568 0.756 0.0162514 0.277333 0.000281012
0 0.671993 0.934667 0.0135428 0.016 0.000281333
0 0.713164 0 0.106717 0 0.000281591
0 0.067714 0.006 0.0780065 0.012 0.000285872
0 0.248375 0.906667 0.0167931 0.0586667 0.000286311
0 0.813651 0.000666667 0.113759 0.00133333 0.000287661
0 0.34805 0.686 0.0330444 0.132 0.000288477
0 0.369718 0.5 0.739437 1 0.00029044
0 0.979957 0.0593333 0.035753 0.118667 0.000290567
0 0.389762 0.0653333 0.0774648 0.130667 0.000293697
0 0.962351 0.004 0.0752979 0.008 0.000297225
0 0.387053 0.05 0.106717 0.0706667 0.000298086
0 0.236999 0.742 0.0460455 0.193333 0.000300729
0 0.662243 0 0.111051 0 0.000302222
0 0.763001 0 0.108884 0 0.000305429
0 0.514085 0.00266667 0.108342 0.00533333 0.000307814
0 0.980498 1 0.0390032 0 0.000308785
0 0.320152 0.560667 0.0216685 0.0813333 0.000310793
0 0.810943 0.0273333 0.0877573 0.0546667 0.000311169
0 0.870531 0.594 0.258938 0.812 0.000315108
0 0.988624 1 0.0216685 0 0.000319236
0 0.452058 0.425333 0.0232936 0.0453333 0.000321414
0 0.928765 0.436 0.0200433 0.0213333 0.000322508
0 0.359155 0.676 0.0195016 0.128 0.000326854
0 0.87649 0.425333 0.0314193 0.04 0.000327676
0 0.3513 0.417333 0.0146262 0.0826667 0.000333505
0 0.0111051 0.648 0.0222102 0.264 0.000335547
0 0.209913 0.5 0.419827 1 0.000338727
0 0.838028 0.434 0.0184182 0.036 0.000342922
0 0.262459 0.00133333 0.118635 0.00266667 0.000346862
0 0.483207 0.538 0.0509209 0.185333 0.000349424
0 0.0138137 0.471333 0.0276273 0.252 0.000357042
0 0.653575 0.962 0.0384615 0.068 0.00035826
0 0.518147 0.384 0.0157096 0.0426667 0.000361919
0 0.67389 0.924667 0.020585 0.0386667 0.000362542
0 0.79442 0.0186667 0.0482123 0.0373333 0.000362985
0 0.988895 0.038 0.0178765 0.076 0.000364468
0 0.181203 0.848 0.0482123 0.048 0.000368999
0 0.124865 0.00266667 0.112134 0.00533333 0.000371768
0 0.0100217 0.234667 0.0157096 0.234667 0.00037487
0 0.244583 0.715333 0.0341278 0.1 0.000379568
0 0.562568 0.002 0.108884 0.004 0.000384934
0 0.661159 0.93 0.024377 0.0386667 0.000387275
0 0.0232936 0 0.0465872 0 0.000387953
0 0.351029 0.454667 0.020585 0.0853333 0.000389002
0 0.163597 0 0.137595 0 0.000391899
0 0.443391 0.432667 0.031961 0.0306667 0.000396526
0 0.269772 0.811333 0.0346696 0.0813333 0.000411975
0 0.613218 0 0.111593 0 0.000424154
0 0.621614 0.982 0.0482123 0.036 0.000427706
0 0.350758 0.657333 0.0590466 0.146667 0.000429244
0 0.841549 0.426 0.0178765 0.0226667 0.000438987
0 0.0192308 0.543333 0.0384615 0.294667 0.000450947
0 0.962622 0.182667 0.0574215 0.138667 0.000450961
0 0.914139 0 0.107801 0 0.000459905
0 0.918202 0.182 0.092091 0.14 0.000461812
0 0.210997 0.00133333 0.095883 0.00266667 0.000463662
0 0.0102925 0.451333 0.0140845 0.254667 0.000465399
0 0.260293 0.672 0.0232936 0.032 0.000478879
0 0.223727 0.54 0.0238353 0.0533333 0.000491006
0 0.858072 0.435333 0.0585049 0.0626667 0.000505367
0 0.953413 0.137333 0.0877573 0.274667 0.000518021
0 0.242416 0.908 0.0297941 0.12 0.000523009
0 0.0885699 0 0.156555 0 0.000563708
0 0.802817 0.426667 0.0216685 0.048 0.000611332
0 0.886241 0.428 0.020585 0.0453333 0.00061939
0 0.25325 0.902667 0.0124594 0.056 0.000633534
0 0.356446 0.414 0.0140845 0.0786667 0.000657943
0 0.842633 0.386667 0.314735 0.773333 0.000696932
0 0.230769 0.768667 0.0303359 0.084 0.000706183
0 0.261376 0.8 0.031961 0.176 0.000721984
0 0.668743 0.928667 0.0167931 0.0306667 0.000746345
0 0.972914 0.1 0.0541712 0.2 0.00075514
0 0.338841 0.504 0.0092091 0.0293333 0.000757088
0 0.252979 0.314 0.505959 0.628 0.000787002
0 0.0113759 0.545333 0.0151679 0.250667 0.00081143
0 0.347508 0.624667 0.0308776 0.110667 0.000822818
0 0.953413 0.685333 0.0790899 0.266667 0.000829505
0 0.339112 0.499333 0.0173348 0.036 0.000859496
0 0.339924 0.505333 0.00487541 0.04 0.000971039
0 0.492687 0.612 0.0590466 0.122667 0.00105153
0 0.316089 0.576667 0.0113759 0.028 0.00109189
0 0.63299 0.972 0.0167931 0.0426667 0.00109437
0 0.938516 0.169333 0.0438787 0.0826667 0.00110747
0 0.0427952 0.000666667 0.0855905 0.00133333 0.00119922
0 0.643283 0.982 0.0254605 0.036 0.00122204
0 0.305255 0.590667 0.0265439 0.0506667 0.00124082
0 0.256501 0.162667 0.088299 0.234667 0.00136062
0 0.260834 0.718 0.0536295 0.0866667 0.00144105
0 0.249729 0.81 0.0455038 0.102667 0.00145056
0 0.429577 0.412 0.0498375 0.08 0.00156144
0 0.354009 0.424 0.0135428 0.032 0.00157384
0 0.355905 0.434667 0.00650054 0.0453333 0.00176042
0 0.318256 0.59 0.00595883 0.0333333 0.00193368
0 0.962622 0.07 0.0617551 0.137333 0.00199048
0 0.300379 0.683333 0.0200433 0.0493333 0.00220815
0 0.31338 0.585333 0.0232936 0.032 0.00228823
0 0.479957 0.545333 0.0368364 0.0613333 0.00240824
0 0.293879 0.670667 0.0287107 0.146667 0.00255796
0 0.92389 0.152667 0.0698808 0.0706667 0.00257733
0 0.23727 0.746 0.0303359 0.0786667 0.00281349
0 0.940141 0.150667 0.06013 0.144 0.00343774
0 0.27844 0.678 0.0379198 0.0626667 0.00378845
0 0.484561 0.166 0.0438787 0.068 0.00410229
0 0.442849 0.418667 0.039545 0.056 0.00476952
0 0.273294 0.679333 0.0254605 0.0413333 0.00577513
0 0.628386 0.98 0.0216685 0.04 0.00705016
0 0.241333 0.769333 0.0330444 0.0533333 0.00736898
0 0.272481 0.802 0.0184182 0.036 0.00843394
0 0.954225 0.116667 0.0655471 0.142667 0.00862816
0 0.476165 0.590667 0.397616 0.818667 0.00959915
0 0.248375 0.782 0.0427952 0.0493333 0.0123626
0 0.494041 0.548 0.0455038 0.117333 0.0185536
0 0.63597 0.982667 0.0184182 0.0346667 0.0197761
0 0.944745 0.146 0.0400867 0.0813333 0.0583374
0 0.264897 0.796 0.020585 0.0373333 0.136971
0 0.292254 0.678667 0.0222102 0.048 0.254246
0 0.363489 0.642 0.0335861 0.116 0.86698
0 0.494041 0.538667 0.0498375 0.0506667 0.894109
0 0.497562 0.761333 0.0547129 0.130667 0.912573
