0 0.366468 0.110667 0.0763814 0.221333 2.08507e-05
0 0.263814 0.881333 0.0899242 0.237333 2.08599e-05
0 0.733478 0.941333 0.0314193 0.0906667 2.09577e-05
0 0.239166 0.226 0.0709642 0.185333 2.09941e-05
0 0.985103 0.957333 0.0297941 0.0853333 2.10495e-05
0 0.348321 0.938667 0.0325027 0.0986667 2.10624e-05
0 0.512188 0.072 0.0752979 0.144 2.11182e-05
0 0.286566 0.990667 0.0650054 0.0186667 2.1143e-05
0 0.636241 0.154 0.0427952 0.084 2.1162e-05
0 0.98429 0.829333 0.0151679 0.221333 2.12085e-05
0 0.732394 0.908 0.035753 0.101333 2.12442e-05
0 0.770585 0.600667 0.0384615 0.113333 2.13196e-05
0 0.861863 0.66 0.119177 0.173333 2.14285e-05
0 0.940953 0.0713333 0.0411701 0.0786667 2.14404e-05
0 0.576381 1 0.0790899 0 2.14838e-05
0 0.563922 0.348667 0.124594 0.494667 2.15151e-05
0 0.591549 0.287333 0.0151679 0.0546667 2.15398e-05
0 0.511918 0.233333 0.0346696 0.0613333 2.1623e-05
0 0.541441 0.448667 0.0720477 0.177333 2.16279e-05
0 0.621343 0.295333 0.0335861 0.068 2.17035e-05
0 0.0598592 0.640667 0.119718 0.26 2.17485e-05
0 0.566901 0.620667 0.143554 0.553333 2.17766e-05
0 0.592091 0.122 0.0195016 0.0493333 2.18163e-05
0 0.481582 0.437333 0.0498375 0.0906667 2.18326e-05
0 0.732936 0.662 0.0292524 0.0466667 2.18388e-05
0 0.722373 0.286 0.0503792 0.0573333 2.18617e-05
0 0.745937 0.6 0.0346696 0.106667 2.20271e-05
0 0.0208559 0.512667 0.0200433 0.262667 2.20826e-05
0 0.782503 0.387333 0.0709642 0.14 2.20849e-05
0 0.441224 0.238 0.0785482 0.121333 2.20942e-05
0 0.491874 0.991333 0.0509209 0.0173333 2.20995e-05
0 0.540899 0.988 0.112134 0.024 2.21051e-05
0 0.355363 0.00266667 0.0520043 0.00533333 2.21055e-05
0 0.402492 0.937333 0.0574215 0.106667 2.2125e-05
0 0.408451 0.0573333 0.0368364 0.0746667 2.22278e-05
0 0.734832 0.627333 0.0590466 0.249333 2.22695e-05
0 0.921723 0.964 0.109967 0.072 2.22826e-05
0 0.935807 0.706667 0.0807151 0.229333 2.23052e-05
0 0.613218 0.508667 0.0769231 0.169333 2.23646e-05
0 0.143554 0.984 0.0736728 0.032 2.23656e-05
0 0.394095 0.440667 0.0709642 0.182667 2.2389e-05
0 0.658722 0.329333 0.0465872 0.16 2.24145e-05
0 0.471018 0.330667 0.0427952 0.0986667 2.26493e-05
0 0.312568 0.022 0.0877573 0.044 2.26776e-05
0 0.767335 0.952667 0.0796316 0.0946667 2.26783e-05
0 0.359697 0.112667 0.0303359 0.126667 2.2812e-05
0 0.943391 0.149333 0.113218 0.298667 2.28453e-05
0 0.681473 0.692 0.0346696 0.048 2.30952e-05
0 0.461809 0.201333 0.14247 0.402667 2.3184e-05
0 0.916576 0.999333 0.0498375 0.00133333 2.31849e-05
0 0.885428 0.581333 0.0774648 0.178667 2.32802e-05
0 0.795775 0.979333 0.0487541 0.0413333 2.32838e-05
0 0.406826 0.961333 0.0411701 0.04 2.32949e-05
0 0.686078 0.394 0.0471289 0.156 2.33311e-05
0 0.537649 0.0986667 0.0536295 0.072 2.336e-05
0 0.955038 0.117333 0.0455038 0.08 2.3375e-05
0 0.623781 0.989333 0.0622969 0.0213333 2.34998e-05
0 0.709101 0.503333 0.0249187 0.0546667 2.35058e-05
0 0.511918 0.635333 0.135428 0.54 2.35657e-05
0 0.650867 0.219333 0.0687974 0.0813333 2.36419e-05
0 0.223456 0.0553333 0.0362947 0.0786667 2.37051e-05
0 0.416035 0.540667 0.0530878 0.116 2.37139e-05
0 0.853196 0.148667 0.0379198 0.134667 2.37181e-05
0 0.5474 0.832 0.130553 0.101333 2.37263e-05
0 0.303359 0.776667 0.108342 0.284 2.37794e-05
0 0.338841 0.984667 0.0752979 0.0306667 2.37815e-05
0 0.228873 0.616 0.13922 0.546667 2.38669e-05
0 0.673077 0.524 0.138137 0.48 2.39128e-05
0 0.140303 0.601333 0.236186 0.418667 2.39931e-05
0 0.49377 0.0446667 0.0308776 0.0546667 2.40398e-05
0 0.313109 0.508 0.119177 0.24 2.4081e-05
0 0.743229 0.636 0.0270856 0.0853333 2.41042e-05
0 0.613759 0.770667 0.0790899 0.154667 2.42391e-05
0 0.9052 0.914 0.0444204 0.0973333 2.43114e-05
0 0.985103 0.144 0.0265439 0.0746667 2.43116e-05
0 0.678494 0.672 0.0308776 0.0346667 2.43938e-05
0 0.220206 0.236 0.0341278 0.12 2.44008e-05
0 0.842904 0.123333 0.0411701 0.116 2.4476e-05
0 0.380553 0.956667 0.0471289 0.0626667 2.45364e-05
0 0.431203 0.00666667 0.0498375 0.0133333 2.45581e-05
0 0.647075 0.979333 0.0341278 0.036 2.46268e-05
0 0.5948 0.834 0.0509209 0.0973333 2.46301e-05
0 0.476706 0.202667 0.0433369 0.0506667 2.46647e-05
0 0.584507 0.0273333 0.0422535 0.0546667 2.47776e-05
0 0.657638 0.292 0.0346696 0.0853333 2.48119e-05
0 0.720748 0.373333 0.0655471 0.162667 2.48494e-05
0 0.680932 0.813333 0.143012 0.373333 2.49134e-05
0 0.473456 0.118 0.0433369 0.0573333 2.49214e-05
0 0.642741 0.706667 0.0709642 0.109333 2.49332e-05
0 0.942308 0.998 0.0503792 0.004 2.49752e-05
0 0.586132 0.924 0.0877573 0.152 2.50411e-05
0 0.0853196 0.0373333 0.113218 0.0746667 2.51308e-05
0 0.810401 0.406 0.0855905 0.145333 2.52294e-05
0 0.320964 0.0866667 0.0991333 0.152 2.52845e-05
0 0.883261 0.78 0.103467 0.373333 2.52947e-05
0 0.94935 0.577333 0.0427952 0.096 2.56079e-05
0 0.340737 0.0273333 0.107259 0.0546667 2.56339e-05
0 0.137595 0.998 0.0520043 0.004 2.57097e-05
0 0.181473 0.982 0.0725894 0.036 2.57781e-05
0 0.696912 0.833333 0.0861322 0.146667 2.58337e-05
0 0.650325 0.228 0.0460455 0.0533333 2.58511e-05
0 0.267876 0.056 0.0471289 0.0746667 2.58602e-05
0 0.570423 0.800667 0.209101 0.398667 2.58619e-05
0 0.748104 0.462667 0.0335861 0.088 2.58751e-05
0 0.56636 0.974667 0.0828819 0.0506667 2.59155e-05
0 0.206934 0.0173333 0.0455038 0.0346667 2.5954e-05
0 0.573402 0.012 0.0644637 0.024 2.59787e-05
0 0.682015 1 0.0660888 0 2.6181e-05
0 0.0197725 0.948 0.0330444 0.088 2.6197e-05
0 0.554171 1 0.0487541 0 2.62266e-05
0 0.692308 0.325333 0.0487541 0.154667 2.62502e-05
0 0.37974 0.532667 0.0455038 0.126667 2.63016e-05
0 0.770314 0.262667 0.0465872 0.0853333 2.63857e-05
0 0.609697 0.459333 0.0449621 0.118667 2.63876e-05
0 0.985103 0.942667 0.0135428 0.106667 2.64698e-05
0 0.190953 0.0633333 0.0817985 0.126667 2.65746e-05
0 0.984561 0.851333 0.0265439 0.134667 2.665e-05
0 0.439328 0.876 0.0866739 0.229333 2.68237e-05
0 0.631094 0.471333 0.0455038 0.108 2.68475e-05
0 0.66766 0.152667 0.148971 0.305333 2.69032e-05
0 0.100217 1 0.0552546 0 2.69099e-05
0 0.49675 0.586667 0.0335861 0.264 2.69414e-05
0 0.165493 0.950667 0.130553 0.0986667 2.70309e-05
0 0.163055 0.998 0.0509209 0.004 2.71235e-05
0 0.66143 0.399333 0.0682557 0.166667 2.71714e-05
0 0.580715 0.0713333 0.0487541 0.052 2.72161e-05
0 0.690953 0.484667 0.0460455 0.1 2.72367e-05
0 0.986457 0.973333 0.020585 0.0506667 2.72368e-05
0 0.50623 0.967333 0.0449621 0.0466667 2.72573e-05
0 0.764897 0.154667 0.071506 0.162667 2.7291e-05
0 0.868635 0.234667 0.0503792 0.08 2.73752e-05
0 0.257855 0.365333 0.0552546 0.112 2.73948e-05
0 0.963164 0.972 0.0736728 0.056 2.75173e-05
0 0.495937 0.54 0.0308776 0.122667 2.76871e-05
0 0.743229 0.268667 0.114843 0.110667 2.77172e-05
0 0.718852 0.172 0.0335861 0.056 2.77412e-05
0 0.0211268 0.114667 0.0216685 0.197333 2.77639e-05
0 0.870802 0.326667 0.121885 0.504 2.78585e-05
0 0.58234 0.413333 0.0346696 0.0826667 2.80501e-05
0 0.18662 0.0233333 0.0872156 0.0466667 2.81398e-05
0 0.871885 0.513333 0.144637 0.546667 2.82035e-05
0 0.508938 0.392 0.0742145 0.136 2.82231e-05
0 0.289003 0.984 0.0731311 0.032 2.82651e-05
0 0.460726 0.608667 0.133803 0.505333 2.82972e-05
0 0.960997 0.334667 0.0444204 0.0906667 2.83395e-05
0 0.921993 0.52 0.0422535 0.106667 2.83455e-05
0 0.705038 0.194667 0.119718 0.389333 2.84386e-05
0 0.564735 0.442 0.0417118 0.148 2.84692e-05
0 0.63299 0.995333 0.0417118 0.00933333 2.84854e-05
0 0.819068 0.984 0.0498375 0.032 2.8513e-05
0 0.374594 0.0126667 0.0763814 0.0253333 2.85256e-05
0 0.859697 0.967333 0.0671723 0.044 2.85853e-05
0 0.597779 0.0613333 0.0384615 0.0533333 2.87471e-05
0 0.419556 0.943333 0.0287107 0.0866667 2.87842e-05
0 0.0568797 0.324667 0.113759 0.198667 2.88085e-05
0 0.240791 0.072 0.0731311 0.144 2.88728e-05
0 0.690683 0.774 0.0747562 0.148 2.88888e-05
0 0.952329 0.806 0.0953413 0.388 2.89162e-05
0 0.584778 0.811333 0.0514626 0.076 2.89274e-05
0 0.659534 0.974 0.0384615 0.0386667 2.8971e-05
0 0.894095 0.892 0.0460455 0.0986667 2.89958e-05
0 0.623239 0.612667 0.0807151 0.161333 2.92113e-05
0 0.636511 0.333333 0.0671723 0.16 2.9349e-05
0 0.149242 0.701333 0.124052 0.226667 2.94578e-05
0 0.0100217 0.962667 0.0102925 0.0746667 2.9505e-05
0 0.518418 0.166667 0.0585049 0.266667 2.95743e-05
0 0.631907 0.978667 0.0265439 0.0373333 2.9605e-05
0 0.414139 0.028 0.0893824 0.056 2.96513e-05
0 0.028169 0.774 0.0487541 0.273333 2.96609e-05
0 0.858884 0.453333 0.039545 0.0853333 2.97803e-05
0 0.444745 0.444 0.0888407 0.133333 2.98649e-05
0 0.630553 0.223333 0.131094 0.446667 2.98654e-05
0 0.105634 0.996667 0.0769231 0.00666667 2.98975e-05
0 0.771127 0.606667 0.124052 0.464 3.01795e-05
0 0.634074 0.403333 0.0633803 0.164 3.02253e-05
0 0.659534 0.119333 0.039545 0.092 3.029e-05
0 0.0498375 1 0.0541712 0 3.03728e-05
0 0.746208 0.0693333 0.0330444 0.088 3.04371e-05
0 0.558776 0.8 0.0709642 0.064 3.04756e-05
0 0.0406284 0.258667 0.0812568 0.517333 3.05423e-05
0 0.608884 0.102 0.063922 0.204 3.07069e-05
0 0.46533 0.295333 0.0725894 0.124 3.07631e-05
0 0.368906 0.998667 0.0650054 0.00266667 3.08134e-05
0 0.612676 1 0.0747562 0 3.08845e-05
0 0.870531 0.046 0.0444204 0.0546667 3.10236e-05
0 0.557692 0.937333 0.052546 0.106667 3.1089e-05
0 0.390303 0.934 0.0427952 0.0706667 3.11015e-05
0 0.508667 0.0113333 0.0574215 0.0226667 3.11265e-05
0 0.786295 0.143333 0.170639 0.286667 3.11674e-05
0 0.262189 0.989333 0.071506 0.0213333 3.13133e-05
0 0.77519 0.968667 0.0465872 0.036 3.13594e-05
0 0.041441 0.744 0.0828819 0.512 3.13627e-05
0 0.820693 0.244667 0.115926 0.430667 3.14469e-05
0 0.236457 0.640667 0.0514626 0.142667 3.1456e-05
0 0.505146 0.512 0.0655471 0.168 3.14914e-05
0 0.885428 0.472 0.0666305 0.165333 3.18202e-05
0 0.856988 0.974 0.0455038 0.028 3.19205e-05
0 0.73402 0.150667 0.0671723 0.149333 3.19743e-05
0 0.882719 1 0.06013 0 3.2147e-05
0 0.603738 0.11 0.0276273 0.0466667 3.21764e-05
0 0.579902 0.273333 0.0449621 0.248 3.22273e-05
0 0.450163 1 0.0801734 0 3.22777e-05
0 0.615655 0.038 0.0839653 0.076 3.22786e-05
0 0.813651 0.712 0.0465872 0.0933333 3.22818e-05
0 0.265981 0.0233333 0.114843 0.0466667 3.23704e-05
0 0.510022 0.334 0.0568797 0.137333 3.26372e-05
0 0.861322 0.462667 0.0855905 0.221333 3.27833e-05
0 0.0747562 1 0.0552546 0 3.28804e-05
0 0.488082 0.0353333 0.0834236 0.0706667 3.2969e-05
0 0.344258 0.612667 0.0514626 0.1 3.30908e-05
0 0.329902 0.000666667 0.0530878 0.00133333 3.31855e-05
0 0.360509 0.499333 0.13597 0.486667 3.33135e-05
0 0.224269 0.0233333 0.071506 0.0466667 3.33186e-05
0 0.620531 0.952 0.0308776 0.0773333 3.33508e-05
0 0.304713 0.424 0.0373781 0.072 3.33607e-05
0 0.970748 0.0726667 0.0390032 0.0733333 3.3462e-05
0 0.815005 0.348667 0.0752979 0.148 3.35657e-05
0 0.514897 1 0.0492958 0 3.35808e-05
0 0.488082 0.936 0.0628386 0.088 3.36105e-05
0 0.94935 0.260667 0.0471289 0.0946667 3.3629e-05
0 0.263814 0.0913333 0.0812568 0.142667 3.38071e-05
0 0.306609 0.402667 0.133261 0.554667 3.38116e-05
0 0.951517 0.458 0.0384615 0.0893333 3.38188e-05
0 0.581798 0.442 0.0595883 0.236 3.39095e-05
0 0.694475 0.538 0.0736728 0.108 3.40867e-05
0 0.76273 0.631333 0.0660888 0.148 3.42772e-05
0 0.967226 0.996667 0.0482123 0.00666667 3.42938e-05
0 0.2974 0.46 0.0465872 0.0853333 3.43307e-05
0 0.692849 0.217333 0.0314193 0.064 3.44629e-05
0 0.460184 0 0.0807151 0 3.44956e-05
0 0.100217 0 0.0552546 0 3.45114e-05
0 0.41143 0.262667 0.0709642 0.12 3.47e-05
0 0.618635 0.991333 0.0400867 0.0173333 3.48504e-05
0 0.86403 0.834667 0.16468 0.330667 3.48583e-05
0 0.757313 0.882 0.0400867 0.102667 3.51732e-05
0 0.406284 0.00466667 0.0476706 0.00933333 3.51948e-05
0 0.174431 0.574667 0.107259 0.178667 3.54114e-05
0 0.466414 0.99 0.112676 0.02 3.54249e-05
0 0.73402 0.632 0.0411701 0.122667 3.54328e-05
0 0.567172 0.791333 0.0812568 0.150667 3.55025e-05
0 0.541983 0.0786667 0.0752979 0.157333 3.56159e-05
0 0.893554 0.996 0.0438787 0.008 3.58733e-05
0 0.255417 0.998 0.0406284 0.004 3.58986e-05
0 0.859697 0.730667 0.111593 0.176 3.59367e-05
0 0.681744 0.709333 0.0655471 0.106667 3.62146e-05
0 0.212351 0.211333 0.0314193 0.105333 3.62638e-05
0 0.905471 0.339333 0.0904659 0.126667 3.62893e-05
0 0.927952 0.105333 0.0444204 0.104 3.63805e-05
0 0.524919 0.038 0.084507 0.076 3.64567e-05
0 0.480769 0.00866667 0.0406284 0.0173333 3.65115e-05
0 0.738895 0.725333 0.0628386 0.128 3.65906e-05
0 0.660888 0.946667 0.0368364 0.088 3.66613e-05
0 0.73727 0.994 0.0769231 0.012 3.67059e-05
0 0.713976 0.986667 0.0790899 0.0266667 3.67126e-05
0 0.0232936 0.974667 0.0465872 0.0506667 3.67338e-05
0 0.620802 0.970667 0.0433369 0.0426667 3.69273e-05
0 0.73104 0.933333 0.0850488 0.133333 3.70254e-05
0 0.96831 0.955333 0.0633803 0.0893333 3.71886e-05
0 0.293066 0 0.0530878 0 3.7212e-05
0 0.730769 0.00133333 0.0660888 0.00266667 3.72127e-05
0 0.87026 0.414 0.0352113 0.0973333 3.7237e-05
0 0.285753 0.929333 0.0872156 0.141333 3.72522e-05
0 0.228873 0.692 0.0666305 0.362667 3.7357e-05
0 0.058234 0.946667 0.113218 0.106667 3.73581e-05
0 0.893283 0.128667 0.162514 0.257333 3.74225e-05
0 0.0660888 0.993333 0.0747562 0.0133333 3.77477e-05
0 0.663597 0.59 0.063922 0.156 3.77992e-05
0 0.796316 0.777333 0.0910076 0.128 3.78254e-05
0 0.221289 0.0926667 0.0438787 0.145333 3.78313e-05
0 0.319068 0.02 0.0465872 0.04 3.79792e-05
0 0.223456 0.529333 0.0417118 0.117333 3.79857e-05
0 0.154659 0.00333333 0.0568797 0.00666667 3.80138e-05
0 0.658722 0.254667 0.0390032 0.0826667 3.81228e-05
0 0.691224 0.0333333 0.092091 0.0666667 3.81271e-05
0 0.721831 0.872667 0.0373781 0.102667 3.81556e-05
0 0.508397 0.636 0.0785482 0.178667 3.81932e-05
0 0.68039 0.354667 0.0801734 0.16 3.8282e-05
0 0.280878 0.993333 0.0417118 0.0133333 3.83178e-05
0 0.6013 0.288 0.0487541 0.229333 3.84458e-05
0 0.763001 0.721333 0.0752979 0.141333 3.84763e-05
0 0.787378 1 0.0655471 0 3.84836e-05
0 0.984832 0.792667 0.0303359 0.116 3.86322e-05
0 0.381907 0.056 0.0390032 0.0746667 3.90197e-05
0 0.421723 0.578667 0.0536295 0.0826667 3.92611e-05
0 0.906555 0.186 0.0449621 0.092 3.9426e-05
0 0.211809 0.496 0.0585049 0.154667 3.94307e-05
0 0.829902 0.988667 0.0498375 0.0226667 3.94404e-05
0 0.138678 0.885333 0.124594 0.216 3.9441e-05
0 0.97156 0.298 0.0417118 0.076 3.96019e-05
0 0.568527 0.328 0.0352113 0.0666667 3.96093e-05
0 0.453954 0 0.0520043 0 3.96653e-05
0 0.766793 0 0.052546 0 3.96764e-05
0 0.422806 0.472667 0.120802 0.409333 4.00228e-05
0 0.867551 0.002 0.0655471 0.004 4.01014e-05
0 0.829632 0.712667 0.0449621 0.110667 4.03249e-05
0 0.271398 0.00866667 0.0736728 0.0173333 4.04429e-05
0 0.52519 0.361333 0.0698808 0.152 4.04799e-05
0 0.43987 0.042 0.0790899 0.084 4.05564e-05
0 0.306609 0.616667 0.112676 0.252 4.05879e-05
0 0.712893 0.63 0.0498375 0.132 4.05912e-05
0 0.232936 0.113333 0.0335861 0.125333 4.08827e-05
0 0.584778 0.974667 0.0417118 0.032 4.09137e-05
0 0.623781 0.945333 0.088299 0.109333 4.10213e-05
0 0.673619 0.534 0.0796316 0.161333 4.10496e-05
0 0.714789 0.716667 0.0633803 0.14 4.13673e-05
0 0.380282 0.006 0.0476706 0.012 4.13718e-05
0 0.954225 0.151333 0.0460455 0.0733333 4.15449e-05
0 0.419285 0.0226667 0.0400867 0.04 4.16561e-05
0 0.605092 0.308 0.0270856 0.0533333 4.18291e-05
0 0.73104 0.996 0.0471289 0.008 4.19948e-05
0 0.944475 0.777333 0.107801 0.242667 4.20757e-05
0 0.679036 0.643333 0.0612134 0.113333 4.22843e-05
0 0.0899242 0.532667 0.179848 0.246667 4.24285e-05
0 0.533586 0.012 0.0606717 0.024 4.24299e-05
0 0.827194 0.950667 0.0530878 0.0533333 4.2581e-05
0 0.79117 0.640667 0.0590466 0.172 4.26429e-05
0 0.713705 0.484 0.0438787 0.12 4.26823e-05
0 0.390033 0.99 0.100758 0.02 4.28149e-05
0 0.82584 1 0.0709642 0 4.28232e-05
0 0.914139 0.470667 0.0807151 0.157333 4.28989e-05
0 0.467497 1 0.0498375 0 4.29212e-05
0 0.266251 0.291333 0.133803 0.441333 4.29913e-05
0 0.792524 0 0.0530878 0 4.29944e-05
0 0.211538 0.518 0.160888 0.257333 4.30417e-05
0 0.887324 0.522667 0.099675 0.226667 4.33467e-05
0 0.492416 0.573333 0.00650054 0.114667 4.34252e-05
0 0.262189 0.307333 0.0834236 0.182667 4.34507e-05
0 0.394366 0.0213333 0.0444204 0.0426667 4.35672e-05
0 0.112134 0.0266667 0.135428 0.0533333 4.38158e-05
0 0.698537 0.516667 0.0362947 0.052 4.3924e-05
0 0.84182 0.992667 0.0498375 0.0146667 4.40887e-05
0 0.954496 0.604667 0.0910076 0.436 4.41034e-05
0 0.457746 0.0106667 0.0498375 0.0213333 4.41275e-05
0 0.344258 0.0226667 0.0438787 0.0453333 4.4341e-05
0 0.913326 0.576 0.092091 0.24 4.44028e-05
0 0.406826 0.938667 0.0379198 0.072 4.44692e-05
0 0.565276 0.625333 0.0752979 0.16 4.50898e-05
0 0.267335 0.0193333 0.0492958 0.0386667 4.51081e-05
0 0.581798 0.446667 0.0444204 0.138667 4.51176e-05
0 0.0143554 0.893333 0.0265439 0.210667 4.52015e-05
0 0.66468 0.984667 0.0801734 0.0306667 4.52866e-05
0 0.307692 0.936667 0.0455038 0.105333 4.52937e-05
0 0.491603 0 0.052546 0 4.53832e-05
0 0.757313 0.994 0.0444204 0.012 4.54726e-05
0 0.595883 0.0246667 0.0433369 0.0493333 4.57099e-05
0 0.793608 0.150667 0.063922 0.170667 4.57926e-05
0 0.358072 0.0573333 0.0390032 0.0746667 4.58134e-05
0 0.79415 0.902667 0.0498375 0.117333 4.61323e-05
0 0.604821 0.378667 0.0687974 0.157333 4.62681e-05
0 0.591008 0.826667 0.0325027 0.0613333 4.6478e-05
0 0.111051 0.23 0.19935 0.46 4.67507e-05
0 0.486186 0.395333 0.0265439 0.084 4.71773e-05
0 0.581798 0.00866667 0.0455038 0.0173333 4.72403e-05
0 0.267876 0.000666667 0.0547129 0.00133333 4.74561e-05
0 0.576923 0.382667 0.035753 0.0586667 4.75883e-05
0 0.656555 0.994 0.0487541 0.012 4.80929e-05
0 0.402221 0.092 0.0644637 0.184 4.81311e-05
0 0.862405 0.531333 0.0942579 0.156 4.82094e-05
0 0.617822 1 0.0438787 0 4.83035e-05
0 0.576652 0.121333 0.0373781 0.064 4.83267e-05
0 0.559588 0.970667 0.0400867 0.048 4.84646e-05
0 0.566089 0.911333 0.0910076 0.156 4.87968e-05
0 0.126219 1 0.0552546 0 4.8902e-05
0 0.501354 1 0.0828819 0 4.89294e-05
0 0.586403 0.987333 0.0839653 0.0253333 4.91009e-05
0 0.691766 0.903333 0.0866739 0.134667 4.9183e-05
0 0.612947 0.156667 0.0817985 0.129333 4.91918e-05
0 0.312026 0.992 0.0899242 0.016 4.92106e-05
0 0.950704 0.18 0.0985916 0.36 4.92229e-05
0 0.136241 0.741333 0.272481 0.517333 4.94306e-05
0 0.593174 0.991333 0.0476706 0.0173333 4.94798e-05
0 0.427411 1 0.0498375 0 4.95713e-05
0 0.723456 0.524 0.118635 0.402667 4.96113e-05
0 0.942037 0.340667 0.071506 0.153333 4.97396e-05
0 0.314193 0.827333 0.150596 0.345333 4.97485e-05
0 0.882178 0.384 0.0774648 0.218667 4.98437e-05
0 0.685265 0.946667 0.0801734 0.101333 5.01856e-05
0 0.572319 0.130667 0.133803 0.261333 5.05217e-05
0 0.00541712 0.846667 0.0108342 0.146667 5.05506e-05
0 0.875135 0.956 0.0297941 0.0693333 5.07146e-05
0 0.60753 0.00533333 0.0471289 0.0106667 5.08708e-05
0 0.0284399 0.895333 0.0568797 0.177333 5.09511e-05
0 0.702871 0.176 0.0352113 0.0666667 5.09843e-05
0 0.807963 0.515333 0.115385 0.414667 5.11018e-05
0 0.720477 0.0706667 0.0346696 0.096 5.11241e-05
0 0.944745 0.636 0.0942579 0.154667 5.14041e-05
0 0.480228 0.276 0.0547129 0.229333 5.16482e-05
0 0.06013 0.890667 0.113759 0.218667 5.17254e-05
0 0.913597 0.4 0.0850488 0.141333 5.17689e-05
0 0.586132 0.958 0.0725894 0.084 5.18269e-05
0 0.928494 1 0.0520043 0 5.18349e-05
0 0.0124594 0.399333 0.0249187 0.209333 5.22071e-05
0 0.818527 1 0.0476706 0 5.23878e-05
0 0.539545 0.0306667 0.0899242 0.0613333 5.24423e-05
0 0.516793 0 0.0520043 0 5.2509e-05
0 0.832069 0.526667 0.0704225 0.154667 5.25225e-05
0 0.156284 0.486 0.17714 0.302667 5.2634e-05
0 0.607801 0.878667 0.0780065 0.149333 5.26542e-05
0 0.919285 0.00333333 0.0682557 0.00666667 5.29043e-05
0 0.69312 0.270667 0.0731311 0.117333 5.30075e-05
0 0.489978 0.270667 0.0167931 0.0746667 5.31617e-05
0 0.795775 0.716667 0.0823402 0.14 5.32171e-05
0 0.860509 0.991333 0.0752979 0.0173333 5.334e-05
0 0.884886 0.991333 0.0536295 0.0173333 5.38482e-05
0 0.910347 0.531333 0.0612134 0.161333 5.38728e-05
0 0.953955 0.385333 0.092091 0.416 5.4091e-05
0 0.867822 0.993333 0.0455038 0.0133333 5.40968e-05
0 0.298483 0.403333 0.0877573 0.158667 5.44695e-05
0 0.0303359 0.952 0.0606717 0.096 5.46189e-05
0 0.452058 0.148 0.0698808 0.226667 5.46974e-05
0 0.341008 0.0266667 0.0937161 0.0533333 5.47478e-05
0 0.844258 0.4 0.0785482 0.146667 5.49654e-05
0 0.938245 0.881333 0.102925 0.237333 5.50133e-05
0 0.888949 0.326 0.0422535 0.076 5.50427e-05
0 0.365385 0 0.0547129 0 5.50884e-05
0 0.88299 0.923333 0.0325027 0.121333 5.51663e-05
0 0.228602 0.998 0.0498375 0.004 5.52994e-05
0 0.126761 0 0.0552546 0 5.53284e-05
0 0.0200433 0.297333 0.0400867 0.325333 5.54096e-05
0 0.578819 1 0.0492958 0 5.5554e-05
0 0.744854 0.865333 0.0509209 0.146667 5.57684e-05
0 0.682828 0.946667 0.0352113 0.0853333 5.57788e-05
0 0.0750271 0 0.0547129 0 5.5829e-05
0 0.865114 0.034 0.0942579 0.068 5.59086e-05
0 0.862405 0.981333 0.0758397 0.0373333 5.59838e-05
0 0.302546 0.884 0.0969664 0.232 5.61642e-05
0 0.32584 1 0.0731311 0 5.6229e-05
0 0.981853 0.980667 0.0362947 0.0386667 5.63931e-05
0 0.0130011 0.93 0.0151679 0.14 5.67276e-05
0 0.22481 0.997333 0.0877573 0.00533333 5.69069e-05
0 0.308234 0.628667 0.16143 0.516 5.74791e-05
0 0.0195016 0.09 0.0368364 0.121333 5.77898e-05
0 0.00650054 0.146667 0.0119177 0.138667 5.7884e-05
0 0.2026 0.996667 0.0509209 0.00666667 5.78855e-05
0 0.492687 0.567333 0.0211268 0.110667 5.79994e-05
0 0.403575 0 0.0541712 0 5.80152e-05
0 0.817985 0.929333 0.0487541 0.0853333 5.84289e-05
0 0.833153 0.584 0.0866739 0.178667 5.86494e-05
0 0.413326 1 0.0855905 0 5.87373e-05
0 0.379198 0.336667 0.0780065 0.214667 5.8808e-05
0 0.557692 0.813333 0.0514626 0.0453333 5.90353e-05
0 0.4526 0.358 0.106717 0.34 5.90571e-05
0 0.33234 0.514667 0.0872156 0.114667 5.91471e-05
0 0.491603 1 0.052546 0 5.92558e-05
0 0.162243 0.514 0.108884 0.193333 5.94955e-05
0 0.871073 0.376 0.0325027 0.112 5.95645e-05
0 0.139491 0.995333 0.154388 0.00933333 5.96854e-05
0 0.84507 0.042 0.0422535 0.0546667 5.97257e-05
0 0.0067714 0.264667 0.0113759 0.145333 5.97857e-05
0 0.0130011 0.151333 0.0260022 0.18 5.99582e-05
0 0.187974 0.996667 0.100758 0.00666667 5.99725e-05
0 0.837486 0.471333 0.0866739 0.14 6.00838e-05
0 0.323673 0.00733333 0.0893824 0.0146667 6.0198e-05
0 0.482936 0.935333 0.117551 0.129333 6.04912e-05
0 0.891928 0.949333 0.0330444 0.0933333 6.05949e-05
0 0.816901 0 0.0541712 0 6.07087e-05
0 0.739707 0.034 0.095883 0.068 6.07344e-05
0 0.58234 0.314667 0.0292524 0.056 6.07731e-05
0 0.759751 0.464667 0.0308776 0.084 6.08827e-05
0 0.779794 1 0.0438787 0 6.10207e-05
0 0.704496 1 0.0492958 0 6.12293e-05
0 0.0343987 0.225333 0.0687974 0.336 6.15999e-05
0 0.940141 0.962 0.0991333 0.076 6.16032e-05
0 0.507855 0.00666667 0.0449621 0.0133333 6.18697e-05
0 0.524919 0.216667 0.0303359 0.0626667 6.21765e-05
0 0.856176 0.882 0.0492958 0.145333 6.27581e-05
0 0.00731311 0.913333 0.0102925 0.136 6.28015e-05
0 0.909263 0.903333 0.0893824 0.153333 6.28084e-05
0 0.771668 0.0613333 0.0503792 0.0773333 6.29467e-05
0 0.431203 0.610667 0.0769231 0.165333 6.29948e-05
0 0.565818 0 0.052546 0 6.3142e-05
0 0.332611 0.47 0.0509209 0.068 6.33891e-05
0 0.00595883 0.331333 0.0119177 0.14 6.38399e-05
0 0.983207 0.269333 0.0335861 0.08 6.39218e-05
0 0.865114 0.953333 0.0520043 0.0933333 6.3981e-05
0 0.428494 0 0.0541712 0 6.4183e-05
0 0.98727 0.917333 0.0211268 0.117333 6.43312e-05
0 0.938787 0.502667 0.11701 0.426667 6.43445e-05
0 0.823131 0.00266667 0.0893824 0.00533333 6.4418e-05
0 0.836403 0.044 0.0855905 0.088 6.47247e-05
0 0.296587 0.420667 0.0633803 0.0973333 6.48125e-05
0 0.232124 0.00133333 0.0536295 0.00266667 6.49461e-05
0 0.0869447 0.0633333 0.128386 0.126667 6.52479e-05
0 0.651138 1 0.0747562 0 6.53449e-05
0 0.760022 0 0.0899242 0 6.57227e-05
0 0.520043 0.102667 0.0487541 0.112 6.57378e-05
0 0.559047 0.399333 0.0314193 0.06 6.57406e-05
0 0.693933 0.0833333 0.0379198 0.1 6.61266e-05
0 0.385428 0.0346667 0.0720477 0.0693333 6.65154e-05
0 0.0587757 0.0993333 0.117551 0.198667 6.66078e-05
0 0.583694 0.0806667 0.0687974 0.161333 6.66107e-05
0 0.0303359 0.088 0.0585049 0.170667 6.6699e-05
0 0.891116 0 0.0530878 0 6.68453e-05
0 0.867281 0.188667 0.118093 0.377333 6.6868e-05
0 0.593987 0.31 0.0146262 0.0466667 6.70465e-05
0 0.578007 0.260667 0.0476706 0.105333 6.74496e-05
0 0.762459 1 0.0666305 0 6.80533e-05
0 0.905742 1 0.0498375 0 6.80705e-05
0 0.555255 0.00533333 0.0487541 0.0106667 6.81351e-05
0 0.0192308 0.83 0.0384615 0.34 6.81438e-05
0 0.71831 0.52 0.0422535 0.0586667 6.85862e-05
0 0.557963 0.022 0.0498375 0.044 6.85957e-05
0 0.916576 0 0.0530878 0 6.87519e-05
0 0.352654 0.498 0.084507 0.172 6.88175e-05
0 0.452871 0.533333 0.0823402 0.208 6.92165e-05
0 0.402763 1 0.0514626 0 6.92314e-05
0 0.0690683 0.00933333 0.0774648 0.0186667 6.97739e-05
0 0.940953 0.161333 0.0834236 0.226667 6.98659e-05
0 0.0390032 0.480667 0.0780065 0.334667 6.98764e-05
0 0.328819 0.922667 0.0877573 0.154667 7.00079e-05
0 0.858613 0.258 0.0444204 0.0866667 7.03958e-05
0 0.741603 0 0.0530878 0 7.05359e-05
0 0.0633803 0.410667 0.126761 0.293333 7.06398e-05
0 0.367551 1 0.0471289 0 7.0736e-05
0 0.513543 0.788667 0.119177 0.161333 7.08333e-05
0 0.960997 0.604667 0.0455038 0.0973333 7.10383e-05
0 0.627031 0.513333 0.0330444 0.0373333 7.10536e-05
0 0.0379198 0.344667 0.0736728 0.356 7.15768e-05
0 0.60455 0 0.0520043 0 7.17164e-05
0 0.408992 0.940667 0.0964247 0.118667 7.1782e-05
0 0.411159 0.0313333 0.0736728 0.0626667 7.18186e-05
0 0.00758397 0.986667 0.0140845 0.0266667 7.18468e-05
0 0.340466 1 0.0471289 0 7.20405e-05
0 0.924702 0.766 0.122427 0.412 7.20879e-05
0 0.832069 0.854 0.0444204 0.142667 7.22102e-05
0 0.841549 0 0.0536295 0 7.27302e-05
0 0.520314 0.172667 0.0438787 0.14 7.2781e-05
0 0.813651 0.155333 0.0433369 0.132 7.31243e-05
0 0.915493 0.036 0.0985916 0.072 7.33674e-05
0 0.916306 0.242 0.120802 0.430667 7.35149e-05
0 0.560672 0.355333 0.0498375 0.244 7.36162e-05
0 0.275731 1 0.0693391 0 7.36911e-05
0 0.841549 1 0.0482123 0 7.40955e-05
0 0.864301 0.345333 0.0417118 0.0586667 7.5131e-05
0 0.0121885 0.772667 0.0222102 0.257333 7.53834e-05
0 0.751625 0.800667 0.0709642 0.129333 7.55787e-05
0 0.666576 1 0.0503792 0 7.57812e-05
0 0.944204 0 0.0498375 0 7.5852e-05
0 0.176869 1 0.0536295 0 7.58565e-05
0 0.742416 0.472 0.0655471 0.149333 7.6058e-05
0 0.419014 0.785333 0.0492958 0.04 7.60845e-05
0 0.856717 0.008 0.0612134 0.016 7.73876e-05
0 0.827194 0.794667 0.110509 0.349333 7.75153e-05
0 0.719664 0.00333333 0.0492958 0.00666667 7.7799e-05
0 0.29117 0.416 0.0352113 0.048 7.81714e-05
0 0.551733 0.196 0.031961 0.0986667 7.8247e-05
0 0.00622969 0.570667 0.0124594 0.141333 7.85847e-05
0 0.292254 1 0.0460455 0 7.87274e-05
0 0.548754 0.366 0.0444204 0.068 7.88216e-05
0 0.894908 0.00133333 0.0520043 0.00266667 7.89321e-05
0 0.73429 0.534667 0.067714 0.221333 7.91914e-05
0 0.688516 0.993333 0.100758 0.0133333 7.92164e-05
0 0.339382 0 0.0547129 0 7.93775e-05
0 0.64247 1 0.0487541 0 7.94505e-05
0 0.460726 0.599333 0.0720477 0.164 7.97019e-05
0 0.71506 0.0626667 0.0780065 0.125333 7.98828e-05
0 0.852113 0.324 0.0693391 0.136 8.01077e-05
0 0.151408 1 0.0547129 0 8.03598e-05
0 0.450704 0.0313333 0.0487541 0.0413333 8.04385e-05
0 0.766793 0.468667 0.0590466 0.22 8.08237e-05
0 0.683369 0.123333 0.0373781 0.0973333 8.09678e-05
0 0.897346 0.0513333 0.0482123 0.06 8.10123e-05
0 0.0195016 0.122 0.0390032 0.244 8.10892e-05
0 0.868364 0.002 0.0509209 0.004 8.15106e-05
0 0.125677 1 0.0942579 0 8.16538e-05
0 0.866197 0 0.0530878 0 8.18483e-05
0 0.288462 0.022 0.100217 0.044 8.20728e-05
0 0.316631 1 0.0471289 0 8.2151e-05
0 0.28494 0.372 0.0455038 0.101333 8.26442e-05
0 0.605634 0.0806667 0.028169 0.0573333 8.341e-05
0 0.48104 0.225333 0.0606717 0.101333 8.36259e-05
0 0.605092 0.096 0.0444204 0.109333 8.39201e-05
0 0.862676 1 0.0709642 0 8.39422e-05
0 0.00622969 0.664667 0.0124594 0.142667 8.44505e-05
0 0.0195016 0.427333 0.0390032 0.294667 8.46927e-05
0 0.815005 0.787333 0.0384615 0.06 8.51084e-05
0 0.826652 0.948667 0.0780065 0.0813333 8.53918e-05
0 0.737541 1 0.0752979 0 8.558e-05
0 0.374594 0.845333 0.144637 0.309333 8.58519e-05
0 0.866197 1 0.0465872 0 8.60477e-05
0 0.00595883 0.391333 0.0119177 0.142667 8.61543e-05
0 0.729415 1 0.0492958 0 8.61637e-05
0 0.890845 0.976 0.0297941 0.0346667 8.6919e-05
0 0.380823 0.0973333 0.0444204 0.125333 8.75771e-05
0 0.754334 0.333333 0.0417118 0.101333 8.75957e-05
0 0.461809 0.396 0.0752979 0.0826667 8.78421e-05
0 0.890574 0.167333 0.0899242 0.161333 8.78431e-05
0 0.599133 0.281333 0.0346696 0.12 8.78982e-05
0 0.401408 0.0933333 0.0476706 0.117333 8.80998e-05
0 0.0148971 0.992667 0.0297941 0.0146667 8.83507e-05
0 0.754875 1 0.0471289 0 8.85021e-05
0 0.862134 0.93 0.088299 0.14 8.91282e-05
0 0.26273 0.41 0.107259 0.254667 8.97317e-05
0 0.769772 0.0606667 0.0985916 0.121333 9.01395e-05
0 0.984832 0.332 0.0292524 0.08 9.01839e-05
0 0.364301 0.0146667 0.0752979 0.0293333 9.03056e-05
0 0.86701 0.376667 0.0590466 0.137333 9.10829e-05
0 0.00758397 0.901333 0.0151679 0.197333 9.15687e-05
0 0.609426 0.976667 0.0335861 0.0306667 9.17658e-05
0 0.968852 0.882667 0.0622969 0.234667 9.22696e-05
0 0.823402 0.205333 0.0455038 0.109333 9.2346e-05
0 0.244041 0.476 0.0622969 0.157333 9.29001e-05
0 0.936891 0.998 0.0947996 0.004 9.32301e-05
0 0.942308 0.256667 0.0937161 0.241333 9.35842e-05
0 0.641387 0.264 0.0704225 0.133333 9.36913e-05
0 0.541441 0 0.0536295 0 9.38275e-05
0 0.228873 0.429333 0.174973 0.653333 9.39694e-05
0 0.364572 0.914667 0.063922 0.0986667 9.42338e-05
0 0.51273 0.829333 0.202059 0.341333 9.42794e-05
0 0.716143 0 0.0530878 0 9.4644e-05
0 0.666847 0.172667 0.111593 0.345333 9.54048e-05
0 0.250271 1 0.0704225 0 9.57006e-05
0 0.690683 0.586667 0.063922 0.149333 9.59543e-05
0 0.00622969 0.450667 0.0124594 0.144 9.70177e-05
0 0.815276 0.178 0.0227519 0.110667 9.70748e-05
0 0.642741 0 0.052546 0 9.78357e-05
0 0.663597 0.248 0.0693391 0.122667 9.82448e-05
0 0.476436 0.0286667 0.0362947 0.0466667 9.88238e-05
0 0.473456 0.396667 0.0509209 0.182667 9.90605e-05
0 0.478332 0.278 0.0400867 0.124 0.000100331
0 0.624323 0.0133333 0.0460455 0.0266667 0.000100482
0 0.892741 0.992667 0.104009 0.0146667 0.000100671
0 0.940141 0.044 0.0417118 0.0586667 0.000101158
0 0.570693 0.402 0.0265439 0.068 0.000101162
0 0.813922 0.666 0.0709642 0.153333 0.000102235
0 0.96506 1 0.0503792 0 0.000103049
0 0.693933 0.00333333 0.0487541 0.00666667 0.000103558
0 0.0251896 0.0266667 0.0482123 0.0533333 0.000103779
0 0.8039 0.482 0.0758397 0.129333 0.000104254
0 0.819339 0.237333 0.0720477 0.152 0.000104278
0 0.692037 0 0.052546 0 0.00010458
0 0.521939 0.0173333 0.0492958 0.0346667 0.000105872
0 0.758126 0.00466667 0.0492958 0.00933333 0.000105896
0 0.684182 0.0653333 0.0650054 0.130667 0.000106533
0 0.266522 1 0.0433369 0 0.000106814
0 0.492958 0.0226667 0.0346696 0.04 0.000106856
0 0.954496 0 0.0541712 0 0.000106928
0 0.882449 0.884667 0.0769231 0.230667 0.000107069
0 0.962622 0.032 0.0747562 0.064 0.000107149
0 0.0092091 0.293333 0.0162514 0.248 0.000107371
0 0.0368364 1 0.0585049 0 0.000107407
0 0.94312 0.406667 0.0693391 0.154667 0.000107442
0 0.228602 0.564667 0.0314193 0.121333 0.000107783
0 0.745395 0.357333 0.0682557 0.146667 0.00010816
0 0.83532 0.988 0.0823402 0.024 0.000109359
0 0.0869447 1 0.0969664 0 0.000109761
0 0.264085 0.410667 0.0687974 0.146667 0.000110556
0 0.695829 0.163333 0.0536295 0.185333 0.000110878
0 0.461809 0.395333 0.0503792 0.0493333 0.000110951
0 0.575569 0.347333 0.0557963 0.110667 0.000111378
0 0.968852 0.767333 0.0622969 0.334667 0.000111692
0 0.516793 0.260667 0.0628386 0.134667 0.000112576
0 0.0184182 0.546 0.0368364 0.308 0.000112916
0 0.66143 0.044 0.0769231 0.088 0.000113097
0 0.315005 0.0133333 0.0817985 0.0266667 0.000113149
0 0.00893824 0.0653333 0.0113759 0.130667 0.000114622
0 0.0503792 0 0.056338 0 0.00011484
0 0.266251 0.756667 0.133803 0.417333 0.000115325
0 0.646804 0.0706667 0.0379198 0.0693333 0.000115571
0 0.459372 0.0766667 0.056338 0.153333 0.000115698
0 0.96208 0.475333 0.0422535 0.084 0.000116094
0 0.944204 0.582 0.0834236 0.145333 0.000116106
0 0.792795 0.857333 0.088299 0.149333 0.000116633
0 0.51273 0.0273333 0.0720477 0.0546667 0.000117148
0 0.252438 0.614 0.092091 0.222667 0.000118736
0 0.421723 0.331333 0.0514626 0.292 0.000118929
0 0.792795 0.494667 0.0384615 0.0826667 0.000119035
0 0.0100217 1 0.0200433 0 0.000119787
0 0.0111051 0.367333 0.0146262 0.246667 0.000120055
0 0.314193 0 0.0552546 0 0.000120208
0 0.0176056 0.667333 0.0352113 0.364 0.000121422
0 0.250271 0.00666667 0.0790899 0.0133333 0.000121572
0 0.441766 0.554 0.0709642 0.0973333 0.000121652
0 0.874052 0.275333 0.0785482 0.137333 0.000122361
0 0.163597 1 0.0855905 0 0.000123358
0 0.151679 0 0.056338 0 0.000123489
0 0.667931 0.689333 0.0346696 0.04 0.000123901
0 0.217226 0.573333 0.0736728 0.269333 0.000124965
0 0.940683 0.528 0.0817985 0.144 0.000125564
0 0.771398 0.00666667 0.0476706 0.0133333 0.000125713
0 0.946912 0.467333 0.0790899 0.137333 0.000125772
0 0.7026 0.219333 0.0628386 0.0893333 0.000126789
0 0.767335 0.982667 0.0872156 0.0346667 0.000128022
0 0.0381907 0.990667 0.0763814 0.0186667 0.000128073
0 0.220748 0.428667 0.441495 0.857333 0.000128437
0 0.444204 0.589333 0.0455038 0.04 0.000128642
0 0.175244 0.00666667 0.0872156 0.0133333 0.000128924
0 0.202871 1 0.0536295 0 0.000129115
0 0.441495 0.798667 0.12351 0.264 0.000129931
0 0.00812568 0.202 0.0151679 0.22 0.000130687
0 0.125677 0.00533333 0.114843 0.0106667 0.000132727
0 0.00839653 0.604667 0.0135428 0.281333 0.000132893
0 0.98402 0.575333 0.0297941 0.1 0.000134246
0 0.265439 0 0.0552546 0 0.000134893
0 0.209642 0.594 0.419285 0.812 0.000135034
0 0.371885 0.0266667 0.0417118 0.0453333 0.00013838
0 0.673619 0.01 0.052546 0.02 0.000138955
0 0.169014 0.0246667 0.0975081 0.0493333 0.000139321
0 0.239978 1 0.0476706 0 0.000141136
0 0.536566 0.115333 0.0406284 0.044 0.000141732
0 0.547129 0.244 0.0509209 0.194667 0.000141909
0 0.0154388 0.0573333 0.0297941 0.114667 0.000142611
0 0.77221 0.468667 0.0308776 0.084 0.000143323
0 0.614301 0.014 0.0574215 0.028 0.000143386
0 0.919014 0.002 0.0503792 0.004 0.000143462
0 0.608613 0.0326667 0.0406284 0.0653333 0.000143757
0 0.912784 0.241333 0.0801734 0.170667 0.000143957
0 0.985645 0.762 0.0287107 0.334667 0.000144169
0 0.419556 0.469333 0.0698808 0.16 0.000144628
0 0.453684 0.600667 0.0308776 0.0306667 0.000144792
0 0.789545 0.0353333 0.0926327 0.0706667 0.00014516
0 0.72156 0.803333 0.0465872 0.217333 0.00014578
0 0.543879 0.00933333 0.0476706 0.0186667 0.0001482
0 0.839382 0.225333 0.0536295 0.213333 0.000148288
0 0.986186 0.693333 0.0265439 0.104 0.000148661
0 0.514085 0.00933333 0.0660888 0.0186667 0.000148922
0 0.460455 0.48 0.0617551 0.141333 0.000148967
0 0.793066 0.54 0.0368364 0.08 0.00014902
0 0.486728 0.00866667 0.0763814 0.0173333 0.000149382
0 0.242687 0.0273333 0.0693391 0.0546667 0.000150673
0 0.00975081 0.804 0.0108342 0.264 0.000150772
0 0.269502 0.514667 0.137053 0.488 0.000151429
0 0.290358 0 0.0552546 0 0.000152486
0 0.437432 0.00733333 0.0817985 0.0146667 0.0001526
0 0.982394 0.212667 0.0352113 0.26 0.000153277
0 0.778982 0.863333 0.111593 0.273333 0.000154974
0 0.713976 0.58 0.0520043 0.138667 0.000155302
0 0.806609 0.588 0.071506 0.157333 0.000155304
0 0.832611 0.212 0.0325027 0.0746667 0.000157317
0 0.412514 0 0.0817985 0 0.000157668
0 0.00839653 0.45 0.0146262 0.268 0.000158005
0 0.896804 0.211333 0.0547129 0.0893333 0.000158603
0 0.975623 0.7 0.0455038 0.205333 0.000159656
0 0.736728 0.866667 0.0520043 0.266667 0.000159845
0 0.993229 0.947333 0.0135428 0.105333 0.000161551
0 0.560672 0.00733333 0.0650054 0.0146667 0.000161928
0 0.778711 0.94 0.0622969 0.072 0.000162059
0 0.885699 0.235333 0.0823402 0.121333 0.000162812
0 0.0211268 1 0.0422535 0 0.000164667
0 0.734561 0.0686667 0.0541712 0.132 0.000164869
0 0.561484 0.822667 0.0904659 0.0506667 0.000164928
0 0.00704225 0.512667 0.0140845 0.145333 0.000165159
0 0.985103 0.137333 0.0297941 0.16 0.000167313
0 0.463705 0.423333 0.0617551 0.0786667 0.000167487
0 0.245125 0.056 0.0417118 0.08 0.000167636
0 0.78494 0.572 0.0520043 0.141333 0.000168274
0 0.471289 0.0966667 0.071506 0.092 0.000168346
0 0.230769 0.655333 0.0270856 0.188 0.000171347
0 0.633803 0.205333 0.0758397 0.128 0.00017146
0 0.17714 0 0.056338 0 0.000172126
0 0.338028 0.00133333 0.101842 0.00266667 0.000174439
0 0.98402 0.515333 0.0297941 0.102667 0.000174495
0 0.589112 0.004 0.0807151 0.008 0.000174546
0 0.507313 0.018 0.0427952 0.036 0.00017542
0 0.449892 0.8 0.0547129 0.0773333 0.000175823
0 0.656826 0.004 0.0471289 0.008 0.000176488
0 0.961809 0.082 0.0579632 0.132 0.000176536
0 0.369718 0.938667 0.0482123 0.0826667 0.000176767
0 0.970748 0.451333 0.0390032 0.108 0.000178259
0 0.760563 0.575333 0.0476706 0.142667 0.000179129
0 0.733749 0.578667 0.0471289 0.136 0.000179175
0 0.0102925 0.679333 0.0140845 0.268 0.000180611
0 0.67091 0.02 0.039545 0.04 0.000180683
0 0.245937 0.026 0.0400867 0.052 0.00018086
0 0.511647 0.891333 0.146804 0.161333 0.000183683
0 0.481311 0.273333 0.0265439 0.0746667 0.000185283
0 0.820423 0.5 0.359155 1 0.000186462
0 0.843174 0.00466667 0.0471289 0.00933333 0.000188008
0 0.863759 0.134667 0.0763814 0.16 0.000189104
0 0.961809 0.994667 0.0763814 0.0106667 0.000189193
0 0.767335 0.531333 0.0471289 0.150667 0.000189936
0 0.971018 0.042 0.0471289 0.052 0.000190262
0 0.571235 0.394667 0.0482123 0.112 0.000192795
0 0.643554 0.0933333 0.0758397 0.138667 0.00019347
0 0.45558 0.156667 0.0660888 0.110667 0.000193664
0 0.212351 0.00333333 0.0823402 0.00666667 0.000193757
0 0.881365 0.0173333 0.0476706 0.032 0.000193962
0 0.217226 0.0146667 0.0888407 0.0293333 0.000196152
0 0.240249 0 0.0557963 0 0.000198047
0 0.954496 0.182667 0.0465872 0.0773333 0.000198892
0 0.984832 0.994667 0.028169 0.0106667 0.000199809
0 0.989166 0.856 0.0140845 0.202667 0.000199824
0 0.635428 0.0593333 0.071506 0.118667 0.000200133
0 0.0362947 0.0646667 0.0725894 0.129333 0.000200694
0 0.55065 0.382 0.0297941 0.0706667 0.000201444
0 0.668202 0.00666667 0.039545 0.0133333 0.000202285
0 0.00595883 0.789333 0.0119177 0.28 0.000202955
0 0.660888 0.0126667 0.0628386 0.0253333 0.000204115
0 0.98727 0.873333 0.0254605 0.253333 0.000205249
0 0.266522 0.509333 0.0953413 0.210667 0.000206631
0 0.96831 0.346 0.0492958 0.161333 0.000208602
0 0.985645 0.635333 0.0276273 0.108 0.000209192
0 0.979144 0.008 0.0417118 0.016 0.000210224
0 0.5474 0.349333 0.0590466 0.114667 0.000214124
0 0.202871 0 0.0557963 0 0.000214759
0 0.212893 1 0.0855905 0 0.000215704
0 0.58559 0.3 0.0216685 0.0426667 0.000216213
0 0.669827 0.074 0.0297941 0.0733333 0.000216604
0 0.709372 0.0486667 0.0417118 0.0653333 0.00021685
0 0.0593174 0.0366667 0.106717 0.0733333 0.000217057
0 0.812297 0.942 0.0752979 0.116 0.000217073
0 0.984561 0.218667 0.024377 0.149333 0.000219223
0 0.280607 0.477333 0.0780065 0.114667 0.000221794
0 0.780065 0.417333 0.43987 0.834667 0.000223183
0 0.521939 0.225333 0.0406284 0.106667 0.000223525
0 0.799025 0.531333 0.0541712 0.129333 0.000223974
0 0.795233 0.06 0.0823402 0.12 0.000226274
0 0.70585 0.082 0.0498375 0.142667 0.00022635
0 0.00947996 0.09 0.0178765 0.18 0.000229637
0 0.695558 0.0206667 0.0455038 0.0413333 0.00023038
0 0.0858613 0.012 0.118635 0.024 0.000232537
0 0.95558 0.175333 0.0693391 0.137333 0.000234822
0 0.630823 0.00933333 0.039545 0.0186667 0.000236268
0 0.0297941 0.012 0.0552546 0.024 0.000237523
0 0.783857 0.00933333 0.0487541 0.0186667 0.000242625
0 0.298483 0.002 0.0910076 0.004 0.000243692
0 0.962622 0.258667 0.0541712 0.138667 0.000245373
0 0.0885699 0.002 0.14247 0.004 0.000246493
0 0.829361 0.034 0.0444204 0.052 0.000247992
0 0.714247 0.0126667 0.0709642 0.0253333 0.000250759
0 0.975081 0.636 0.0498375 0.154667 0.000251348
0 0.466956 0.291333 0.0465872 0.0413333 0.000252716
0 0.968852 0.52 0.0492958 0.152 0.00025555
0 0.986186 0.28 0.0232936 0.144 0.000257823
0 0.159263 0.517333 0.303359 0.730667 0.00025933
0 0.022481 0.002 0.0449621 0.004 0.000262583
0 0.854821 0.85 0.113759 0.3 0.000273625
0 0.431473 0.802667 0.0557963 0.056 0.000273664
0 0.969393 0 0.052546 0 0.000287572
0 0.449079 0.364 0.063922 0.149333 0.000288367
0 0.680119 0.0573333 0.0341278 0.0746667 0.000288516
0 0.970206 0.585333 0.0498375 0.16 0.000292095
0 0.689057 0.006 0.0877573 0.012 0.000295236
0 0.423889 0.339333 0.0362947 0.148 0.00029899
0 0.539003 0.00466667 0.0801734 0.00933333 0.000299988
0 0.977248 0 0.0455038 0 0.000301033
0 0.924702 1 0.0888407 0 0.000301522
0 0.562839 0.364 0.0400867 0.0906667 0.00030286
0 0.991603 0.788667 0.0157096 0.214667 0.000307103
0 0.984561 0.517333 0.0308776 0.266667 0.000310213
0 0.73104 0.046 0.0438787 0.06 0.000310309
0 0.377844 0.923333 0.0817985 0.153333 0.000313352
0 0.543066 0.0386667 0.0742145 0.072 0.000313785
0 0.882178 0.963333 0.0265439 0.0493333 0.000313861
0 0.651408 0.177333 0.0514626 0.088 0.000314223
0 0.986457 0.344 0.0227519 0.157333 0.00031488
0 0.723456 0.874 0.0633803 0.153333 0.000322346
0 0.638407 0.012 0.0807151 0.024 0.000323245
0 0.434182 0.573333 0.0471289 0.048 0.000325656
0 0.461268 0.413333 0.052546 0.0373333 0.000326971
0 0.295775 0.390667 0.0325027 0.112 0.000328503
0 0.389491 0.335333 0.0530878 0.124 0.000329735
0 0.0116468 0.523333 0.0157096 0.26 0.000342999
0 0.76273 0.0413333 0.0693391 0.0613333 0.000343573
0 0.66441 0.676667 0.0254605 0.0226667 0.000345348
0 0.815276 0.0853333 0.0422535 0.170667 0.000350386
0 0.983478 0.393333 0.0330444 0.269333 0.000350887
0 0.832882 0.116667 0.0731311 0.174667 0.00035179
0 0.164951 0 0.13922 0 0.000352054
0 0.988082 0.012 0.0227519 0.024 0.000353592
0 0.766793 0.898 0.0763814 0.14 0.000358105
0 0.821506 0.822667 0.0579632 0.272 0.00036068
0 0.943391 0.0226667 0.0655471 0.0453333 0.000363648
0 0.988624 0.181333 0.0130011 0.106667 0.000363907
0 0.891387 0.012 0.0828819 0.024 0.00036881
0 0.991062 0.295333 0.0124594 0.108 0.000372772
0 0.989978 0.941333 0.0113759 0.112 0.000376106
0 0.780878 0.485333 0.0449621 0.117333 0.000380694
0 0.643824 0.158 0.0817985 0.124 0.000384003
0 0.543066 0.0166667 0.0460455 0.0333333 0.000389825
0 0.967497 0.409333 0.0487541 0.165333 0.000390872
0 0.263272 0 0.110509 0 0.000393503
0 0.830173 0.00666667 0.0449621 0.0133333 0.000393901
0 0.472102 0.048 0.0449621 0.056 0.000401131
0 0.630553 0.05 0.0314193 0.076 0.000401443
0 0.422264 0.540667 0.757855 0.918667 0.000409853
0 0.991603 0.904667 0.0135428 0.190667 0.000422888
0 0.586674 0.112667 0.0346696 0.0493333 0.000433064
0 0.631636 0.0246667 0.0368364 0.0493333 0.000437382
0 0.956934 0.214667 0.0547129 0.128 0.000437407
0 0.912514 0.08 0.0612134 0.16 0.000438376
0 0.460455 0.02 0.0736728 0.04 0.000439231
0 0.985103 0.402667 0.0232936 0.176 0.000439817
0 0.937161 0.01 0.0747562 0.02 0.000442737
0 0.986457 0.0993333 0.0270856 0.198667 0.000447417
0 0.957205 0.0166667 0.0520043 0.0333333 0.000458571
0 0.988353 0.246667 0.0146262 0.106667 0.000462838
0 0.981311 1 0.0373781 0 0.000464227
0 0.985645 0.465333 0.0222102 0.170667 0.000464863
0 0.22454 0.593333 0.0167931 0.128 0.0004667
0 0.875677 0.974667 0.0330444 0.0266667 0.000473761
0 0.214518 0 0.12026 0 0.00047822
0 0.570693 0.082 0.06013 0.0813333 0.000480668
0 0.863218 0.00666667 0.0980498 0.0133333 0.000482142
0 0.830715 0.966667 0.0893824 0.0373333 0.000482681
0 0.714518 0.036 0.056338 0.072 0.00049386
0 0.478873 0.371333 0.0346696 0.118667 0.000495788
0 0.657367 0.0233333 0.0449621 0.0413333 0.000498107
0 0.819068 0.742667 0.0530878 0.109333 0.000501097
0 0.991062 0.138667 0.0146262 0.106667 0.000505302
0 0.785211 0.52 0.0373781 0.0773333 0.000508811
0 0.737812 0.00866667 0.092091 0.0173333 0.000512303
0 0.986186 0.638667 0.0276273 0.258667 0.000525056
0 0.991333 0.718 0.0140845 0.18 0.000536475
0 0.557963 0.142667 0.063922 0.12 0.000537823
0 0.762188 0.633333 0.475623 0.733333 0.000538488
0 0.908722 0.082 0.0492958 0.0893333 0.000543143
0 0.906826 0.0173333 0.0541712 0.0346667 0.000552109
0 0.216956 0.575333 0.039545 0.14 0.000564315
0 0.684182 0.0393333 0.0595883 0.0786667 0.000568396
0 0.859155 0.0166667 0.0660888 0.0333333 0.000574897
0 0.992958 0.979333 0.0140845 0.0413333 0.000577973
0 0.836403 0.796667 0.0520043 0.0653333 0.000579858
0 0.76273 0.0126667 0.0931744 0.0253333 0.000588333
0 0.834778 0.0146667 0.0910076 0.0293333 0.000614183
0 0.989437 0.333333 0.0146262 0.0986667 0.000614652
0 0.32909 0.495333 0.0482123 0.0733333 0.000615788
0 0.564193 0.213333 0.0937161 0.309333 0.000622843
0 0.809588 0.0573333 0.0655471 0.114667 0.000628728
0 0.621073 0.0293333 0.0352113 0.0533333 0.000636996
0 0.989437 0.394667 0.0157096 0.12 0.000656135
0 0.985915 0.0433333 0.028169 0.0866667 0.000660923
0 0.841278 0.0166667 0.0465872 0.028 0.000668617
0 0.356988 0.5 0.713976 1 0.00067466
0 0.66468 0.111333 0.0498375 0.164 0.00070442
0 0.671452 0.213333 0.0471289 0.0506667 0.000712342
0 0.0371073 0.00666667 0.0742145 0.0133333 0.000728759
0 0.568527 0.404667 0.611593 0.809333 0.000743862
0 0.829632 0.162 0.0438787 0.172 0.000750656
0 0.988624 1 0.0195016 0 0.000765031
0 0.898971 0.032 0.0904659 0.064 0.00077129
0 0.991333 0.450667 0.0140845 0.144 0.000778256
0 0.991062 0.539333 0.0135428 0.14 0.000807786
0 0.963976 0.006 0.0698808 0.012 0.000812675
0 0.78467 0.0326667 0.0763814 0.052 0.000832046
0 0.683911 0.160667 0.0460455 0.121333 0.000852797
0 0.847508 0.230667 0.0417118 0.101333 0.000854874
0 0.913597 0.008 0.0947996 0.016 0.000860195
0 0.988082 0.986667 0.0130011 0.0266667 0.000867162
0 0.988624 0.487333 0.0140845 0.113333 0.000909058
0 0.313651 0.489333 0.0379198 0.0826667 0.000936088
0 0.718852 0.028 0.0455038 0.048 0.000940466
0 0.725623 0.814 0.039545 0.084 0.000967271
0 0.727248 0.31 0.0590466 0.113333 0.000968603
0 0.738624 0.032 0.0774648 0.064 0.000976502
0 0.823131 0.181333 0.0222102 0.0853333 0.00100031
0 0.991333 0.604 0.0130011 0.165333 0.00103191
0 0.617822 0.0513333 0.0308776 0.0786667 0.00104868
0 0.45883 0.074 0.0520043 0.06 0.00114853
0 0.460184 0.132 0.052546 0.048 0.00121813
0 0.562568 0.382 0.0232936 0.0546667 0.00124052
0 0.636511 0.0413333 0.0595883 0.0826667 0.00128939
0 0.219122 0.628667 0.0492958 0.225333 0.0013077
0 0.921723 0.0253333 0.0633803 0.0506667 0.00135795
0 0.538191 0.233333 0.0417118 0.0826667 0.001391
0 0.970477 0.0226667 0.0590466 0.0453333 0.00140511
0 0.657909 0.0553333 0.0384615 0.0733333 0.0015405
0 0.852925 0.851333 0.0839653 0.169333 0.00157928
0 0.378386 0.380667 0.627844 0.761333 0.0016296
0 0.761105 0.0206667 0.071506 0.0413333 0.00167653
0 0.989166 0.668 0.0151679 0.125333 0.00171559
0 0.808505 0.014 0.0536295 0.028 0.00176948
0 0.991062 0.0886667 0.0167931 0.126667 0.00181097
0 0.809047 0.969333 0.0785482 0.0613333 0.00195228
0 0.82286 0.904667 0.0790899 0.132 0.00200042
0 0.687974 0.180667 0.028169 0.0813333 0.00205219
0 0.79117 0.932 0.0731311 0.136 0.00218523
0 0.565818 0.0913333 0.0568797 0.164 0.00238834
0 0.733207 0.83 0.0373781 0.158667 0.00256386
0 0.83857 0.818667 0.0725894 0.109333 0.00266867
0 0.844258 0.238667 0.0308776 0.0586667 0.00296402
0 0.462351 0.185333 0.0492958 0.0426667 0.0030145
0 0.989166 0.0546667 0.0151679 0.0933333 0.00387894
0 0.476436 0.404 0.031961 0.0693333 0.0043063
0 0.742145 0.830667 0.035753 0.088 0.00495771
0 0.803359 0.96 0.056338 0.0373333 0.00513799
0 0.665764 0.178667 0.0617551 0.157333 0.00554689
0 0.917931 0.0606667 0.0449621 0.0733333 0.00575079
0 0.458017 0.115333 0.0482123 0.0306667 0.00587086
0 0.785211 0.02 0.0644637 0.04 0.006152
0 0.562839 0.195333 0.0585049 0.132 0.00686456
0 0.472102 0.415333 0.0460455 0.0253333 0.00718859
0 0.224269 0.610667 0.0314193 0.136 0.00725474
0 0.870531 0.304667 0.0476706 0.102667 0.00735159
0 0.825298 0.02 0.0460455 0.04 0.00824621
0 0.41766 0.396 0.308776 0.792 0.0109538
0 0.771127 0.363333 0.325569 0.726667 0.0111326
0 0.875406 0.326667 0.0303359 0.0586667 0.0156546
0 0.68039 0.200667 0.0314193 0.06 0.0163871
0 0.826381 0.789333 0.0352113 0.0426667 0.0251794
0 0.449079 0.814 0.0975081 0.084 0.0304785
0 0.668202 0.186667 0.0482123 0.0906667 0.0354742
0 0.461268 0.0493333 0.0503792 0.0373333 0.0587626
0 0.794691 0.952667 0.0606717 0.068 0.067108
0 0.807151 0.0253333 0.0671723 0.0506667 0.244265
0 0.735645 0.823333 0.0238353 0.06 0.298506
0 0.56636 0.106667 0.0633803 0.064 0.595356
0 0.561484 0.218667 0.0352113 0.122667 0.861725
0 0.758397 0.298667 0.0574215 0.149333 0.887373
0 0.405742 0.331333 0.0660888 0.166667 0.893598
