0 0.315547 0.959333 0.0947996 0.0813333 1.78199e-05
0 0.665222 0.864667 0.0433369 0.172 1.78503e-05
0 0.436349 0.484 0.0503792 0.114667 1.78523e-05
0 0.622969 0.943333 0.0660888 0.113333 1.7878e-05
0 0.442037 0.393333 0.063922 0.149333 1.78903e-05
0 0.578548 0 0.0498375 0 1.79291e-05
0 0.64247 0.808 0.0346696 0.056 1.79445e-05
0 0.171181 0.461333 0.0400867 0.0853333 1.79548e-05
0 0.380823 0.314 0.099675 0.137333 1.79568e-05
0 0.535753 0.004 0.0671723 0.008 1.79693e-05
0 0.401408 0.726 0.0444204 0.254667 1.79918e-05
0 0.136782 0.022 0.0947996 0.044 1.79989e-05
0 0.716414 0.239333 0.0590466 0.161333 1.80578e-05
0 0.12026 0.519333 0.0476706 0.126667 1.81301e-05
0 0.463164 0.516 0.131094 0.546667 1.81774e-05
0 0.386782 0.726 0.0173348 0.028 1.81785e-05
0 0.143824 0.0153333 0.0492958 0.0306667 1.81812e-05
0 0.407638 0.658 0.0622969 0.148 1.82772e-05
0 0.617551 0.726 0.0606717 0.310667 1.82986e-05
0 0.356717 0.872667 0.0308776 0.06 1.83287e-05
0 0.715872 0.948667 0.0612134 0.102667 1.83309e-05
0 0.785753 0.592 0.0557963 0.149333 1.83458e-05
0 0.956663 0.614 0.0866739 0.214667 1.8372e-05
0 0.397346 0.875333 0.0384615 0.249333 1.83952e-05
0 0.321777 0.860667 0.0314193 0.0653333 1.84077e-05
0 0.891658 0 0.0552546 0 1.84127e-05
0 0.588028 0.0286667 0.0763814 0.0573333 1.84611e-05
0 0.504875 0.54 0.063922 0.096 1.8512e-05
0 0.356176 0.374 0.0893824 0.324 1.85257e-05
0 0.273835 0.795333 0.0276273 0.0653333 1.85328e-05
0 0.557421 0.977333 0.0270856 0.0453333 1.86076e-05
0 0.548754 1 0.0758397 0 1.8661e-05
0 0.0847779 0.158 0.138137 0.316 1.87991e-05
0 0.687703 0.972667 0.0222102 0.0413333 1.88064e-05
0 0.557692 0.654 0.0698808 0.126667 1.88448e-05
0 0.397887 0.907333 0.00487541 0.0226667 1.89499e-05
0 0.391116 0.72 0.0184182 0.016 1.89784e-05
0 0.714789 0.304 0.0417118 0.288 1.89796e-05
0 0.296046 0.731333 0.0265439 0.076 1.89977e-05
0 0.506501 0.145333 0.0606717 0.136 1.90243e-05
0 0.4526 0.536 0.0709642 0.208 1.91318e-05
0 0.541983 0.000666667 0.0460455 0.00133333 1.91666e-05
0 0.215601 0.205333 0.0216685 0.101333 1.9216e-05
0 0.606446 0.350667 0.0590466 0.136 1.92272e-05
0 0.335861 0.789333 0.0541712 0.285333 1.93005e-05
0 0.681744 0.647333 0.0590466 0.3 1.93211e-05
0 0.559588 0.708667 0.0834236 0.153333 1.93264e-05
0 0.0200433 0.064 0.0346696 0.0853333 1.93596e-05
0 0.800108 0.574667 0.0498375 0.264 1.93608e-05
0 0.159263 0.492 0.0487541 0.0986667 1.93636e-05
0 0.112134 0.701333 0.0671723 0.186667 1.93684e-05
0 0.0595883 0.638 0.0671723 0.190667 1.93704e-05
0 0.15818 0.638667 0.0465872 0.12 1.939e-05
0 0.511376 0.376667 0.134345 0.566667 1.95172e-05
0 0.537378 0.348 0.0790899 0.125333 1.95757e-05
0 0.857801 0.860667 0.0514626 0.204 1.96007e-05
0 0.514355 0.515333 0.0817985 0.172 1.96039e-05
0 0.0162514 0.88 0.0303359 0.130667 1.96063e-05
0 0.223456 0.764667 0.0276273 0.076 1.96221e-05
0 0.563922 0.143333 0.0585049 0.14 1.96788e-05
0 0.131636 0.912 0.0411701 0.112 1.96902e-05
0 0.418472 1 0.0666305 0 1.97591e-05
0 0.63922 0.924667 0.0195016 0.092 1.98016e-05
0 0.668202 0.0453333 0.0384615 0.0906667 1.98325e-05
0 0.984561 0.53 0.0276273 0.158667 1.98486e-05
0 0.793879 0.996667 0.0460455 0.00666667 1.98932e-05
0 0.330444 0.216 0.157096 0.432 1.9917e-05
0 0.485374 0.594 0.0552546 0.113333 1.99443e-05
0 0.767877 0.992667 0.0384615 0.0146667 1.99556e-05
0 0.636511 0.000666667 0.0585049 0.00133333 1.99562e-05
0 0.532503 0.166667 0.0585049 0.146667 1.99759e-05
0 0.48727 0.450667 0.0471289 0.109333 2.00322e-05
0 0.881907 0.974 0.0238353 0.0466667 2.00551e-05
0 0.107259 0.604 0.0444204 0.128 2.03327e-05
0 0.728332 0.341333 0.0189599 0.0506667 2.03647e-05
0 0.419285 0.526 0.0736728 0.18 2.04049e-05
0 0.83857 1 0.0801734 0 2.04576e-05
0 0.751083 0.0686667 0.06013 0.137333 2.0466e-05
0 0.763814 0.598667 0.0617551 0.138667 2.05025e-05
0 0.310401 0.742667 0.130011 0.514667 2.0519e-05
0 0.381907 0.955333 0.0260022 0.0786667 2.06312e-05
0 0.249458 0.971333 0.0427952 0.0546667 2.06621e-05
0 0.58559 0.531333 0.0628386 0.121333 2.06884e-05
0 0.0758397 0.998667 0.0509209 0.00266667 2.07339e-05
0 0.491874 0.988667 0.0899242 0.0226667 2.07387e-05
0 0.653846 0.673333 0.0119177 0.0266667 2.07514e-05
0 0.135699 0.948 0.0850488 0.104 2.07577e-05
0 0.537378 0.953333 0.0444204 0.0933333 2.08167e-05
0 0.339924 0.0926667 0.0861322 0.153333 2.08722e-05
0 0.484832 0.544 0.0530878 0.109333 2.08754e-05
0 0.551463 1 0.0455038 0 2.08805e-05
0 0.352925 0.993333 0.0460455 0.0133333 2.09285e-05
0 0.441766 0.0286667 0.0980498 0.0573333 2.09304e-05
0 0.712351 0.160667 0.0238353 0.0653333 2.12298e-05
0 0.560672 0.470667 0.0780065 0.106667 2.12847e-05
0 0.263001 0.186667 0.131636 0.373333 2.1304e-05
0 0.553359 0.962 0.0503792 0.076 2.13061e-05
0 0.781419 0.104667 0.0460455 0.148 2.14154e-05
0 0.561213 0.728667 0.152763 0.542667 2.14318e-05
0 0.209101 0.672667 0.0292524 0.0813333 2.14668e-05
0 0.294691 0.044 0.0465872 0.0586667 2.14804e-05
0 0.545775 0.954667 0.0232936 0.088 2.14855e-05
0 0.6487 0.664667 0.0471289 0.329333 2.14948e-05
0 0.625677 0.796 0.0335861 0.338667 2.15006e-05
0 0.663868 0.19 0.0492958 0.34 2.15036e-05
0 0.342362 0.988667 0.0628386 0.0226667 2.15104e-05
0 0.140574 0.00133333 0.0557963 0.00266667 2.15306e-05
0 0.637324 0.6 0.0449621 0.109333 2.1557e-05
0 0.0181473 0.943333 0.0265439 0.084 2.15606e-05
0 0.388678 0.722667 0.0092091 0.024 2.15703e-05
0 0.562026 0.99 0.112134 0.02 2.15776e-05
0 0.293337 0.404 0.0449621 0.0613333 2.15821e-05
0 0.968039 0.383333 0.063922 0.305333 2.15837e-05
0 0.558234 0.718667 0.130553 0.298667 2.16336e-05
0 0.496479 0.767333 0.0373781 0.118667 2.16929e-05
0 0.56338 0.507333 0.16468 0.657333 2.17264e-05
0 0.669827 1 0.0590466 0 2.17426e-05
0 0.486186 0.998667 0.0742145 0.00266667 2.18287e-05
0 0.318527 0.972667 0.0487541 0.0546667 2.1908e-05
0 0.296316 0.227333 0.104009 0.166667 2.19629e-05
0 0.331257 0.977333 0.0417118 0.0346667 2.19777e-05
0 0.61078 0.0413333 0.052546 0.0826667 2.19866e-05
0 0.578007 0.0986667 0.0184182 0.0666667 2.20218e-05
0 0.97481 0.0526667 0.0373781 0.0893333 2.20402e-05
0 0.565276 0.514667 0.0991333 0.176 2.20681e-05
0 0.84507 0.0213333 0.0270856 0.0426667 2.20715e-05
0 0.815547 0.994 0.0449621 0.012 2.20982e-05
0 0.459642 0.0493333 0.0449621 0.0613333 2.21066e-05
0 0.272752 0.631333 0.124052 0.518667 2.21323e-05
0 0.519502 0.0493333 0.0400867 0.0666667 2.21334e-05
0 0.359967 0.207333 0.0471289 0.068 2.21432e-05
0 0.577736 1 0.0449621 0 2.21619e-05
0 0.536024 0.898667 0.00704225 0.0346667 2.22084e-05
0 0.586674 0.595333 0.0606717 0.118667 2.22278e-05
0 0.436891 0.958 0.0861322 0.084 2.22511e-05
0 0.725352 0.638667 0.0682557 0.186667 2.22788e-05
0 0.0888407 0 0.0541712 0 2.22793e-05
0 0.800379 0.575333 0.0287107 0.129333 2.23506e-05
0 0.836132 0.946667 0.0904659 0.106667 2.24624e-05
0 0.456934 0.590667 0.0666305 0.117333 2.24704e-05
0 0.113489 0.418667 0.113218 0.184 2.24805e-05
0 0.752709 0.262667 0.125135 0.514667 2.24897e-05
0 0.471831 0.961333 0.101842 0.0773333 2.24947e-05
0 0.119447 0.574667 0.0449621 0.133333 2.25172e-05
0 0.683369 0.189333 0.0384615 0.181333 2.25668e-05
0 0.0880282 0.886 0.0904659 0.185333 2.27335e-05
0 0.61078 0.0446667 0.0232936 0.0706667 2.2794e-05
0 0.612947 0.589333 0.0471289 0.0986667 2.28413e-05
0 0.645179 0.282 0.0509209 0.297333 2.28545e-05
0 0.483749 0.363333 0.0433369 0.116 2.29405e-05
0 0.0195016 0.884 0.0184182 0.210667 2.29496e-05
0 0.942308 0.994 0.052546 0.012 2.29678e-05
0 0.57611 0.32 0.0232936 0.0373333 2.30221e-05
0 0.171452 0.672 0.0427952 0.109333 2.30511e-05
0 0.952058 0.594 0.0644637 0.406667 2.30612e-05
0 0.388137 0.0646667 0.0731311 0.129333 2.31025e-05
0 0.267335 0.435333 0.0427952 0.092 2.31863e-05
0 0.749187 0.1 0.0455038 0.130667 2.32075e-05
0 0.538732 0.0286667 0.0872156 0.0573333 2.32216e-05
0 0.755417 0.296 0.0352113 0.122667 2.32239e-05
0 0.267064 0.287333 0.105092 0.169333 2.32272e-05
0 0.555796 0.533333 0.071506 0.104 2.33254e-05
0 0.728602 0.318667 0.0260022 0.0453333 2.34583e-05
0 0.0479415 0.331333 0.0839653 0.225333 2.34932e-05
0 0.683911 0.590667 0.0557963 0.12 2.36096e-05
0 0.312839 0.066 0.088299 0.132 2.36324e-05
0 0.760022 0.416 0.0390032 0.128 2.36365e-05
0 0.751896 0.524 0.0368364 0.114667 2.38522e-05
0 0.296587 0.868667 0.0265439 0.092 2.39791e-05
0 0.527086 0.103333 0.0736728 0.206667 2.40001e-05
0 0.842904 0.00333333 0.0530878 0.00666667 2.4132e-05
0 0.552546 0 0.0509209 0 2.4133e-05
0 0.341549 0.948667 0.0373781 0.0786667 2.41739e-05
0 0.185536 0.958667 0.0785482 0.0826667 2.41922e-05
0 0.146262 0.0286667 0.134345 0.0573333 2.41992e-05
0 0.406013 0.964 0.0796316 0.072 2.42078e-05
0 0.457205 0.186667 0.0704225 0.088 2.42442e-05
0 0.470748 0.380667 0.0736728 0.18 2.43197e-05
0 0.72156 0.508667 0.0595883 0.161333 2.43293e-05
0 0.660618 0.320667 0.0146262 0.06 2.45903e-05
0 0.578548 0.324 0.0119177 0.024 2.45914e-05
0 0.725894 0.996667 0.0758397 0.00666667 2.47672e-05
0 0.986728 0.527333 0.0265439 0.294667 2.48025e-05
0 0.713434 0.399333 0.035753 0.137333 2.49069e-05
0 0.307151 0.698 0.028169 0.0706667 2.49685e-05
0 0.0162514 0.601333 0.0325027 0.133333 2.49718e-05
0 0.223727 0.798667 0.028169 0.0826667 2.49763e-05
0 0.0287107 0.396667 0.0520043 0.142667 2.50231e-05
0 0.763814 1 0.0693391 0 2.50754e-05
0 0.317985 0.37 0.0444204 0.076 2.53046e-05
0 0.365926 0.716667 0.0709642 0.14 2.53109e-05
0 0.260563 0.139333 0.0823402 0.164 2.53864e-05
0 0.355634 1 0.0633803 0 2.54047e-05
0 0.987812 0.1 0.024377 0.184 2.54371e-05
0 0.234561 0.646667 0.0260022 0.0826667 2.54763e-05
0 0.390845 0.722 0.00595883 0.0306667 2.55357e-05
0 0.790087 0 0.0514626 0 2.5543e-05
0 0.726706 0.406 0.0503792 0.268 2.56044e-05
0 0.514897 0.961333 0.0655471 0.0773333 2.56143e-05
0 0.198537 0.0506667 0.0352113 0.0666667 2.56636e-05
0 0.838299 1 0.0438787 0 2.57103e-05
0 0.746208 0.478 0.0460455 0.116 2.57745e-05
0 0.0192308 0.358667 0.0384615 0.12 2.5855e-05
0 0.633803 0.788 0.0195016 0.048 2.58821e-05
0 0.719664 0.66 0.0178765 0.0773333 2.59368e-05
0 0.138137 0.995333 0.0476706 0.00933333 2.61306e-05
0 0.779794 0.100667 0.0709642 0.201333 2.61798e-05
0 0.022481 0.149333 0.0254605 0.229333 2.63951e-05
0 0.478873 0.996 0.0455038 0.008 2.65977e-05
0 0.619718 0.996 0.0444204 0.008 2.66701e-05
0 0.679036 0.398667 0.0568797 0.114667 2.66921e-05
0 0.236728 0.853333 0.0260022 0.08 2.67733e-05
0 0.745125 0.724 0.052546 0.242667 2.67898e-05
0 0.801733 1 0.0758397 0 2.67967e-05
0 0.221289 0.647333 0.024377 0.0813333 2.68097e-05
0 0.433099 0.014 0.0449621 0.028 2.6841e-05
0 0.456392 0.465333 0.0503792 0.114667 2.6944e-05
0 0.243499 0.537333 0.0330444 0.0853333 2.70114e-05
0 0.689057 0.522667 0.063922 0.24 2.71889e-05
0 0.166035 0.408667 0.0731311 0.174667 2.71902e-05
0 0.865655 0.000666667 0.0552546 0.00133333 2.72397e-05
0 0.510022 0.386667 0.0752979 0.170667 2.74061e-05
0 0.318256 0.482667 0.0427952 0.130667 2.74449e-05
0 0.650867 0.336667 0.0330444 0.108 2.75137e-05
0 0.0276273 0.517333 0.0520043 0.149333 2.75468e-05
0 0.902763 1 0.0460455 0 2.76389e-05
0 0.14545 0.606 0.0460455 0.126667 2.7645e-05
0 0.058234 0.96 0.1013 0.08 2.76858e-05
0 0.392199 0.997333 0.0455038 0.00533333 2.76861e-05
0 0.138678 0.412667 0.112676 0.316 2.7746e-05
0 0.293608 0.774667 0.0238353 0.072 2.7755e-05
0 0.169827 0.016 0.0492958 0.032 2.77733e-05
0 0.533586 0.406667 0.0812568 0.104 2.77831e-05
0 0.292795 0.545333 0.0449621 0.133333 2.78213e-05
0 0.0092091 0.962 0.00758397 0.076 2.79014e-05
0 0.108613 0.490667 0.0492958 0.125333 2.79786e-05
0 0.716143 0.575333 0.0270856 0.113333 2.80911e-05
0 0.28792 0.838667 0.0536295 0.301333 2.81446e-05
0 0.0598592 0.573333 0.0774648 0.197333 2.821e-05
0 0.76896 0.692 0.0341278 0.101333 2.82427e-05
0 0.405471 0.786667 0.0297941 0.0986667 2.82448e-05
0 0.638407 0.836 0.0232936 0.109333 2.82881e-05
0 0.721831 0.502667 0.0146262 0.0453333 2.83713e-05
0 0.193933 0.674667 0.0346696 0.0986667 2.83808e-05
0 0.865114 0.924 0.0801734 0.152 2.84261e-05
0 0.860238 0.746 0.0346696 0.494667 2.84321e-05
0 0.23402 0.614 0.0227519 0.0813333 2.8478e-05
0 0.828277 0.679333 0.0368364 0.22 2.84923e-05
0 0.573131 0.094 0.0238353 0.0973333 2.85024e-05
0 0.621885 0.736667 0.0379198 0.126667 2.8523e-05
0 0.509209 0.991333 0.0671723 0.0173333 2.85489e-05
0 0.450163 1 0.071506 0 2.85608e-05
0 0.720206 0.510667 0.0254605 0.0346667 2.85716e-05
0 0.357801 0.609333 0.067714 0.176 2.86429e-05
0 0.818256 0.00133333 0.0482123 0.00266667 2.86456e-05
0 0.755417 0.351333 0.0547129 0.132 2.87859e-05
0 0.0931744 0.633333 0.0758397 0.184 2.88375e-05
0 0.026273 0.971333 0.052546 0.0573333 2.88397e-05
0 0.613759 0.649333 0.0476706 0.125333 2.89226e-05
0 0.17416 0.022 0.0839653 0.044 2.89272e-05
0 0.58559 0.653333 0.0953413 0.258667 2.90086e-05
0 0.866739 0.982667 0.0747562 0.0346667 2.90318e-05
0 0.0650054 0 0.0541712 0 2.90526e-05
0 0.279794 0.944 0.0742145 0.112 2.92065e-05
0 0.534399 0.022 0.0514626 0.044 2.93888e-05
0 0.669556 0.992 0.0368364 0.016 2.94613e-05
0 0.223998 0.824 0.117551 0.352 2.94991e-05
0 0.00812568 0.0373333 0.0130011 0.0746667 2.95015e-05
0 0.526002 1 0.0498375 0 2.95695e-05
0 0.286024 0.816 0.0216685 0.0693333 2.97267e-05
0 0.265981 0.833333 0.11701 0.333333 2.98379e-05
0 0.0278982 0.457333 0.052546 0.144 2.9928e-05
0 0.488624 0.0366667 0.0855905 0.0733333 2.99441e-05
0 0.399783 0.890667 0.0270856 0.032 2.99559e-05
0 0.517606 0.00133333 0.0482123 0.00266667 2.99869e-05
0 0.167389 0.0866667 0.0823402 0.154667 3.01413e-05
0 0.891928 0.969333 0.0211268 0.0506667 3.01637e-05
0 0.807692 0.0966667 0.0747562 0.193333 3.03362e-05
0 0.206392 0.252667 0.106176 0.505333 3.03376e-05
0 0.662243 0.301333 0.0254605 0.104 3.04568e-05
0 0.333965 0.702 0.0720477 0.158667 3.05506e-05
0 0.710997 0 0.0622969 0 3.05985e-05
0 0.595341 0.0166667 0.0335861 0.0333333 3.07195e-05
0 0.256501 0.702 0.0297941 0.0706667 3.07219e-05
0 0.39545 0.898667 0.0346696 0.133333 3.07456e-05
0 0.214789 0.764 0.0687974 0.269333 3.07903e-05
0 0.311484 0.602 0.0335861 0.124 3.08103e-05
0 0.117822 0.258667 0.127302 0.293333 3.08306e-05
0 0.526544 0.0866667 0.0509209 0.125333 3.08703e-05
0 0.893554 0.963333 0.0362947 0.0733333 3.0907e-05
0 0.294962 0.604 0.0557963 0.288 3.10012e-05
0 0.452871 0.204667 0.137595 0.409333 3.11138e-05
0 0.384074 0.960667 0.0465872 0.0786667 3.11163e-05
0 0.863218 0.587333 0.184724 0.385333 3.11428e-05
0 0.826923 0.606667 0.0384615 0.181333 3.13326e-05
0 0.190141 0.995333 0.0455038 0.00933333 3.13354e-05
0 0.230769 0.14 0.0292524 0.0906667 3.13427e-05
0 0.227248 0.403333 0.112134 0.454667 3.13519e-05
0 0.731582 0.0473333 0.06013 0.0946667 3.13862e-05
0 0.437432 0.00466667 0.0752979 0.00933333 3.13989e-05
0 0.758126 0.51 0.0644637 0.153333 3.15039e-05
0 0.919014 0.289333 0.161972 0.578667 3.16437e-05
0 0.353467 0.496667 0.0557963 0.145333 3.16908e-05
0 0.261376 0.208 0.0872156 0.184 3.18117e-05
0 0.400596 0.724 0.0536295 0.122667 3.18939e-05
0 0.954767 0.872 0.0839653 0.205333 3.19e-05
0 0.527898 0.227333 0.0178765 0.036 3.19097e-05
0 0.637866 0.99 0.0796316 0.02 3.20247e-05
0 0.586945 0.658667 0.0612134 0.138667 3.21279e-05
0 0.745937 0.725333 0.0335861 0.16 3.21649e-05
0 0.813651 0.993333 0.105092 0.0133333 3.23174e-05
0 0.475623 0.7 0.107259 0.349333 3.23264e-05
0 0.586403 0.0426667 0.0536295 0.0853333 3.237e-05
0 0.207746 0.61 0.0265439 0.092 3.24469e-05
0 0.0227519 0.353333 0.0325027 0.242667 3.25696e-05
0 0.430661 0 0.0487541 0 3.26498e-05
0 0.452329 0.538 0.056338 0.113333 3.26902e-05
0 0.668202 0.178667 0.039545 0.168 3.28021e-05
0 0.0192308 0.42 0.0384615 0.12 3.28096e-05
0 0.0176056 0.540667 0.0352113 0.129333 3.28745e-05
0 0.751354 0.265333 0.0693391 0.184 3.3039e-05
0 0.295233 0.692667 0.035753 0.0786667 3.30395e-05
0 0.39545 0.788667 0.0260022 0.084 3.32817e-05
0 0.635428 0.788 0.0108342 0.032 3.3369e-05
0 0.502438 0.412667 0.0211268 0.036 3.33738e-05
0 0.37974 0.992667 0.0422535 0.0146667 3.34476e-05
0 0.0327736 0.096 0.0460455 0.128 3.35592e-05
0 0.704496 0.124 0.0622969 0.162667 3.36551e-05
0 0.852654 0.0473333 0.0346696 0.0733333 3.37613e-05
0 0.230228 0.994667 0.0444204 0.0106667 3.37682e-05
0 0.0303359 0.0246667 0.0465872 0.0493333 3.37925e-05
0 0.464518 0.995333 0.111051 0.00933333 3.38541e-05
0 0.562026 0.0346667 0.0666305 0.0693333 3.38799e-05
0 0.249187 0.990667 0.0595883 0.0186667 3.38821e-05
0 0.731853 0.195333 0.0260022 0.076 3.39609e-05
0 0.346696 0.179333 0.105092 0.132 3.4076e-05
0 0.0907367 0.068 0.114301 0.136 3.4081e-05
0 0.604009 1 0.0476706 0 3.40821e-05
0 0.167389 0.00133333 0.0552546 0.00266667 3.40934e-05
0 0.307421 0.981333 0.0362947 0.0373333 3.41345e-05
0 0.223185 0.679333 0.0249187 0.0786667 3.4135e-05
0 0.232394 0.577333 0.0227519 0.0933333 3.42413e-05
0 0.399783 0.00466667 0.0769231 0.00933333 3.42702e-05
0 0.365655 0 0.0498375 0 3.43485e-05
0 0.440412 1 0.0455038 0 3.44701e-05
0 0.0170639 0.640667 0.0200433 0.286667 3.46139e-05
0 0.35455 0.878667 0.0720477 0.242667 3.47868e-05
0 0.310401 0.0846667 0.084507 0.14 3.48062e-05
0 0.165222 0.995333 0.0455038 0.00933333 3.50763e-05
0 0.183369 0.404667 0.111051 0.489333 3.51529e-05
0 0.48429 0.689333 0.0574215 0.117333 3.52447e-05
0 0.410076 0.334 0.139762 0.444 3.53804e-05
0 0.113218 1 0.0520043 0 3.54304e-05
0 0.682828 0.276 0.0633803 0.146667 3.54407e-05
0 0.0593174 0.878 0.0904659 0.244 3.55149e-05
0 0.717497 1 0.0373781 0 3.55568e-05
0 0.137324 0.699333 0.0893824 0.257333 3.55672e-05
0 0.170368 0.609333 0.0438787 0.122667 3.5622e-05
0 0.803359 0.542667 0.0195016 0.101333 3.56839e-05
0 0.686349 0.730667 0.0704225 0.130667 3.57793e-05
0 0.684724 0.658667 0.0595883 0.128 3.5837e-05
0 0.39247 0 0.0482123 0 3.59403e-05
0 0.393554 0.014 0.0438787 0.028 3.59848e-05
0 0.607259 0.0186667 0.0303359 0.0373333 3.6126e-05
0 0.350217 0.222 0.0763814 0.110667 3.62072e-05
0 0.293879 0.818667 0.0200433 0.0693333 3.62593e-05
0 0.749458 0.164 0.0417118 0.117333 3.63325e-05
0 0.307421 0.601333 0.0113759 0.072 3.64197e-05
0 0.725894 0.798667 0.028169 0.0746667 3.64492e-05
0 0.16143 0.891333 0.0660888 0.182667 3.65113e-05
0 0.723456 0.662667 0.039545 0.109333 3.65116e-05
0 0.320152 0.63 0.035753 0.0786667 3.65485e-05
0 0.6487 0.202 0.0482123 0.172 3.66574e-05
0 0.195558 0.0173333 0.0411701 0.0346667 3.67172e-05
0 0.682286 0.016 0.0568797 0.032 3.69329e-05
0 0.27221 0.652 0.0146262 0.0266667 3.69687e-05
0 0.388678 0.715333 0.0167931 0.0333333 3.70538e-05
0 0.630553 0.832 0.056338 0.218667 3.71157e-05
0 0.387595 1 0.0720477 0 3.73173e-05
0 0.503521 0 0.0514626 0 3.73997e-05
0 0.464247 1 0.0487541 0 3.74577e-05
0 0.773023 0.798667 0.0433369 0.144 3.76107e-05
0 0.396533 0.905333 0.020585 0.024 3.77314e-05
0 0.681744 0.343333 0.0612134 0.124 3.77415e-05
0 0.33532 0.558 0.0238353 0.0866667 3.77836e-05
0 0.337757 0.798667 0.039545 0.122667 3.7934e-05
0 0.475894 0.109333 0.0731311 0.218667 3.79491e-05
0 0.359697 0.956 0.0725894 0.088 3.79661e-05
0 0.52546 0.222 0.020585 0.0813333 3.82028e-05
0 0.258667 0.474667 0.117551 0.450667 3.85193e-05
0 0.982936 0.0666667 0.0341278 0.133333 3.85449e-05
0 0.503792 0.996667 0.0476706 0.00666667 3.86604e-05
0 0.687974 0.996667 0.0725894 0.00666667 3.87203e-05
0 0.294962 0.979333 0.0341278 0.036 3.87276e-05
0 0.377573 0 0.0520043 0 3.87588e-05
0 0.656555 0.678 0.00866739 0.0146667 3.87939e-05
0 0.146533 0.55 0.0492958 0.124 3.88112e-05
0 0.728873 0.582 0.0362947 0.129333 3.88612e-05
0 0.170639 0.523333 0.0444204 0.110667 3.88727e-05
0 0.856176 0.0306667 0.052546 0.0613333 3.88833e-05
0 0.828819 0.595333 0.0736728 0.228 3.89348e-05
0 0.32909 0 0.052546 0 3.91695e-05
0 0.245937 0.861333 0.0270856 0.0826667 3.92003e-05
0 0.214789 0.962 0.0763814 0.076 3.9308e-05
0 0.221289 0.614 0.0222102 0.0866667 3.93746e-05
0 0.167118 0.804 0.148971 0.392 3.96084e-05
0 0.433099 0.262 0.0947996 0.177333 3.96838e-05
0 0.398971 0.900667 0.00704225 0.0253333 3.96971e-05
0 0.729957 0.195333 0.0460455 0.145333 3.99503e-05
0 0.160618 0.705333 0.0622969 0.165333 3.99542e-05
0 0.741603 0.875333 0.12351 0.249333 4.00595e-05
0 0.332069 0.924667 0.0834236 0.150667 4.03266e-05
0 0.28169 0.646 0.028169 0.0333333 4.03825e-05
0 0.041441 0.00333333 0.0547129 0.00666667 4.04348e-05
0 0.851029 0.72 0.0877573 0.373333 4.04598e-05
0 0.212893 0.626 0.114843 0.444 4.04773e-05
0 0.985915 0.780667 0.028169 0.305333 4.05026e-05
0 0.410888 0.994 0.103467 0.012 4.09195e-05
0 0.300108 0.773333 0.0509209 0.248 4.13073e-05
0 0.052546 0.195333 0.0877573 0.286667 4.1315e-05
0 0.630011 0.886 0.0303359 0.110667 4.14033e-05
0 0.0750271 1 0.0547129 0 4.15113e-05
0 0.650596 0.293333 0.0325027 0.12 4.1563e-05
0 0.245666 0.082 0.0406284 0.0786667 4.1563e-05
0 0.324485 0.26 0.0487541 0.0666667 4.16861e-05
0 0.403575 0 0.0520043 0 4.17214e-05
0 0.940141 1 0.0536295 0 4.17796e-05
0 0.270585 0.968667 0.0352113 0.0466667 4.18789e-05
0 0.767877 1 0.0406284 0 4.1993e-05
0 0.969935 0.928667 0.0547129 0.142667 4.20445e-05
0 0.274648 0.640667 0.0693391 0.172 4.21341e-05
0 0.195016 0.066 0.0704225 0.132 4.21954e-05
0 0.207476 0.576 0.0260022 0.096 4.22003e-05
0 0.814193 1 0.0476706 0 4.22854e-05
0 0.212622 0.892667 0.0460455 0.156 4.24701e-05
0 0.754063 1 0.0368364 0 4.25409e-05
0 0.626761 0.796 0.0173348 0.0426667 4.25605e-05
0 0.704225 1 0.0368364 0 4.26092e-05
0 0.243229 0.733333 0.0303359 0.0853333 4.2739e-05
0 0.0384615 0.999333 0.0530878 0.00133333 4.28285e-05
0 0.236457 0.824667 0.0276273 0.068 4.28456e-05
0 0.0371073 0.738667 0.0742145 0.522667 4.29887e-05
0 0.39572 0.896667 0.0146262 0.0333333 4.30374e-05
0 0.26571 0.0293333 0.113218 0.0586667 4.3065e-05
0 0.352113 0.504667 0.0985916 0.398667 4.3072e-05
0 0.362134 0.00466667 0.0828819 0.00933333 4.32197e-05
0 0.388678 0.138 0.0427952 0.0626667 4.33691e-05
0 0.65493 0.130667 0.0379198 0.173333 4.35589e-05
0 0.719122 0.706667 0.0265439 0.114667 4.3604e-05
0 0.697725 0.938667 0.0400867 0.112 4.36147e-05
0 0.090195 0.486667 0.103467 0.173333 4.36732e-05
0 0.233207 0.368667 0.0807151 0.182667 4.3707e-05
0 0.859155 0.843333 0.100758 0.212 4.4047e-05
0 0.303359 0 0.0530878 0 4.4099e-05
0 0.729415 0.412667 0.0384615 0.132 4.41108e-05
0 0.359426 0.786 0.0687974 0.145333 4.41238e-05
0 0.486728 0.742667 0.0362947 0.114667 4.42382e-05
0 0.21533 0.164667 0.0200433 0.110667 4.42691e-05
0 0.730228 0.981333 0.0585049 0.032 4.4427e-05
0 0.956121 0 0.0552546 0 4.44921e-05
0 0.783586 0.0306667 0.0644637 0.0613333 4.45989e-05
0 0.802546 0.843333 0.0980498 0.212 4.48331e-05
0 0.410076 0.334667 0.0942579 0.181333 4.48816e-05
0 0.92091 0.989333 0.099675 0.0213333 4.4961e-05
0 0.130553 0.995333 0.0693391 0.00933333 4.4966e-05
0 0.735645 0 0.0617551 0 4.52057e-05
0 0.434453 0.833333 0.0725894 0.157333 4.52686e-05
0 0.306067 0.592 0.0216685 0.048 4.53024e-05
0 0.428494 0 0.0520043 0 4.53453e-05
0 0.372156 0.127333 0.0910076 0.132 4.55169e-05
0 0.288462 0.92 0.0232936 0.0533333 4.56283e-05
0 0.837757 0.890667 0.112134 0.194667 4.56747e-05
0 0.121885 0.762 0.092091 0.244 4.5775e-05
0 0.963976 0.712667 0.0720477 0.249333 4.58996e-05
0 0.758126 0.409333 0.0666305 0.168 4.59536e-05
0 0.942579 0.0266667 0.114843 0.0533333 4.59542e-05
0 0.901679 0 0.0536295 0 4.65382e-05
0 0.524106 0.893333 0.0222102 0.0906667 4.66259e-05
0 0.750542 0.034 0.0579632 0.068 4.66608e-05
0 0.645179 0.724667 0.0292524 0.121333 4.66914e-05
0 0.614301 0.992 0.0942579 0.016 4.67182e-05
0 0.284399 0.0933333 0.0866739 0.186667 4.68418e-05
0 0.330986 0.0133333 0.0487541 0.0266667 4.6914e-05
0 0.499458 0.0666667 0.063922 0.133333 4.71322e-05
0 0.274648 0.662 0.00650054 0.0226667 4.71852e-05
0 0.15818 0.208667 0.101842 0.364 4.72281e-05
0 0.465601 0 0.0514626 0 4.73823e-05
0 0.212893 0.877333 0.063922 0.245333 4.74463e-05
0 0.528711 0 0.0520043 0 4.76662e-05
0 0.324485 0.34 0.0552546 0.0746667 4.7812e-05
0 0.83857 0 0.0552546 0 4.78908e-05
0 0.368364 0.014 0.0455038 0.028 4.80733e-05
0 0.762188 0 0.0704225 0 4.80785e-05
0 0.716414 0.546667 0.0178765 0.04 4.80936e-05
0 0.530878 0.895333 0.0184182 0.0306667 4.8403e-05
0 0.726706 0.322 0.0124594 0.0413333 4.86308e-05
0 0.526815 0.241333 0.0135428 0.0453333 4.86336e-05
0 0.193662 0.612 0.0287107 0.114667 4.865e-05
0 0.791712 1 0.0460455 0 4.88851e-05
0 0.467497 0.0713333 0.071506 0.142667 4.89107e-05
0 0.609426 0 0.0574215 0 4.8936e-05
0 0.692849 0.533333 0.0530878 0.112 4.89371e-05
0 0.0181473 0.480667 0.0362947 0.124 4.89913e-05
0 0.380011 0.98 0.0287107 0.0293333 4.90579e-05
0 0.0154388 0.0886667 0.0308776 0.148 4.90814e-05
0 0.108072 0.548 0.0471289 0.136 4.91436e-05
0 0.206392 0 0.0509209 0 4.92009e-05
0 0.578819 0.088 0.0178765 0.032 4.92813e-05
0 0.377844 1 0.0449621 0 4.92898e-05
0 0.18364 0.878667 0.071506 0.224 4.9324e-05
0 0.0547129 0.476 0.0888407 0.282667 4.93925e-05
0 0.717497 0.334 0.031961 0.076 4.93976e-05
0 0.220748 0.576 0.0232936 0.0906667 4.95028e-05
0 0.321777 0.939333 0.0487541 0.0973333 4.95976e-05
0 0.885428 0.0593333 0.111051 0.118667 5.01978e-05
0 0.64247 0.99 0.0487541 0.02 5.08108e-05
0 0.201246 0.295333 0.0189599 0.129333 5.09205e-05
0 0.650325 0.0866667 0.0373781 0.173333 5.11573e-05
0 0.0530878 0.108 0.0964247 0.216 5.11765e-05
0 0.359967 0.994667 0.1013 0.0106667 5.11873e-05
0 0.280878 0.992667 0.0438787 0.0146667 5.13428e-05
0 0.137053 0.879333 0.0769231 0.228 5.15118e-05
0 0.28467 0.702 0.0557963 0.26 5.16561e-05
0 0.415493 0.032 0.0758397 0.064 5.20206e-05
0 0.804713 0.809333 0.134886 0.381333 5.20319e-05
0 0.719935 0.152667 0.0368364 0.233333 5.22476e-05
0 0.266522 0.662 0.0335861 0.0946667 5.23212e-05
0 0.307151 0.616 0.020585 0.0426667 5.23517e-05
0 0.680119 1 0.0417118 0 5.26813e-05
0 0.77844 0.436 0.0227519 0.096 5.27759e-05
0 0.283044 0.975333 0.0362947 0.0333333 5.28601e-05
0 0.213976 0.768667 0.0433369 0.14 5.30343e-05
0 0.402492 1 0.0487541 0 5.30695e-05
0 0.3448 0.855333 0.0362947 0.233333 5.31419e-05
0 0.793608 0.012 0.0693391 0.024 5.32168e-05
0 0.81338 0.0326667 0.0655471 0.0653333 5.34214e-05
0 0.791983 0.757333 0.0455038 0.306667 5.34417e-05
0 0.190953 0.989333 0.0828819 0.0213333 5.34923e-05
0 0.052546 0.473333 0.0725894 0.154667 5.35736e-05
0 0.805796 0.484667 0.0232936 0.076 5.38159e-05
0 0.170639 0.756667 0.0736728 0.212 5.4089e-05
0 0.28792 1 0.0666305 0 5.41409e-05
0 0.728332 0.159333 0.0178765 0.0706667 5.42595e-05
0 0.663055 0.33 0.0314193 0.0386667 5.42916e-05
0 0.312839 0.848 0.052546 0.256 5.44384e-05
0 0.182828 0.708667 0.0536295 0.148 5.44903e-05
0 0.982936 0.916667 0.0287107 0.166667 5.45096e-05
0 0.834236 0.411333 0.175515 0.756 5.47417e-05
0 0.65818 0.803333 0.0552546 0.142667 5.47763e-05
0 0.206663 0.169333 0.0211268 0.122667 5.4785e-05
0 0.351571 0 0.0541712 0 5.48005e-05
0 0.92714 0.14 0.14572 0.28 5.48211e-05
0 0.271939 0.0393333 0.0780065 0.0786667 5.5624e-05
0 0.811755 0.238667 0.147887 0.477333 5.56737e-05
0 0.867551 0.752667 0.189057 0.494667 5.57905e-05
0 0.875948 0 0.0552546 0 5.59887e-05
0 0.225623 0.214667 0.0547129 0.282667 5.62949e-05
0 0.952058 0.505333 0.095883 0.592 5.63128e-05
0 0.06013 0.412667 0.12026 0.481333 5.66377e-05
0 0.638407 0.806667 0.0373781 0.128 5.67136e-05
0 0.66441 0.0233333 0.0503792 0.0466667 5.69157e-05
0 0.629198 0.788 0.00812568 0.056 5.74373e-05
0 0.259209 0.597333 0.0720477 0.122667 5.74415e-05
0 0.841008 0.038 0.0655471 0.076 5.74699e-05
0 0.501896 1 0.0503792 0 5.77269e-05
0 0.628657 0.786667 0.0157096 0.101333 5.7897e-05
0 0.0888407 0.532667 0.0628386 0.185333 5.79996e-05
0 0.776002 0.42 0.0438787 0.117333 5.80493e-05
0 0.304713 0.0126667 0.0503792 0.0253333 5.81004e-05
0 0.517606 0.0193333 0.0438787 0.0386667 5.83469e-05
0 0.85455 0.026 0.0297941 0.052 5.86404e-05
0 0.455309 0 0.0503792 0 5.91074e-05
0 0.00595883 0.268 0.0119177 0.141333 5.91497e-05
0 0.23727 0.830667 0.0541712 0.288 5.92782e-05
0 0.286566 0.782667 0.0292524 0.106667 5.98745e-05
0 0.00622969 0.144 0.0113759 0.141333 6.00132e-05
0 0.203955 0.997333 0.0482123 0.00533333 6.00137e-05
0 0.0100217 0.978 0.0200433 0.044 6.0096e-05
0 0.530607 0.0333333 0.0720477 0.0666667 6.06036e-05
0 0.652492 0.668 0.0200433 0.0773333 6.1387e-05
0 0.366197 0.0166667 0.0823402 0.0333333 6.1513e-05
0 0.654388 1 0.0455038 0 6.23879e-05
0 0.189057 1 0.0487541 0 6.24223e-05
0 0.662243 0.982667 0.0796316 0.0346667 6.25871e-05
0 0.0067714 0.064 0.0113759 0.112 6.27259e-05
0 0.0195016 0.516667 0.0227519 0.278667 6.35438e-05
0 0.289545 0.84 0.0297941 0.122667 6.36198e-05
0 0.813922 0 0.052546 0 6.40136e-05
0 0.283586 0.368 0.127302 0.413333 6.41087e-05
0 0.263001 0.986667 0.0785482 0.0266667 6.41294e-05
0 0.748917 0.212 0.0460455 0.141333 6.42489e-05
0 0.250542 0.515333 0.0709642 0.145333 6.42933e-05
0 0.725623 0.500667 0.024377 0.0226667 6.43771e-05
0 0.691224 0.978 0.0606717 0.044 6.43912e-05
0 0.261918 1 0.0633803 0 6.46542e-05
0 0.638137 1 0.0823402 0 6.47721e-05
0 0.956392 0.760667 0.0872156 0.478667 6.48537e-05
0 0.300108 0.778667 0.0346696 0.125333 6.4886e-05
0 0.725081 0.502667 0.0102925 0.0266667 6.48948e-05
0 0.805525 0.178 0.0390032 0.273333 6.54038e-05
0 0.891387 0.991333 0.112134 0.0173333 6.54684e-05
0 0.683911 0.991333 0.0352113 0.0173333 6.6088e-05
0 0.824756 0.00733333 0.0828819 0.0146667 6.62188e-05
0 0.112134 0 0.0552546 0 6.63443e-05
0 0.745395 0.136667 0.063922 0.150667 6.63602e-05
0 0.511918 1 0.0780065 0 6.66077e-05
0 0.231582 0.707333 0.0590466 0.228 6.69191e-05
0 0.586403 0 0.0655471 0 6.69457e-05
0 0.138407 1 0.0514626 0 6.70484e-05
0 0.328277 0.995333 0.0498375 0.00933333 6.7216e-05
0 0.223185 0.708667 0.0238353 0.0733333 6.73582e-05
0 0.493229 0.002 0.0449621 0.004 6.77502e-05
0 0.235915 0.682667 0.0287107 0.0853333 6.78871e-05
0 0.236728 0.99 0.084507 0.02 6.79805e-05
0 0.0273564 0.887333 0.0427952 0.209333 6.81522e-05
0 0.675785 0.812 0.1013 0.370667 6.87781e-05
0 0.0157096 0.281333 0.028169 0.224 6.88404e-05
0 0.505688 0.0886667 0.0644637 0.134667 6.93076e-05
0 0.0295233 0.957333 0.0590466 0.0853333 6.97962e-05
0 0.00595883 0.689333 0.0119177 0.152 6.98878e-05
0 0.270856 0.940667 0.035753 0.0946667 7.0337e-05
0 0.714247 0.559333 0.0254605 0.0333333 7.06972e-05
0 0.725894 0.494 0.0227519 0.076 7.08104e-05
0 0.116197 0.753333 0.138137 0.450667 7.09168e-05
0 0.312839 0.606667 0.0330444 0.032 7.09641e-05
0 0.968581 0.992 0.0433369 0.016 7.12145e-05
0 0.278169 0 0.0536295 0 7.1387e-05
0 0.0140845 0.148667 0.0260022 0.193333 7.19498e-05
0 0.65493 0.68 0.0173348 0.0213333 7.20978e-05
0 0.441224 0.0106667 0.0731311 0.0213333 7.22787e-05
0 0.306338 0.636 0.0536295 0.106667 7.24107e-05
0 0.782232 0.692667 0.0400867 0.116 7.26922e-05
0 0.560943 0 0.0731311 0 7.3395e-05
0 0.326652 0 0.0541712 0 7.34681e-05
0 0.228061 0.0646667 0.0552546 0.129333 7.35878e-05
0 0.629198 1 0.0492958 0 7.39208e-05
0 0.339112 1 0.0498375 0 7.39633e-05
0 0.960726 0.218 0.0785482 0.436 7.43756e-05
0 0.164951 0.478667 0.0796316 0.157333 7.44952e-05
0 0.0398158 0.510667 0.0796316 0.536 7.46827e-05
0 0.327736 0.633333 0.0660888 0.149333 7.4787e-05
0 0.790899 0 0.0910076 0 7.49812e-05
0 0.97156 0.194667 0.0568797 0.229333 7.50278e-05
0 0.0116468 0.933333 0.0124594 0.133333 7.53278e-05
0 0.214518 1 0.0476706 0 7.5528e-05
0 0.677952 0.912 0.0893824 0.176 7.57035e-05
0 0.214247 0.654667 0.428494 0.690667 7.58451e-05
0 0.254063 0.77 0.0606717 0.228 7.61037e-05
0 0.279252 1 0.0438787 0 7.62372e-05
0 0.285482 0.699333 0.0249187 0.0653333 7.62702e-05
0 0.10753 0.27 0.156555 0.54 7.68115e-05
0 0.25623 0.992 0.0400867 0.016 7.70653e-05
0 0.530065 0.230667 0.0102925 0.0213333 7.7225e-05
0 0.244583 0.801333 0.0308776 0.0826667 7.75054e-05
0 0.0067714 0.329333 0.0135428 0.144 7.77897e-05
0 0.395991 0.273333 0.102925 0.146667 7.79886e-05
0 0.227248 0.582 0.0384615 0.153333 7.8006e-05
0 0.356176 0.895333 0.0709642 0.124 7.80616e-05
0 0.164139 1 0.0498375 0 7.80701e-05
0 0.0100217 0.016 0.0200433 0.032 7.84177e-05
0 0.277898 0.392 0.100758 0.189333 7.87468e-05
0 0.301733 0 0.0541712 0 7.89018e-05
0 0.165222 0.616667 0.121343 0.422667 7.89307e-05
0 0.71533 0.557333 0.0124594 0.0266667 7.90685e-05
0 0.214247 0.406667 0.0276273 0.101333 7.9119e-05
0 0.290358 0.382 0.0541712 0.0546667 8.02847e-05
0 0.0731311 0.620667 0.12351 0.438667 8.09698e-05
0 0.0609426 0.771333 0.121885 0.444 8.14085e-05
0 0.98727 0.838667 0.0157096 0.16 8.16365e-05
0 0.260022 0.975333 0.0325027 0.036 8.1782e-05
0 0.875135 0.00933333 0.0915493 0.0186667 8.20677e-05
0 0.237541 0.00466667 0.0612134 0.00933333 8.2448e-05
0 0.033857 0.0673333 0.067714 0.134667 8.27663e-05
0 0.238082 0.834 0.0352113 0.158667 8.28596e-05
0 0.137866 0 0.0557963 0 8.31196e-05
0 0.941766 0 0.0547129 0 8.31656e-05
0 0.0549837 0.242 0.109967 0.484 8.37414e-05
0 0.807692 0.166667 0.0877573 0.258667 8.38585e-05
0 0.0200433 0.23 0.0400867 0.345333 8.3861e-05
0 0.253792 1 0.0417118 0 8.46971e-05
0 0.470477 0.724667 0.0557963 0.18 8.49855e-05
0 0.725081 0.509333 0.0362947 0.0746667 8.55621e-05
0 0.730228 0.960667 0.0487541 0.052 8.58194e-05
0 0.00731311 0.388 0.0146262 0.144 8.59116e-05
0 0.431473 0.152 0.0547129 0.0746667 8.60079e-05
0 0.305525 0.698667 0.0606717 0.152 8.60663e-05
0 0.242958 0.702667 0.0287107 0.072 8.63234e-05
0 0.298212 0.358 0.0503792 0.121333 8.63916e-05
0 0.811484 0.251333 0.0303359 0.502667 8.65684e-05
0 0.286566 0.702667 0.0498375 0.128 8.7097e-05
0 0.281148 0.66 0.0249187 0.0346667 8.74747e-05
0 0.296858 0.606667 0.0335861 0.0986667 8.75034e-05
0 0.457205 0.016 0.0487541 0.032 8.77107e-05
0 0.186078 0.00266667 0.0731311 0.00533333 8.82779e-05
0 0.470206 0.150667 0.0628386 0.0773333 8.83554e-05
0 0.255688 0.714667 0.0433369 0.117333 8.89211e-05
0 0.0067714 0.908667 0.00812568 0.14 8.94674e-05
0 0.245395 0.048 0.0444204 0.064 8.94959e-05
0 0.260563 0.0806667 0.0790899 0.129333 8.955e-05
0 0.98429 0 0.0314193 0 8.99879e-05
0 0.322319 0.532667 0.0541712 0.246667 9.00188e-05
0 0.989437 0.959333 0.0124594 0.0813333 9.02468e-05
0 0.718852 0.308 0.0270856 0.0746667 9.0618e-05
0 0.958559 0.983333 0.0731311 0.0333333 9.09614e-05
0 0.00785482 0.451333 0.0157096 0.14 9.27077e-05
0 0.442579 0.036 0.0780065 0.072 9.27413e-05
0 0.208288 0.542 0.0265439 0.0893333 9.27911e-05
0 0.292795 0.794667 0.0189599 0.064 9.31757e-05
0 0.227519 0.426667 0.455038 0.853333 9.38587e-05
0 0.28792 0.654667 0.0362947 0.106667 9.42248e-05
0 0.41766 0.396667 0.793066 0.793333 9.53689e-05
0 0.207476 0.205333 0.0335861 0.213333 9.69069e-05
0 0.222102 0.140667 0.0335861 0.14 9.73899e-05
0 0.196371 0.151333 0.0482123 0.302667 9.75889e-05
0 0.244312 0.95 0.0498375 0.1 9.76979e-05
0 0.47454 0.0446667 0.0379198 0.0626667 9.84506e-05
0 0.476165 0.110667 0.0617551 0.101333 9.85745e-05
0 0.255417 0.844 0.0417118 0.146667 9.88574e-05
0 0.236186 0.775333 0.035753 0.137333 9.91683e-05
0 0.74377 0.960667 0.0552546 0.0786667 9.97952e-05
0 0.232394 0.00133333 0.0476706 0.00266667 9.98233e-05
0 0.0476706 1 0.0628386 0 0.000100618
0 0.871614 0.0233333 0.099675 0.0466667 0.000100627
0 0.0143554 1 0.0211268 0 0.000100982
0 0.117281 0.0133333 0.108884 0.0266667 0.000101054
0 0.489166 0.818667 0.0888407 0.301333 0.000101161
0 0.304984 0.996 0.0487541 0.008 0.000102083
0 0.232394 0.666667 0.0498375 0.12 0.00010259
0 0.96831 0.0673333 0.0633803 0.134667 0.000102886
0 0.214518 0.709333 0.0400867 0.125333 0.000102916
0 0.992958 0.998 0.0140845 0.004 0.000103693
0 0.985915 0.0126667 0.0249187 0.0253333 0.000103857
0 0.798754 0.488667 0.0514626 0.172 0.0001044
0 0.454496 0.138667 0.0801734 0.213333 0.000105168
0 0.20883 0.654667 0.0406284 0.144 0.00010584
0 0.338841 0.02 0.088299 0.04 0.000105951
0 0.388678 0.0246667 0.0817985 0.0493333 0.00010652
0 0.00758397 0.203333 0.0151679 0.209333 0.000106805
0 0.182286 0.648 0.0482123 0.168 0.000107043
0 0.277086 0 0.0547129 0 0.000108029
0 0.71533 0.326667 0.0178765 0.0373333 0.000108468
0 0.332611 0.958 0.0780065 0.084 0.000108619
0 0.00650054 0.569333 0.0130011 0.146667 0.000108715
0 0.16441 0 0.0557963 0 0.000109238
0 0.16143 0.996667 0.100758 0.00666667 0.0001099
0 0.291441 0.990667 0.0866739 0.0186667 0.000110222
0 0.0148971 0.0513333 0.0297941 0.102667 0.000110255
0 0.193662 0.548 0.0297941 0.109333 0.000110278
0 0.400325 0.814667 0.0227519 0.0346667 0.000110699
0 0.412784 0 0.0931744 0 0.000110729
0 0.657909 0.678 0.0200433 0.044 0.000111513
0 0.0135428 0.002 0.0270856 0.004 0.000112715
0 0.203142 0.233333 0.0195016 0.114667 0.000113703
0 0.77844 0.226 0.0411701 0.209333 0.000113771
0 0.313109 0.286 0.056338 0.102667 0.000113926
0 0.401408 0.82 0.0108342 0.024 0.000114831
0 0.0159805 0.407333 0.0308776 0.230667 0.000115978
0 0.536295 0 0.0747562 0 0.000116034
0 0.698808 0.978667 0.0249187 0.04 0.000117089
0 0.00704225 0.630667 0.0140845 0.152 0.000117256
0 0.722644 0.323333 0.028169 0.028 0.000119948
0 0.302004 0.902667 0.0482123 0.194667 0.000120222
0 0.409263 0.138667 0.0752979 0.072 0.00012034
0 0.3039 1 0.0509209 0 0.000120455
0 0.67714 0.818667 0.071506 0.192 0.00012051
0 0.751625 0.973333 0.0287107 0.0426667 0.000120568
0 0.362134 0 0.109967 0 0.000122468
0 0.00893824 0.113333 0.0178765 0.181333 0.000123883
0 0.00595883 0.988 0.0119177 0.024 0.000124069
0 0.781148 0.228 0.0790899 0.250667 0.000124687
0 0.801192 0.423333 0.0498375 0.150667 0.000125331
0 0.78169 0.302667 0.0303359 0.170667 0.00012694
0 0.0742145 0 0.0552546 0 0.000127414
0 0.469122 0.155333 0.0487541 0.044 0.000127969
0 0.0138137 0.831333 0.0211268 0.246667 0.000128659
0 0.0872156 1 0.0910076 0 0.0001287
0 0.735915 0.497333 0.0254605 0.0213333 0.000129418
0 0.976165 0.844667 0.0400867 0.244 0.000129485
0 0.671181 0.126 0.0227519 0.132 0.000129622
0 0.253792 0.778667 0.0438787 0.125333 0.000130387
0 0.206121 0.574 0.0557963 0.265333 0.000131321
0 0.127302 0.610667 0.0910076 0.218667 0.00013262
0 0.812026 0.433333 0.099675 0.272 0.000132802
0 0.742145 0.966667 0.0455038 0.032 0.000133294
0 0.214789 0 0.0547129 0 0.000133974
0 0.323131 0.996 0.0774648 0.008 0.000134117
0 0.207746 0.280667 0.0211268 0.257333 0.000134885
0 0.0195016 0.833333 0.0390032 0.333333 0.000134907
0 0.799837 0.514667 0.0297941 0.130667 0.000135744
0 0.289816 0.0113333 0.0910076 0.0226667 0.000136662
0 0.231311 0.082 0.028169 0.0813333 0.000137899
0 0.214247 0.107333 0.0373781 0.214667 0.000138994
0 0.256771 0.896 0.0552546 0.208 0.000139059
0 0.712893 0.973333 0.0628386 0.0533333 0.000140027
0 0.749458 0.983333 0.0492958 0.0306667 0.000140324
0 0.510834 0.006 0.0801734 0.012 0.000140753
0 0.0303359 0.146667 0.0606717 0.290667 0.00014281
0 0.242687 0.898667 0.0379198 0.144 0.000142962
0 0.19935 0.09 0.0433369 0.148 0.000143019
0 0.780065 0.357333 0.084507 0.248 0.000143036
0 0.166035 0.612667 0.0709642 0.201333 0.000143925
0 0.723998 0.886667 0.0568797 0.162667 0.000145411
0 0.241333 0.01 0.0774648 0.02 0.000145618
0 0.231853 0.712667 0.035753 0.124 0.000145875
0 0.211809 1 0.0747562 0 0.000146991
0 0.648429 0.845333 0.0346696 0.130667 0.000147373
0 0.0289816 0.348 0.0536295 0.336 0.000147491
0 0.167931 0.0186667 0.0931744 0.0373333 0.000149183
0 0.656284 0.912667 0.0384615 0.174667 0.000150302
0 0.30065 0.615333 0.0140845 0.0466667 0.000150611
0 0.00785482 0.511333 0.0157096 0.148 0.000151097
0 0.279252 0.0133333 0.0536295 0.0266667 0.000153152
0 0.298212 0.00333333 0.0817985 0.00666667 0.000157465
0 0.463434 0.00333333 0.088299 0.00666667 0.000157508
0 0.210726 0.144 0.0195016 0.104 0.000158119
0 0.252709 0 0.0547129 0 0.000158408
0 0.20558 0.581333 0.0373781 0.165333 0.000160199
0 0.981311 0.995333 0.0373781 0.00933333 0.000160355
0 0.964789 1 0.0487541 0 0.000161083
0 0.28792 0.794 0.0189599 0.044 0.000161246
0 0.0609426 0.995333 0.115385 0.00933333 0.000161566
0 0.336945 0.875333 0.0476706 0.0866667 0.000162038
0 0.843174 0 0.14247 0 0.000162149
0 0.00866739 0.325333 0.0130011 0.245333 0.000163702
0 0.213164 0.0813333 0.0211268 0.08 0.000165916
0 0.3039 0.305333 0.0801734 0.176 0.000166078
0 0.48727 0.00933333 0.0774648 0.0186667 0.000166574
0 0.776815 0.351333 0.0411701 0.132 0.000167099
0 0.137595 0.00266667 0.101842 0.00533333 0.000168884
0 0.362947 0.226667 0.110509 0.173333 0.000172125
0 0.254334 0 0.0536295 0 0.000172972
0 0.0192308 0.998 0.0384615 0.004 0.000173511
0 0.939599 0.0146667 0.1013 0.0293333 0.000174078
0 0.194475 0.018 0.0758397 0.036 0.000174574
0 0.0503792 0 0.0552546 0 0.000176062
0 0.716143 0.658 0.0119177 0.0306667 0.000176854
0 0.324215 1 0.0742145 0 0.000177138
0 0.741874 0.603333 0.516251 0.793333 0.000177359
0 0.720477 0.660667 0.00866739 0.0386667 0.000179007
0 0.143554 0.441333 0.287107 0.882667 0.000179123
0 0.720477 0.336667 0.0173348 0.0493333 0.000179227
0 0.807151 0.437333 0.0238353 0.128 0.000179425
0 0.312297 0 0.119718 0 0.000179862
0 0.315818 0.856 0.0390032 0.106667 0.000181633
0 0.00650054 0.901333 0.0130011 0.197333 0.000181855
0 0.252438 0.460667 0.0693391 0.14 0.000181962
0 0.221289 0.538 0.024377 0.084 0.000181968
0 0.14247 0.598667 0.28494 0.802667 0.000183455
0 0.117281 0.532667 0.109967 0.22 0.000183947
0 0.0598592 0.024 0.0980498 0.048 0.000184002
0 0.209913 0.511333 0.0232936 0.084 0.000184883
0 0.00893824 1 0.0178765 0 0.00018604
0 0.188245 0.528667 0.0655471 0.270667 0.000186272
0 0.336132 0.258 0.0763814 0.1 0.000188486
0 0.98402 0.0306667 0.0287107 0.0613333 0.00018907
0 0.988895 0.932 0.0157096 0.096 0.000189826
0 0.351571 0.853333 0.028169 0.032 0.000191018
0 0.0100217 0.863333 0.0092091 0.244 0.000191365
0 0.648971 0.92 0.0314193 0.109333 0.000192215
0 0.11701 0.534 0.149512 0.446667 0.00019222
0 0.986999 0.982667 0.0151679 0.0346667 0.000192326
0 0.00975081 0.419333 0.0130011 0.26 0.000192768
0 0.674973 0.128667 0.0303359 0.217333 0.000193499
0 0.211538 0.026 0.0330444 0.044 0.000193774
0 0.324215 0.537333 0.0427952 0.117333 0.000197499
0 0.33857 0.56 0.0400867 0.285333 0.00019819
0 0.472102 0.132 0.0417118 0.0586667 0.000198718
0 0.159805 0.546 0.0650054 0.177333 0.000201298
0 0.472373 0.0206667 0.0444204 0.0413333 0.000205635
0 0.308776 0.956667 0.0585049 0.0866667 0.000207971
0 0.288191 0.948 0.0400867 0.0933333 0.00021365
0 0.982123 1 0.028169 0 0.000217971
0 0.0121885 0.709333 0.0200433 0.290667 0.000221608
0 0.189599 0 0.0552546 0 0.00022298
0 0.304442 0.606667 0.0130011 0.024 0.000227678
0 0.0211268 0.488 0.0422535 0.293333 0.000237795
0 0.25948 0.946667 0.0292524 0.0826667 0.000241876
0 0.241062 0.472667 0.0455038 0.0706667 0.000243056
0 0.979686 0.002 0.0406284 0.004 0.000243421
0 0.235915 0.432667 0.067714 0.161333 0.000246363
0 0.195287 0.282667 0.0449621 0.4 0.000246462
0 0.258126 0.911333 0.0406284 0.129333 0.000246478
0 0.640303 0.844667 0.0877573 0.310667 0.000256678
0 0.619989 0.5 0.760022 1 0.000259132
0 0.0186891 0.664667 0.0373781 0.374667 0.000259289
0 0.929036 0.056 0.0877573 0.112 0.000262271
0 0.72454 0.664 0.0189599 0.048 0.000263467
0 0.32909 0.29 0.118635 0.324 0.000266882
0 0.218039 0.114667 0.0167931 0.104 0.000274418
0 0.305525 0.938 0.0249187 0.076 0.000274461
0 0.187161 0.538 0.0438787 0.166667 0.000281372
0 0.349675 0.544 0.0211268 0.0826667 0.000285061
0 0.299567 0.914 0.0195016 0.0546667 0.000286631
0 0.0276273 1 0.0530878 0 0.000289632
0 0.277627 0.397333 0.0785482 0.0906667 0.000290526
0 0.0113759 0.591333 0.0227519 0.26 0.000292154
0 0.721831 0.326667 0.0124594 0.0293333 0.000298752
0 0.211538 0 0.0969664 0 0.000303682
0 0.0306067 0.994 0.06013 0.012 0.000307221
0 0.900054 0.00333333 0.115385 0.00666667 0.000309929
0 0.499458 0.0353333 0.0541712 0.0706667 0.000311326
0 0.469122 0.0346667 0.0693391 0.0693333 0.000312543
0 0.800108 0.502 0.0173348 0.0866667 0.000314063
0 0.991603 0.964667 0.0167931 0.0706667 0.000316901
0 0.972914 0.0226667 0.0541712 0.0453333 0.000322768
0 0.343445 0.847333 0.0325027 0.0786667 0.000329057
0 0.00622969 0.79 0.0124594 0.294667 0.000331021
0 0.223185 0.0846667 0.0335861 0.129333 0.000333812
0 0.445016 0.131333 0.0763814 0.0653333 0.000334219
0 0.285211 0.0206667 0.0947996 0.0413333 0.000335767
0 0.00812568 0.634667 0.0119177 0.288 0.000341929
0 0.260834 0.00533333 0.0731311 0.0106667 0.000344645
0 0.719935 0.146 0.0292524 0.0893333 0.000344834
0 0.74377 0.984667 0.0411701 0.0173333 0.0003501
0 0.695558 0.988667 0.0335861 0.0226667 0.000352469
0 0.71831 0.985333 0.0379198 0.0213333 0.000353868
0 0.985645 0.0573333 0.0222102 0.114667 0.000358898
0 0.767877 0.74 0.0341278 0.128 0.000364929
0 0.939057 0.996 0.1013 0.008 0.000365761
0 0.16468 0 0.127844 0 0.0003729
0 0.992687 0.951333 0.00704225 0.0973333 0.000373249
0 0.99052 0.997333 0.0102925 0.00533333 0.000373626
0 0.303359 0.908667 0.0314193 0.105333 0.000375859
0 0.0108342 0.528 0.0151679 0.274667 0.000376646
0 0.962893 0.00666667 0.0698808 0.0133333 0.000378054
0 0.988353 0.883333 0.0232936 0.225333 0.000378909
0 0.295775 0.931333 0.020585 0.0706667 0.00038243
0 0.21533 0.452667 0.0427952 0.217333 0.000392154
0 0.0988624 0.00266667 0.109967 0.00533333 0.000403007
0 0.232936 0.512667 0.0314193 0.0786667 0.00040448
0 0.223998 0.505333 0.0362947 0.125333 0.000426318
0 0.245666 0.0133333 0.0503792 0.0266667 0.00043255
0 0.963434 0 0.0568797 0 0.000441928
0 0.70883 0.807333 0.0471289 0.0946667 0.000442887
0 0.199892 0.462667 0.0292524 0.141333 0.000448364
0 0.263272 0.00266667 0.109426 0.00533333 0.000450383
0 0.232394 0.0206667 0.0411701 0.0413333 0.00045297
0 0.229144 0.0546667 0.0314193 0.0693333 0.000455095
0 0.249458 0.5 0.498917 1 0.000466668
0 0.655742 0.0846667 0.0276273 0.134667 0.00048069
0 0.343716 0.534667 0.0308776 0.165333 0.000495588
0 0.662784 0.121333 0.0178765 0.16 0.000504303
0 0.990791 0.971333 0.00650054 0.0573333 0.000514785
0 0.0647346 0 0.120802 0 0.000520135
0 0.389762 0.18 0.105634 0.146667 0.00052127
0 0.218581 0.0453333 0.031961 0.0906667 0.00054267
0 0.247021 0.439333 0.0476706 0.0786667 0.000543429
0 0.0322319 0.00933333 0.0644637 0.0186667 0.000557596
0 0.2026 0.408667 0.0455038 0.289333 0.000559569
0 0.706934 0.986667 0.0346696 0.0213333 0.000615035
0 0.912514 0.522667 0.154388 0.757333 0.000621365
0 0.211809 0.469333 0.020585 0.0773333 0.000660648
0 0.632719 0.886667 0.0368364 0.218667 0.000663748
0 0.260834 0.420667 0.0774648 0.0946667 0.000664331
0 0.222644 0.508667 0.0238353 0.076 0.000665655
0 0.66441 0.386 0.515168 0.772 0.000677896
0 0.989437 0.906667 0.00812568 0.144 0.000693843
0 0.260293 0.0173333 0.0763814 0.0346667 0.000717547
0 0.782774 0.5 0.434453 1 0.000727142
0 0.377573 0.179333 0.063922 0.105333 0.000757151
0 0.991333 0.926667 0.0173348 0.146667 0.000786584
0 0.731853 0.496667 0.0260022 0.0413333 0.000803161
0 0.430932 0.561333 0.861863 0.877333 0.000862435
0 0.940412 0 0.118093 0 0.000865711
0 0.308776 0.322667 0.0617551 0.0986667 0.000870244
0 0.424702 0.172667 0.146262 0.249333 0.000887754
0 0.203955 0.368667 0.0189599 0.18 0.000919221
0 0.417389 0.440667 0.390574 0.881333 0.00100873
0 0.0268147 0 0.0536295 0 0.0010201
0 0.270314 0.404667 0.0476706 0.0573333 0.00102444
0 0.342633 0.846 0.0211268 0.0386667 0.00102748
0 0.220206 0.0333333 0.0276273 0.056 0.00102749
0 0.352113 0.282 0.144095 0.18 0.00104392
0 0.722914 0.143333 0.0157096 0.0573333 0.00106372
0 0.665222 0.12 0.0801734 0.24 0.00107702
0 0.227519 0.457333 0.0411701 0.106667 0.001221
0 0.342362 0.846667 0.0108342 0.0293333 0.00135998
0 0.216414 0.448 0.024377 0.106667 0.00163938
0 0.492145 0.0286667 0.0352113 0.052 0.00168034
0 0.219393 0.0553333 0.0216685 0.076 0.00172984
0 0.731853 0.822667 0.0736728 0.192 0.00193901
0 0.220206 0.456 0.0254605 0.0586667 0.00248222
0 0.811484 0.662 0.373781 0.676 0.00327125
0 0.456663 0.146 0.0682557 0.044 0.00341864
0 0.233749 0.456 0.0384615 0.0506667 0.0039393
0 0.342091 0.533333 0.0200433 0.0773333 0.00492651
0 0.206934 0.422 0.0184182 0.108 0.00500212
0 0.728332 0.936 0.0817985 0.117333 0.00596792
0 0.397075 0.164 0.0736728 0.0933333 0.00639489
0 0.720206 0.746667 0.301733 0.506667 0.00653958
0 0.472373 0.610667 0.394366 0.778667 0.00857921
0 0.761918 0.761333 0.06013 0.226667 0.00967334
0 0.330444 0.305333 0.0801734 0.109333 0.0208976
0 0.436349 0.158667 0.0991333 0.096 0.0317473
0 0.705309 0.856 0.0595883 0.186667 0.0332347
0 0.720748 0.889333 0.0969664 0.221333 0.300712
0 0.643012 0.884667 0.0325027 0.150667 0.566291
0 0.778711 0.742 0.0449621 0.193333 0.843488
0 0.664951 0.0933333 0.0330444 0.184 0.901286
0 0.478873 0.774667 0.0541712 0.16 0.91355
