0 0.219664 0.4 0.0427952 0.152 1.40058e-05
0 0.328277 0.940667 0.0444204 0.0733333 1.40414e-05
0 0.0184182 0.233333 0.0368364 0.136 1.40796e-05
0 0.947725 0.772 0.0742145 0.104 1.41025e-05
0 0.574485 0.723333 0.146804 0.553333 1.41308e-05
0 0.257584 0.987333 0.0297941 0.02 1.41766e-05
0 0.24377 0.09 0.0465872 0.110667 1.42086e-05
0 0.656284 0.0926667 0.0590466 0.148 1.42126e-05
0 0.144366 0.983333 0.0612134 0.0333333 1.42156e-05
0 0.0877573 0.893333 0.143012 0.16 1.42877e-05
0 0.441766 0.255333 0.039545 0.134667 1.42893e-05
0 0.519502 0.979333 0.0335861 0.0306667 1.43157e-05
0 0.325569 0.31 0.0888407 0.492 1.43358e-05
0 0.921452 0.794667 0.128927 0.192 1.43394e-05
0 0.831257 0.409333 0.0460455 0.0933333 1.43443e-05
0 0.58532 0.0526667 0.039545 0.0706667 1.44028e-05
0 0.6552 0.106 0.0807151 0.212 1.44206e-05
0 0.534399 0.337333 0.0579632 0.152 1.44621e-05
0 0.633532 0.0753333 0.024377 0.0973333 1.45675e-05
0 0.505417 0.333333 0.0899242 0.290667 1.45888e-05
0 0.49675 0.993333 0.0585049 0.0133333 1.45933e-05
0 0.369447 0.75 0.0769231 0.324 1.46243e-05
0 0.619177 0.246 0.0455038 0.294667 1.46565e-05
0 0.861593 0.0266667 0.0850488 0.0533333 1.46613e-05
0 0.562568 0.997333 0.0687974 0.00533333 1.46765e-05
0 0.666035 0.428667 0.0969664 0.124 1.4682e-05
0 0.107259 0.951333 0.105092 0.0973333 1.47012e-05
0 0.0195016 0.238 0.0238353 0.262667 1.47101e-05
0 0.682557 0.737333 0.0660888 0.125333 1.4739e-05
0 0.582611 0.516 0.0915493 0.272 1.47501e-05
0 0.480769 0.888667 0.067714 0.222667 1.47942e-05
0 0.868364 0.458667 0.0509209 0.109333 1.48402e-05
0 0.757313 0.591333 0.0444204 0.0946667 1.48504e-05
0 0.331257 0.643333 0.127302 0.249333 1.48526e-05
0 0.243499 0.98 0.0373781 0.0373333 1.48884e-05
0 0.194204 0.528667 0.0969664 0.201333 1.49198e-05
0 0.444475 0.290667 0.0536295 0.277333 1.49299e-05
0 0.849675 0.97 0.1013 0.06 1.49543e-05
0 0.576923 0.245333 0.0509209 0.0933333 1.497e-05
0 0.279794 0.616 0.052546 0.122667 1.49847e-05
0 0.814464 0.0646667 0.0828819 0.129333 1.5011e-05
0 0.0679848 0.942667 0.095883 0.114667 1.50277e-05
0 0.606717 0.00733333 0.0444204 0.0146667 1.50813e-05
0 0.515168 0.213333 0.143012 0.426667 1.51003e-05
0 0.959642 0.288667 0.0644637 0.124 1.51441e-05
0 0.530336 0.428 0.0617551 0.114667 1.51822e-05
0 0.209101 0.575333 0.0585049 0.206667 1.52175e-05
0 0.0173348 0.884667 0.0346696 0.126667 1.52726e-05
0 0.593987 0.00533333 0.0471289 0.0106667 1.52798e-05
0 0.536024 0.264667 0.0655471 0.148 1.53028e-05
0 0.305255 0.700667 0.118635 0.265333 1.53526e-05
0 0.591549 0.692 0.0487541 0.344 1.54062e-05
0 0.437432 0.447333 0.0308776 0.0706667 1.54082e-05
0 0.551733 0.608 0.0417118 0.109333 1.54788e-05
0 0.771127 0.214 0.132719 0.428 1.55395e-05
0 0.674431 0.94 0.0303359 0.12 1.55893e-05
0 0.684453 0.324 0.0861322 0.28 1.56525e-05
0 0.378115 0.424 0.0888407 0.248 1.5658e-05
0 0.890574 0.0766667 0.112676 0.153333 1.56849e-05
0 0.258667 0.866667 0.0980498 0.266667 1.58366e-05
0 0.454225 0.954 0.0254605 0.068 1.58923e-05
0 0.171452 0.888667 0.0861322 0.150667 1.59568e-05
0 0.749729 0.372667 0.0227519 0.076 1.5969e-05
0 0.45558 0.105333 0.0834236 0.210667 1.6021e-05
0 0.707747 1 0.0590466 0 1.60581e-05
0 0.129469 0.004 0.0574215 0.008 1.60602e-05
0 0.668472 0.00466667 0.0455038 0.00933333 1.6072e-05
0 0.356176 0.0193333 0.0427952 0.0386667 1.60772e-05
0 0.486999 0.748667 0.0617551 0.318667 1.60906e-05
0 0.632178 0.068 0.0736728 0.136 1.60997e-05
0 0.274648 0.981333 0.0530878 0.0373333 1.61039e-05
0 0.0211268 0.138 0.0368364 0.212 1.61391e-05
0 0.735103 0.719333 0.0790899 0.153333 1.61589e-05
0 0.660618 0.273333 0.0232936 0.024 1.62039e-05
0 0.321777 0.717333 0.176598 0.565333 1.6212e-05
0 0.445287 0.473333 0.0227519 0.08 1.62156e-05
0 0.330986 0.478667 0.107259 0.269333 1.62713e-05
0 0.687703 0.290667 0.0417118 0.0933333 1.62832e-05
0 0.647887 0.718 0.0498375 0.076 1.62936e-05
0 0.505688 0.425333 0.0406284 0.101333 1.63728e-05
0 0.112134 0.200667 0.224269 0.401333 1.64359e-05
0 0.492687 0.206 0.0720477 0.270667 1.65858e-05
0 0.432286 0.880667 0.0628386 0.238667 1.66111e-05
0 0.880823 0.541333 0.0530878 0.096 1.67589e-05
0 0.442308 0.853333 0.0211268 0.0853333 1.67592e-05
0 0.405471 0.828 0.0839653 0.248 1.68369e-05
0 0.508397 0.343333 0.0698808 0.153333 1.69775e-05
0 0.371885 0.008 0.0460455 0.016 1.70722e-05
0 0.866197 0.607333 0.0541712 0.108 1.70724e-05
0 0.728332 0 0.0514626 0 1.71547e-05
0 0.137324 0.0613333 0.111051 0.0933333 1.72072e-05
0 0.453684 0.589333 0.0536295 0.258667 1.72433e-05
0 0.660076 0.974 0.0438787 0.052 1.72798e-05
0 0.671993 0.939333 0.0135428 0.108 1.73194e-05
0 0.586674 0.0786667 0.0487541 0.144 1.73551e-05
0 0.633803 0.351333 0.0552546 0.190667 1.73562e-05
0 0.566089 0.997333 0.0433369 0.00533333 1.74738e-05
0 0.687974 0.94 0.0227519 0.112 1.74778e-05
0 0.546316 0.502 0.0254605 0.068 1.74954e-05
0 0.307692 0.706667 0.110509 0.128 1.75143e-05
0 0.473727 0.332667 0.0763814 0.302667 1.75335e-05
0 0.958288 0.633333 0.0574215 0.144 1.75653e-05
0 0.456663 0.0913333 0.0595883 0.14 1.76164e-05
0 0.375406 0.998667 0.0736728 0.00266667 1.7639e-05
0 0.973185 0.33 0.0492958 0.116 1.7648e-05
0 0.708559 0.570667 0.0411701 0.109333 1.7676e-05
0 0.169827 0.018 0.0503792 0.036 1.77009e-05
0 0.687974 0.0833333 0.0671723 0.137333 1.77213e-05
0 0.602384 0.682 0.0227519 0.0493333 1.77274e-05
0 0.630282 0.324667 0.0872156 0.281333 1.77284e-05
0 0.891116 0.996667 0.0444204 0.00666667 1.77528e-05
0 0.624052 0.427333 0.0953413 0.185333 1.77582e-05
0 0.982936 0.703333 0.0341278 0.137333 1.77688e-05
0 0.705309 0.478 0.0509209 0.102667 1.77835e-05
0 0.900054 0.886 0.0460455 0.129333 1.78625e-05
0 0.43662 0.852667 0.028169 0.142667 1.79189e-05
0 0.699621 0.297333 0.0200433 0.0293333 1.80705e-05
0 0.322048 0.778667 0.25948 0.442667 1.80778e-05
0 0.25948 0.589333 0.122427 0.288 1.8117e-05
0 0.918202 0 0.0530878 0 1.81451e-05
0 0.521668 0.485333 0.0303359 0.0426667 1.8211e-05
0 0.615385 0 0.0509209 0 1.82152e-05
0 0.616197 0.798 0.0265439 0.084 1.83184e-05
0 0.279523 0.0253333 0.0476706 0.04 1.83877e-05
0 0.976165 0.856667 0.0476706 0.145333 1.84163e-05
0 0.153575 0.466 0.0557963 0.14 1.84692e-05
0 0.530065 0.918 0.0579632 0.124 1.8475e-05
0 0.0690683 0.0566667 0.0492958 0.092 1.8499e-05
0 0.3513 1 0.0471289 0 1.85758e-05
0 0.43987 0.585333 0.0455038 0.138667 1.865e-05
0 0.767335 0.698667 0.0817985 0.168 1.8704e-05
0 0.39545 0.592667 0.0422535 0.102667 1.87385e-05
0 0.491062 0.747333 0.0503792 0.156 1.88646e-05
0 0.0140845 0.936 0.028169 0.128 1.89102e-05
0 0.293337 0.948667 0.0492958 0.076 1.89109e-05
0 0.482394 0.911333 0.039545 0.126667 1.90024e-05
0 0.946912 0.06 0.0498375 0.08 1.90309e-05
0 0.00541712 0.692667 0.0108342 0.132 1.90587e-05
0 0.985645 0.354 0.0287107 0.153333 1.90587e-05
0 0.531148 0.487333 0.0417118 0.076 1.90658e-05
0 0.40493 0.108 0.0557963 0.216 1.90838e-05
0 0.807421 0.636 0.0514626 0.106667 1.91125e-05
0 0.789816 0.216667 0.0866739 0.172 1.91969e-05
0 0.43662 0.829333 0.0227519 0.0666667 1.92786e-05
0 0.736728 0.105333 0.0487541 0.157333 1.93015e-05
0 0.774106 0.983333 0.071506 0.0333333 1.93625e-05
0 0.473727 0.342 0.06013 0.132 1.93854e-05
0 0.478332 0.42 0.0693391 0.122667 1.94638e-05
0 0.605634 0.6 0.0628386 0.253333 1.94692e-05
0 0.96831 0.963333 0.0536295 0.0573333 1.94783e-05
0 0.46831 0.957333 0.0839653 0.0853333 1.94829e-05
0 0.529523 0.998667 0.0438787 0.00266667 1.94914e-05
0 0.59182 0.0713333 0.0709642 0.142667 1.95559e-05
0 0.545504 0.0233333 0.0390032 0.0466667 1.95929e-05
0 0.51598 0.237333 0.0828819 0.157333 1.95946e-05
0 0.89572 0.633333 0.0807151 0.16 1.95988e-05
0 0.0341278 0.6 0.0682557 0.421333 1.97269e-05
0 0.588028 0.522667 0.0872156 0.130667 1.97344e-05
0 0.561213 0.641333 0.0747562 0.165333 1.97525e-05
0 0.854821 0.547333 0.0541712 0.102667 1.98084e-05
0 0.344529 0.920667 0.0422535 0.102667 1.98266e-05
0 0.0189599 0.514 0.0379198 0.110667 1.98468e-05
0 0.782232 0.605333 0.0476706 0.0933333 1.99057e-05
0 0.369989 0.983333 0.0574215 0.0333333 2.0005e-05
0 0.95558 0.174667 0.0628386 0.136 2.00374e-05
0 0.453954 0.4 0.122427 0.530667 2.00783e-05
0 0.43039 0.0786667 0.0460455 0.138667 2.02441e-05
0 0.969935 0.18 0.0449621 0.0933333 2.02715e-05
0 0.597779 0.837333 0.0579632 0.141333 2.02953e-05
0 0.609967 0.103333 0.0693391 0.206667 2.0358e-05
0 0.0186891 0.975333 0.0308776 0.0493333 2.03749e-05
0 0.430932 0.0386667 0.0362947 0.072 2.04394e-05
0 0.719935 0.221333 0.143012 0.442667 2.04644e-05
0 0.782503 0.0173333 0.0427952 0.0346667 2.04722e-05
0 0.0444204 0.197333 0.0888407 0.394667 2.0525e-05
0 0.420639 0.510667 0.126219 0.578667 2.05681e-05
0 0.627573 0.938 0.0828819 0.124 2.05709e-05
0 0.220206 0.270667 0.0427952 0.146667 2.06141e-05
0 0.470748 0.992667 0.0585049 0.0146667 2.06457e-05
0 0.710184 0.106667 0.0574215 0.16 2.06655e-05
0 0.404659 0.755333 0.028169 0.076 2.07307e-05
0 0.156826 0.87 0.0980498 0.26 2.08547e-05
0 0.979144 0.942667 0.0417118 0.096 2.09312e-05
0 0.494583 0.984667 0.0346696 0.0306667 2.098e-05
0 0.462622 0.814667 0.12351 0.370667 2.10593e-05
0 0.631907 0.0806667 0.0471289 0.132 2.10837e-05
0 0.84182 0.00333333 0.0530878 0.00666667 2.11442e-05
0 0.567172 0.399333 0.174431 0.654667 2.11695e-05
0 0.486186 0.534 0.067714 0.3 2.12108e-05
0 0.631365 0.00866667 0.0417118 0.0173333 2.13947e-05
0 0.982123 0.758 0.035753 0.14 2.14698e-05
0 0.188516 0.987333 0.0888407 0.0253333 2.14932e-05
0 0.00541712 0.758 0.0108342 0.134667 2.15565e-05
0 0.567714 0.152 0.0780065 0.162667 2.16116e-05
0 0.135428 0.888 0.099675 0.170667 2.17243e-05
0 0.657367 0.0533333 0.039545 0.072 2.17343e-05
0 0.18039 0.966 0.0433369 0.0573333 2.17506e-05
0 0.768418 0.56 0.0460455 0.096 2.19729e-05
0 0.703955 0 0.0514626 0 2.20091e-05
0 0.703684 0.286667 0.0195016 0.0373333 2.2015e-05
0 0.95558 0.994 0.0530878 0.012 2.20221e-05
0 0.63597 0.830667 0.0314193 0.0906667 2.20304e-05
0 0.710455 0.168 0.052546 0.170667 2.21144e-05
0 0.218581 0.334 0.0417118 0.158667 2.22003e-05
0 0.147616 0.455333 0.0915493 0.233333 2.22095e-05
0 0.773564 0.00933333 0.0704225 0.0186667 2.22293e-05
0 0.53494 0.764 0.0742145 0.181333 2.22374e-05
0 0.561755 0.344 0.0758397 0.162667 2.23072e-05
0 0.230769 0.976 0.0433369 0.0453333 2.23108e-05
0 0.0408992 0.972 0.0817985 0.056 2.23706e-05
0 0.341549 0.971333 0.0417118 0.0306667 2.25465e-05
0 0.333965 0.036 0.0828819 0.072 2.25654e-05
0 0.663055 0.0293333 0.0953413 0.0586667 2.26025e-05
0 0.713976 0.314667 0.0476706 0.072 2.26193e-05
0 0.731311 0.614667 0.0790899 0.245333 2.26214e-05
0 0.53169 0.978667 0.0297941 0.032 2.26598e-05
0 0.512459 0.414 0.0758397 0.164 2.2676e-05
0 0.868093 0.136667 0.0796316 0.273333 2.27388e-05
0 0.533044 0.965333 0.0693391 0.0693333 2.27612e-05
0 0.0124594 0.958 0.0140845 0.084 2.27678e-05
0 0.67091 0.980667 0.0211268 0.036 2.28157e-05
0 0.0888407 0.992667 0.0498375 0.0146667 2.28385e-05
0 0.86078 0.929333 0.0953413 0.141333 2.28465e-05
0 0.503792 0.998 0.0455038 0.004 2.28701e-05
0 0.0173348 0.638 0.0346696 0.116 2.30698e-05
0 0.444204 0.953333 0.0238353 0.0693333 2.31132e-05
0 0.0211268 0.854 0.0216685 0.246667 2.31669e-05
0 0.98104 0.577333 0.0227519 0.221333 2.3185e-05
0 0.453684 0.528 0.0384615 0.144 2.32937e-05
0 0.685807 0.672667 0.0335861 0.0653333 2.33097e-05
0 0.989978 0.944667 0.0167931 0.108 2.33386e-05
0 0.524377 0.703333 0.063922 0.254667 2.33538e-05
0 0.455309 0.595333 0.0341278 0.132 2.33697e-05
0 0.408722 0.838667 0.0666305 0.138667 2.34492e-05
0 0.218039 0.803333 0.185807 0.393333 2.34847e-05
0 0.653846 0 0.0509209 0 2.35445e-05
0 0.374594 0.948667 0.0969664 0.102667 2.35548e-05
0 0.947183 0.0226667 0.0514626 0.0373333 2.35673e-05
0 0.265439 0.593333 0.106176 0.138667 2.36162e-05
0 0.562297 0.908 0.0693391 0.130667 2.36236e-05
0 0.460997 0.304 0.0325027 0.0293333 2.37136e-05
0 0.333153 0.654667 0.107259 0.125333 2.37242e-05
0 0.91143 0.913333 0.0482123 0.138667 2.37419e-05
0 0.561484 0.706 0.0644637 0.137333 2.38265e-05
0 0.561484 0.768667 0.0612134 0.177333 2.38458e-05
0 0.413597 1 0.0612134 0 2.3963e-05
0 0.37351 0.748 0.0742145 0.157333 2.40195e-05
0 0.38597 0.0373333 0.039545 0.0586667 2.40608e-05
0 0.731582 0.308667 0.06013 0.206667 2.40982e-05
0 0.76896 0.992 0.0427952 0.016 2.41138e-05
0 0.31636 0.00333333 0.0541712 0.00666667 2.41528e-05
0 0.72481 0.809333 0.107259 0.141333 2.43292e-05
0 0.0536295 0.882 0.105092 0.236 2.43849e-05
0 0.387324 0.0833333 0.0433369 0.14 2.44057e-05
0 0.584778 0.976667 0.0254605 0.0333333 2.44467e-05
0 0.434724 0.524 0.0568797 0.296 2.44719e-05
0 0.57909 0.995333 0.0411701 0.00933333 2.45263e-05
0 0.278982 0.752667 0.109426 0.201333 2.45452e-05
0 0.988624 0.788 0.0227519 0.133333 2.46388e-05
0 0.990249 0.964667 0.0119177 0.0706667 2.46925e-05
0 0.58532 0.436 0.0590466 0.133333 2.46943e-05
0 0.929848 0.138667 0.052546 0.157333 2.47221e-05
0 0.583694 0.33 0.102384 0.265333 2.48346e-05
0 0.866739 0.002 0.0541712 0.004 2.49385e-05
0 0.49377 0.00466667 0.0471289 0.00933333 2.49422e-05
0 0.556067 0.708 0.0926327 0.264 2.49876e-05
0 0.74377 0.153333 0.0574215 0.154667 2.5113e-05
0 0.234561 0.117333 0.0422535 0.133333 2.51411e-05
0 0.0972373 0.0593333 0.10455 0.108 2.51796e-05
0 0.291441 0.324 0.111593 0.32 2.52249e-05
0 0.693933 0.00733333 0.0400867 0.0146667 2.52843e-05
0 0.113759 0.995333 0.0498375 0.00933333 2.53212e-05
0 0.707476 0.26 0.0509209 0.0986667 2.53965e-05
0 0.0154388 0.341333 0.0308776 0.248 2.54765e-05
0 0.568527 0.00533333 0.0492958 0.0106667 2.55757e-05
0 0.856176 0.487333 0.0514626 0.108 2.56218e-05
0 0.556609 0.408 0.0904659 0.250667 2.56767e-05
0 0.666576 0.26 0.0222102 0.0506667 2.57971e-05
0 0.613218 0.428667 0.0704225 0.105333 2.58463e-05
0 0.112676 0.0746667 0.126761 0.149333 2.60373e-05
0 0.431473 0.784 0.0406284 0.12 2.60381e-05
0 0.795775 0.692667 0.112676 0.276 2.6173e-05
0 0.689328 0.328 0.067714 0.12 2.62002e-05
0 0.514355 0.48 0.0655471 0.096 2.62107e-05
0 0.561755 0.962 0.0736728 0.076 2.62498e-05
0 0.643283 0.589333 0.0763814 0.154667 2.62509e-05
0 0.933369 1 0.0465872 0 2.63125e-05
0 0.984561 0.175333 0.0308776 0.145333 2.65499e-05
0 0.663326 0.484667 0.031961 0.052 2.65978e-05
0 0.644095 0.878667 0.0736728 0.176 2.66382e-05
0 0.82909 0.636 0.0547129 0.12 2.66641e-05
0 0.497833 0.198 0.0346696 0.076 2.66676e-05
0 0.216414 0.971333 0.0926327 0.0573333 2.67055e-05
0 0.51571 0.806 0.138678 0.388 2.67227e-05
0 0.43364 0.917333 0.0341278 0.122667 2.67845e-05
0 0.368906 0.830667 0.137595 0.338667 2.68573e-05
0 0.809588 0.0433333 0.0417118 0.06 2.68637e-05
0 0.89247 0 0.0536295 0 2.69062e-05
0 0.45585 0.437333 0.0092091 0.0533333 2.70584e-05
0 0.506501 0.966 0.0682557 0.068 2.70705e-05
0 0.738353 0.338 0.0335861 0.0733333 2.71007e-05
0 0.460184 0.242667 0.0709642 0.138667 2.71127e-05
0 0.41766 0.952667 0.0812568 0.0946667 2.71216e-05
0 0.255959 0.139333 0.0655471 0.236 2.71749e-05
0 0.614572 0.670667 0.0276273 0.0266667 2.72366e-05
0 0.366739 0.601333 0.0650054 0.157333 2.73922e-05
0 0.774919 0.418667 0.0590466 0.12 2.74495e-05
0 0.736999 0.235333 0.0633803 0.142667 2.75166e-05
0 0.323673 1 0.0536295 0 2.75724e-05
0 0.73727 0.148 0.0747562 0.290667 2.75905e-05
0 0.469393 0.984 0.0330444 0.032 2.76102e-05
0 0.613489 0.0286667 0.095883 0.0573333 2.76328e-05
0 0.609426 0.0753333 0.0476706 0.132 2.76802e-05
0 0.766522 0.0186667 0.035753 0.0373333 2.77126e-05
0 0.444475 0 0.0492958 0 2.77274e-05
0 0.626761 0.664 0.124594 0.461333 2.77395e-05
0 0.438516 0.578667 0.024377 0.0853333 2.78929e-05
0 0.0140845 0.772667 0.028169 0.257333 2.79374e-05
0 0.363489 0.034 0.099675 0.068 2.79775e-05
0 0.737812 0.0273333 0.100758 0.0546667 2.80404e-05
0 0.921181 0.576667 0.0980498 0.150667 2.81141e-05
0 0.734561 0.977333 0.0812568 0.0453333 2.81917e-05
0 0.570423 0.0226667 0.0422535 0.0426667 2.81974e-05
0 0.407638 0.0326667 0.0698808 0.0653333 2.82026e-05
0 0.00866739 0.724 0.0173348 0.258667 2.82082e-05
0 0.425515 0.405333 0.0742145 0.290667 2.83069e-05
0 0.459913 0.771333 0.0595883 0.150667 2.83288e-05
0 0.725894 0.998 0.0747562 0.004 2.83983e-05
0 0.330715 0.490667 0.0687974 0.146667 2.85118e-05
0 0.945558 0.00133333 0.0536295 0.00266667 2.85243e-05
0 0.368906 0.952 0.0368364 0.08 2.86663e-05
0 0.706121 0.008 0.0438787 0.016 2.86866e-05
0 0.1552 0.000666667 0.0568797 0.00133333 2.89513e-05
0 0.980228 0.512667 0.039545 0.137333 2.89534e-05
0 0.469393 0.645333 0.0568797 0.269333 2.90934e-05
0 0.599404 0.990667 0.0482123 0.0186667 2.91298e-05
0 0.371343 0.541333 0.13597 0.626667 2.92894e-05
0 0.766793 0.212 0.0352113 0.152 2.94306e-05
0 0.528169 0.830667 0.0942579 0.242667 2.951e-05
0 0.550108 0.482 0.0709642 0.0866667 2.95189e-05
0 0.329361 0.0266667 0.0465872 0.0453333 2.95775e-05
0 0.766522 0.132667 0.0465872 0.265333 2.95804e-05
0 0.981582 0.986667 0.0368364 0.0266667 2.96226e-05
0 0.030065 0.204667 0.0557963 0.26 2.98214e-05
0 0.437432 0.992 0.0503792 0.016 2.98553e-05
0 0.669014 0.139333 0.0790899 0.172 2.99179e-05
0 0.540628 0 0.0530878 0 2.99201e-05
0 0.336674 0.989333 0.0492958 0.0213333 3.0256e-05
0 0.408722 0.062 0.0536295 0.124 3.02662e-05
0 0.0579632 0.211333 0.115926 0.372 3.02671e-05
0 0.595341 0.682667 0.0162514 0.0773333 3.03555e-05
0 0.037649 0.388 0.0752979 0.568 3.06233e-05
0 0.781961 0.531333 0.0471289 0.0973333 3.06376e-05
0 0.763543 0.173333 0.0211268 0.0746667 3.07021e-05
0 0.00731311 0.26 0.0135428 0.141333 3.07759e-05
0 0.140845 0.996 0.0455038 0.008 3.08114e-05
0 0.600488 0.786 0.039545 0.121333 3.10895e-05
0 0.42091 0.07 0.0444204 0.14 3.10907e-05
0 0.792253 0.024 0.115385 0.048 3.1112e-05
0 0.372427 0.0186667 0.0406284 0.0373333 3.12323e-05
0 0.843445 0.457333 0.0498375 0.101333 3.12906e-05
0 0.741874 0.986667 0.0471289 0.024 3.12919e-05
0 0.666035 0.874667 0.0373781 0.16 3.13733e-05
0 0.833424 0.022 0.0763814 0.044 3.13734e-05
0 0.392741 0.989333 0.0444204 0.0213333 3.14528e-05
0 0.419556 0.994 0.0384615 0.012 3.16712e-05
0 0.470748 0.17 0.0769231 0.158667 3.16727e-05
0 0.811213 0.661333 0.0947996 0.141333 3.17392e-05
0 0.464789 0.694 0.0574215 0.134667 3.18021e-05
0 0.479686 0.47 0.067714 0.124 3.18584e-05
0 0.183911 0.955333 0.0796316 0.0893333 3.1898e-05
0 0.563109 0.23 0.0297941 0.028 3.19459e-05
0 0.514626 0.0233333 0.0985916 0.0466667 3.1973e-05
0 0.483749 0.0226667 0.0530878 0.0453333 3.20936e-05
0 0.46506 0.0293333 0.088299 0.0586667 3.21428e-05
0 0.587216 0.991333 0.0823402 0.0173333 3.22214e-05
0 0.406013 0.532667 0.0482123 0.148 3.22311e-05
0 0.942579 0.0266667 0.110509 0.0533333 3.22675e-05
0 0.0170639 0.947333 0.031961 0.0893333 3.23386e-05
0 0.508126 0.0233333 0.0411701 0.0466667 3.24347e-05
0 0.708559 0.434667 0.0855905 0.128 3.24915e-05
0 0.00893824 0.542667 0.0178765 0.133333 3.26119e-05
0 0.707205 0.742667 0.0731311 0.114667 3.27131e-05
0 0.267606 1 0.0476706 0 3.27901e-05
0 0.706934 0.149333 0.0769231 0.266667 3.28473e-05
0 0.494312 0.022 0.039545 0.044 3.28913e-05
0 0.378657 1 0.0422535 0 3.30358e-05
0 0.718581 0.986 0.0514626 0.028 3.30808e-05
0 0.481853 0.968667 0.0655471 0.0626667 3.32483e-05
0 0.905471 1 0.0460455 0 3.33193e-05
0 0.644908 0.505333 0.0796316 0.0986667 3.34501e-05
0 0.430932 0.04 0.0720477 0.08 3.35247e-05
0 0.832611 0.409333 0.0866739 0.144 3.35887e-05
0 0.911159 0.406 0.124594 0.252 3.35958e-05
0 0.65818 0.985333 0.0314193 0.024 3.36093e-05
0 0.586945 0.617333 0.0438787 0.112 3.373e-05
0 0.0384615 0.998 0.0541712 0.004 3.37567e-05
0 0.369718 0.539333 0.0785482 0.214667 3.37679e-05
0 0.747021 0.0433333 0.0270856 0.0706667 3.37724e-05
0 0.56636 0.0233333 0.102384 0.0466667 3.42751e-05
0 0.164139 0.0693333 0.0931744 0.138667 3.42955e-05
0 0.327736 0 0.0541712 0 3.43163e-05
0 0.637053 0.960667 0.0660888 0.0786667 3.44343e-05
0 0.328007 0.985333 0.0731311 0.0293333 3.50026e-05
0 0.535482 0.024 0.0612134 0.048 3.50269e-05
0 0.751354 0.311333 0.0325027 0.0466667 3.50526e-05
0 0.285211 0.638667 0.095883 0.154667 3.50793e-05
0 0.211268 0.958667 0.0823402 0.0826667 3.50903e-05
0 0.0116468 0.802667 0.0135428 0.256 3.51468e-05
0 0.591549 0.470667 0.0931744 0.088 3.51638e-05
0 0.780336 0.00333333 0.0503792 0.00666667 3.51844e-05
0 0.277086 0.205333 0.0861322 0.301333 3.52622e-05
0 0.214518 0.026 0.12351 0.052 3.5322e-05
0 0.377573 0.860667 0.0498375 0.108 3.5622e-05
0 0.0723185 0.038 0.0850488 0.076 3.57298e-05
0 0.683911 0.0246667 0.0731311 0.0493333 3.5775e-05
0 0.807421 0.578667 0.0514626 0.101333 3.58199e-05
0 0.325569 0.543333 0.0834236 0.166667 3.58605e-05
0 0.939057 1 0.0861322 0 3.58949e-05
0 0.618093 0.94 0.0314193 0.0826667 3.60382e-05
0 0.320423 0.0593333 0.0839653 0.0866667 3.60479e-05
0 0.376761 0.441333 0.0514626 0.133333 3.60652e-05
0 0.840195 0.610667 0.0552546 0.106667 3.61602e-05
0 0.475623 0.284 0.071506 0.133333 3.6602e-05
0 0.5948 0.686667 0.0270856 0.101333 3.6646e-05
0 0.609697 0.0513333 0.0362947 0.076 3.66713e-05
0 0.328819 0.973333 0.0444204 0.024 3.69602e-05
0 0.0758397 1 0.0520043 0 3.69622e-05
0 0.60455 0.994 0.0368364 0.012 3.70321e-05
0 0.191495 0.992 0.0503792 0.016 3.71216e-05
0 0.60753 0.618 0.0406284 0.116 3.72729e-05
0 0.271668 0.992667 0.0330444 0.0146667 3.72982e-05
0 0.716956 0.949333 0.0742145 0.101333 3.73188e-05
0 0.789545 1 0.0839653 0 3.75524e-05
0 0.818797 0.447333 0.0460455 0.1 3.75901e-05
0 0.25623 0.995333 0.0465872 0.00933333 3.76573e-05
0 0.615114 0.984667 0.0687974 0.0306667 3.78116e-05
0 0.460184 0.306 0.0135428 0.036 3.78996e-05
0 0.169014 0.992667 0.0476706 0.0146667 3.79082e-05
0 0.752709 1 0.0460455 0 3.79707e-05
0 0.914139 0.991333 0.107801 0.0173333 3.79927e-05
0 0.449892 0.852 0.0297941 0.128 3.82772e-05
0 0.423619 0.946667 0.0325027 0.048 3.82863e-05
0 0.945829 0.596 0.071506 0.16 3.83356e-05
0 0.558234 0.419333 0.0752979 0.134667 3.83433e-05
0 0.496479 0.210667 0.0590466 0.0906667 3.84156e-05
0 0.0148971 0.008 0.0297941 0.016 3.85139e-05
0 0.469664 0.00466667 0.0465872 0.00933333 3.85884e-05
0 0.982123 0.460667 0.035753 0.118667 3.86157e-05
0 0.0417118 0.748 0.0834236 0.504 3.86305e-05
0 0.218852 0.0453333 0.0509209 0.08 3.86516e-05
0 0.397616 0.592667 0.0693391 0.270667 3.89723e-05
0 0.457205 0.493333 0.0585049 0.165333 3.89922e-05
0 0.00568797 0.818 0.0113759 0.142667 3.90626e-05
0 0.0912784 0.964667 0.0460455 0.0386667 3.90731e-05
0 0.00514626 0.175333 0.0102925 0.150667 3.92557e-05
0 0.799567 0.325333 0.0541712 0.0693333 3.92995e-05
0 0.466414 0 0.0520043 0 3.94964e-05
0 0.447725 0.299333 0.0438787 0.0973333 3.96543e-05
0 0.788462 0.989333 0.0817985 0.0213333 3.96891e-05
0 0.879469 0.508667 0.0763814 0.132 3.98162e-05
0 0.232124 0.448 0.0709642 0.269333 3.98889e-05
0 0.00650054 0.881333 0.0108342 0.141333 3.99014e-05
0 0.831528 0.485333 0.0498375 0.101333 3.99943e-05
0 0.692579 0.977333 0.0742145 0.0453333 4.00018e-05
0 0.793066 0.5 0.0487541 0.104 4.01086e-05
0 0.805796 0.475333 0.0482123 0.105333 4.01228e-05
0 0.203413 0.872667 0.102384 0.254667 4.01287e-05
0 0.796316 0.0186667 0.0433369 0.0373333 4.01654e-05
0 0.514626 0.884667 0.0758397 0.182667 4.0295e-05
0 0.492416 0.544 0.0552546 0.144 4.03085e-05
0 0.437432 0.535333 0.0341278 0.142667 4.03418e-05
0 0.317172 0.980667 0.0427952 0.02 4.04501e-05
0 0.891658 0.0306667 0.114843 0.0613333 4.06466e-05
0 0.78169 0.996 0.0498375 0.008 4.09947e-05
0 0.949079 0.502 0.0585049 0.105333 4.11537e-05
0 0.361863 0.475333 0.0487541 0.118667 4.13034e-05
0 0.828548 0.367333 0.0644637 0.124 4.1593e-05
0 0.513001 0.556667 0.0509209 0.126667 4.16445e-05
0 0.603738 1 0.039545 0 4.16782e-05
0 0.533315 0.485333 0.0308776 0.0426667 4.17771e-05
0 0.359697 0.97 0.0704225 0.0573333 4.18525e-05
0 0.00893824 0.964667 0.0092091 0.0706667 4.18825e-05
0 0.502979 0 0.052546 0 4.18861e-05
0 0.777356 0.158 0.0270856 0.076 4.1965e-05
0 0.450975 0.908667 0.0330444 0.129333 4.21918e-05
0 0.479415 0.998 0.0455038 0.004 4.22224e-05
0 0.671723 0.584667 0.0769231 0.158667 4.23086e-05
0 0.459913 0.884667 0.0650054 0.174667 4.26063e-05
0 0.882719 0.991333 0.0731311 0.0173333 4.26084e-05
0 0.766522 0 0.0530878 0 4.29325e-05
0 0.71208 0.018 0.0644637 0.036 4.3086e-05
0 0.568527 0.219333 0.0211268 0.0386667 4.33124e-05
0 0.292524 0.00333333 0.0552546 0.00666667 4.33338e-05
0 0.687161 0.48 0.0482123 0.0533333 4.34552e-05
0 0.0138137 0.1 0.0276273 0.176 4.36357e-05
0 0.819068 0.515333 0.0509209 0.105333 4.36523e-05
0 0.509751 0.0193333 0.0693391 0.0386667 4.38656e-05
0 0.719935 0.0106667 0.0379198 0.0213333 4.39025e-05
0 0.0276273 0.892 0.0552546 0.192 4.3968e-05
0 0.101842 1 0.0520043 0 4.41618e-05
0 0.471831 0.654667 0.035753 0.149333 4.42344e-05
0 0.426869 0.962 0.0498375 0.076 4.45575e-05
0 0.260022 0.03 0.0812568 0.06 4.46547e-05
0 0.589924 0 0.0530878 0 4.46997e-05
0 0.512188 0.176667 0.0742145 0.14 4.47219e-05
0 0.59182 0.992667 0.0362947 0.0146667 4.48271e-05
0 0.840195 0.998667 0.0530878 0.00266667 4.49882e-05
0 0.492687 0.649333 0.0417118 0.0986667 4.50077e-05
0 0.355634 0.946667 0.039545 0.0853333 4.50904e-05
0 0.729686 1 0.0476706 0 4.51679e-05
0 0.36701 0.989333 0.0449621 0.0213333 4.51867e-05
0 0.0148971 0.458 0.0297941 0.233333 4.52185e-05
0 0.817714 0.201333 0.106717 0.341333 4.55828e-05
0 0.0427952 0.0293333 0.0855905 0.0586667 4.57029e-05
0 0.243499 0.00133333 0.0547129 0.00266667 4.57224e-05
0 0.92714 0.569333 0.0417118 0.122667 4.57379e-05
0 0.862134 0.00533333 0.0904659 0.0106667 4.58289e-05
0 0.00812568 0.062 0.0162514 0.124 4.58476e-05
0 0.00731311 0.418 0.0146262 0.137333 4.59729e-05
0 0.315005 0.583333 0.0514626 0.110667 4.60292e-05
0 0.420639 0.973333 0.0308776 0.0373333 4.63059e-05
0 0.44312 0.365333 0.0335861 0.138667 4.6552e-05
0 0.975081 0.262 0.0487541 0.0973333 4.66688e-05
0 0.738624 0.02 0.0547129 0.04 4.66724e-05
0 0.0923619 0.960667 0.0612134 0.0786667 4.67185e-05
0 0.617551 0.453333 0.0422535 0.0373333 4.68083e-05
0 0.403846 0.672667 0.111051 0.441333 4.69612e-05
0 0.431744 0.976 0.035753 0.048 4.69948e-05
0 0.385157 0.975333 0.0682557 0.0493333 4.69995e-05
0 0.403575 1 0.0379198 0 4.70352e-05
0 0.109697 0.869333 0.13597 0.261333 4.71466e-05
0 0.846696 0.451333 0.0888407 0.142667 4.77118e-05
0 0.0501083 1 0.0536295 0 4.77296e-05
0 0.841549 0.321333 0.052546 0.08 4.77466e-05
0 0.328819 0.968667 0.0585049 0.0573333 4.77705e-05
0 0.89572 0.266 0.052546 0.0866667 4.79688e-05
0 0.33559 0.92 0.0915493 0.130667 4.79879e-05
0 0.536295 0.997333 0.092091 0.00533333 4.8027e-05
0 0.661159 0.669333 0.0828819 0.146667 4.82118e-05
0 0.0176056 0.23 0.0352113 0.388 4.83767e-05
0 0.779794 1 0.0492958 0 4.84831e-05
0 0.941495 0.032 0.0812568 0.064 4.84976e-05
0 0.687432 0.999333 0.0725894 0.00133333 4.8636e-05
0 0.964789 0.801333 0.0704225 0.162667 4.88847e-05
0 0.384615 0.959333 0.0400867 0.076 4.89855e-05
0 0.136511 0.032 0.118093 0.064 4.89947e-05
0 0.756771 0.0233333 0.0552546 0.0466667 4.90167e-05
0 0.00758397 0.358667 0.0151679 0.141333 4.91636e-05
0 0.693662 1 0.0417118 0 4.93217e-05
0 0.655742 0.034 0.0666305 0.068 4.93952e-05
0 0.638407 1 0.067714 0 4.94917e-05
0 0.444204 0.0173333 0.0400867 0.0346667 4.96738e-05
0 0.12026 0.766 0.24052 0.468 4.96844e-05
0 0.98104 0.0153333 0.0379198 0.0306667 5.02575e-05
0 0.830715 0.582667 0.0536295 0.101333 5.04742e-05
0 0.421452 0.492 0.0617551 0.173333 5.05377e-05
0 0.986186 0 0.0276273 0 5.05579e-05
0 0.597237 0.026 0.0373781 0.052 5.05997e-05
0 0.322048 0.0253333 0.088299 0.0506667 5.08047e-05
0 0.755417 0.0113333 0.0373781 0.0226667 5.08115e-05
0 0.108613 0.274 0.200975 0.369333 5.09596e-05
0 0.195558 0.0406667 0.0476706 0.0706667 5.09681e-05
0 0.855363 0.338667 0.099675 0.104 5.12588e-05
0 0.030065 0.0673333 0.0471289 0.1 5.12975e-05
0 0.960184 0.719333 0.0796316 0.190667 5.13172e-05
0 0.701788 0.624667 0.0622969 0.209333 5.13648e-05
0 0.694475 0.642 0.0476706 0.108 5.14747e-05
0 0.0306067 0.954667 0.0612134 0.0906667 5.17581e-05
0 0.708288 0.0173333 0.039545 0.0346667 5.19233e-05
0 0.858884 0.394667 0.125135 0.224 5.19485e-05
0 0.562839 1 0.0650054 0 5.21897e-05
0 0.93662 0.935333 0.0747562 0.129333 5.25826e-05
0 0.587486 1 0.0633803 0 5.30142e-05
0 0.700704 0.93 0.0579632 0.14 5.31597e-05
0 0.849133 0.94 0.105634 0.096 5.32478e-05
0 0.972373 0.868667 0.0552546 0.262667 5.3338e-05
0 0.683369 0.02 0.0406284 0.04 5.33788e-05
0 0.988353 0.012 0.0211268 0.024 5.36126e-05
0 0.445829 0.00666667 0.0422535 0.0133333 5.37647e-05
0 0.0146262 0.998 0.0238353 0.004 5.39394e-05
0 0.0208559 0.0333333 0.0417118 0.0666667 5.47345e-05
0 0.456121 0.982667 0.0303359 0.032 5.47396e-05
0 0.891116 0.885333 0.128927 0.205333 5.48718e-05
0 0.0121885 0.889333 0.0146262 0.221333 5.49638e-05
0 0.76273 0.366667 0.0292524 0.0746667 5.50415e-05
0 0.298754 0.922 0.0807151 0.113333 5.53882e-05
0 0.76598 0.153333 0.0195016 0.0453333 5.54377e-05
0 0.688787 0.01 0.0698808 0.02 5.56056e-05
0 0.302817 0.587333 0.122427 0.233333 5.57295e-05
0 0.445016 0.98 0.0276273 0.0346667 5.57736e-05
0 0.00704225 0.64 0.0140845 0.130667 5.63707e-05
0 0.00812568 0.48 0.0162514 0.136 5.64048e-05
0 0.214518 0.628667 0.429036 0.742667 5.64566e-05
0 0.39572 0.742667 0.031961 0.08 5.65312e-05
0 0.864572 0.998667 0.0520043 0.00266667 5.67043e-05
0 0.510563 0.202667 0.0330444 0.048 5.67369e-05
0 0.28169 0.824667 0.16468 0.350667 5.70532e-05
0 0.882719 0.31 0.114301 0.201333 5.72342e-05
0 0.502709 1 0.0433369 0 5.73818e-05
0 0.766793 0.794667 0.144637 0.410667 5.7393e-05
0 0.552275 1 0.0438787 0 5.73954e-05
0 0.455038 0.996667 0.0444204 0.00666667 5.76475e-05
0 0.679307 1 0.0400867 0 5.77308e-05
0 0.500813 1 0.0666305 0 5.80732e-05
0 0.0587757 0.068 0.105634 0.136 5.84294e-05
0 0.367551 0.905333 0.0774648 0.162667 5.84547e-05
0 0.670098 0.801333 0.0314193 0.088 5.84736e-05
0 0.461538 0.0193333 0.0704225 0.0386667 5.86958e-05
0 0.756771 0.0226667 0.0249187 0.04 5.8762e-05
0 0.453142 0.967333 0.0568797 0.0653333 5.88479e-05
0 0.0130011 0.646 0.0173348 0.244 5.91434e-05
0 0.0368364 0.111333 0.0736728 0.222667 5.91674e-05
0 0.402763 0.745333 0.0612134 0.12 5.91908e-05
0 0.24675 0.056 0.0731311 0.0906667 5.99274e-05
0 0.463705 1 0.0650054 0 6.01024e-05
0 0.445829 0.583333 0.0162514 0.084 6.01575e-05
0 0.863218 0.339333 0.169556 0.441333 6.02334e-05
0 0.0644637 0 0.0552546 0 6.03228e-05
0 0.322319 0.01 0.0899242 0.02 6.0445e-05
0 0.0874865 1 0.0861322 0 6.0602e-05
0 0.0105634 0.29 0.0189599 0.246667 6.12156e-05
0 0.780065 0.126 0.0400867 0.113333 6.12206e-05
0 0.231311 0.985333 0.0650054 0.0293333 6.12558e-05
0 0.883261 0.573333 0.0991333 0.114667 6.16704e-05
0 0.644095 0.976667 0.056338 0.0413333 6.17439e-05
0 0.941224 0 0.0547129 0 6.21398e-05
0 0.180932 0.000666667 0.056338 0.00133333 6.22381e-05
0 0.21831 0.002 0.0552546 0.004 6.22447e-05
0 0.812297 0.0273333 0.06013 0.0546667 6.24149e-05
0 0.411701 0.982667 0.0769231 0.0346667 6.26588e-05
0 0.679577 0.578 0.114301 0.42 6.26845e-05
0 0.00839653 0.927333 0.0146262 0.145333 6.27056e-05
0 0.279523 0.528 0.174431 0.685333 6.27546e-05
0 0.564735 0.0213333 0.0720477 0.0426667 6.34653e-05
0 0.577465 1 0.0411701 0 6.36958e-05
0 0.637595 0.0113333 0.0671723 0.0226667 6.37717e-05
0 0.277086 0.993333 0.0655471 0.0133333 6.39707e-05
0 0.293066 0.968667 0.0834236 0.0626667 6.41336e-05
0 0.429036 1 0.0390032 0 6.4232e-05
0 0.834236 0.764 0.145179 0.269333 6.42474e-05
0 0.981582 0.572667 0.0368364 0.148 6.43002e-05
0 0.409534 0.908 0.0671723 0.157333 6.43095e-05
0 0.00568797 0.118667 0.0102925 0.136 6.43499e-05
0 0.59507 0.894667 0.0536295 0.210667 6.46564e-05
0 0.63922 0.989333 0.0758397 0.0213333 6.47958e-05
0 0.843716 0.521333 0.0536295 0.096 6.48093e-05
0 0.499729 0.673333 0.0135428 0.109333 6.52072e-05
0 0.817443 0.602667 0.0747562 0.157333 6.52854e-05
0 0.629469 1 0.0455038 0 6.5391e-05
0 0.357259 0.973333 0.0417118 0.0346667 6.56696e-05
0 0.918743 0.248 0.0541712 0.0933333 6.58541e-05
0 0.949621 0.008 0.0877573 0.016 6.61042e-05
0 0.890303 0.839333 0.165222 0.321333 6.63136e-05
0 0.68039 0.504 0.0671723 0.218667 6.6469e-05
0 0.632178 0.0386667 0.0595883 0.0773333 6.66261e-05
0 0.902492 0 0.0541712 0 6.67679e-05
0 0.713164 0.286667 0.0157096 0.024 6.69349e-05
0 0.527898 1 0.0438787 0 6.71842e-05
0 0.852384 0 0.0547129 0 6.73344e-05
0 0.603467 0.973333 0.0195016 0.0346667 6.76214e-05
0 0.622969 0.684667 0.0628386 0.174667 6.86258e-05
0 0.822589 0.548667 0.0915493 0.137333 6.87188e-05
0 0.991603 0.98 0.0167931 0.04 6.9145e-05
0 0.938787 0.393333 0.122427 0.368 6.92247e-05
0 0.508126 0.636 0.104009 0.445333 6.93137e-05
0 0.216414 0.488667 0.0872156 0.5 6.93247e-05
0 0.238624 0.998 0.0731311 0.004 6.94263e-05
0 0.628657 0.808 0.0438787 0.2 6.95074e-05
0 0.817985 0.938667 0.144095 0.122667 6.98789e-05
0 0.73727 0.937333 0.0552546 0.0906667 7.00541e-05
0 0.124323 0.621333 0.133803 0.232 7.0184e-05
0 0.614572 0.242667 0.0135428 0.0453333 7.04086e-05
0 0.777627 0.444667 0.444745 0.889333 7.05029e-05
0 0.471289 0.018 0.0411701 0.036 7.06659e-05
0 0.565547 0 0.0541712 0 7.11182e-05
0 0.633261 0.0513333 0.0335861 0.0733333 7.11567e-05
0 0.438787 0.993333 0.0780065 0.0133333 7.12063e-05
0 0.644637 0.03 0.0400867 0.0493333 7.12912e-05
0 0.981582 0.995333 0.035753 0.00933333 7.14344e-05
0 0.814464 0 0.0547129 0 7.15405e-05
0 0.604821 0.948 0.0330444 0.104 7.15779e-05
0 0.0200433 0.832667 0.0400867 0.334667 7.19063e-05
0 0.138407 1 0.0763814 0 7.21715e-05
0 0.108072 0.447333 0.189057 0.374667 7.2488e-05
0 0.737541 0.0126667 0.0709642 0.0253333 7.26429e-05
0 0.968852 0.0213333 0.0503792 0.0426667 7.30433e-05
0 0.699892 0.972 0.0411701 0.048 7.32139e-05
0 0.478061 1 0.0460455 0 7.34844e-05
0 0.443391 0.995333 0.0417118 0.00933333 7.4315e-05
0 0.268418 0.992667 0.0937161 0.0146667 7.43753e-05
0 0.81636 0.00733333 0.0476706 0.0146667 7.4642e-05
0 0.744583 0.396667 0.115385 0.430667 7.53293e-05
0 0.0119177 0.424 0.0162514 0.274667 7.5461e-05
0 0.622427 0.721333 0.0465872 0.096 7.54701e-05
0 0.956392 1 0.052546 0 7.59421e-05
0 0.615926 0.648667 0.768147 0.702667 7.61368e-05
0 0.428223 0.419333 0.0438787 0.110667 7.653e-05
0 0.611863 0.034 0.0449621 0.068 7.65671e-05
0 0.600217 0.658 0.0173348 0.076 7.69272e-05
0 0.888949 0.478 0.125677 0.142667 7.7141e-05
0 0.453684 1 0.0449621 0 7.78308e-05
0 0.858342 0.298 0.0514626 0.092 7.78422e-05
0 0.0278982 0.01 0.0536295 0.02 7.82102e-05
0 0.00839653 0.092 0.0124594 0.130667 7.85064e-05
0 0.803088 0.998667 0.052546 0.00266667 7.86197e-05
0 0.393554 0.976 0.0341278 0.048 7.87871e-05
0 0.293879 0.988 0.0471289 0.0213333 7.95363e-05
0 0.253521 0 0.0552546 0 7.96971e-05
0 0.111863 0.993333 0.107801 0.0133333 7.97833e-05
0 0.59182 0.0286667 0.0644637 0.0573333 8.01941e-05
0 0.98402 0.41 0.031961 0.34 8.02305e-05
0 0.432015 0.980667 0.024377 0.0333333 8.03786e-05
0 0.164139 0.994 0.0910076 0.012 8.06399e-05
0 0.304171 0.597333 0.0937161 0.133333 8.11159e-05
0 0.960455 0.981333 0.0790899 0.0373333 8.14376e-05
0 0.0195016 0.997333 0.0390032 0.00533333 8.16775e-05
0 0.732936 0.498667 0.0975081 0.12 8.1717e-05
0 0.00650054 0.988 0.0130011 0.024 8.18554e-05
0 0.22779 0 0.0547129 0 8.18833e-05
0 0.039545 0 0.056338 0 8.19437e-05
0 0.790087 0 0.0547129 0 8.20273e-05
0 0.764897 0.0113333 0.0725894 0.0226667 8.2675e-05
0 0.44312 0.443333 0.886241 0.886667 8.28627e-05
0 0.00758397 0.944 0.00975081 0.109333 8.2994e-05
0 0.27221 0.996 0.0492958 0.008 8.31204e-05
0 0.959101 0.153333 0.0817985 0.242667 8.32154e-05
0 0.899242 1 0.0855905 0 8.32375e-05
0 0.662784 1 0.0731311 0 8.35801e-05
0 0.484832 0.997333 0.0899242 0.00533333 8.38045e-05
0 0.984832 0.11 0.0303359 0.110667 8.40705e-05
0 0.191766 1 0.0509209 0 8.43291e-05
0 0.680932 0.99 0.0368364 0.02 8.43845e-05
0 0.120802 0.00266667 0.0790899 0.00533333 8.44304e-05
0 0.753521 0.886 0.0942579 0.193333 8.47117e-05
0 0.0877573 0 0.0552546 0 8.53431e-05
0 0.113489 0 0.0557963 0 8.55598e-05
0 0.876761 0 0.0547129 0 8.59878e-05
0 0.398971 0.689333 0.0265439 0.0853333 8.63293e-05
0 0.643554 0.982 0.0390032 0.02 8.65756e-05
0 0.385157 0.62 0.0487541 0.165333 8.74815e-05
0 0.661159 0.004 0.0817985 0.008 8.76484e-05
0 0.614301 0.908667 0.0411701 0.134667 8.79176e-05
0 0.488624 0.0106667 0.0736728 0.0213333 8.79407e-05
0 0.0195016 0.546 0.0390032 0.374667 8.81615e-05
0 0.360509 0.984667 0.095883 0.0306667 8.82259e-05
0 0.967768 0.00133333 0.052546 0.00266667 8.83432e-05
0 0.843716 0.993333 0.121885 0.0133333 8.8762e-05
0 0.16766 1 0.0482123 0 8.88307e-05
0 0.878115 1 0.0530878 0 8.89079e-05
0 0.00812568 0.849333 0.0162514 0.256 8.91323e-05
0 0.221831 0.520667 0.0492958 0.222667 8.92322e-05
0 0.539003 0.00933333 0.0769231 0.0186667 8.93664e-05
0 0.970748 0.0953333 0.056338 0.190667 8.98185e-05
0 0.377844 0.716667 0.0308776 0.084 9.12101e-05
0 0.971018 0.058 0.0460455 0.076 9.15019e-05
0 0.638678 0.994667 0.0574215 0.0106667 9.24341e-05
0 0.128115 1 0.0503792 0 9.25513e-05
0 0.0861322 0.034 0.12351 0.068 9.25868e-05
0 0.267335 0.00466667 0.0536295 0.00933333 9.27286e-05
0 0.442849 0.420667 0.0438787 0.209333 9.27596e-05
0 0.308776 0.895333 0.108342 0.209333 9.31142e-05
0 0.302004 0 0.0557963 0 9.33117e-05
0 0.368906 0.022 0.092091 0.044 9.34612e-05
0 0.654659 1 0.0449621 0 9.34691e-05
0 0.393554 0.658 0.0460455 0.126667 9.35629e-05
0 0.228602 0.994667 0.0509209 0.0106667 9.3632e-05
0 0.780336 0.604 0.0947996 0.162667 9.40516e-05
0 0.187432 0.026 0.084507 0.052 9.49113e-05
0 0.942849 0.397333 0.088299 0.186667 9.56405e-05
0 0.452871 0.304 0.0270856 0.0453333 9.63743e-05
0 0.898971 0.00466667 0.0969664 0.00933333 9.64032e-05
0 0.827465 1 0.0536295 0 9.66654e-05
0 0.309317 0.936667 0.0931744 0.126667 9.74454e-05
0 0.962351 0.334667 0.0666305 0.269333 9.74536e-05
0 0.337216 0.0153333 0.0850488 0.0306667 9.78633e-05
0 0.957747 0.954 0.0758397 0.092 9.81277e-05
0 0.0127302 0.518667 0.0200433 0.277333 9.85764e-05
0 0.693933 0.577333 0.0455038 0.154667 9.90755e-05
0 0.22779 1 0.0514626 0 0.000100205
0 0.712893 0.828 0.0368364 0.154667 0.000100354
0 0.180661 0.433333 0.361322 0.866667 0.000102018
0 0.296587 0.980667 0.0774648 0.0386667 0.000102351
0 0.27844 0 0.0552546 0 0.000102836
0 0.763001 0.503333 0.0406284 0.084 0.000103447
0 0.193391 0.0206667 0.0455038 0.0413333 0.000105284
0 0.202329 0 0.0557963 0 0.000105789
0 0.00839653 0.201333 0.0167931 0.224 0.000106255
0 0.138678 0 0.056338 0 0.000107161
0 0.986728 0.289333 0.0265439 0.114667 0.000107608
0 0.811484 0.997333 0.0823402 0.00533333 0.000107628
0 0.260293 0.0266667 0.0742145 0.048 0.000107916
0 0.586674 0.00933333 0.0736728 0.0186667 0.000108303
0 0.00866739 1 0.0173348 0 0.000108535
0 0.0213976 0.985333 0.0427952 0.0293333 0.000108558
0 0.378386 0.872 0.0297941 0.0773333 0.000109076
0 0.621614 0.03 0.0373781 0.0573333 0.000109579
0 0.853196 1 0.0541712 0 0.00011072
0 0.0170639 0.0526667 0.0341278 0.105333 0.000111562
0 0.980498 0.755333 0.0390032 0.318667 0.000111807
0 0.871343 0.528 0.18364 0.469333 0.000113018
0 0.982394 0.0313333 0.0352113 0.0493333 0.000113062
0 0.40195 0.962667 0.0552546 0.0746667 0.000114421
0 0.605092 0.663333 0.0162514 0.0306667 0.000114515
0 0.989707 0.633333 0.0195016 0.146667 0.000115005
0 0.61078 0.254667 0.0200433 0.0346667 0.00011714
0 0.611322 0.004 0.0850488 0.008 0.000117911
0 0.793066 0.0193333 0.0725894 0.0386667 0.0001189
0 0.427681 0.02 0.0362947 0.04 0.000119711
0 0.674973 0.826667 0.0682557 0.144 0.000120203
0 0.802817 1 0.0530878 0 0.000121621
0 0.712622 0.004 0.0817985 0.008 0.000122111
0 0.0579632 0.994667 0.108342 0.0106667 0.000122246
0 0.842904 0.02 0.0899242 0.04 0.000122493
0 0.225081 0.01 0.0904659 0.02 0.000122518
0 0.966956 0.0366667 0.0660888 0.0733333 0.000123683
0 0.564735 0.5 0.754605 1 0.000124747
0 0.879469 0.636 0.131636 0.218667 0.000125284
0 0.291983 1 0.0552546 0 0.000125636
0 0.979415 0.530667 0.0411701 0.336 0.000127891
0 0.596154 0.97 0.0189599 0.036 0.00012969
0 0.695287 0.986667 0.0417118 0.0266667 0.000131198
0 0.599404 0.922 0.031961 0.118667 0.000131655
0 0.631365 0.997333 0.0482123 0.00533333 0.000133078
0 0.167389 0.944667 0.0422535 0.0706667 0.000135157
0 0.405742 0.972 0.0411701 0.0506667 0.000136039
0 0.17714 0 0.056338 0 0.00013805
0 0.993499 0.662667 0.0130011 0.258667 0.000138756
0 0.169556 0.713333 0.339112 0.573333 0.000138758
0 0.729957 0.0153333 0.0330444 0.028 0.000139137
0 0.0985916 0.008 0.115926 0.016 0.000141251
0 0.989707 0.423333 0.0173348 0.142667 0.000142355
0 0.933911 0.214 0.102925 0.193333 0.000143908
0 0.311213 0.996667 0.0850488 0.00666667 0.000143993
0 0.838028 0.894667 0.12026 0.192 0.000144152
0 0.0669014 0.008 0.0969664 0.016 0.000144255
0 0.770585 0.134667 0.0222102 0.0933333 0.000145492
0 0.332069 0.968667 0.099675 0.0626667 0.000147889
0 0.866197 0.524667 0.138678 0.188 0.000147978
0 0.733478 0.316667 0.0509209 0.0946667 0.000150235
0 0.967497 0.998 0.0650054 0.004 0.000152305
0 0.463164 0.006 0.0780065 0.012 0.000154245
0 0.51273 0.000666667 0.088299 0.00133333 0.000154476
0 0.825298 1 0.0807151 0 0.00015691
0 0.362405 0.008 0.0910076 0.016 0.000157098
0 0.761105 0.322 0.0390032 0.0466667 0.000157117
0 0.378386 0.47 0.031961 0.1 0.000157802
0 0.241333 0.0186667 0.0937161 0.0373333 0.000159279
0 0.776002 0.492 0.124052 0.410667 0.000160147
0 0.804442 0.370667 0.0509209 0.109333 0.000160368
0 0.988895 0.988667 0.0124594 0.0226667 0.000161235
0 0.218581 0.0193333 0.0503792 0.0386667 0.000163997
0 0.505959 0.670667 0.0140845 0.112 0.000164049
0 0.964518 0 0.0547129 0 0.000164531
0 0.802817 0.416667 0.063922 0.1 0.000164696
0 0.993499 0.415333 0.0130011 0.222667 0.000167779
0 0.43039 0.0173333 0.0633803 0.0346667 0.00016894
0 0.26273 0.01 0.0910076 0.02 0.000170936
0 0.91441 0.17 0.124594 0.34 0.00017634
0 0.747562 0.0166667 0.0325027 0.0333333 0.000176652
0 0.982665 0.642667 0.0346696 0.330667 0.000176778
0 0.758938 0.515333 0.0888407 0.206667 0.000179317
0 0.176327 0.00866667 0.102384 0.0173333 0.00018007
0 0.96208 0.224667 0.0682557 0.134667 0.000180746
0 0.985103 0.114 0.0297941 0.228 0.000184197
0 0.0371073 0.0426667 0.0742145 0.0853333 0.000184284
0 0.309588 0.346667 0.137053 0.693333 0.000187054
0 0.963705 0.00933333 0.0682557 0.0186667 0.000188077
0 0.988353 0.545333 0.0232936 0.149333 0.000190013
0 0.79117 0.00266667 0.0991333 0.00533333 0.000194349
0 0.211809 0.00333333 0.0975081 0.00666667 0.000194495
0 0.958559 0.630667 0.0785482 0.296 0.000194858
0 0.29117 0.02 0.0937161 0.04 0.000195746
0 0.95883 0.460667 0.0758397 0.158667 0.000195856
0 0.715601 0.968 0.0780065 0.064 0.000198652
0 0.564464 0 0.0899242 0 0.000199217
0 0.0292524 0.996 0.0585049 0.008 0.000199823
0 0.313109 0.992 0.0530878 0.016 0.000202509
0 0.778169 0.656 0.443662 0.688 0.000205474
0 0.0276273 1 0.0520043 0 0.000218972
0 0.723185 0.876 0.0574215 0.173333 0.000219585
0 0.986999 0.0646667 0.0260022 0.129333 0.000219762
0 0.0216685 0 0.0433369 0 0.000222057
0 0.840737 0.00266667 0.124594 0.00533333 0.000224462
0 0.836403 0.314 0.12351 0.177333 0.000225015
0 0.211538 0.995333 0.088299 0.00933333 0.000227614
0 0.986186 0.26 0.0276273 0.293333 0.000229439
0 0.598592 0.950667 0.0173348 0.0666667 0.000231063
0 0.988624 0.483333 0.0227519 0.142667 0.000238108
0 0.111863 0.441333 0.194475 0.874667 0.000240415
0 0.817714 0.317333 0.067714 0.096 0.000241233
0 0.711809 0.281333 0.0249187 0.04 0.000244737
0 0.937974 0.542 0.0622969 0.116 0.000245078
0 0.988895 0.0346667 0.0157096 0.0693333 0.000245175
0 0.641387 0.994667 0.0465872 0.0106667 0.000252612
0 0.861322 0.999333 0.0975081 0.00133333 0.000252791
0 0.989166 1 0.0184182 0 0.000253756
0 0.389762 0.69 0.0817985 0.265333 0.000254037
0 0.661159 0.993333 0.0482123 0.0133333 0.000255438
0 0.992687 0.318667 0.0146262 0.2 0.000256819
0 0.6013 0.672667 0.0119177 0.0306667 0.000260081
0 0.836403 0.635333 0.174431 0.364 0.000261695
0 0.61701 0.245333 0.0292524 0.0453333 0.000261772
0 0.399783 0.716667 0.0379198 0.092 0.000262993
0 0.60455 0.664667 0.00975081 0.0226667 0.000266571
0 0.731582 0.594 0.0427952 0.0733333 0.00027238
0 0.720477 0.606667 0.0400867 0.0773333 0.000272742
0 0.388949 0.0186667 0.0465872 0.0373333 0.000277646
0 0.811213 0.859333 0.213976 0.281333 0.000278987
0 0.921452 0.886 0.0812568 0.164 0.0002792
0 0.167931 0.0253333 0.106176 0.0506667 0.000285026
0 0.816089 0.022 0.0417118 0.0413333 0.000285979
0 0.891658 0 0.127844 0 0.000296722
0 0.948808 0.525333 0.102384 0.317333 0.000305549
0 0.709101 0.521333 0.0953413 0.312 0.000312172
0 0.625948 0.802 0.0189599 0.092 0.000323836
0 0.11403 0 0.151138 0 0.000325992
0 0.846425 0.578667 0.112134 0.133333 0.000326374
0 0.991874 0.569333 0.0140845 0.24 0.0003328
0 0.0387324 0.004 0.0774648 0.008 0.000333016
0 0.224269 0.0273333 0.0877573 0.0546667 0.000335713
0 0.988082 0.237333 0.0238353 0.106667 0.000336513
0 0.988624 0.73 0.020585 0.150667 0.000337617
0 0.6552 0.995333 0.0438787 0.00933333 0.000337975
0 0.940141 0 0.107801 0 0.000338498
0 0.709642 0.293333 0.0238353 0.0266667 0.000339801
0 0.703955 0.63 0.0308776 0.0653333 0.000343997
0 0.757042 0.538667 0.0449621 0.096 0.000346591
0 0.980228 1 0.039545 0 0.000354951
0 0.909263 0.256 0.0937161 0.122667 0.000359388
0 0.735103 0.548667 0.0801734 0.113333 0.000359452
0 0.449621 0.434667 0.0216685 0.056 0.000371601
0 0.26273 0.002 0.131094 0.004 0.000385086
0 0.991603 0.133333 0.0146262 0.186667 0.000387876
0 0.834236 0.695333 0.121343 0.166667 0.000392723
0 0.316631 0.983333 0.0687974 0.0333333 0.00040329
0 0.338299 0.5 0.676598 1 0.000403571
0 0.31338 0.002 0.122969 0.004 0.000406476
0 0.862676 1 0.0893824 0 0.000417177
0 0.922264 0.139333 0.0796316 0.252 0.000417232
0 0.755417 0.34 0.0482123 0.146667 0.00041995
0 0.41441 0.5 0.668472 1 0.000421765
0 0.696371 0.642 0.0276273 0.0706667 0.000441031
0 0.709642 0.512 0.0530878 0.0666667 0.000486248
0 0.773564 0.153333 0.0195016 0.0453333 0.000487908
0 0.81961 0.501333 0.12351 0.184 0.000492619
0 0.942579 0.810667 0.114843 0.304 0.00049648
0 0.928223 0.220667 0.0633803 0.105333 0.000499941
0 0.442849 0.428 0.031961 0.088 0.000513487
0 0.803088 0.451333 0.0926327 0.148 0.000513633
0 0.749458 0.394 0.0731311 0.145333 0.000518307
0 0.989978 0.215333 0.0124594 0.137333 0.000525747
0 0.847508 0.5 0.304984 1 0.000535117
0 0.742687 0.567333 0.0422535 0.0786667 0.000536988
0 0.677411 0.496667 0.0352113 0.0626667 0.000541894
0 0.404388 0.0673333 0.0352113 0.134667 0.000548337
0 0.500271 0.669333 0.0330444 0.234667 0.000598115
0 0.293066 0.996 0.056338 0.008 0.000629399
0 0.846966 0.273333 0.306067 0.546667 0.000680529
0 0.162784 0.00133333 0.146804 0.00266667 0.000690817
0 0.516251 0.655333 0.035753 0.116 0.000692364
0 0.676869 0.879333 0.0406284 0.222667 0.000725645
0 0.869447 0.732667 0.261105 0.534667 0.000731339
0 0.869447 0.292667 0.102925 0.105333 0.000764377
0 0.989166 0.088 0.0162514 0.133333 0.000915344
0 0.77546 0.478667 0.0633803 0.138667 0.000920531
0 0.288462 0.275333 0.196641 0.329333 0.000930198
0 0.696371 0.808667 0.0557963 0.092 0.000961746
0 0.6487 0.795333 0.0406284 0.0973333 0.00100042
0 0.709913 0.548 0.067714 0.136 0.00101226
0 0.84507 0.633333 0.121343 0.141333 0.00107583
0 0.991062 0.263333 0.0146262 0.129333 0.00116732
0 0.299837 0.994667 0.0861322 0.0106667 0.00151836
0 0.278982 0.48 0.508126 0.96 0.00164733
0 0.862676 0.190667 0.13922 0.304 0.00172082
0 0.670639 0.593333 0.498375 0.813333 0.00188895
0 0.276002 0.328 0.122969 0.584 0.00188918
0 0.650054 0.808667 0.0758397 0.236 0.00193392
0 0.754063 0.34 0.0292524 0.0826667 0.00212444
0 0.791441 0.452 0.0520043 0.101333 0.00219543
0 0.949621 0.884 0.092091 0.210667 0.00230561
0 0.701517 0.862667 0.0530878 0.181333 0.00241551
0 0.497021 0.624667 0.0232936 0.142667 0.0025279
0 0.748104 0.44 0.503792 0.88 0.00256515
0 0.955038 0.540667 0.0823402 0.182667 0.00268565
0 0.41441 0.0186667 0.0238353 0.0373333 0.00296727
0 0.819339 0.34 0.103467 0.08 0.00304849
0 0.696912 0.515333 0.0709642 0.129333 0.00353103
0 0.728061 0.934 0.0931744 0.129333 0.00399246
0 0.802817 0.362 0.106176 0.169333 0.00584181
0 0.385699 0.702667 0.0552546 0.138667 0.00697602
0 0.720206 0.798667 0.216143 0.402667 0.0228924
0 0.768418 0.35 0.0460455 0.0733333 0.0292663
0 0.388949 0.703333 0.0379198 0.0813333 0.168792
0 0.40493 0.0193333 0.0297941 0.0386667 0.200877
0 0.789816 0.351333 0.0888407 0.0973333 0.269552
0 0.692579 0.500667 0.052546 0.076 0.312632
0 0.635157 0.783333 0.0417118 0.113333 0.447655
0 0.505417 0.644 0.0249187 0.128 0.819244
0 0.717226 0.876 0.092091 0.248 0.825565
