0 0.0836945 0.0306667 0.0796316 0.0613333 1.41241e-05
0 0.908451 0.08 0.0455038 0.0906667 1.41977e-05
0 0.808776 0.986 0.071506 0.028 1.42366e-05
0 0.472914 0.606 0.0465872 0.110667 1.43708e-05
0 0.369718 0.349333 0.0633803 0.136 1.44149e-05
0 0.168472 0.542667 0.0628386 0.109333 1.44493e-05
0 0.617822 0.926667 0.10455 0.146667 1.44633e-05
0 0.57909 0.756 0.118093 0.336 1.44794e-05
0 0.645179 0.324 0.0509209 0.128 1.45097e-05
0 0.304713 0.958 0.0557963 0.084 1.46114e-05
0 0.598592 0.361333 0.0498375 0.128 1.46534e-05
0 0.511647 0.99 0.0839653 0.02 1.46618e-05
0 0.194745 0.934667 0.0492958 0.0933333 1.47481e-05
0 0.940141 0.0893333 0.0915493 0.178667 1.47609e-05
0 0.690683 0.716 0.0855905 0.168 1.47747e-05
0 0.987541 0.75 0.0108342 0.134667 1.48402e-05
0 0.707476 0.423333 0.0520043 0.126667 1.48463e-05
0 0.420639 0.540667 0.0536295 0.108 1.49774e-05
0 0.114572 0.952 0.14247 0.096 1.49892e-05
0 0.346696 0.267333 0.056338 0.118667 1.50078e-05
0 0.643824 0.143333 0.0482123 0.0973333 1.50846e-05
0 0.225623 0.438 0.0492958 0.1 1.51168e-05
0 0.732665 0.232667 0.0471289 0.129333 1.51322e-05
0 0.818256 0.327333 0.0720477 0.164 1.51664e-05
0 0.370802 0.428 0.0536295 0.106667 1.51695e-05
0 0.81961 0.201333 0.0509209 0.133333 1.51874e-05
0 0.656826 0.457333 0.0536295 0.12 1.5201e-05
0 0.892741 0.0126667 0.0487541 0.0253333 1.52297e-05
0 0.56961 0.982667 0.0709642 0.0346667 1.53238e-05
0 0.453684 0.768 0.0796316 0.16 1.54359e-05
0 0.948808 0.786 0.102384 0.428 1.54949e-05
0 0.151408 0.426 0.105634 0.193333 1.54997e-05
0 0.0343987 0.440667 0.0460455 0.276 1.5513e-05
0 0.738624 0.878667 0.0568797 0.144 1.55273e-05
0 0.678765 0.400667 0.071506 0.14 1.55341e-05
0 0.508126 0.934667 0.0390032 0.0986667 1.55604e-05
0 0.596696 0.293333 0.0514626 0.136 1.56846e-05
0 0.0807151 0.801333 0.0888407 0.277333 1.57534e-05
0 0.793337 0.230667 0.067714 0.154667 1.57545e-05
0 0.709913 0.290667 0.0482123 0.12 1.58072e-05
0 0.338028 0.648 0.0574215 0.165333 1.59044e-05
0 0.267876 0.454 0.0557963 0.129333 1.59377e-05
0 0.769772 0.199333 0.0476706 0.126667 1.60265e-05
0 0.745395 0.170667 0.0465872 0.125333 1.60798e-05
0 0.510293 0.140667 0.0422535 0.108 1.61023e-05
0 0.143283 0.700667 0.0872156 0.201333 1.61346e-05
0 0.48429 0.0446667 0.0433369 0.06 1.61918e-05
0 0.359155 0.394667 0.0520043 0.106667 1.62532e-05
0 0.532774 0.882 0.0492958 0.142667 1.64503e-05
0 0.0189599 0.636 0.0379198 0.128 1.64732e-05
0 0.511376 0.0853333 0.0390032 0.088 1.65517e-05
0 0.158992 0.0826667 0.0687974 0.154667 1.66409e-05
0 0.756501 0.807333 0.119718 0.276 1.67128e-05
0 0.151679 0.997333 0.0530878 0.00533333 1.68481e-05
0 0.790899 0.638 0.0704225 0.14 1.68743e-05
0 0.257584 0.982667 0.0633803 0.0346667 1.6931e-05
0 0.984561 0.168667 0.024377 0.116 1.69568e-05
0 0.582611 0.976667 0.0438787 0.028 1.70097e-05
0 0.457476 0.580667 0.0568797 0.134667 1.70098e-05
0 0.936891 0.271333 0.126219 0.268 1.70518e-05
0 0.430932 0.474667 0.0633803 0.114667 1.71378e-05
0 0.9461 0.0186667 0.0471289 0.0373333 1.71533e-05
0 0.52221 0.204667 0.0509209 0.142667 1.7176e-05
0 0.269502 0.936 0.0482123 0.112 1.71921e-05
0 0.0297941 0.793333 0.0433369 0.298667 1.71978e-05
0 0.412514 0.987333 0.0492958 0.0253333 1.72232e-05
0 0.656013 0.178 0.0476706 0.108 1.72712e-05
0 0.219664 0.966 0.0460455 0.0493333 1.73732e-05
0 0.28169 0.909333 0.0530878 0.125333 1.73871e-05
0 0.0178765 0.910667 0.035753 0.178667 1.74033e-05
0 0.612405 0.197333 0.0644637 0.192 1.75153e-05
0 0.0812568 0.408667 0.133261 0.238667 1.75301e-05
0 0.725894 1 0.0888407 0 1.75347e-05
0 0.687703 0.514 0.0709642 0.145333 1.76199e-05
0 0.0186891 0.420667 0.0373781 0.124 1.76941e-05
0 0.729686 0.518 0.0660888 0.129333 1.77081e-05
0 0.156826 0.604667 0.0774648 0.174667 1.77385e-05
0 0.73429 0.137333 0.0384615 0.12 1.77521e-05
0 0.279252 0.162667 0.176056 0.325333 1.78228e-05
0 0.58234 0.207333 0.0574215 0.150667 1.78314e-05
0 0.637866 0.402667 0.0742145 0.146667 1.78525e-05
0 0.82584 0.827333 0.30065 0.345333 1.79308e-05
0 0.0186891 0.480667 0.0373781 0.124 1.80203e-05
0 0.733207 0.291333 0.0460455 0.126667 1.80497e-05
0 0.106717 0.0546667 0.0498375 0.0826667 1.81039e-05
0 0.281148 0.207333 0.0725894 0.206667 1.8128e-05
0 0.764897 0.625333 0.071506 0.162667 1.81853e-05
0 0.120531 0.884667 0.100217 0.193333 1.82451e-05
0 0.17714 0.998 0.0509209 0.004 1.82496e-05
0 0.127573 0.591333 0.107801 0.228 1.82799e-05
0 0.61403 0.855333 0.0796316 0.212 1.83351e-05
0 0.432557 0.0733333 0.0460455 0.0853333 1.84688e-05
0 0.703413 1 0.0503792 0 1.84735e-05
0 0.52844 0.994667 0.0471289 0.0106667 1.85363e-05
0 0.778169 0.864 0.128386 0.272 1.857e-05
0 0.254875 0.484 0.0568797 0.128 1.85832e-05
0 0.619989 0.547333 0.0666305 0.126667 1.85976e-05
0 0.837757 0.999333 0.0514626 0.00133333 1.875e-05
0 0.660888 0.0786667 0.0411701 0.0826667 1.87616e-05
0 0.31636 0.975333 0.084507 0.0493333 1.87754e-05
0 0.189328 0.345333 0.0796316 0.181333 1.88793e-05
0 0.596425 0.638667 0.0498375 0.0853333 1.88801e-05
0 0.458017 0.958 0.0590466 0.0813333 1.88852e-05
0 0.949621 0.0286667 0.0769231 0.0573333 1.89686e-05
0 0.966143 0.952667 0.067714 0.0946667 1.90023e-05
0 0.464247 0.986667 0.0487541 0.0266667 1.90056e-05
0 0.361322 0.937333 0.0671723 0.125333 1.90381e-05
0 0.682286 0.455333 0.0536295 0.134667 1.91584e-05
0 0.970477 0.0346667 0.0590466 0.0693333 1.91996e-05
0 0.634886 0.0913333 0.0411701 0.084 1.92331e-05
0 0.244041 0.788667 0.0503792 0.105333 1.93163e-05
0 0.492416 0.93 0.0422535 0.1 1.93281e-05
0 0.901408 1 0.0541712 0 1.93777e-05
0 0.628927 0.686 0.0910076 0.284 1.93935e-05
0 0.760293 0.396667 0.052546 0.118667 1.94554e-05
0 0.0422535 0.348 0.084507 0.210667 1.9468e-05
0 0.842091 0.920667 0.0980498 0.158667 1.95316e-05
0 0.836132 0.633333 0.113218 0.181333 1.95349e-05
0 0.510563 0.456 0.0514626 0.0986667 1.97712e-05
0 0.747291 0.426 0.0514626 0.124 1.97968e-05
0 0.760293 0.29 0.0492958 0.118667 1.98681e-05
0 0.203413 0.996 0.0492958 0.008 1.99283e-05
0 0.232124 0.183333 0.127302 0.366667 2.01336e-05
0 0.188787 0.346667 0.0796316 0.410667 2.01578e-05
0 0.89545 0.05 0.0498375 0.0626667 2.01969e-05
0 0.383532 0.453333 0.0530878 0.106667 2.04228e-05
0 0.277627 0.689333 0.0839653 0.192 2.04531e-05
0 0.255417 0.886667 0.052546 0.128 2.05216e-05
0 0.213705 0.672667 0.0384615 0.129333 2.0565e-05
0 0.0755688 0.141333 0.151138 0.282667 2.05769e-05
0 0.5 0.728 0.0855905 0.170667 2.05923e-05
0 0.937974 0.466 0.122969 0.26 2.06469e-05
0 0.556067 0.292667 0.0612134 0.150667 2.06577e-05
0 0.200704 0.495333 0.0384615 0.105333 2.07554e-05
0 0.357801 0.906667 0.0482123 0.133333 2.07777e-05
0 0.0176056 0.942667 0.0287107 0.0906667 2.08115e-05
0 0.987541 0.686 0.0108342 0.14 2.08566e-05
0 0.489166 0.99 0.0476706 0.02 2.08964e-05
0 0.509209 0.730667 0.0520043 0.114667 2.0926e-05
0 0.746208 0.264667 0.0471289 0.132 2.09598e-05
0 0.337757 0.158 0.118635 0.198667 2.10054e-05
0 0.796858 0.492667 0.0541712 0.126667 2.11279e-05
0 0.281419 0.484 0.0568797 0.125333 2.11689e-05
0 0.467226 0.193333 0.134886 0.386667 2.11767e-05
0 0.406555 0.509333 0.0698808 0.146667 2.12244e-05
0 0.98727 0.876667 0.0092091 0.134667 2.13348e-05
0 0.378386 0.271333 0.0752979 0.134667 2.13765e-05
0 0.948537 0.668667 0.0790899 0.236 2.14991e-05
0 0.52546 0.194667 0.126761 0.389333 2.15046e-05
0 0.621343 0.627333 0.0465872 0.102667 2.15268e-05
0 0.533857 0.176667 0.0503792 0.137333 2.16705e-05
0 0.107801 0.589333 0.150596 0.381333 2.17432e-05
0 0.557421 0.943333 0.0422535 0.102667 2.18129e-05
0 0.0455038 0.969333 0.0910076 0.0613333 2.18419e-05
0 0.242145 0.641333 0.056338 0.16 2.19414e-05
0 0.947996 0.595333 0.104009 0.516 2.19658e-05
0 0.867281 0.014 0.0498375 0.028 2.20058e-05
0 0.257313 0.118667 0.0444204 0.0933333 2.20433e-05
0 0.514626 0.916 0.0812568 0.168 2.2113e-05
0 0.911159 0.608667 0.0910076 0.18 2.22441e-05
0 0.505688 0.35 0.0817985 0.18 2.23066e-05
0 0.502438 0.992667 0.0482123 0.0146667 2.2331e-05
0 0.492958 0.543333 0.0574215 0.121333 2.23356e-05
0 0.553629 0.997333 0.0487541 0.00533333 2.23463e-05
0 0.720206 0.14 0.0417118 0.112 2.23842e-05
0 0.683099 0.2 0.0487541 0.117333 2.24158e-05
0 0.985645 0.530667 0.024377 0.133333 2.24326e-05
0 0.190412 0.0786667 0.0828819 0.141333 2.25806e-05
0 0.767606 0.2 0.146262 0.4 2.25958e-05
0 0.647887 0.958667 0.111593 0.0826667 2.26252e-05
0 0.306067 0.908667 0.0520043 0.134667 2.27118e-05
0 0.433369 0.512 0.0520043 0.0933333 2.27147e-05
0 0.559859 0.0586667 0.0557963 0.0986667 2.27168e-05
0 0.715601 0.282 0.163597 0.564 2.27997e-05
0 0.596154 0.233333 0.0503792 0.144 2.28571e-05
0 0.759209 0.232667 0.0492958 0.126667 2.29703e-05
0 0.571235 0.264 0.0503792 0.146667 2.3107e-05
0 0.863218 1 0.0547129 0 2.32184e-05
0 0.0192308 0.542 0.0384615 0.126667 2.32665e-05
0 0.713164 0.973333 0.0980498 0.0533333 2.3273e-05
0 0.0912784 0.986667 0.0785482 0.0266667 2.33089e-05
0 0.192308 0.924667 0.0975081 0.150667 2.33773e-05
0 0.31338 0.988667 0.0492958 0.0226667 2.33818e-05
0 0.185807 0.422 0.0628386 0.150667 2.34519e-05
0 0.608613 0.505333 0.067714 0.133333 2.3541e-05
0 0.687161 0.965333 0.107801 0.0693333 2.36279e-05
0 0.0176056 0.671333 0.0211268 0.289333 2.36413e-05
0 0.891658 0.891333 0.145179 0.164 2.37209e-05
0 0.223998 0.834667 0.182557 0.330667 2.37655e-05
0 0.294691 0.98 0.0617551 0.04 2.37963e-05
0 0.80688 0.329333 0.0633803 0.0933333 2.38073e-05
0 0.572589 0.116 0.0433369 0.0933333 2.38329e-05
0 0.41766 0.701333 0.0769231 0.176 2.39822e-05
0 0.713705 0.629333 0.0774648 0.165333 2.39932e-05
0 0.486999 0.157333 0.063922 0.189333 2.39974e-05
0 0.848862 0.052 0.0769231 0.0986667 2.41137e-05
0 0.578548 0.996 0.0498375 0.008 2.41636e-05
0 0.856717 0.05 0.0503792 0.0653333 2.42049e-05
0 0.750813 1 0.0455038 0 2.42985e-05
0 0.720206 0.199333 0.0482123 0.118667 2.43722e-05
0 0.147346 0.909333 0.0758397 0.152 2.44029e-05
0 0.759751 0.46 0.052546 0.133333 2.44653e-05
0 0.728602 1 0.0498375 0 2.44868e-05
0 0.360238 0.272 0.0509209 0.0773333 2.45808e-05
0 0.796316 0.543333 0.0530878 0.124 2.45824e-05
0 0.375135 0.984667 0.0828819 0.0306667 2.4638e-05
0 0.35455 0.513333 0.0720477 0.170667 2.48442e-05
0 0.822319 0.172 0.0693391 0.226667 2.51119e-05
0 0.0709642 0.532667 0.0780065 0.244 2.51399e-05
0 0.463705 0.999333 0.0736728 0.00133333 2.523e-05
0 0.563651 0.950667 0.0991333 0.0986667 2.53683e-05
0 0.568797 0.0206667 0.0455038 0.0413333 2.56756e-05
0 0.952871 0.359333 0.0942579 0.508 2.57115e-05
0 0.595612 0.999333 0.0752979 0.00133333 2.58145e-05
0 0.348862 0.602667 0.0834236 0.218667 2.58745e-05
0 0.770314 0.114 0.0411701 0.108 2.60095e-05
0 0.0625677 0.999333 0.0547129 0.00133333 2.60476e-05
0 0.274648 0.12 0.0455038 0.0853333 2.6053e-05
0 0.656826 0.506667 0.052546 0.122667 2.62144e-05
0 0.704496 0.232 0.0622969 0.133333 2.6309e-05
0 0.991062 0.782667 0.0135428 0.293333 2.63123e-05
0 0.530336 0.672 0.0541712 0.128 2.63925e-05
0 0.343987 0.424 0.0671723 0.157333 2.64392e-05
0 0.293337 0.964667 0.0438787 0.0493333 2.64551e-05
0 0.41766 0.908 0.0552546 0.128 2.64611e-05
0 0.194475 0.0433333 0.0455038 0.0626667 2.65123e-05
0 0.454225 0.646 0.0666305 0.153333 2.66411e-05
0 0.144637 0.964667 0.056338 0.068 2.67449e-05
0 0.670368 0.23 0.0503792 0.121333 2.68126e-05
0 0.832882 0.351333 0.158722 0.289333 2.68361e-05
0 0.771939 0.491333 0.0509209 0.137333 2.70966e-05
0 0.958288 0.0546667 0.0476706 0.0693333 2.71528e-05
0 0.463434 0.36 0.0417118 0.112 2.7263e-05
0 0.798212 0.0813333 0.0417118 0.0906667 2.72793e-05
0 0.559047 0.0886667 0.0411701 0.0813333 2.72972e-05
0 0.608613 0.263333 0.0492958 0.14 2.7302e-05
0 0.98429 0.386 0.028169 0.137333 2.73262e-05
0 0.904388 0 0.0547129 0 2.74013e-05
0 0.518689 0.024 0.121885 0.048 2.75467e-05
0 0.867822 0.954 0.149512 0.092 2.76686e-05
0 0.386782 0.579333 0.0964247 0.225333 2.78564e-05
0 0.844529 0.986 0.0975081 0.028 2.79361e-05
0 0.867822 0 0.0552546 0 2.79445e-05
0 0.339382 0.989333 0.0471289 0.0213333 2.7968e-05
0 0.412514 0.092 0.0904659 0.184 2.79698e-05
0 0.84805 0.696 0.112134 0.194667 2.80471e-05
0 0.456121 0.96 0.0433369 0.048 2.81318e-05
0 0.551463 0.891333 0.0650054 0.164 2.81719e-05
0 0.445016 0.026 0.125135 0.052 2.81765e-05
0 0.814464 0.998 0.0503792 0.004 2.82074e-05
0 0.96506 0.999333 0.0482123 0.00133333 2.8228e-05
0 0.105905 0.28 0.191224 0.56 2.83405e-05
0 0.5948 0.026 0.12351 0.052 2.83479e-05
0 0.112947 1 0.0557963 0 2.83923e-05
0 0.695287 0.0266667 0.132719 0.0533333 2.84603e-05
0 0.865114 0.0866667 0.113759 0.154667 2.84944e-05
0 0.988082 0.625333 0.0119177 0.141333 2.85476e-05
0 0.887053 0.41 0.173889 0.289333 2.90495e-05
0 0.193662 0.712 0.0991333 0.181333 2.90591e-05
0 0.978602 0.0266667 0.0427952 0.0533333 2.90879e-05
0 0.58234 0.66 0.0877573 0.128 2.92164e-05
0 0.667389 0.193333 0.138678 0.386667 2.9248e-05
0 0.307421 0.0446667 0.0449621 0.0706667 2.92775e-05
0 0.915493 0.0793333 0.100758 0.134667 2.92918e-05
0 0.609967 0.173333 0.0476706 0.117333 2.93004e-05
0 0.886511 0.536667 0.159805 0.166667 2.93069e-05
0 0.956663 0.983333 0.071506 0.0333333 2.93331e-05
0 0.244583 0.936 0.0449621 0.106667 2.93489e-05
0 0.846966 0.383333 0.1013 0.201333 2.9398e-05
0 0.351029 0.323333 0.0476706 0.092 2.96308e-05
0 0.00514626 0.852667 0.0102925 0.148 2.9715e-05
0 0.10455 0.0206667 0.0487541 0.0413333 2.98342e-05
0 0.387866 0.986667 0.0509209 0.0266667 2.99661e-05
0 0.235915 0.136 0.0438787 0.0986667 3.00118e-05
0 0.0617551 0.958667 0.109426 0.0826667 3.00389e-05
0 0.13922 1 0.0541712 0 3.0112e-05
0 0.0742145 1 0.056338 0 3.01215e-05
0 0.744583 0.0253333 0.133803 0.0506667 3.02254e-05
0 0.264626 0.994667 0.0482123 0.0106667 3.0408e-05
0 0.984561 0.936 0.0211268 0.0746667 3.04595e-05
0 0.360238 0.826 0.0736728 0.230667 3.04883e-05
0 0.0647346 0.00333333 0.0536295 0.00666667 3.05127e-05
0 0.245937 0.24 0.0650054 0.162667 3.05521e-05
0 0.795233 0.0266667 0.136511 0.0533333 3.11619e-05
0 0.293066 0.932 0.0465872 0.112 3.12776e-05
0 0.673619 0.113333 0.0438787 0.088 3.12829e-05
0 0.318527 0.0273333 0.11701 0.0546667 3.14313e-05
0 0.706934 0.0186667 0.0444204 0.0373333 3.14418e-05
0 0.986457 0.839333 0.0270856 0.289333 3.16747e-05
0 0.640033 0.878 0.0807151 0.244 3.17288e-05
0 0.0102925 0.0386667 0.0173348 0.0773333 3.17452e-05
0 0.759209 0.142 0.0449621 0.129333 3.18877e-05
0 0.757313 0.0833333 0.0422535 0.0866667 3.2335e-05
0 0.667931 0.972 0.114843 0.056 3.24871e-05
0 0.823944 0.280667 0.20585 0.561333 3.26794e-05
0 0.607259 0.692667 0.0834236 0.172 3.27238e-05
0 0.830444 0.492667 0.0530878 0.126667 3.30063e-05
0 0.791441 0.628667 0.101842 0.228 3.32021e-05
0 0.0403575 1 0.0547129 0 3.32342e-05
0 0.644637 0.026 0.124594 0.052 3.33179e-05
0 0.830173 0.11 0.0460455 0.108 3.36315e-05
0 0.465601 0.927333 0.0471289 0.108 3.37249e-05
0 0.558505 0.612 0.0520043 0.0906667 3.38218e-05
0 0.14572 0.02 0.0465872 0.04 3.39132e-05
0 0.0192308 0.544667 0.0211268 0.278667 3.39319e-05
0 0.0121885 0.0666667 0.0178765 0.133333 3.40932e-05
0 0.810401 0.265333 0.0520043 0.128 3.43513e-05
0 0.0230228 0.147333 0.0265439 0.230667 3.46716e-05
0 0.710184 0.0533333 0.0595883 0.0986667 3.47895e-05
0 0.36403 0.988 0.0487541 0.024 3.48106e-05
0 0.793066 1 0.0476706 0 3.49412e-05
0 0.516793 0.852 0.0790899 0.157333 3.49929e-05
0 0.37974 0.708667 0.121343 0.268 3.56487e-05
0 0.495937 0.609333 0.0590466 0.117333 3.57569e-05
0 0.0444204 0.537333 0.0671723 0.277333 3.59251e-05
0 0.267064 0.026 0.114843 0.052 3.60155e-05
0 0.281148 0.583333 0.101842 0.188 3.61397e-05
0 0.513001 1 0.0736728 0 3.61819e-05
0 0.417931 0 0.0536295 0 3.62328e-05
0 0.306609 0.168667 0.106176 0.337333 3.63083e-05
0 0.599675 0.14 0.0400867 0.0986667 3.65567e-05
0 0.616468 0.969333 0.121343 0.0613333 3.66487e-05
0 0.621885 0.054 0.0400867 0.076 3.67632e-05
0 0.191766 0.828667 0.0790899 0.190667 3.70067e-05
0 0.783315 0.519333 0.0509209 0.129333 3.70765e-05
0 0.223456 0.768667 0.0373781 0.108 3.71008e-05
0 0.280065 0.274 0.0910076 0.222667 3.74863e-05
0 0.599675 0.994667 0.0910076 0.0106667 3.7605e-05
0 0.917931 0.0606667 0.0926327 0.121333 3.76344e-05
0 0.861863 0.0253333 0.0953413 0.0506667 3.76968e-05
0 0.952329 1 0.0530878 0 3.77766e-05
0 0.8987 0.024 0.102925 0.048 3.78749e-05
0 0.118093 0.998667 0.0769231 0.00266667 3.79928e-05
0 0.831798 0.214 0.141387 0.297333 3.79952e-05
0 0.805525 0.452 0.0747562 0.128 3.81085e-05
0 0.406555 0.446667 0.0633803 0.136 3.81195e-05
0 0.223998 0.05 0.0362947 0.0706667 3.82396e-05
0 0.517606 0 0.052546 0 3.8375e-05
0 0.437432 0.984 0.0817985 0.032 3.83996e-05
0 0.793337 0.394 0.0709642 0.126667 3.84268e-05
0 0.0552546 0.704 0.0823402 0.288 3.85626e-05
0 0.683369 0.26 0.0503792 0.128 3.86845e-05
0 0.842904 0.0166667 0.0498375 0.0333333 3.88622e-05
0 0.669556 0.482 0.0530878 0.132 3.90507e-05
0 0.242958 0.542667 0.0557963 0.136 3.90802e-05
0 0.21831 0.932667 0.0498375 0.102667 3.91339e-05
0 0.380011 0.042 0.0633803 0.084 3.93066e-05
0 0.751083 0.985333 0.0417118 0.0293333 3.93334e-05
0 0.290358 0.990667 0.0498375 0.0186667 3.93691e-05
0 0.160888 0.954 0.104009 0.092 3.95248e-05
0 0.422806 0.280667 0.0807151 0.108 3.96416e-05
0 0.0132719 0.336 0.0265439 0.216 3.97579e-05
0 0.910888 0.288667 0.157638 0.577333 3.97651e-05
0 0.750542 0.959333 0.0482123 0.0813333 4.01463e-05
0 0.606717 0.997333 0.0520043 0.00533333 4.016e-05
0 0.393283 0 0.0530878 0 4.02033e-05
0 0.544962 0.0206667 0.0455038 0.0413333 4.03109e-05
0 0.217497 0.0233333 0.119718 0.0466667 4.03201e-05
0 0.843716 0 0.0557963 0 4.04731e-05
0 0.00731311 0.787333 0.0146262 0.150667 4.06268e-05
0 0.0536295 0.0613333 0.0541712 0.0933333 4.06455e-05
0 0.219393 0.207333 0.0520043 0.188 4.06609e-05
0 0.867551 0.0566667 0.0839653 0.113333 4.07017e-05
0 0.596966 0.432667 0.0552546 0.113333 4.09222e-05
0 0.989166 0.960667 0.00650054 0.0786667 4.09788e-05
0 0.970477 0.0186667 0.0482123 0.0373333 4.09856e-05
0 0.45558 0 0.0520043 0 4.10642e-05
0 0.00758397 0.143333 0.0130011 0.142667 4.11299e-05
0 0.821777 0.0846667 0.0400867 0.108 4.1569e-05
0 0.939328 0.589333 0.11701 0.242667 4.1696e-05
0 0.459642 0.452667 0.0352113 0.0893333 4.21028e-05
0 0.773294 0.586 0.453413 0.828 4.21242e-05
0 0.992416 0.687333 0.0130011 0.294667 4.23995e-05
0 0.240791 0.0706667 0.0752979 0.141333 4.25635e-05
0 0.542795 0 0.0541712 0 4.26235e-05
0 0.211809 0.902667 0.0758397 0.128 4.27717e-05
0 0.385157 0.151333 0.131094 0.292 4.2979e-05
0 0.927411 0 0.0520043 0 4.31937e-05
0 0.603738 1 0.052546 0 4.32587e-05
0 0.349133 0.752 0.0731311 0.242667 4.35466e-05
0 0.774106 0.257333 0.0747562 0.173333 4.355e-05
0 0.583153 0.062 0.0438787 0.0866667 4.36018e-05
0 0.109967 0.816667 0.197183 0.366667 4.38271e-05
0 0.619177 0.0286667 0.0552546 0.0573333 4.38276e-05
0 0.384074 0.912667 0.0530878 0.121333 4.38467e-05
0 0.280336 0 0.0536295 0 4.43851e-05
0 0.971831 0.780667 0.056338 0.284 4.44599e-05
0 0.677681 1 0.0541712 0 4.46859e-05
0 0.464518 0.0873333 0.088299 0.148 4.47617e-05
0 0.00650054 0.993333 0.0130011 0.0133333 4.47715e-05
0 0.480498 0 0.0530878 0 4.49165e-05
0 0.986999 0.646 0.0260022 0.289333 4.49538e-05
0 0.989437 0.914 0.0211268 0.172 4.5333e-05
0 0.0308776 0.953333 0.0617551 0.0933333 4.54585e-05
0 0.334236 0.088 0.0812568 0.144 4.55509e-05
0 0.511647 0.267333 0.0947996 0.361333 4.57437e-05
0 0.488624 0.782 0.162514 0.172 4.58259e-05
0 0.644908 0.542 0.0514626 0.102667 4.58847e-05
0 0.217768 0 0.0530878 0 4.59756e-05
0 0.310401 0.831333 0.100758 0.230667 4.60016e-05
0 0.493229 0.0933333 0.0731311 0.141333 4.62458e-05
0 0.815005 0.836 0.122969 0.328 4.62501e-05
0 0.482665 0.207333 0.0910076 0.313333 4.62837e-05
0 0.483207 0.385333 0.0487541 0.122667 4.6331e-05
0 0.101842 0.004 0.0552546 0.008 4.64307e-05
0 0.523294 0.09 0.0314193 0.0786667 4.64991e-05
0 0.215601 0.780667 0.0790899 0.161333 4.65336e-05
0 0.704767 0.173333 0.0574215 0.114667 4.65406e-05
0 0.196912 0.64 0.0807151 0.2 4.65433e-05
0 0.561755 0.831333 0.145179 0.337333 4.65867e-05
0 0.882719 0.996 0.0807151 0.008 4.66158e-05
0 0.16441 1 0.0536295 0 4.66322e-05
0 0.618906 0.328 0.052546 0.138667 4.69157e-05
0 0.917389 0.734667 0.152221 0.506667 4.70998e-05
0 0.60753 0.0186667 0.0449621 0.0373333 4.71779e-05
0 0.362134 0.39 0.0904659 0.182667 4.72204e-05
0 0.509751 0.52 0.0520043 0.101333 4.72511e-05
0 0.56961 0.25 0.125135 0.473333 4.7669e-05
0 0.58532 0.886 0.117551 0.209333 4.76817e-05
0 0.521668 0.0553333 0.0335861 0.076 4.77653e-05
0 0.349404 0.611333 0.108342 0.417333 4.79495e-05
0 0.452058 1 0.0471289 0 4.8003e-05
0 0.331257 0.904 0.0536295 0.128 4.81678e-05
0 0.460184 0.166667 0.088299 0.194667 4.81915e-05
0 0.228332 0.994667 0.0492958 0.0106667 4.84876e-05
0 0.214247 0.470667 0.0373781 0.0906667 4.86617e-05
0 0.23402 0.756 0.071506 0.266667 4.86762e-05
0 0.988624 0.562667 0.0108342 0.138667 4.86782e-05
0 0.720748 0.264 0.0482123 0.130667 4.89433e-05
0 0.00704225 0.294667 0.0140845 0.149333 4.89613e-05
0 0.655471 0.259333 0.0487541 0.126667 4.90104e-05
0 0.168202 0.0553333 0.0850488 0.110667 4.90109e-05
0 0.225081 0.116667 0.0352113 0.105333 4.90405e-05
0 0.378115 0.818 0.176598 0.364 4.91865e-05
0 0.411701 0.072 0.0411701 0.0853333 4.92634e-05
0 0.535753 0.939333 0.0704225 0.121333 4.92993e-05
0 0.431203 0.0706667 0.0725894 0.122667 4.98159e-05
0 0.00650054 0.724667 0.0130011 0.145333 4.99499e-05
0 0.288462 0.076 0.0796316 0.152 5.03717e-05
0 0.358072 0.452667 0.0541712 0.116 5.0486e-05
0 0.18364 0.778 0.145179 0.398667 5.0723e-05
0 0.0446912 0.186667 0.0893824 0.373333 5.08028e-05
0 0.409534 0.331333 0.056338 0.0946667 5.08829e-05
0 0.83857 1 0.0552546 0 5.09508e-05
0 0.973185 0.33 0.0536295 0.268 5.09704e-05
0 0.491874 0.0566667 0.0747562 0.113333 5.14537e-05
0 0.527356 1 0.0492958 0 5.16887e-05
0 0.579902 0 0.0536295 0 5.19318e-05
0 0.542795 0.342667 0.104009 0.181333 5.21226e-05
0 0.344529 0.062 0.0910076 0.124 5.21439e-05
0 0.23727 0.993333 0.0801734 0.0133333 5.22022e-05
0 0.545775 0.112 0.0406284 0.0826667 5.23743e-05
0 0.111051 0.476 0.171181 0.272 5.23763e-05
0 0.157909 0.584 0.116468 0.309333 5.25495e-05
0 0.330444 0 0.0530878 0 5.26513e-05
0 0.235915 0.367333 0.0547129 0.129333 5.27993e-05
0 0.425785 1 0.0476706 0 5.35647e-05
0 0.0119177 0.123333 0.0151679 0.18 5.3657e-05
0 0.31338 1 0.0492958 0 5.36871e-05
0 0.970477 0.576 0.0590466 0.253333 5.38915e-05
0 0.216143 0.942 0.0877573 0.116 5.4018e-05
0 0.38922 0.0606667 0.0937161 0.121333 5.40995e-05
0 0.545775 0.06 0.0427952 0.0773333 5.42186e-05
0 0.605905 0 0.0536295 0 5.46181e-05
0 0.70585 0 0.0541712 0 5.48944e-05
0 0.658722 0.616 0.0823402 0.162667 5.49499e-05
0 0.305525 0 0.0520043 0 5.49593e-05
0 0.142199 0.00266667 0.0547129 0.00533333 5.496e-05
0 0.0503792 1 0.056338 0 5.4992e-05
0 0.683369 0.566667 0.0937161 0.146667 5.53126e-05
0 0.85753 0.482 0.150596 0.236 5.58078e-05
0 0.152763 0.545333 0.0888407 0.170667 5.58522e-05
0 0.022481 0.0313333 0.0449621 0.0626667 5.59696e-05
0 0.222644 0.106667 0.063922 0.213333 5.59964e-05
0 0.188787 1 0.052546 0 5.60593e-05
0 0.618093 0.247333 0.124594 0.494667 5.6143e-05
0 0.632449 0.502667 0.0536295 0.122667 5.62047e-05
0 0.57909 0.401333 0.125677 0.426667 5.68858e-05
0 0.720206 0.0833333 0.0482123 0.0866667 5.72497e-05
0 0.153304 0.94 0.0476706 0.096 5.72903e-05
0 0.771398 0.048 0.0455038 0.064 5.76427e-05
0 0.78494 0.152667 0.0899242 0.276 5.77291e-05
0 0.501625 1 0.0487541 0 5.77968e-05
0 0.984832 0.476 0.0270856 0.141333 5.81001e-05
0 0.0067714 0.238 0.0135428 0.148 5.81976e-05
0 0.888678 0.269333 0.191224 0.333333 5.85344e-05
0 0.593174 0.153333 0.0736728 0.154667 5.86302e-05
0 0.633532 0.123333 0.0460455 0.0946667 5.92761e-05
0 0.419827 0.402667 0.0736728 0.125333 5.9384e-05
0 0.944475 0.026 0.111051 0.052 5.95753e-05
0 0.492145 0.460667 0.0774648 0.177333 5.95757e-05
0 0.51571 0.156 0.0747562 0.272 5.98354e-05
0 0.476977 1 0.0482123 0 5.98926e-05
0 0.539545 0.068 0.0704225 0.136 5.99451e-05
0 0.157909 0.880667 0.109967 0.238667 6.01522e-05
0 0.558776 0.162667 0.0807151 0.184 6.07793e-05
0 0.435536 0.0613333 0.0855905 0.122667 6.07905e-05
0 0.242958 0.000666667 0.052546 0.00133333 6.08607e-05
0 0.972644 0.144667 0.0547129 0.236 6.15742e-05
0 0.647075 0.0513333 0.0417118 0.0733333 6.18524e-05
0 0.630823 0 0.0536295 0 6.19021e-05
0 0.339112 1 0.0476706 0 6.20084e-05
0 0.44312 0.0493333 0.0487541 0.0693333 6.23378e-05
0 0.818256 0 0.0547129 0 6.23417e-05
0 0.137866 1 0.0893824 0 6.23439e-05
0 0.56636 0.461333 0.0633803 0.125333 6.27297e-05
0 0.519502 0.0206667 0.0390032 0.0413333 6.29029e-05
0 0.0121885 0.0186667 0.024377 0.0373333 6.29851e-05
0 0.793337 0 0.0557963 0 6.30165e-05
0 0.521939 0.118667 0.0362947 0.0933333 6.30299e-05
0 0.558776 0.234 0.0503792 0.204 6.31009e-05
0 0.409534 0.988 0.0790899 0.024 6.34163e-05
0 0.348321 0.0406667 0.0487541 0.068 6.34339e-05
0 0.518147 0.398 0.133803 0.398667 6.36065e-05
0 0.819339 0.999333 0.0763814 0.00133333 6.36922e-05
0 0.548754 0.0126667 0.071506 0.0253333 6.38024e-05
0 0.374594 0.088 0.10455 0.146667 6.38461e-05
0 0.48429 0.588 0.0433369 0.0933333 6.39919e-05
0 0.757584 0.461333 0.484832 0.922667 6.40747e-05
0 0.73429 0.969333 0.0872156 0.0613333 6.4101e-05
0 0.821777 0.046 0.0595883 0.092 6.41441e-05
0 0.0130011 0.888 0.0260022 0.216 6.43532e-05
0 0.698808 0.996667 0.109426 0.00666667 6.48595e-05
0 0.389491 0.938 0.0823402 0.124 6.48752e-05
0 0.875406 0.516667 0.232936 0.556 6.55051e-05
0 0.989707 0.262667 0.0140845 0.133333 6.56585e-05
0 0.739166 0.155333 0.0763814 0.18 6.5811e-05
0 0.589112 0.0686667 0.0731311 0.137333 6.60137e-05
0 0.309588 0.274 0.107801 0.294667 6.62354e-05
0 0.763001 0.346667 0.0947996 0.162667 6.64601e-05
0 0.709913 0.342 0.0947996 0.166667 6.64949e-05
0 0.354821 0 0.0541712 0 6.65317e-05
0 0.770585 0.546 0.0492958 0.132 6.66287e-05
0 0.514085 0.603333 0.106176 0.201333 6.66846e-05
0 0.49052 0.664 0.128386 0.154667 6.67065e-05
0 0.220748 0.018 0.0427952 0.036 6.746e-05
0 0.634074 0.979333 0.067714 0.0413333 6.76936e-05
0 0.020585 1 0.0411701 0 6.77001e-05
0 0.791983 0.0573333 0.0801734 0.114667 6.78284e-05
0 0.655742 0.338667 0.112134 0.266667 6.79948e-05
0 0.988624 0.321333 0.0140845 0.141333 6.83127e-05
0 0.562568 1 0.0785482 0 6.872e-05
0 0.0176056 0.098 0.0308776 0.177333 6.87477e-05
0 0.401138 1 0.0503792 0 6.94106e-05
0 0.739978 0.94 0.0574215 0.0933333 6.95298e-05
0 0.668743 0 0.0547129 0 6.95609e-05
0 0.640845 0.064 0.0736728 0.128 6.95689e-05
0 0.481582 0.016 0.0455038 0.032 6.9821e-05
0 0.95558 0 0.0552546 0 7.01162e-05
0 0.676598 1 0.0574215 0 7.02146e-05
0 0.767877 0 0.0547129 0 7.03317e-05
0 0.824215 0.260667 0.0796316 0.185333 7.13324e-05
0 0.629198 0.841333 0.134886 0.317333 7.16145e-05
0 0.214789 1 0.052546 0 7.16446e-05
0 0.178494 0.512 0.125135 0.237333 7.166e-05
0 0.593987 0.342 0.0904659 0.172 7.1808e-05
0 0.518147 0.487333 0.0514626 0.116 7.2203e-05
0 0.058234 0.0333333 0.0774648 0.0666667 7.23089e-05
0 0.729686 0.559333 0.0877573 0.161333 7.2314e-05
0 0.432557 0.159333 0.0969664 0.281333 7.23608e-05
0 0.989707 0.201333 0.0119177 0.128 7.2859e-05
0 0.239166 0.893333 0.0872156 0.184 7.43531e-05
0 0.865114 0 0.0541712 0 7.43771e-05
0 0.264085 1 0.0492958 0 7.45558e-05
0 0.398971 0.00666667 0.0796316 0.0133333 7.45864e-05
0 0.348321 0.882 0.0790899 0.188 7.46252e-05
0 0.536024 0.0926667 0.0341278 0.0706667 7.47109e-05
0 0.970748 0.888667 0.0585049 0.182667 7.48346e-05
0 0.815005 1 0.0536295 0 7.48561e-05
0 0.284399 0.0586667 0.0465872 0.0746667 7.50237e-05
0 0.901408 0 0.0530878 0 7.53221e-05
0 0.170639 0.0433333 0.0476706 0.06 7.57146e-05
0 0.394095 0.03 0.0612134 0.06 7.64547e-05
0 0.681203 0.0206667 0.0482123 0.0413333 7.64913e-05
0 0.289816 1 0.0498375 0 7.68146e-05
0 0.45585 0.016 0.0460455 0.032 7.69574e-05
0 0.696641 0.139333 0.0433369 0.110667 7.71106e-05
0 0.448808 0.346 0.0471289 0.1 7.77728e-05
0 0.36403 1 0.0498375 0 7.81036e-05
0 0.984561 0.198667 0.0287107 0.221333 7.8683e-05
0 0.739437 0.066 0.0693391 0.132 7.89255e-05
0 0.888407 0.703333 0.174431 0.284 7.91731e-05
0 0.991874 0.92 0.0151679 0.16 7.91812e-05
0 0.989437 0.0226667 0.0211268 0.0453333 8.02292e-05
0 0.593174 0.993333 0.135428 0.0133333 8.0283e-05
0 0.63299 0.990667 0.0503792 0.0186667 8.03724e-05
0 0.83532 0.0306667 0.0801734 0.0613333 8.04782e-05
0 0.194475 0.625333 0.112676 0.368 8.10162e-05
0 0.250542 1 0.0763814 0 8.10724e-05
0 0.735645 0.412667 0.113759 0.262667 8.11531e-05
0 0.986999 0.276667 0.0260022 0.292 8.14427e-05
0 0.0178765 0.214667 0.0335861 0.229333 8.1735e-05
0 0.00812568 0.0893333 0.0130011 0.133333 8.18737e-05
0 0.0427952 0.342667 0.0855905 0.469333 8.21691e-05
0 0.0154388 0.408667 0.0308776 0.249333 8.22926e-05
0 0.0113759 0.911333 0.0151679 0.177333 8.25441e-05
0 0.876761 0 0.0536295 0 8.27515e-05
0 0.731582 0 0.0547129 0 8.31336e-05
0 0.0219393 0.295333 0.0438787 0.350667 8.3342e-05
0 0.717768 0.502 0.149512 0.486667 8.39359e-05
0 0.479686 0.39 0.0904659 0.244 8.40342e-05
0 0.190953 0 0.0547129 0 8.4262e-05
0 0.0132719 0.998667 0.0265439 0.00266667 8.42686e-05
0 0.239707 1 0.0514626 0 8.43479e-05
0 0.263272 0.930667 0.084507 0.138667 8.43836e-05
0 0.0105634 0.260667 0.0189599 0.241333 8.48143e-05
0 0.716956 0.874667 0.0579632 0.144 8.50207e-05
0 0.557963 0.530667 0.0769231 0.186667 8.51009e-05
0 0.0278982 0.03 0.0557963 0.06 8.52927e-05
0 0.98727 0.107333 0.0222102 0.121333 8.62299e-05
0 0.812839 0.0946667 0.0633803 0.154667 8.66932e-05
0 0.992416 0.562 0.0119177 0.276 8.71471e-05
0 0.818797 0.0213333 0.0438787 0.0426667 8.73923e-05
0 0.0574215 0.062 0.0953413 0.124 8.78868e-05
0 0.981853 0.997333 0.0276273 0.00533333 8.79766e-05
0 0.235374 0.212 0.0817985 0.274667 8.84119e-05
0 0.754605 0.520667 0.0585049 0.124 8.84303e-05
0 0.222102 0.346667 0.0736728 0.309333 8.84649e-05
0 0.539816 0.994667 0.10455 0.0106667 8.85548e-05
0 0.187974 1 0.0855905 0 8.85646e-05
0 0.289274 0.519333 0.0823402 0.145333 8.85754e-05
0 0.513543 0.409333 0.0931744 0.186667 8.8843e-05
0 0.00487541 0.916667 0.00866739 0.132 8.90397e-05
0 0.343987 0.281333 0.114843 0.232 8.91743e-05
0 0.0067714 0.906 0.0135428 0.188 8.94547e-05
0 0.863489 0.592 0.145179 0.216 8.96142e-05
0 0.532232 0.940667 0.0449621 0.0973333 8.9814e-05
0 0.461268 0.593333 0.105634 0.165333 9.0068e-05
0 0.706663 0.147333 0.0698808 0.241333 9.02776e-05
0 0.566089 0.655333 0.781148 0.689333 9.04559e-05
0 0.534128 0.768667 0.092091 0.134667 9.08673e-05
0 0.665222 0.0993333 0.0769231 0.198667 9.1601e-05
0 0.486457 0.992667 0.0855905 0.0146667 9.18657e-05
0 0.832611 0.528667 0.128927 0.156 9.22249e-05
0 0.397346 0.0453333 0.0449621 0.0693333 9.26638e-05
0 0.840737 0 0.0552546 0 9.26648e-05
0 0.738353 0.22 0.0899242 0.192 9.30849e-05
0 0.415493 0 0.0541712 0 9.33471e-05
0 0.812839 0.574 0.119718 0.169333 9.33553e-05
0 0.498917 0.00466667 0.0725894 0.00933333 9.33713e-05
0 0.23104 0.682 0.46208 0.636 9.3953e-05
0 0.0219393 0.986667 0.0438787 0.0266667 9.41996e-05
0 0.798483 0.0273333 0.0747562 0.0546667 9.45619e-05
0 0.423077 0.830667 0.110509 0.149333 9.49089e-05
0 0.279252 0.346667 0.111051 0.221333 9.50259e-05
0 0.00731311 0.36 0.0146262 0.149333 9.54929e-05
0 0.561213 0.00466667 0.0736728 0.00933333 9.59741e-05
0 0.631907 0.0206667 0.0438787 0.0413333 9.6007e-05
0 0.591008 0.416667 0.0931744 0.214667 9.61054e-05
0 0.940683 0 0.0536295 0 9.63056e-05
0 0.333965 0.997333 0.0763814 0.00533333 9.66193e-05
0 0.00812568 0.666 0.0162514 0.148 9.70802e-05
0 0.752167 0.885333 0.0969664 0.218667 9.72405e-05
0 0.986186 0 0.0276273 0 9.78259e-05
0 0.759751 0.216 0.0893824 0.290667 9.80552e-05
0 0.781419 0.0166667 0.0482123 0.0333333 9.89056e-05
0 0.193933 0.531333 0.0520043 0.150667 9.93972e-05
0 0.786295 0.266667 0.105634 0.277333 0.000101497
0 0.53494 0.88 0.0904659 0.24 0.000101867
0 0.787649 0.0926667 0.0617551 0.150667 0.000101932
0 0.710455 0.273333 0.0839653 0.168 0.000102673
0 0.0260022 0.876667 0.0520043 0.246667 0.000103161
0 0.282774 0.0206667 0.0487541 0.0413333 0.000103618
0 0.988353 0.935333 0.0092091 0.108 0.000103889
0 0.706121 0.415333 0.0947996 0.158667 0.000104083
0 0.98402 0.022 0.0276273 0.044 0.000104108
0 0.796587 0.0513333 0.0471289 0.0653333 0.000104818
0 0.254063 0.280667 0.104009 0.34 0.000104869
0 0.774377 0.506667 0.153304 0.512 0.000105271
0 0.866739 0.996 0.162514 0.008 0.000105388
0 0.992145 0.228667 0.0157096 0.222667 0.000105536
0 0.230228 0.711333 0.107259 0.398667 0.000106325
0 0.410618 0.00733333 0.0693391 0.0146667 0.000106478
0 0.320152 0.4 0.16468 0.442667 0.000106598
0 0.831528 0.0486667 0.0498375 0.06 0.000107083
0 0.950704 1 0.084507 0 0.000107475
0 0.987812 0.00866667 0.0157096 0.0173333 0.000107514
0 0.242687 0.429333 0.071506 0.176 0.00010782
0 0.21506 0.994667 0.109426 0.0106667 0.000108144
0 0.165493 0.995333 0.129469 0.00933333 0.000108655
0 0.390033 0.248667 0.151679 0.148 0.000108698
0 0.0092091 1 0.0184182 0 0.000109412
0 0.989166 0.135333 0.0108342 0.142667 0.000109784
0 0.0674431 0.00866667 0.0763814 0.0173333 0.00011007
0 0.991874 0.322 0.0162514 0.246667 0.000110407
0 0.261105 0.00666667 0.0790899 0.0133333 0.000110482
0 0.307421 0.417333 0.126219 0.176 0.000110496
0 0.756501 0.0173333 0.0503792 0.0346667 0.000110649
0 0.987541 0.519333 0.0249187 0.273333 0.000111277
0 0.465872 0.357333 0.0790899 0.141333 0.000111367
0 0.599404 0.004 0.0763814 0.008 0.00011184
0 0.760563 0.024 0.0747562 0.048 0.000112667
0 0.672806 0.863333 0.0335861 0.158667 0.000112751
0 0.00758397 0.602667 0.0151679 0.149333 0.00011278
0 0.429848 0.577333 0.067714 0.154667 0.000113163
0 0.511105 0.835333 0.147887 0.329333 0.000113521
0 0.440141 0 0.0547129 0 0.000114095
0 0.00758397 0.42 0.0151679 0.149333 0.000114247
0 0.54415 0.21 0.0547129 0.150667 0.000114716
0 0.352654 0 0.0552546 0 0.000115479
0 0.173077 0.525333 0.172806 0.496 0.000115654
0 0.674973 0.850667 0.0530878 0.298667 0.000116251
0 0.687974 0.0693333 0.0747562 0.138667 0.000116763
0 0.813651 0.452667 0.372698 0.905333 0.000117306
0 0.0858613 0.875333 0.133803 0.249333 0.000117834
0 0.234561 0.736 0.0433369 0.144 0.000118145
0 0.240249 0.355333 0.0817985 0.198667 0.000119114
0 0.0671723 0.732 0.134345 0.536 0.000119762
0 0.0352113 0.658667 0.0704225 0.461333 0.000120227
0 0.657909 0.167333 0.0817985 0.153333 0.000120341
0 0.443933 0.014 0.0872156 0.028 0.000120651
0 0.689328 0.15 0.0720477 0.161333 0.000121713
0 0.559047 0.266667 0.0866739 0.264 0.000121779
0 0.590195 0.274 0.0861322 0.188 0.000122005
0 0.722914 0.0546667 0.0384615 0.072 0.000122036
0 0.761647 0.416667 0.0975081 0.150667 0.000122102
0 0.221289 0.704667 0.0503792 0.217333 0.000122368
0 0.332611 0.0186667 0.0487541 0.0373333 0.000122871
0 0.535211 0.0986667 0.0520043 0.130667 0.000123287
0 0.644366 0.202667 0.0492958 0.112 0.000123797
0 0.390574 0 0.0552546 0 0.000123805
0 0.55688 0.693333 0.104009 0.170667 0.00012482
0 0.648971 0.00333333 0.0758397 0.00666667 0.000124844
0 0.477519 0 0.0547129 0 0.000126609
0 0.344529 0.398 0.689057 0.796 0.000127387
0 0.485915 0.832 0.121343 0.173333 0.000128441
0 0.490249 0.525333 0.0910076 0.224 0.000128899
0 0.291441 0.757333 0.144095 0.226667 0.000128913
0 0.987541 0.416667 0.0162514 0.150667 0.000130145
0 0.991874 0.974667 0.0162514 0.0506667 0.000131598
0 0.657096 0.0226667 0.0444204 0.0453333 0.000131838
0 0.31338 0.834 0.151138 0.332 0.000132225
0 0.0365655 0.0913333 0.0666305 0.174667 0.000133126
0 0.109967 0.508 0.219935 0.624 0.000133239
0 0.925244 0.00466667 0.0780065 0.00933333 0.00013361
0 0.0511918 0.47 0.1013 0.257333 0.000134462
0 0.327736 0 0.0552546 0 0.000136511
0 0.532774 0.469333 0.0937161 0.152 0.000136751
0 0.519772 0.624667 0.0622969 0.116 0.000137201
0 0.317714 0.0126667 0.0850488 0.0253333 0.000138199
0 0.469122 0.490667 0.122427 0.384 0.000138523
0 0.539816 0 0.0547129 0 0.00013887
0 0.582069 0.595333 0.109967 0.214667 0.000139139
0 0.52844 0.640667 0.13922 0.366667 0.000140339
0 0.502167 0 0.0552546 0 0.000140649
0 0.20883 0.876 0.0937161 0.248 0.000140658
0 0.361322 0.00866667 0.0790899 0.0173333 0.000141201
0 0.461809 0.923333 0.102384 0.153333 0.000143087
0 0.0503792 0.513333 0.100758 0.533333 0.000143687
0 0.977248 0.0793333 0.0455038 0.158667 0.000143776
0 0.941495 0.997333 0.114843 0.00533333 0.00014416
0 0.380553 0.022 0.0503792 0.044 0.000144213
0 0.244583 0.0513333 0.0471289 0.0706667 0.000144869
0 0.851029 1 0.0942579 0 0.000145074
0 0.00785482 0.480667 0.0157096 0.150667 0.000146387
0 0.302817 0 0.0552546 0 0.000147065
0 0.00704225 0.792667 0.0140845 0.294667 0.000147312
0 0.814464 0 0.0547129 0 0.000147658
0 0.0985916 1 0.100758 0 0.000147918
0 0.989707 0.411333 0.020585 0.26 0.000148234
0 0.0495666 0 0.0568797 0 0.000148817
0 0.561755 0.0946667 0.0747562 0.128 0.00014941
0 0.589112 0.103333 0.0514626 0.126667 0.000149434
0 0.0116468 0.368667 0.0146262 0.252 0.000149475
0 0.706121 0.467333 0.128386 0.246667 0.000150158
0 0.0203142 0.488667 0.0406284 0.318667 0.000150669
0 0.651679 1 0.0585049 0 0.000150738
0 0.790087 0 0.0557963 0 0.000150952
0 0.431203 0.022 0.0509209 0.044 0.000150959
0 0.115926 0.0173333 0.0985916 0.0346667 0.000151092
0 0.686891 0.004 0.0747562 0.008 0.000151644
0 0.28792 0.995333 0.0915493 0.00933333 0.000151941
0 0.848862 0.006 0.0747562 0.012 0.000152749
0 0.281961 0.462667 0.0969664 0.186667 0.000153029
0 0.192849 0.0173333 0.0498375 0.0346667 0.00015329
0 0.739707 0.480667 0.095883 0.166667 0.000153718
0 0.736186 0.0913333 0.0585049 0.129333 0.00015412
0 0.252709 0 0.0557963 0 0.000154439
0 0.820964 0.415333 0.0796316 0.18 0.000154822
0 0.382178 0.997333 0.0742145 0.00533333 0.000154918
0 0.988082 0.0513333 0.020585 0.076 0.000155933
0 0.473456 0.00666667 0.0693391 0.0133333 0.000156402
0 0.411701 0.523333 0.109426 0.26 0.00015695
0 0.617281 0.409333 0.695016 0.818667 0.000157465
0 0.630011 0.346 0.0953413 0.174667 0.000157626
0 0.725352 0.00266667 0.0747562 0.00533333 0.000157954
0 0.684453 0.225333 0.0817985 0.173333 0.000159447
0 0.277898 0 0.0552546 0 0.000159698
0 0.164139 0 0.056338 0 0.000160902
0 0.866197 0.842667 0.152763 0.224 0.000160972
0 0.407096 0.022 0.0460455 0.044 0.000161279
0 0.236999 0.098 0.0547129 0.132 0.000161598
0 0.366739 0.018 0.084507 0.036 0.000161632
0 0.561484 0.416667 0.0926327 0.153333 0.000161793
0 0.241874 0.0113333 0.0839653 0.0226667 0.000163282
0 0.211809 0.526 0.0325027 0.116 0.000164338
0 0.214518 0 0.0552546 0 0.000164675
0 0.98727 0.142667 0.0254605 0.282667 0.00016608
0 0.0195016 0.0526667 0.0368364 0.105333 0.000166138
0 0.50948 0.006 0.0698808 0.012 0.00016673
0 0.336945 0.464 0.11701 0.250667 0.00016833
0 0.138137 0 0.056338 0 0.000168452
0 0.693662 0.0586667 0.0438787 0.08 0.000168482
0 0.086403 0 0.0557963 0 0.000169344
0 0.0108342 0.709333 0.0151679 0.269333 0.000170279
0 0.161972 0.00733333 0.0801734 0.0146667 0.000176257
0 0.284399 0.111333 0.0650054 0.222667 0.000176473
0 0.112134 0 0.056338 0 0.000178108
0 0.838028 0.776667 0.225352 0.428 0.000178345
0 0.448537 0.313333 0.125677 0.306667 0.000178372
0 0.0284399 1 0.0536295 0 0.000179082
0 0.511105 0.521333 0.0872156 0.146667 0.000180794
0 0.756771 0.0993333 0.0574215 0.148 0.000181206
0 0.0181473 0.604 0.0362947 0.36 0.00018199
0 0.790358 0.413333 0.119177 0.245333 0.000182714
0 0.656555 0.269333 0.084507 0.170667 0.000182788
0 0.0362947 0.213333 0.0725894 0.365333 0.000183006
0 0.434182 0.531333 0.0991333 0.169333 0.000183043
0 0.764626 0 0.0557963 0 0.000183077
0 0.611863 0.12 0.052546 0.133333 0.000184506
0 0.307421 0.0206667 0.0471289 0.0413333 0.000184538
0 0.589382 0 0.0552546 0 0.00018591
0 0.614843 0 0.0552546 0 0.000188495
0 0.734832 0.084 0.0330444 0.096 0.000190009
0 0.523835 0.703333 0.0877573 0.164 0.00019029
0 0.564464 0 0.0552546 0 0.000191673
0 0.960455 0.002 0.071506 0.004 0.000192844
0 0.00812568 0.540667 0.0162514 0.150667 0.000193133
0 0.559588 0.616 0.0985916 0.128 0.000194509
0 0.814735 0.514 0.0660888 0.118667 0.000198315
0 0.150867 0.435333 0.301733 0.870667 0.000200325
0 0.23104 0.576667 0.0417118 0.228 0.000201267
0 0.978332 0.455333 0.0433369 0.225333 0.000201577
0 0.727519 0 0.056338 0 0.000203702
0 0.992687 0.136 0.0146262 0.250667 0.000204032
0 0.580715 0.498 0.0866739 0.185333 0.000205566
0 0.214518 0.02 0.0693391 0.04 0.000206275
0 0.732936 0.0206667 0.0444204 0.0413333 0.000207783
0 0.979957 0 0.0400867 0 0.000208276
0 0.625135 0.988667 0.0769231 0.0226667 0.00021092
0 0.370802 0.481333 0.143554 0.405333 0.000211238
0 0.622427 0.006 0.0704225 0.012 0.000211388
0 0.989707 0.0346667 0.00975081 0.0693333 0.00021141
0 0.46533 0.489333 0.0931744 0.194667 0.000212313
0 0.626219 1 0.0899242 0 0.000213189
0 0.317985 0.91 0.0942579 0.18 0.000215498
0 0.665222 0 0.0552546 0 0.000216221
0 0.572048 0.006 0.0704225 0.012 0.000216361
0 0.535753 0.211333 0.0747562 0.257333 0.000218558
0 0.671181 0.0533333 0.0455038 0.0746667 0.000219227
0 0.422806 0.638 0.138137 0.364 0.000219494
0 0.986999 0.987333 0.00975081 0.0253333 0.000220824
0 0.297942 0 0.0877573 0 0.000221685
0 0.68987 0 0.0557963 0 0.000223047
0 0.759209 0.573333 0.0406284 0.112 0.000223373
0 0.875135 0.00266667 0.0937161 0.00533333 0.00022347
0 0.188516 0 0.056338 0 0.000225854
0 0.78792 0.00533333 0.0785482 0.0106667 0.000226397
0 0.76273 0.524667 0.0964247 0.228 0.00022685
0 0.651138 0.999333 0.056338 0.00133333 0.000227573
0 0.618093 0.594 0.0780065 0.14 0.00022876
0 0.0186891 0.788667 0.0373781 0.422667 0.000230342
0 0.640033 0 0.0557963 0 0.000231652
0 0.51598 0.0186667 0.0687974 0.0373333 0.000231661
0 0.380553 0.874 0.095883 0.182667 0.000231716
0 0.744041 0.0533333 0.0438787 0.072 0.000232037
0 0.913055 1 0.1013 0 0.000232482
0 0.837216 0.0246667 0.111051 0.0493333 0.0002356
0 0.169556 0.0186667 0.0498375 0.0373333 0.000238824
0 0.312839 0.0246667 0.0839653 0.0493333 0.000239048
0 0.0132719 0.770667 0.0232936 0.296 0.000243715
0 0.160076 0.558667 0.320152 0.882667 0.000245598
0 0.810401 0.485333 0.114843 0.178667 0.000246736
0 0.00839653 0.638 0.0135428 0.278667 0.000246813
0 0.488353 0.0173333 0.067714 0.0346667 0.000246884
0 0.616739 0.509333 0.0937161 0.261333 0.000247565
0 0.539545 0.0266667 0.0725894 0.0533333 0.000251676
0 0.00975081 0.450667 0.0151679 0.261333 0.000252349
0 0.123239 0.004 0.0969664 0.008 0.000252472
0 0.289816 0.0346667 0.0780065 0.0693333 0.000253068
0 0.321235 0.679333 0.0574215 0.161333 0.000253445
0 0.0631094 0.995333 0.126219 0.00933333 0.000254548
0 0.16441 0.022 0.0742145 0.044 0.000255942
0 0.613489 0.276 0.0817985 0.261333 0.000256236
0 0.26273 0.028 0.0866739 0.056 0.000257514
0 0.390303 0.383333 0.113218 0.26 0.000262287
0 0.423889 0.846667 0.14247 0.306667 0.000262409
0 0.439328 0 0.118093 0 0.000264343
0 0.388949 0.00133333 0.111593 0.00266667 0.000264867
0 0.247833 0.701333 0.06013 0.197333 0.000265479
0 0.660076 0.006 0.0709642 0.012 0.000267947
0 0.942037 0.0173333 0.0975081 0.0346667 0.000270998
0 0.773023 0.00733333 0.0725894 0.0146667 0.000271422
0 0.656013 0.488 0.125677 0.352 0.000275395
0 0.713434 0.034 0.0650054 0.068 0.000281684
0 0.488624 0 0.118093 0 0.000285524
0 0.987541 1 0.0184182 0 0.000285662
0 0.589382 0.0246667 0.0780065 0.0493333 0.000285686
0 0.419827 0.052 0.0476706 0.0773333 0.000287827
0 0.741333 0.682667 0.517335 0.634667 0.000288934
0 0.422535 0.636 0.106176 0.208 0.000293843
0 0.697725 0.006 0.0725894 0.012 0.000296962
0 0.63922 0.584 0.0574215 0.106667 0.000301989
0 0.640303 0.0246667 0.0790899 0.0493333 0.00031149
0 0.825027 0.00533333 0.084507 0.0106667 0.000315526
0 0.989707 0.06 0.020585 0.12 0.000315979
0 0.896262 0.0153333 0.105634 0.0306667 0.0003191
0 0.266793 0.106 0.0742145 0.126667 0.000319704
0 0.630011 0.168667 0.0660888 0.153333 0.000320024
0 0.735645 0.006 0.0725894 0.012 0.000321528
0 0.339653 0.00133333 0.112676 0.00266667 0.000323924
0 0.761647 0.002 0.0834236 0.004 0.000325811
0 0.462893 0.014 0.0828819 0.028 0.000326359
0 0.980228 0.995333 0.0384615 0.00933333 0.000326429
0 0.99052 0.480667 0.0167931 0.241333 0.000327533
0 0.189599 0.0146667 0.0866739 0.0293333 0.000328681
0 0.424702 0.756 0.11701 0.208 0.000329437
0 0.459913 0.703333 0.102925 0.198667 0.000332781
0 0.979144 1 0.039545 0 0.000337934
0 0.305525 0.514667 0.125677 0.234667 0.000342369
0 0.539003 0 0.11701 0 0.000343955
0 0.254063 0.422 0.105092 0.276 0.000348307
0 0.434724 0.0246667 0.0839653 0.0493333 0.000349274
0 0.229415 0.531333 0.109967 0.42 0.000349644
0 0.636241 0.222 0.0774648 0.164 0.000350473
0 0.709372 0.0993333 0.0536295 0.14 0.000351425
0 0.263543 0 0.111051 0 0.000360191
0 0.688245 0.0946667 0.0590466 0.149333 0.000363255
0 0.360238 0.300667 0.071506 0.137333 0.000366859
0 0.365926 0.03 0.0655471 0.06 0.000367976
0 0.68039 0.479333 0.108342 0.161333 0.000373265
0 0.34507 0.0226667 0.0866739 0.0453333 0.000380404
0 0.62974 0.998 0.0557963 0.004 0.000384131
0 0.165493 0.00266667 0.124052 0.00533333 0.000401082
0 0.789274 0.0193333 0.0964247 0.0386667 0.000404425
0 0.244312 0.0233333 0.0476706 0.044 0.000406152
0 0.589382 0 0.12026 0 0.000415739
0 0.630823 0.264667 0.0612134 0.129333 0.000424294
0 0.463976 0.768 0.159805 0.328 0.000427271
0 0.363489 0.464 0.110509 0.157333 0.000430857
0 0.213434 0 0.115926 0 0.000433444
0 0.656555 0.516 0.099675 0.162667 0.000438113
0 0.66468 0.5 0.670639 1 0.000438561
0 0.738624 0.0253333 0.0774648 0.0506667 0.000443001
0 0.64572 0.996 0.127844 0.008 0.000444446
0 0.471018 0.557333 0.591008 0.885333 0.00045701
0 0.657909 0.443333 0.0969664 0.166667 0.00045798
0 0.230228 0.528667 0.0693391 0.252 0.000461455
0 0.0893824 0.002 0.130011 0.004 0.000464318
0 0.963164 0 0.0552546 0 0.000465035
0 0.0116468 0.554 0.0157096 0.268 0.000469309
0 0.968852 0.008 0.0622969 0.016 0.000479075
0 0.295504 0.109333 0.0557963 0.128 0.000481092
0 0.537649 0.654667 0.105634 0.136 0.000484621
0 0.689057 0 0.131094 0 0.000487558
0 0.788191 0 0.147346 0 0.000496208
0 0.63922 0 0.12026 0 0.000499396
0 0.271127 0.704 0.460997 0.592 0.000500073
0 0.864843 0 0.161972 0 0.000502815
0 0.325298 0.5 0.650596 1 0.00050344
0 0.737812 0 0.134345 0 0.000504566
0 0.688245 0.0346667 0.0839653 0.0693333 0.000504843
0 0.790358 0.530667 0.100758 0.165333 0.000526366
0 0.039545 0.038 0.0790899 0.076 0.000529675
0 0.667389 0.5 0.521127 1 0.000540028
0 0.219664 0.551333 0.0330444 0.142667 0.000542546
0 0.618093 0.431333 0.0671723 0.134667 0.000570982
0 0.911972 0 0.106717 0 0.000576125
0 0.294962 0.128667 0.0341278 0.0946667 0.000579406
0 0.0232936 0.002 0.0465872 0.004 0.000649026
0 0.429577 0.908 0.0964247 0.165333 0.000684319
0 0.464789 0.756667 0.365114 0.486667 0.000685386
0 0.356988 0.0213333 0.0509209 0.0426667 0.000754202
0 0.990249 0.08 0.0119177 0.130667 0.000795708
0 0.23429 0.489333 0.0536295 0.104 0.000825128
0 0.426056 0.336667 0.0568797 0.124 0.000835742
0 0.287378 0.88 0.111051 0.232 0.000862558
0 0.673077 1 0.102384 0 0.000880143
0 0.421723 0.428667 0.0980498 0.212 0.000961149
0 0.219122 0.614667 0.039545 0.232 0.000965841
0 0.380282 0.378667 0.538462 0.757333 0.00112663
0 0.455038 0.872667 0.132178 0.188 0.00113434
0 0.939328 0 0.121343 0 0.00113434
0 0.261647 0.514667 0.102925 0.218667 0.00116507
0 0.27546 0.5 0.550921 1 0.00119135
0 0.647887 0.998 0.0931744 0.004 0.00122008
0 0.0398158 0.008 0.0796316 0.016 0.00129122
0 0.688245 0.868 0.0503792 0.210667 0.00211704
0 0.234561 0.652 0.0606717 0.314667 0.00217057
0 0.397346 0.308 0.14247 0.16 0.002173
0 0.632449 0.474 0.0904659 0.153333 0.00222757
0 0.731853 0.931333 0.0975081 0.137333 0.00236903
0 0.323131 0.636667 0.304984 0.686667 0.00707683
0 0.421723 0.374 0.301733 0.748 0.0108948
0 0.284399 0.654 0.137595 0.278667 0.0125865
0 0.721289 0.810667 0.22156 0.378667 0.0156281
0 0.341278 0.72 0.0498375 0.154667 0.0184953
0 0.321777 0.680667 0.0942579 0.225333 0.176543
0 0.718852 0.873333 0.109426 0.253333 0.475681
0 0.426869 0.340667 0.102925 0.161333 0.557249
