0 0.885428 0.168 0.137053 0.336 1.60234e-05
0 0.416847 0.302667 0.0178765 0.0933333 1.6026e-05
0 0.33857 0.856667 0.0455038 0.148 1.60497e-05
0 0.686078 0.766667 0.0254605 0.056 1.60947e-05
0 0.628927 0 0.0465872 0 1.61166e-05
0 0.272752 0.538667 0.0406284 0.0826667 1.61239e-05
0 0.574215 0.674667 0.0368364 0.0773333 1.61694e-05
0 0.481853 0.459333 0.0557963 0.172 1.61781e-05
0 0.381907 0.425333 0.0238353 0.0746667 1.61886e-05
0 0.212622 0.405333 0.0297941 0.0906667 1.62661e-05
0 0.75 0.288667 0.0471289 0.166667 1.62866e-05
0 0.824485 0.625333 0.0855905 0.104 1.62984e-05
0 0.454767 0.993333 0.0406284 0.0133333 1.63084e-05
0 0.0219393 0.2 0.0373781 0.237333 1.63415e-05
0 0.377031 0.611333 0.0162514 0.0946667 1.63514e-05
0 0.51598 0.757333 0.189057 0.485333 1.64507e-05
0 0.781419 0.0246667 0.0254605 0.0493333 1.64787e-05
0 0.248646 0.674667 0.0400867 0.072 1.64816e-05
0 0.50948 0.337333 0.0655471 0.152 1.6482e-05
0 0.460184 0.714 0.0655471 0.148 1.65082e-05
0 0.41766 0.24 0.0195016 0.0666667 1.65494e-05
0 0.815818 0.758 0.0325027 0.0866667 1.65694e-05
0 0.945016 0.986667 0.052546 0.024 1.65935e-05
0 0.983207 0.479333 0.0335861 0.145333 1.66373e-05
0 0.345612 0.483333 0.0465872 0.110667 1.66695e-05
0 0.628386 0.796667 0.0444204 0.102667 1.66978e-05
0 0.212893 0.146667 0.0606717 0.277333 1.67137e-05
0 0.551733 0.44 0.0265439 0.0453333 1.67215e-05
0 0.648158 0.100667 0.0222102 0.0893333 1.67508e-05
0 0.229686 0.344667 0.0769231 0.345333 1.68054e-05
0 0.684995 0.914667 0.0330444 0.12 1.68081e-05
0 0.160618 0.43 0.150054 0.313333 1.69038e-05
0 0.757042 0.0133333 0.0287107 0.0266667 1.69874e-05
0 0.659805 0.976 0.0346696 0.0346667 1.69895e-05
0 0.682828 0.129333 0.067714 0.152 1.70488e-05
0 0.222914 0.182 0.031961 0.1 1.71034e-05
0 0.501083 0.0593333 0.035753 0.118667 1.71169e-05
0 0.210184 0.460667 0.0346696 0.0706667 1.72259e-05
0 0.79442 0.679333 0.0352113 0.0866667 1.72655e-05
0 0.0801734 0.16 0.160347 0.32 1.7279e-05
0 0.336132 0.036 0.0817985 0.072 1.72969e-05
0 0.747562 0.00666667 0.0552546 0.0133333 1.73647e-05
0 0.0717768 0.056 0.107801 0.112 1.73678e-05
0 0.371614 0.0106667 0.035753 0.0213333 1.73721e-05
0 0.554171 0 0.0465872 0 1.7409e-05
0 0.405471 0.777333 0.0547129 0.264 1.74183e-05
0 0.632719 0.141333 0.0444204 0.152 1.74645e-05
0 0.431473 0.688667 0.0579632 0.150667 1.74689e-05
0 0.419014 0.266667 0.0157096 0.08 1.74871e-05
0 0.185807 0.15 0.0736728 0.3 1.74911e-05
0 0.755146 0.458667 0.0574215 0.101333 1.74964e-05
0 0.461538 0.826667 0.0574215 0.258667 1.75004e-05
0 0.915764 0.93 0.155471 0.14 1.75042e-05
0 0.417389 0.992667 0.0460455 0.0146667 1.75173e-05
0 0.357801 0.130667 0.0287107 0.0666667 1.75374e-05
0 0.480228 0.336667 0.0330444 0.121333 1.75568e-05
0 0.777356 0.511333 0.020585 0.0626667 1.76114e-05
0 0.339382 0.285333 0.0492958 0.117333 1.76335e-05
0 0.510293 0.278 0.0682557 0.150667 1.7646e-05
0 0.524919 0.526 0.0736728 0.18 1.76561e-05
0 0.764355 0.384 0.0270856 0.056 1.77774e-05
0 0.378115 0.344 0.0140845 0.0533333 1.78116e-05
0 0.869718 0.656667 0.195558 0.54 1.78174e-05
0 0.597779 0.966667 0.039545 0.0506667 1.78362e-05
0 0.802546 0.212667 0.124052 0.425333 1.78915e-05
0 0.728602 0.380667 0.140845 0.609333 1.78984e-05
0 0.183099 0.157333 0.19935 0.314667 1.794e-05
0 0.30688 0.759333 0.130553 0.481333 1.79747e-05
0 0.38922 0.700667 0.0146262 0.0413333 1.81043e-05
0 0.949621 0.517333 0.0877573 0.208 1.8132e-05
0 0.180661 0.904 0.0731311 0.144 1.81487e-05
0 0.0325027 0.64 0.0650054 0.357333 1.82534e-05
0 0.706934 0.726 0.0606717 0.26 1.82711e-05
0 0.656284 0 0.0492958 0 1.83034e-05
0 0.75948 0.715333 0.0660888 0.276 1.83413e-05
0 0.308776 0.568667 0.0801734 0.14 1.85297e-05
0 0.380282 0.506667 0.113759 0.528 1.86382e-05
0 0.345612 0.166 0.0270856 0.068 1.86449e-05
0 0.508938 0.830667 0.0482123 0.096 1.86505e-05
0 0.359697 0.168667 0.0227519 0.06 1.86978e-05
0 0.709642 0.514667 0.0682557 0.306667 1.87174e-05
0 0.338028 0.946 0.0606717 0.108 1.8741e-05
0 0.593445 0.00466667 0.039545 0.00933333 1.87678e-05
0 0.191766 0.270667 0.0433369 0.189333 1.87805e-05
0 0.210726 0.267333 0.0411701 0.18 1.88207e-05
0 0.0839653 0.508 0.0801734 0.256 1.88322e-05
0 0.309317 0.883333 0.0606717 0.233333 1.88501e-05
0 0.582611 0.992 0.0427952 0.016 1.88594e-05
0 0.965872 0.661333 0.0671723 0.269333 1.8871e-05
0 0.944204 0.016 0.0465872 0.032 1.89195e-05
0 0.3039 0.776667 0.0812568 0.193333 1.89302e-05
0 0.429848 0.871333 0.0720477 0.257333 1.90176e-05
0 0.254605 0.520667 0.0509209 0.0946667 1.9127e-05
0 0.119177 0.034 0.132178 0.068 1.91582e-05
0 0.520585 0.475333 0.056338 0.129333 1.91691e-05
0 0.330173 0.00866667 0.0482123 0.0173333 1.92385e-05
0 0.431203 0.964667 0.0736728 0.0706667 1.93358e-05
0 0.539545 0.162667 0.0119177 0.04 1.94167e-05
0 0.672264 0.975333 0.0216685 0.0306667 1.94311e-05
0 0.520314 0.162 0.0449621 0.324 1.946e-05
0 0.573131 0.145333 0.0238353 0.0373333 1.95805e-05
0 0.122156 0.910667 0.0731311 0.144 1.9581e-05
0 0.728602 0.83 0.0292524 0.0973333 1.95908e-05
0 0.190953 0.347333 0.0373781 0.124 1.96358e-05
0 0.0495666 0.997333 0.0536295 0.00533333 1.97437e-05
0 0.71533 0.518 0.0471289 0.148 1.98657e-05
0 0.535211 0.006 0.035753 0.012 1.98955e-05
0 0.672535 0.893333 0.024377 0.101333 1.99484e-05
0 0.644637 0.978667 0.0379198 0.0373333 2.00069e-05
0 0.53792 0.952667 0.084507 0.0946667 2.00355e-05
0 0.430661 0.278667 0.0379198 0.0906667 2.00386e-05
0 0.160888 0.675333 0.0509209 0.110667 2.01094e-05
0 0.973998 0.0513333 0.0379198 0.0786667 2.01715e-05
0 0.939599 0.511333 0.120802 0.508 2.01726e-05
0 0.530607 0.993333 0.0406284 0.0133333 2.01872e-05
0 0.268689 0.00866667 0.0509209 0.0173333 2.02085e-05
0 0.93662 0.663333 0.0942579 0.164 2.03942e-05
0 0.755959 0.982 0.0850488 0.036 2.04505e-05
0 0.549837 0.288667 0.0704225 0.132 2.04926e-05
0 0.182286 0.111333 0.0482123 0.1 2.05053e-05
0 0.0216685 0.913333 0.0433369 0.173333 2.05175e-05
0 0.314193 0.52 0.159263 0.650667 2.05453e-05
0 0.0197725 0.326 0.039545 0.124 2.06209e-05
0 0.976706 0.756 0.0465872 0.146667 2.06575e-05
0 0.740791 0.434667 0.0417118 0.0906667 2.06742e-05
0 0.425785 0.346667 0.0541712 0.288 2.07011e-05
0 0.519502 0.699333 0.0400867 0.137333 2.07082e-05
0 0.514897 0.984 0.0742145 0.032 2.07129e-05
0 0.73104 0.620667 0.0438787 0.116 2.08408e-05
0 0.731311 0.728 0.0520043 0.104 2.08409e-05
0 0.758667 0.772667 0.0276273 0.0733333 2.08899e-05
0 0.697725 0.0693333 0.0227519 0.0693333 2.09599e-05
0 0.744583 0.427333 0.031961 0.044 2.09641e-05
0 0.287649 0.0706667 0.0769231 0.141333 2.11418e-05
0 0.611863 0.986 0.0774648 0.028 2.11856e-05
0 0.0200433 0.0633333 0.0400867 0.0973333 2.12311e-05
0 0.299837 0.848667 0.0547129 0.129333 2.12863e-05
0 0.232394 0.153333 0.0292524 0.0906667 2.13988e-05
0 0.280336 0.955333 0.0947996 0.0893333 2.14118e-05
0 0.417389 0.106667 0.0232936 0.0693333 2.14259e-05
0 0.40493 0.140667 0.0232936 0.068 2.14327e-05
0 0.317172 0.138 0.0449621 0.132 2.1458e-05
0 0.131365 0.0473333 0.0514626 0.0573333 2.14691e-05
0 0.760022 0.146667 0.0455038 0.293333 2.15016e-05
0 0.72779 0.022 0.0211268 0.028 2.15149e-05
0 0.660347 0.261333 0.139762 0.504 2.16414e-05
0 0.41766 0.398 0.020585 0.102667 2.16882e-05
0 0.793066 0.026 0.0975081 0.052 2.16972e-05
0 0.738895 0.487333 0.0411701 0.036 2.17208e-05
0 0.656555 0.522667 0.0790899 0.277333 2.177e-05
0 0.724269 0.655333 0.0270856 0.0333333 2.18031e-05
0 0.452871 0.105333 0.0162514 0.096 2.18186e-05
0 0.40818 0.465333 0.0232936 0.08 2.18215e-05
0 0.566901 0.337333 0.0362947 0.106667 2.18498e-05
0 0.0422535 0.970667 0.084507 0.0586667 2.18885e-05
0 0.62649 0.866667 0.0687974 0.109333 2.19119e-05
0 0.591278 0 0.0471289 0 2.19322e-05
0 0.159805 0.432 0.0888407 0.152 2.19552e-05
0 0.447183 0.632 0.0796316 0.170667 2.19745e-05
0 0.18039 0.000666667 0.0552546 0.00133333 2.19925e-05
0 0.187161 0.402667 0.0449621 0.08 2.20103e-05
0 0.230769 0.23 0.0704225 0.153333 2.204e-05
0 0.539003 0.671333 0.0379198 0.076 2.20555e-05
0 0.589382 0.0346667 0.0769231 0.0693333 2.20892e-05
0 0.893012 1 0.0557963 0 2.21511e-05
0 0.69312 0.667333 0.06013 0.124 2.21612e-05
0 0.688787 0.524667 0.0503792 0.161333 2.21614e-05
0 0.943391 0.994667 0.0568797 0.0106667 2.21868e-05
0 0.934995 0.254 0.110509 0.308 2.22647e-05
0 0.381907 0.996 0.0433369 0.008 2.22711e-05
0 0.534399 0 0.0774648 0 2.22994e-05
0 0.733749 0.0426667 0.0709642 0.0853333 2.23123e-05
0 0.539816 0.788 0.0254605 0.032 2.23361e-05
0 0.51571 0.199333 0.0650054 0.145333 2.24876e-05
0 0.921723 0.958667 0.0622969 0.0506667 2.25421e-05
0 0.286024 0.889333 0.0433369 0.0906667 2.26081e-05
0 0.116197 0.000666667 0.0547129 0.00133333 2.26522e-05
0 0.478332 0.29 0.0314193 0.102667 2.27084e-05
0 0.945016 0.73 0.1013 0.172 2.27466e-05
0 0.926327 0.888 0.108342 0.141333 2.28039e-05
0 0.958288 0.976667 0.0530878 0.0333333 2.29308e-05
0 0.536566 0.144 0.052546 0.288 2.29568e-05
0 0.140033 0.782667 0.088299 0.208 2.30611e-05
0 0.836674 0.135333 0.200975 0.270667 2.31961e-05
0 0.803359 0.474 0.056338 0.124 2.32759e-05
0 0.606176 0.12 0.0411701 0.0853333 2.33591e-05
0 0.566631 0.633333 0.0541712 0.072 2.34653e-05
0 0.845341 0.976667 0.0698808 0.0466667 2.34828e-05
0 0.76896 0.500667 0.133803 0.577333 2.35047e-05
0 0.768418 0.760667 0.0265439 0.068 2.35873e-05
0 0.482394 0.802667 0.024377 0.032 2.36168e-05
0 0.551463 1 0.0682557 0 2.37041e-05
0 0.910888 0.940667 0.116468 0.0946667 2.37345e-05
0 0.548212 0.466667 0.0465872 0.114667 2.37633e-05
0 0.617551 0.871333 0.0487541 0.0386667 2.38029e-05
0 0.670639 0.767333 0.0238353 0.0493333 2.38039e-05
0 0.0197725 0.39 0.039545 0.124 2.3901e-05
0 0.134886 0.0173333 0.0780065 0.0346667 2.39063e-05
0 0.663597 0.736667 0.0574215 0.118667 2.40402e-05
0 0.166847 0.995333 0.0498375 0.00933333 2.4201e-05
0 0.817443 0.00333333 0.0487541 0.00666667 2.44749e-05
0 0.313651 0.0513333 0.0325027 0.0813333 2.45001e-05
0 0.0173348 0.627333 0.0346696 0.14 2.46008e-05
0 0.0899242 0 0.0552546 0 2.46114e-05
0 0.599675 0.645333 0.132178 0.509333 2.46324e-05
0 0.213705 0.880667 0.0622969 0.196 2.46455e-05
0 0.0436078 0.532667 0.0514626 0.292 2.46525e-05
0 0.371885 0.76 0.0471289 0.128 2.4666e-05
0 0.614572 0.92 0.0460455 0.08 2.46814e-05
0 0.907638 0.00533333 0.0503792 0.0106667 2.47041e-05
0 0.666306 0.504667 0.160347 0.628 2.47863e-05
0 0.173889 0.436667 0.0520043 0.0786667 2.48054e-05
0 0.0869447 0.962667 0.134886 0.0746667 2.4952e-05
0 0.838841 0.0606667 0.0850488 0.121333 2.49581e-05
0 0.254605 0.997333 0.0465872 0.00533333 2.50267e-05
0 0.684724 0.52 0.0704225 0.282667 2.50859e-05
0 0.216143 0.036 0.102925 0.072 2.52465e-05
0 0.534128 0.796 0.0476706 0.096 2.5284e-05
0 0.209913 0.278 0.0568797 0.326667 2.53799e-05
0 0.712893 0.100667 0.0736728 0.153333 2.54301e-05
0 0.232665 0.0986667 0.0449621 0.133333 2.55074e-05
0 0.463434 1 0.0687974 0 2.55768e-05
0 0.22156 0.124 0.0238353 0.088 2.56116e-05
0 0.62351 0.885333 0.0270856 0.0533333 2.5622e-05
0 0.156013 0.824667 0.0541712 0.164 2.56521e-05
0 0.404659 0.264667 0.0195016 0.0786667 2.56529e-05
0 0.642741 0.0446667 0.0731311 0.0893333 2.58037e-05
0 0.182286 0.074 0.0471289 0.076 2.59054e-05
0 0.785482 0.0326667 0.071506 0.0653333 2.59244e-05
0 0.77844 0.516 0.0346696 0.0826667 2.59261e-05
0 0.45558 0.261333 0.0325027 0.0533333 2.6041e-05
0 0.373239 0.266667 0.0216685 0.0666667 2.6109e-05
0 0.556338 0.133333 0.0498375 0.266667 2.61113e-05
0 0.893012 0.002 0.0536295 0.004 2.61885e-05
0 0.425515 0.350667 0.0352113 0.138667 2.62615e-05
0 0.441766 0.128667 0.0557963 0.14 2.64009e-05
0 0.162784 0.0993333 0.105634 0.198667 2.64109e-05
0 0.726436 0.790667 0.0606717 0.112 2.65208e-05
0 0.0213976 0.42 0.0232936 0.266667 2.65767e-05
0 0.393554 0.706667 0.024377 0.0453333 2.66106e-05
0 0.146533 0.518 0.0536295 0.126667 2.67159e-05
0 0.538732 0.0486667 0.0568797 0.0973333 2.67556e-05
0 0.227519 0.153333 0.0530878 0.133333 2.69985e-05
0 0.988624 0.629333 0.0227519 0.117333 2.70162e-05
0 0.55688 0.993333 0.0422535 0.0133333 2.70357e-05
0 0.937432 0.074 0.0904659 0.148 2.70451e-05
0 0.679577 0 0.0492958 0 2.70945e-05
0 0.223727 0.554667 0.0476706 0.0826667 2.71042e-05
0 0.371885 0.056 0.0666305 0.112 2.7119e-05
0 0.434995 0.0146667 0.0303359 0.0293333 2.7233e-05
0 0.244312 0.547333 0.0530878 0.1 2.72841e-05
0 0.499187 0.154 0.126219 0.308 2.73074e-05
0 0.704496 0.0666667 0.0178765 0.0586667 2.74126e-05
0 0.00975081 0.959333 0.00866739 0.0813333 2.7546e-05
0 0.461268 0.018 0.0287107 0.0253333 2.75751e-05
0 0.429307 0.238667 0.0547129 0.106667 2.78092e-05
0 0.190141 0.277333 0.063922 0.434667 2.79382e-05
0 0.868906 1 0.056338 0 2.79953e-05
0 0.437161 0.01 0.0574215 0.02 2.80462e-05
0 0.282774 0.032 0.0444204 0.064 2.80836e-05
0 0.542524 0.908 0.0752979 0.117333 2.81027e-05
0 0.568797 0.834667 0.0541712 0.101333 2.81305e-05
0 0.022481 0.120667 0.0276273 0.201333 2.81386e-05
0 0.387595 0.912667 0.0536295 0.129333 2.82613e-05
0 0.584778 0.038 0.0720477 0.076 2.8274e-05
0 0.537649 0.164667 0.00595883 0.028 2.82787e-05
0 0.388678 0.054 0.0666305 0.108 2.82965e-05
0 0.0641928 0.877333 0.095883 0.216 2.84044e-05
0 0.815005 0.968667 0.0861322 0.0626667 2.84059e-05
0 0.418743 0.00933333 0.0368364 0.0186667 2.84418e-05
0 0.932557 0.00533333 0.0482123 0.0106667 2.84469e-05
0 0.51598 1 0.0384615 0 2.84771e-05
0 0.704225 0 0.0498375 0 2.86115e-05
0 0.393012 0.713333 0.0113759 0.048 2.86195e-05
0 0.447454 0.526667 0.0758397 0.229333 2.86251e-05
0 0.553088 0.372 0.106176 0.384 2.86608e-05
0 0.884345 0.022 0.0763814 0.044 2.86682e-05
0 0.153846 0.004 0.0552546 0.008 2.86979e-05
0 0.427681 0.489333 0.0352113 0.16 2.87963e-05
0 0.156013 0.710667 0.0595883 0.106667 2.88199e-05
0 0.526273 0.164 0.0178765 0.0533333 2.89445e-05
0 0.839653 0.002 0.0530878 0.004 2.89624e-05
0 0.260834 0.028 0.0872156 0.056 2.90998e-05
0 0.717226 0.666 0.0400867 0.1 2.91288e-05
0 0.865114 0.668 0.135428 0.154667 2.915e-05
0 0.113489 0.648 0.144637 0.336 2.92189e-05
0 0.113759 0.126667 0.160347 0.253333 2.92698e-05
0 0.041441 0.187333 0.0828819 0.374667 2.93024e-05
0 0.640574 0.0446667 0.0384615 0.0706667 2.93871e-05
0 0.390574 0.133333 0.0379198 0.0693333 2.94277e-05
0 0.284399 0.978667 0.056338 0.0426667 2.94889e-05
0 0.771668 0.739333 0.024377 0.052 2.95033e-05
0 0.336674 0.132667 0.0547129 0.252 2.9531e-05
0 0.773835 0.985333 0.0644637 0.0293333 2.96604e-05
0 0.413326 1 0.0725894 0 2.97398e-05
0 0.408722 0.488 0.0373781 0.0986667 2.98033e-05
0 0.358613 0.849333 0.063922 0.165333 2.99495e-05
0 0.0539003 0.334667 0.107801 0.173333 3.00188e-05
0 0.303629 0 0.0536295 0 3.0247e-05
0 0.51273 0.908667 0.0644637 0.14 3.02717e-05
0 0.606446 0.993333 0.0449621 0.0133333 3.02955e-05
0 0.560943 0.0506667 0.0590466 0.101333 3.03855e-05
0 0.372969 0.274667 0.0102925 0.0533333 3.03883e-05
0 0.686891 0.946 0.0249187 0.076 3.04324e-05
0 0.245125 0.056 0.0265439 0.096 3.04782e-05
0 0.890574 0.908667 0.127844 0.137333 3.05005e-05
0 0.0747562 1 0.0552546 0 3.0554e-05
0 0.40493 0.11 0.024377 0.0733333 3.06066e-05
0 0.33559 1 0.0622969 0 3.09464e-05
0 0.702871 0.132 0.128386 0.264 3.09542e-05
0 0.605634 0.497333 0.0769231 0.178667 3.10025e-05
0 0.910888 0.74 0.0926327 0.0906667 3.10938e-05
0 0.732665 0.748667 0.0124594 0.0173333 3.11817e-05
0 0.753521 0.776 0.0520043 0.114667 3.11818e-05
0 0.486728 0.910667 0.0687974 0.141333 3.12016e-05
0 0.777356 0.640667 0.0390032 0.068 3.13272e-05
0 0.517064 0 0.0471289 0 3.13561e-05
0 0.090195 0.0686667 0.130553 0.137333 3.13993e-05
0 0.485103 0.955333 0.0774648 0.0893333 3.14725e-05
0 0.237811 0.842 0.0465872 0.150667 3.15013e-05
0 0.912784 0.0253333 0.0552546 0.0506667 3.16032e-05
0 0.852654 0.318667 0.104009 0.192 3.16779e-05
0 0.268689 0.996 0.0455038 0.008 3.17001e-05
0 0.343174 0.982 0.0308776 0.036 3.17216e-05
0 0.461268 0.9 0.067714 0.146667 3.17276e-05
0 0.72156 0.762667 0.0368364 0.0373333 3.18033e-05
0 0.0102925 0.0386667 0.0184182 0.0773333 3.19706e-05
0 0.535482 0.148 0.0222102 0.032 3.19728e-05
0 0.750271 0.405333 0.0509209 0.253333 3.20301e-05
0 0.711538 0.762667 0.127302 0.474667 3.226e-05
0 0.216143 0.414667 0.140845 0.56 3.22668e-05
0 0.632449 0.995333 0.0438787 0.00933333 3.23154e-05
0 0.987541 0.687333 0.0249187 0.105333 3.23428e-05
0 0.213434 0.961333 0.0953413 0.0773333 3.23518e-05
0 0.137595 0.991333 0.121343 0.0173333 3.24402e-05
0 0.235103 0.494 0.0693391 0.113333 3.2573e-05
0 0.283586 0.998667 0.0666305 0.00266667 3.26569e-05
0 0.44935 0.514 0.120802 0.518667 3.28946e-05
0 0.479957 0.0206667 0.0368364 0.0413333 3.29604e-05
0 0.408451 0.0126667 0.0487541 0.0253333 3.30978e-05
0 0.635428 0.102 0.071506 0.142667 3.3212e-05
0 0.246479 0.008 0.0671723 0.016 3.33063e-05
0 0.0999458 1 0.0557963 0 3.33512e-05
0 0.751083 0.0246667 0.0178765 0.0306667 3.33956e-05
0 0.818527 0.647333 0.0585049 0.0786667 3.34196e-05
0 0.269231 0.102667 0.0758397 0.157333 3.34484e-05
0 0.618093 0.0393333 0.0790899 0.0786667 3.3521e-05
0 0.85753 0.304667 0.148429 0.582667 3.35889e-05
0 0.417118 0.0493333 0.0227519 0.0693333 3.37117e-05
0 0.771668 0.617333 0.0633803 0.101333 3.38e-05
0 0.432557 0.875333 0.06013 0.129333 3.38851e-05
0 0.490791 1 0.0390032 0 3.40472e-05
0 0.983749 0.108 0.0238353 0.138667 3.40509e-05
0 0.409805 0.531333 0.024377 0.164 3.42191e-05
0 0.670639 0.902 0.0368364 0.161333 3.43856e-05
0 0.964789 0.784 0.0704225 0.288 3.47413e-05
0 0.521398 0.819333 0.0135428 0.0546667 3.48472e-05
0 0.326111 0.953333 0.0346696 0.0533333 3.49832e-05
0 0.764355 0.168 0.0195016 0.04 3.50345e-05
0 0.681203 0.056 0.0731311 0.112 3.51005e-05
0 0.695016 0.976667 0.071506 0.0466667 3.51148e-05
0 0.170368 0.836 0.164139 0.328 3.52506e-05
0 0.579632 0.792667 0.0541712 0.105333 3.53228e-05
0 0.727248 0.648667 0.0276273 0.068 3.53791e-05
0 0.574215 0.169333 0.0260022 0.0453333 3.54703e-05
0 0.914139 0.0226667 0.118635 0.0453333 3.55218e-05
0 0.69312 0.0126667 0.0352113 0.0253333 3.58274e-05
0 0.143554 0.888 0.071506 0.186667 3.60039e-05
0 0.79442 0.180667 0.0720477 0.156 3.60827e-05
0 0.483207 0.0326667 0.0390032 0.0653333 3.62084e-05
0 0.35753 0.144667 0.0195016 0.0573333 3.62966e-05
0 0.580715 0.795333 0.0238353 0.0546667 3.63974e-05
0 0.32909 0.983333 0.039545 0.0333333 3.65082e-05
0 0.45883 0.385333 0.0693391 0.205333 3.66449e-05
0 0.769772 0.993333 0.0411701 0.0133333 3.67909e-05
0 0.0176056 0.564667 0.0352113 0.14 3.68752e-05
0 0.209642 0.578667 0.0400867 0.101333 3.70668e-05
0 0.929577 0.123333 0.140845 0.246667 3.70758e-05
0 0.131365 0.022 0.0514626 0.0386667 3.71624e-05
0 0.539274 0.02 0.0308776 0.04 3.72746e-05
0 0.157367 1 0.067714 0 3.76026e-05
0 0.864843 0.794 0.193391 0.217333 3.76967e-05
0 0.203955 0.486 0.0980498 0.230667 3.77126e-05
0 0.486728 0.988 0.0861322 0.024 3.77528e-05
0 0.313651 0.0753333 0.0238353 0.084 3.80347e-05
0 0.0211268 0.118 0.0422535 0.124 3.80994e-05
0 0.5 0.796667 0.0444204 0.0946667 3.85807e-05
0 0.749729 0.219333 0.0725894 0.153333 3.8627e-05
0 0.263272 0.840667 0.0260022 0.188 3.88661e-05
0 0.416576 0.0773333 0.0238353 0.0693333 3.90228e-05
0 0.417389 0.024 0.0308776 0.048 3.90281e-05
0 0.158451 0.578 0.0514626 0.137333 3.90338e-05
0 0.511647 0.006 0.0612134 0.012 3.91186e-05
0 0.284128 0.988 0.0373781 0.024 3.9128e-05
0 0.971018 0.674667 0.0568797 0.117333 3.92439e-05
0 0.393824 0.262667 0.0227519 0.08 3.92923e-05
0 0.369447 0.148667 0.0227519 0.06 3.9306e-05
0 0.0189599 0.608 0.0260022 0.298667 3.93626e-05
0 0.200704 0.432 0.039545 0.0773333 3.94253e-05
0 0.107801 0.264667 0.152763 0.257333 3.94584e-05
0 0.563922 0.988667 0.084507 0.0226667 3.96991e-05
0 0.668202 0.942667 0.0460455 0.114667 3.97166e-05
0 0.92091 0.032 0.028169 0.0506667 3.97612e-05
0 0.919827 0.01 0.0368364 0.02 3.98283e-05
0 0.721289 0.04 0.0438787 0.08 3.98709e-05
0 0.465601 1 0.039545 0 4.03473e-05
0 0.229415 0.999333 0.0492958 0.00133333 4.03531e-05
0 0.393012 0.142 0.0211268 0.0653333 4.04556e-05
0 0.185265 0.95 0.0953413 0.1 4.05702e-05
0 0.541712 1 0.0390032 0 4.06086e-05
0 0.263543 0.971333 0.088299 0.0573333 4.07938e-05
0 0.352925 0 0.052546 0 4.09536e-05
0 0.800921 0.548 0.0698808 0.112 4.09745e-05
0 0.986186 0.794 0.0276273 0.14 4.09959e-05
0 0.0725894 0.028 0.108342 0.056 4.10912e-05
0 0.118093 0.880667 0.104009 0.238667 4.13308e-05
0 0.600758 1 0.0758397 0 4.1456e-05
0 0.197725 0.615333 0.0476706 0.121333 4.14687e-05
0 0.355092 0.991333 0.0373781 0.0173333 4.14941e-05
0 0.18987 0.998 0.0503792 0.004 4.15081e-05
0 0.235645 0.644667 0.0693391 0.134667 4.16829e-05
0 0.57611 0.916 0.0287107 0.0746667 4.17528e-05
0 0.987812 0.734667 0.0178765 0.106667 4.17716e-05
0 0.206934 0.000666667 0.0552546 0.00133333 4.18827e-05
0 0.978602 0.720667 0.0373781 0.134667 4.19625e-05
0 0.960726 0.952667 0.0785482 0.0946667 4.19849e-05
0 0.660347 0.273333 0.0790899 0.16 4.20219e-05
0 0.569881 0.176667 0.0335861 0.3 4.20235e-05
0 0.461538 0.808 0.0487541 0.0933333 4.21064e-05
0 0.942308 0.831333 0.115385 0.337333 4.2129e-05
0 0.780065 0.132667 0.0487541 0.126667 4.21679e-05
0 0.232665 0.052 0.0341278 0.0826667 4.22677e-05
0 0.817443 0.979333 0.12351 0.0413333 4.22972e-05
0 0.418472 0.46 0.0232936 0.109333 4.26958e-05
0 0.463705 0.26 0.063922 0.152 4.27638e-05
0 0.979686 0.825333 0.0406284 0.0906667 4.28117e-05
0 0.278711 1 0.0471289 0 4.28849e-05
0 0.260563 1 0.0736728 0 4.29541e-05
0 0.86701 0.00266667 0.0547129 0.00533333 4.32105e-05
0 0.890033 0.964 0.176598 0.072 4.32775e-05
0 0.0140845 0.888667 0.0249187 0.222667 4.32978e-05
0 0.842633 1 0.0557963 0 4.34152e-05
0 0.488353 0.802667 0.0276273 0.048 4.34208e-05
0 0.747291 0.0206667 0.0113759 0.028 4.3718e-05
0 0.354821 0.919333 0.0628386 0.129333 4.37304e-05
0 0.217226 0.629333 0.133261 0.469333 4.38358e-05
0 0.527356 0.664667 0.0384615 0.0973333 4.38724e-05
0 0.673619 0.943333 0.0200433 0.0866667 4.39538e-05
0 0.126761 1 0.0520043 0 4.39712e-05
0 0.410347 0.788 0.0406284 0.114667 4.40215e-05
0 0.478332 0.119333 0.0184182 0.092 4.40444e-05
0 0.730228 0.756 0.0249187 0.0293333 4.41644e-05
0 0.959913 0.242 0.0801734 0.484 4.4271e-05
0 0.613218 0.00866667 0.056338 0.0173333 4.44527e-05
0 0.541712 0.166 0.0314193 0.06 4.45775e-05
0 0.661972 0.096 0.0270856 0.0853333 4.47599e-05
0 0.312026 0.952667 0.0769231 0.0946667 4.47942e-05
0 0.406013 0.398667 0.0991333 0.445333 4.47995e-05
0 0.891658 0.972667 0.121343 0.0546667 4.49242e-05
0 0.0211268 0.0266667 0.0422535 0.0533333 4.51028e-05
0 0.169014 0.738667 0.0530878 0.104 4.51272e-05
0 0.52844 0.817333 0.0297941 0.0746667 4.52943e-05
0 0.846425 0.457333 0.0785482 0.173333 4.54855e-05
0 0.969393 0.702667 0.0373781 0.072 4.55503e-05
0 0.426056 0.833333 0.0427952 0.258667 4.57547e-05
0 0.328819 0.928 0.0541712 0.136 4.57662e-05
0 0.976165 0.400667 0.0476706 0.222667 4.59831e-05
0 0.327465 0.0366667 0.039545 0.0653333 4.60205e-05
0 0.971289 0.0166667 0.0465872 0.0333333 4.60212e-05
0 0.97481 0.59 0.0503792 0.169333 4.60875e-05
0 0.631094 0.777333 0.0151679 0.024 4.633e-05
0 0.434724 0.990667 0.0937161 0.0186667 4.68318e-05
0 0.327194 1 0.0390032 0 4.68457e-05
0 0.18039 0.79 0.111593 0.166667 4.6953e-05
0 0.312839 0.00666667 0.0655471 0.0133333 4.70112e-05
0 0.374323 0.584667 0.0400867 0.292 4.72188e-05
0 0.690141 0.740667 0.0585049 0.110667 4.77417e-05
0 0.978602 0.792 0.0427952 0.08 4.82383e-05
0 0.375948 0.64 0.0270856 0.144 4.83548e-05
0 0.406013 0.965333 0.0763814 0.0693333 4.83964e-05
0 0.986999 0.516667 0.0173348 0.142667 4.85429e-05
0 0.274919 0.856 0.0482123 0.130667 4.86015e-05
0 0.562568 0.818 0.0178765 0.0546667 4.86254e-05
0 0.710184 0.732 0.0541712 0.106667 4.89241e-05
0 0.00866739 0.0646667 0.0140845 0.121333 4.90015e-05
0 0.141928 0.0373333 0.139762 0.0746667 4.90464e-05
0 0.374865 0.0253333 0.0238353 0.0506667 4.91185e-05
0 0.289816 0.0393333 0.0758397 0.0786667 4.97657e-05
0 0.71506 0.0146667 0.0216685 0.0213333 4.99576e-05
0 0.236186 0.997333 0.0758397 0.00533333 5.00328e-05
0 0.291983 0.893333 0.0260022 0.0453333 5.02369e-05
0 0.404117 0.367333 0.020585 0.0786667 5.06938e-05
0 0.362134 0.00666667 0.0579632 0.0133333 5.10413e-05
0 0.383532 0.740667 0.0195016 0.068 5.12742e-05
0 0.224269 0.818667 0.0682557 0.362667 5.14827e-05
0 0.0571506 0.349333 0.114301 0.370667 5.21586e-05
0 0.111051 0.996667 0.102925 0.00666667 5.23127e-05
0 0.59182 0.12 0.0330444 0.0986667 5.27644e-05
0 0.124323 1 0.0839653 0 5.28877e-05
0 0.661701 0.99 0.0742145 0.02 5.29063e-05
0 0.204225 0.485333 0.0595883 0.117333 5.33871e-05
0 0.752438 0.171333 0.0552546 0.105333 5.35085e-05
0 0.0119177 0.334667 0.0238353 0.213333 5.35157e-05
0 0.472644 0.118 0.0276273 0.145333 5.37278e-05
0 0.0311484 0.959333 0.0622969 0.0813333 5.37486e-05
0 0.112134 0.0593333 0.12351 0.0866667 5.38264e-05
0 0.352384 0.952 0.0698808 0.096 5.39554e-05
0 0.703413 0.0526667 0.0352113 0.0786667 5.40644e-05
0 0.406013 0.24 0.024377 0.0666667 5.42139e-05
0 0.441495 1 0.0422535 0 5.42721e-05
0 0.844258 0.939333 0.18364 0.121333 5.43579e-05
0 0.762459 1 0.0709642 0 5.45332e-05
0 0.0533586 0.00533333 0.0557963 0.0106667 5.49134e-05
0 0.281961 0.521333 0.0265439 0.0693333 5.5e-05
0 0.590737 0.981333 0.0796316 0.0373333 5.53471e-05
0 0.763272 0.722 0.0736728 0.113333 5.55255e-05
0 0.494583 0.111333 0.0617551 0.153333 5.56212e-05
0 0.770856 0.518 0.0682557 0.161333 5.57102e-05
0 0.991333 0.609333 0.0140845 0.138667 5.5745e-05
0 0.567172 1 0.0433369 0 5.59211e-05
0 0.423619 0.411333 0.0314193 0.18 5.61627e-05
0 0.329361 0 0.0541712 0 5.61833e-05
0 0.285753 0.00533333 0.0633803 0.0106667 5.65771e-05
0 0.338299 0.132 0.0503792 0.12 5.6666e-05
0 0.700704 0.906 0.0622969 0.153333 5.66827e-05
0 0.549567 0.165333 0.0222102 0.088 5.69925e-05
0 0.850217 0.344667 0.0471289 0.0786667 5.71114e-05
0 0.842904 0.907333 0.124594 0.185333 5.72725e-05
0 0.903034 0 0.0541712 0 5.73965e-05
0 0.98429 0.575333 0.0314193 0.316 5.76266e-05
0 0.489978 0.056 0.0666305 0.112 5.76746e-05
0 0.696912 0.773333 0.0438787 0.04 5.82013e-05
0 0.0595883 0.210667 0.119177 0.344 5.82744e-05
0 0.656555 0.994667 0.0455038 0.0106667 5.83317e-05
0 0.22779 0.583333 0.0622969 0.148 5.8496e-05
0 0.416035 1 0.0433369 0 5.85564e-05
0 0.0641928 0.986 0.10455 0.028 5.95014e-05
0 0.260834 0.27 0.0947996 0.198667 5.99294e-05
0 0.427952 0.838 0.0162514 0.0573333 5.99363e-05
0 0.611051 0.804667 0.0498375 0.1 6.01534e-05
0 0.745666 0.018 0.0265439 0.0253333 6.02531e-05
0 0.973727 0.886 0.052546 0.102667 6.02775e-05
0 0.58234 0.256667 0.0704225 0.116 6.03856e-05
0 0.592904 1 0.0438787 0 6.04044e-05
0 0.0381907 0.626667 0.0763814 0.589333 6.08408e-05
0 0.333424 0.134667 0.0308776 0.0693333 6.14339e-05
0 0.0641928 0.760667 0.128386 0.478667 6.14567e-05
0 0.063922 0.0253333 0.121343 0.0506667 6.19777e-05
0 0.212622 0.0593333 0.067714 0.110667 6.22883e-05
0 0.898158 0.006 0.0910076 0.012 6.27528e-05
0 0.171181 0.644667 0.0509209 0.132 6.28034e-05
0 0.263272 0.0353333 0.0704225 0.0706667 6.35118e-05
0 0.167931 0.0233333 0.0953413 0.0466667 6.35574e-05
0 0.0138137 0.990667 0.0276273 0.0186667 6.35782e-05
0 0.022481 0.982 0.0449621 0.036 6.36325e-05
0 0.213705 0.622 0.0850488 0.196 6.36846e-05
0 0.438516 0.122 0.106717 0.244 6.40025e-05
0 0.172264 0.469333 0.0541712 0.0906667 6.40543e-05
0 0.41143 0.91 0.0633803 0.134667 6.42079e-05
0 0.40818 0.973333 0.039545 0.0426667 6.44667e-05
0 0.36701 0.147333 0.0460455 0.284 6.44806e-05
0 0.776002 0.258667 0.031961 0.101333 6.47584e-05
0 0.796045 0.231333 0.0276273 0.0573333 6.49017e-05
0 0.791712 0.01 0.0655471 0.02 6.57527e-05
0 0.192579 0.0613333 0.109967 0.122667 6.59128e-05
0 0.679848 1 0.0411701 0 6.59686e-05
0 0.255959 0.652 0.0731311 0.197333 6.60616e-05
0 0.630011 1 0.0455038 0 6.64692e-05
0 0.459642 0.0326667 0.0287107 0.0653333 6.66184e-05
0 0.231582 0.00133333 0.052546 0.00266667 6.66495e-05
0 0.178494 0.722 0.102384 0.142667 6.68727e-05
0 0.179307 0.0246667 0.0520043 0.0493333 6.71248e-05
0 0.790628 0 0.0514626 0 6.74466e-05
0 0.551192 0.196 0.0308776 0.0986667 6.77441e-05
0 0.270043 0.39 0.112134 0.241333 6.79898e-05
0 0.799567 0.492667 0.0249187 0.036 6.81603e-05
0 0.346154 0.137333 0.0270856 0.0586667 6.81831e-05
0 0.669556 0.838 0.0444204 0.318667 6.82302e-05
0 0.0950704 0.00866667 0.0763814 0.0173333 6.85909e-05
0 0.637866 0.988 0.088299 0.024 6.86043e-05
0 0.705309 1 0.0411701 0 6.87598e-05
0 0.789816 1 0.0823402 0 6.8868e-05
0 0.79442 0.996667 0.0492958 0.00666667 6.89662e-05
0 0.0576923 0.104667 0.115385 0.209333 6.90739e-05
0 0.574215 0.932667 0.071506 0.1 6.90911e-05
0 0.934182 0.0193333 0.0752979 0.0386667 6.92068e-05
0 0.571506 0.806667 0.0238353 0.0746667 6.95289e-05
0 0.539003 0.114667 0.0314193 0.112 6.95703e-05
0 0.777898 0.644 0.0801734 0.0773333 6.95727e-05
0 0.278169 0 0.0547129 0 6.99141e-05
0 0.627302 0.936 0.0910076 0.088 7.04753e-05
0 0.0479415 1 0.0622969 0 7.07088e-05
0 0.761918 0.006 0.0709642 0.012 7.12063e-05
0 0.23104 0.026 0.0406284 0.052 7.12463e-05
0 0.725081 0.996 0.0763814 0.008 7.13577e-05
0 0.166847 1 0.0509209 0 7.16807e-05
0 0.379198 1 0.0433369 0 7.18801e-05
0 0.977519 0.531333 0.0438787 0.196 7.19131e-05
0 0.330444 0.100667 0.0238353 0.084 7.20287e-05
0 0.00731311 0.985333 0.0124594 0.0293333 7.2202e-05
0 0.0330444 0.283333 0.0660888 0.374667 7.24594e-05
0 0.622156 0.799333 0.0232936 0.06 7.25199e-05
0 0.377844 0.715333 0.0460455 0.252 7.25354e-05
0 0.769772 0.578 0.460455 0.844 7.2666e-05
0 0.566089 0.516667 0.0617551 0.164 7.33707e-05
0 0.0154388 0.014 0.0308776 0.028 7.35534e-05
0 0.587486 0.00733333 0.0698808 0.0146667 7.38049e-05
0 0.252979 0.52 0.092091 0.173333 7.40165e-05
0 0.877573 0 0.0552546 0 7.41657e-05
0 0.754334 0.422667 0.024377 0.056 7.43892e-05
0 0.730769 0.0106667 0.0650054 0.0213333 7.59882e-05
0 0.751354 0.280667 0.100758 0.369333 7.61209e-05
0 0.523294 0.152 0.0238353 0.0906667 7.65069e-05
0 0.936891 0.972667 0.111051 0.0546667 7.68199e-05
0 0.116468 0.473333 0.166847 0.208 7.68603e-05
0 0.29415 0.876667 0.0227519 0.0573333 7.70222e-05
0 0.312297 0.919333 0.06013 0.0893333 7.70714e-05
0 0.97454 0.822667 0.0509209 0.165333 7.72806e-05
0 0.728332 1 0.0460455 0 7.81063e-05
0 0.669285 0.991333 0.0417118 0.0173333 7.83815e-05
0 0.308776 0.985333 0.0455038 0.0293333 7.84385e-05
0 0.321235 0.976 0.0422535 0.0373333 7.84812e-05
0 0.233749 0.0326667 0.067714 0.0653333 7.90635e-05
0 0.463976 0.832667 0.0373781 0.0786667 7.90796e-05
0 0.985915 0.454667 0.028169 0.274667 7.90931e-05
0 0.204225 0.542667 0.0595883 0.136 7.94453e-05
0 0.171993 0.55 0.0536295 0.121333 8.02346e-05
0 0.625135 0.779333 0.020585 0.0226667 8.03345e-05
0 0.989166 0.67 0.0184182 0.0573333 8.05458e-05
0 0.238082 0.994667 0.109967 0.0106667 8.05474e-05
0 0.227248 1 0.0514626 0 8.05761e-05
0 0.557421 0.0173333 0.0227519 0.0346667 8.06171e-05
0 0.926327 0.276667 0.127844 0.553333 8.09305e-05
0 0.437703 0.816667 0.0162514 0.0573333 8.11785e-05
0 0.671723 0.79 0.028169 0.0893333 8.18727e-05
0 0.148971 0.579333 0.0866739 0.201333 8.20209e-05
0 0.721018 0.0153333 0.0216685 0.0306667 8.22458e-05
0 0.471289 0.118 0.0173348 0.0973333 8.24968e-05
0 0.0877573 0 0.0552546 0 8.25014e-05
0 0.0249187 0.842667 0.0487541 0.314667 8.28731e-05
0 0.322048 0.0933333 0.0167931 0.0986667 8.32495e-05
0 0.98104 0.344667 0.0379198 0.172 8.35317e-05
0 0.112947 0.0293333 0.124052 0.0586667 8.36205e-05
0 0.392741 0.631333 0.0433369 0.276 8.39422e-05
0 0.335861 0.00266667 0.0725894 0.00533333 8.42367e-05
0 0.113489 0 0.0557963 0 8.42729e-05
0 0.751625 0.408 0.0460455 0.0986667 8.46974e-05
0 0.752979 1 0.0422535 0 8.49302e-05
0 0.482394 0.123333 0.0330444 0.246667 8.49731e-05
0 0.401679 0.272667 0.0568797 0.158667 8.54565e-05
0 0.814735 0 0.0520043 0 8.55777e-05
0 0.0514626 0.410667 0.102925 0.149333 8.59607e-05
0 0.780607 0.339333 0.0476706 0.0973333 8.6177e-05
0 0.986999 0.412 0.0260022 0.104 8.71397e-05
0 0.387053 0.992667 0.0850488 0.0146667 8.7644e-05
0 0.455309 0.082 0.0482123 0.0893333 8.76575e-05
0 0.152221 0 0.056338 0 8.77586e-05
0 0.757855 0.404 0.0270856 0.064 8.83653e-05
0 0.302546 1 0.0492958 0 8.88739e-05
0 0.708559 0.016 0.0617551 0.032 8.88826e-05
0 0.00704225 0.91 0.00975081 0.142667 8.92477e-05
0 0.336132 0.978667 0.0655471 0.0426667 8.95933e-05
0 0.310943 0.999333 0.071506 0.00133333 9.02439e-05
0 0.00947996 1 0.0189599 0 9.05683e-05
0 0.913868 0.02 0.0195016 0.0293333 9.10488e-05
0 0.402492 0.156 0.0335861 0.12 9.12875e-05
0 0.813109 0.990667 0.0888407 0.0186667 9.1731e-05
0 0.0327736 0.152 0.0655471 0.304 9.17766e-05
0 0.161159 0.653333 0.0969664 0.256 9.19144e-05
0 0.75623 0.982667 0.0465872 0.0346667 9.28914e-05
0 0.721289 0.864667 0.0752979 0.238667 9.29977e-05
0 0.547942 0.0293333 0.0189599 0.0586667 9.36965e-05
0 0.653304 0.098 0.102925 0.196 9.40099e-05
0 0.764626 0.141333 0.0406284 0.096 9.41997e-05
0 0.191766 0.994 0.109426 0.012 9.42715e-05
0 0.35428 1 0.0400867 0 9.46543e-05
0 0.392199 0.474 0.00650054 0.0386667 9.4697e-05
0 0.190141 1 0.0530878 0 9.47092e-05
0 0.464518 0.028 0.0503792 0.056 9.50429e-05
0 0.270585 0.386667 0.147887 0.482667 9.59546e-05
0 0.820964 0.024 0.0752979 0.048 9.6099e-05
0 0.408722 0.014 0.0698808 0.028 9.67248e-05
0 0.946641 0.966667 0.0742145 0.0666667 9.69638e-05
0 0.0113759 0.764667 0.0227519 0.292 9.72615e-05
0 0.15818 0.48 0.0736728 0.136 9.7918e-05
0 0.961809 0.024 0.0763814 0.048 9.80408e-05
0 0.178765 0 0.0552546 0 9.82307e-05
0 0.558776 0.122 0.0362947 0.108 9.82321e-05
0 0.816901 1 0.0541712 0 9.82364e-05
0 0.40818 0.406667 0.0417118 0.290667 9.92465e-05
0 0.605634 0.134 0.0108342 0.0226667 9.97123e-05
0 0.386511 0.466667 0.0211268 0.0266667 9.99255e-05
0 0.332882 0.600667 0.665764 0.798667 0.00010057
0 0.358884 0.986 0.0666305 0.028 0.000100807
0 0.663055 1 0.0790899 0 0.000101113
0 0.403575 0.0493333 0.0227519 0.0746667 0.000102812
0 0.861051 0.734 0.0557963 0.102667 0.000102863
0 0.377302 0.590667 0.0265439 0.12 0.000103206
0 0.767335 0.294 0.0406284 0.14 0.000103288
0 0.234832 0.524667 0.0492958 0.092 0.000104449
0 0.035753 0.427333 0.071506 0.342667 0.00010468
0 0.590466 0.913333 0.0422535 0.0853333 0.000104896
0 0.00704225 0.294667 0.0140845 0.157333 0.000105008
0 0.394095 0.462667 0.0200433 0.0293333 0.000105168
0 0.981853 0.262 0.0362947 0.153333 0.000105424
0 0.92714 0.0233333 0.0297941 0.0253333 0.000105829
0 0.595612 0.869333 0.120802 0.261333 0.000105891
0 0.851571 0 0.0552546 0 0.000106946
0 0.87649 0.969333 0.0899242 0.0613333 0.000107263
0 0.402763 0.282 0.031961 0.121333 0.00010752
0 0.396533 0.698 0.0411701 0.137333 0.000107616
0 0.374323 0.510667 0.0195016 0.0746667 0.000107746
0 0.630282 0.78 0.0211268 0.0453333 0.000108137
0 0.98727 0.996 0.0254605 0.008 0.000108324
0 0.537107 0.012 0.052546 0.024 0.000108533
0 0.086403 1 0.0926327 0 0.000109166
0 0.709642 0.905333 0.0552546 0.0853333 0.000110808
0 0.0197725 0.365333 0.039545 0.304 0.0001109
0 0.0360238 0.0653333 0.0720477 0.130667 0.000112524
0 0.0200433 0.997333 0.0400867 0.00533333 0.000112802
0 0.15493 0.0213333 0.0520043 0.0426667 0.000113152
0 0.374052 0.471333 0.0384615 0.270667 0.000113451
0 0.0113759 0.908 0.0119177 0.184 0.000114372
0 0.589924 0.655333 0.0790899 0.121333 0.000115098
0 0.39545 0.541333 0.0400867 0.245333 0.000116143
0 0.398429 0.354 0.0341278 0.233333 0.000116173
0 0.986728 0.962 0.0265439 0.068 0.000116305
0 0.463705 0.094 0.0216685 0.134667 0.000116426
0 0.642199 0.0166667 0.0731311 0.0333333 0.000116449
0 0.942579 0 0.0552546 0 0.000116744
0 0.823673 0.423333 0.105634 0.377333 0.00011715
0 0.65493 1 0.0476706 0 0.000117236
0 0.671452 0.841333 0.0308776 0.168 0.000117404
0 0.989707 0.57 0.020585 0.182667 0.000117985
0 0.96831 0.99 0.0557963 0.02 0.000119779
0 0.348321 0.933333 0.0260022 0.048 0.000119971
0 0.808505 0.638667 0.128386 0.357333 0.000120092
0 0.374323 0.516 0.0270856 0.130667 0.000120358
0 0.572048 0.678 0.056338 0.113333 0.000120921
0 0.260022 0.751333 0.0465872 0.129333 0.000121349
0 0.558234 0.0173333 0.0503792 0.0346667 0.000121476
0 0.532774 0.158667 0.0189599 0.0346667 0.000121601
0 0.156013 0.0446667 0.0509209 0.0573333 0.000122153
0 0.387595 0.395333 0.0362947 0.281333 0.000122615
0 0.11403 0.00266667 0.13922 0.00533333 0.000124309
0 0.0547129 0.523333 0.106176 0.318667 0.000124461
0 0.680119 0.0133333 0.0460455 0.0266667 0.000124568
0 0.108072 0.41 0.189057 0.598667 0.000125634
0 0.413326 0.539333 0.084507 0.369333 0.000125813
0 0.31013 0.976667 0.0698808 0.0466667 0.000126545
0 0.67389 0.088 0.0520043 0.176 0.000126841
0 0.0503792 0 0.056338 0 0.000127564
0 0.687161 0.985333 0.0503792 0.0293333 0.000127682
0 0.650325 0.0666667 0.024377 0.096 0.000127754
0 0.972644 0.972 0.052546 0.0506667 0.000128115
0 0.555525 0.0133333 0.0362947 0.0266667 0.000128148
0 0.401138 0.0986667 0.039545 0.197333 0.000128755
0 0.377573 0.351333 0.0346696 0.289333 0.000129138
0 0.403304 0.022 0.0297941 0.044 0.000129369
0 0.790358 0.503333 0.0335861 0.084 0.000130421
0 0.817985 0.002 0.112676 0.004 0.000130606
0 0.594258 0.303333 0.0910076 0.294667 0.000133695
0 0.252167 0 0.0557963 0 0.000133902
0 0.978602 0.0926667 0.0427952 0.153333 0.000134531
0 0.287107 0.993333 0.0671723 0.0133333 0.000134622
0 0.583965 0.363333 0.0422535 0.121333 0.000134638
0 0.181473 0.542667 0.115926 0.226667 0.000134662
0 0.150596 0.0326667 0.099675 0.0626667 0.00013483
0 0.383532 0.271333 0.0335861 0.297333 0.000135282
0 0.792253 1 0.0503792 0 0.000135607
0 0.394366 0.628 0.0260022 0.141333 0.000136177
0 0.447725 0.0166667 0.0200433 0.028 0.00013675
0 0.181203 0.0486667 0.0514626 0.06 0.0001371
0 0.225352 0.431333 0.450704 0.862667 0.000137704
0 0.956934 0.00133333 0.0547129 0.00266667 0.000138762
0 0.849675 0.00733333 0.0904659 0.0146667 0.000138914
0 0.98104 0.968667 0.0379198 0.0626667 0.000141784
0 0.551192 0.68 0.0536295 0.192 0.000142314
0 0.985915 0.105333 0.028169 0.210667 0.000142878
0 0.00731311 0.658667 0.0146262 0.152 0.000143627
0 0.383261 0.506667 0.0211268 0.0746667 0.000144102
0 0.157096 0.92 0.0530878 0.144 0.00014527
0 0.401408 0.608 0.0184182 0.109333 0.000146032
0 0.567985 0.166 0.0200433 0.028 0.000146478
0 0.385157 0.0846667 0.0433369 0.169333 0.000147832
0 0.684724 0.854 0.035753 0.158667 0.00014792
0 0.00839653 0.202 0.0157096 0.233333 0.000149205
0 0.720748 0.0166667 0.0308776 0.012 0.000149726
0 0.123239 0.796 0.157638 0.389333 0.000151005
0 0.98402 0.022 0.031961 0.044 0.000151091
0 0.562297 0.357333 0.071506 0.149333 0.000154128
0 0.859426 0.82 0.281148 0.36 0.000154142
0 0.253792 0.87 0.0449621 0.124 0.000155135
0 0.0189599 0.728667 0.0379198 0.412 0.000156369
0 0.375406 0.102 0.0184182 0.0573333 0.000157127
0 0.721831 0.018 0.0113759 0.0226667 0.000158523
0 0.190412 0.00666667 0.116468 0.0133333 0.000159377
0 0.68364 0.99 0.0368364 0.02 0.000163776
0 0.702058 0.974 0.0270856 0.0386667 0.000164086
0 0.555796 0.018 0.0130011 0.036 0.000167391
0 0.68039 0.0233333 0.071506 0.0466667 0.000169179
0 0.206934 0.0473333 0.0520043 0.0653333 0.000169935
0 0.472914 0.826667 0.0162514 0.0613333 0.000169972
0 0.714789 0.807333 0.0330444 0.1 0.000171919
0 0.028169 1 0.0530878 0 0.000172666
0 0.139762 0.544667 0.145179 0.284 0.000173148
0 0.408992 0.406 0.0270856 0.150667 0.000173797
0 0.390574 0.475333 0.0216685 0.118667 0.000173868
0 0.00947996 0.114667 0.0189599 0.186667 0.000174006
0 0.0308776 0.993333 0.0617551 0.0133333 0.000174589
0 0.779523 0.388667 0.440953 0.777333 0.00017586
0 0.204496 0 0.0557963 0 0.000178376
0 0.204225 0.0273333 0.0520043 0.0546667 0.000178936
0 0.00704225 0.898667 0.0140845 0.202667 0.000179156
0 0.0165222 0.0466667 0.0330444 0.0933333 0.000179282
0 0.602925 0.134 0.0238353 0.044 0.000180384
0 0.745395 0.865333 0.124594 0.269333 0.000181458
0 0.387324 0.02 0.0585049 0.04 0.000181704
0 0.785753 0.696 0.0785482 0.133333 0.000182387
0 0.569881 0.165333 0.0216685 0.0853333 0.000182989
0 0.979144 0.162667 0.0417118 0.213333 0.000183301
0 0.0287107 0.473333 0.0487541 0.224 0.000183512
0 0.112405 0.0126667 0.119718 0.0253333 0.000186918
0 0.385699 0.603333 0.0260022 0.1 0.000188072
0 0.82611 1 0.0964247 0 0.000189408
0 0.25948 0.000666667 0.0812568 0.00133333 0.000189916
0 0.00785482 0.597333 0.0157096 0.154667 0.000190156
0 0.922264 0.975333 0.1013 0.0493333 0.000191394
0 0.181744 0.595333 0.0807151 0.172 0.000193401
0 0.384615 0.0166667 0.0303359 0.0333333 0.000193724
0 0.423619 0.558667 0.028169 0.157333 0.000194432
0 0.987541 0.156 0.020585 0.2 0.000194607
0 0.0111051 0.711333 0.0146262 0.284 0.000195877
0 0.424973 0.475333 0.0417118 0.358667 0.000197396
0 0.171993 0.516 0.0763814 0.152 0.000197531
0 0.0723185 0.012 0.106717 0.024 0.000198952
0 0.966143 1 0.0579632 0 0.000200319
0 0.0108342 0.804 0.0119177 0.274667 0.000203476
0 0.00947996 0.476667 0.0189599 0.156 0.000203898
0 0.374594 0.268667 0.0222102 0.134667 0.000206196
0 0.396262 0.233333 0.0438787 0.096 0.000207063
0 0.985374 0.044 0.0292524 0.088 0.00020842
0 0.868635 0.0226667 0.0980498 0.0453333 0.0002104
0 0.986999 0.334 0.0260022 0.244 0.000210875
0 0.223185 0.00133333 0.0877573 0.00266667 0.00021293
0 0.0162514 0.462667 0.0325027 0.237333 0.000213049
0 0.389762 0.48 0.0178765 0.0453333 0.000213555
0 0.211538 1 0.0828819 0 0.000214681
0 0.97779 0.00666667 0.0444204 0.0133333 0.00021494
0 0.99052 0.438 0.0178765 0.172 0.000215717
0 0.381636 0.722667 0.0287107 0.0933333 0.000219069
0 0.444475 0.058 0.0687974 0.116 0.000220287
0 0.730769 0.968 0.063922 0.064 0.000222925
0 0.266793 0.792 0.0492958 0.28 0.000224267
0 0.369447 0.153333 0.0292524 0.12 0.000225124
0 0.153575 0.379333 0.307151 0.758667 0.000236516
0 0.162243 0.0533333 0.0980498 0.0746667 0.000241823
0 0.22779 0 0.0557963 0 0.000246502
0 0.0100217 0.294667 0.0167931 0.248 0.000253233
0 0.876761 0.999333 0.102384 0.00133333 0.000256104
0 0.552004 0.0346667 0.00758397 0.032 0.000259685
0 0.455038 0.0913333 0.0400867 0.182667 0.000261349
0 0.811484 0.629333 0.0487541 0.04 0.000263553
0 0.0092091 0.538 0.0184182 0.156 0.000264321
0 0.396804 0.542667 0.0265439 0.130667 0.000265305
0 0.56338 0.186 0.0346696 0.0733333 0.000269555
0 0.549837 0.0346667 0.0238353 0.032 0.000274887
0 0.472102 0.103333 0.0861322 0.206667 0.000276994
0 0.59805 0.392667 0.8039 0.785333 0.000277731
0 0.37649 0.399333 0.0227519 0.134667 0.000279471
0 0.887324 0.985333 0.109426 0.0293333 0.000283191
0 0.970206 0.0186667 0.0595883 0.0373333 0.000287078
0 0.294691 0.882 0.0184182 0.0306667 0.000287921
0 0.304171 0.992 0.052546 0.016 0.000290268
0 0.847237 0.89 0.229686 0.137333 0.000291352
0 0.321777 0.084 0.035753 0.168 0.000297655
0 0.160076 0.520667 0.22481 0.526667 0.000310874
0 0.975894 0.282 0.0482123 0.238667 0.000315005
0 0.958017 0.981333 0.0839653 0.0373333 0.000317549
0 0.423077 0.618 0.0227519 0.118667 0.000318485
0 0.00650054 0.787333 0.0130011 0.281333 0.000320523
0 0.398158 0.352667 0.0260022 0.108 0.000321568
0 0.399242 0.0826667 0.0335861 0.114667 0.000323472
0 0.380553 0.378 0.0222102 0.0786667 0.00032784
0 0.38922 0.356667 0.0157096 0.092 0.000328117
0 0.388407 0.724667 0.0184182 0.0706667 0.000332421
0 0.388407 0.104667 0.0173348 0.0493333 0.000333496
0 0.432557 0.832667 0.0297941 0.076 0.000345056
0 0.0111051 0.386 0.0146262 0.257333 0.000345453
0 0.111051 0.22 0.206934 0.44 0.000349565
0 0.972102 0.947333 0.0536295 0.105333 0.000355914
0 0.924431 0.996667 0.116468 0.00666667 0.00036042
0 0.388407 0.384667 0.020585 0.102667 0.000361029
0 0.199621 0.036 0.0980498 0.072 0.000362927
0 0.37649 0.477333 0.0249187 0.104 0.000363247
0 0.0111051 0.646 0.0222102 0.305333 0.000363915
0 0.020585 0.552 0.0411701 0.325333 0.000369399
0 0.386782 0.176667 0.0216685 0.0866667 0.000374794
0 0.743499 0.982 0.0460455 0.0253333 0.000377809
0 0.695558 0.843333 0.0498375 0.241333 0.000392458
0 0.384886 0.476 0.0189599 0.072 0.000396056
0 0.966414 0.992667 0.0671723 0.0146667 0.000398312
0 0.397887 0.042 0.0460455 0.084 0.000408014
0 0.416576 0.59 0.0487541 0.196 0.000425479
0 0.987541 0.326667 0.020585 0.144 0.000427108
0 0.414951 0.480667 0.0292524 0.201333 0.000430938
0 0.482124 0.816 0.0292524 0.0853333 0.000431429
0 0.990249 0.105333 0.0195016 0.181333 0.000448648
0 0.98727 0.0146667 0.024377 0.0293333 0.000455625
0 0.177952 0.697333 0.355905 0.605333 0.000460797
0 0.979415 0.002 0.0411701 0.004 0.000468833
0 0.748646 0.966667 0.0433369 0.064 0.000471243
0 0.890845 0.000666667 0.122969 0.00133333 0.000484528
0 0.549837 0.0273333 0.0130011 0.0386667 0.000492256
0 0.377302 0.0493333 0.0297941 0.0986667 0.000499611
0 0.716956 0.5 0.566089 1 0.000503482
0 0.695016 0.806 0.0476706 0.1 0.000511373
0 0.0092091 0.602 0.0130011 0.286667 0.000521353
0 0.311484 0.986667 0.0812568 0.0266667 0.000522481
0 0.378657 0.232667 0.0162514 0.0466667 0.000524643
0 0.380011 0.351333 0.0167931 0.102667 0.000529593
0 0.982936 0.871333 0.0341278 0.164 0.000535179
0 0.385699 0.258 0.0184182 0.0973333 0.0005353
0 0.985103 0.22 0.0297941 0.277333 0.000546231
0 0.035753 0.012 0.063922 0.024 0.000554889
0 0.970206 0.890667 0.0595883 0.218667 0.000556866
0 0.675244 0.0466667 0.0287107 0.088 0.000611369
0 0.843987 0.870667 0.183099 0.258667 0.000622242
0 0.923619 0.988667 0.121343 0.0226667 0.0006408
0 0.38597 0.350667 0.0157096 0.0213333 0.000642381
0 0.454496 0.0806667 0.0270856 0.137333 0.000652769
0 0.944204 0.00133333 0.0953413 0.00266667 0.000655702
0 0.2974 0.5 0.5948 1 0.000663506
0 0.56338 0.170667 0.0184182 0.048 0.000693023
0 0.484832 0.0686667 0.0303359 0.129333 0.000697387
0 0.388137 0.35 0.00812568 0.0386667 0.000776976
0 0.719664 0.98 0.06013 0.04 0.000789696
0 0.386782 0.054 0.0249187 0.0973333 0.000796429
0 0.340737 0.934 0.0303359 0.132 0.000803755
0 0.0127302 0.526 0.0189599 0.284 0.000805082
0 0.772481 0.180667 0.0292524 0.0733333 0.00081069
0 0.378115 0.078 0.0195016 0.092 0.000817581
0 0.387866 0.343333 0.0173348 0.0253333 0.000857501
0 0.990791 0.378 0.0184182 0.134667 0.00086989
0 0.552004 0.024 0.0140845 0.0213333 0.00088128
0 0.160347 0.846667 0.092091 0.298667 0.000895149
0 0.987812 0.0573333 0.0189599 0.114667 0.00090121
0 0.652763 0.038 0.0314193 0.0493333 0.000921504
0 0.77546 0.220667 0.039545 0.118667 0.000922645
0 0.990249 0.264 0.0195016 0.253333 0.000952873
0 0.707205 0.854 0.0427952 0.134667 0.000974203
0 0.393283 0.0233333 0.0335861 0.044 0.00102274
0 0.378115 0.231333 0.0227519 0.0813333 0.00104352
0 0.964247 0 0.056338 0 0.00107846
0 0.563922 0.655333 0.101842 0.233333 0.00113521
0 0.0268147 0.002 0.0536295 0.004 0.0011639
0 0.386782 0.224 0.0173348 0.0373333 0.00119
0 0.826923 0.405333 0.0579632 0.16 0.00125617
0 0.774919 0.162667 0.0135428 0.0453333 0.00143997
0 0.657096 0.0626667 0.0422535 0.125333 0.00161049
0 0.573131 0.566667 0.626219 0.866667 0.00167186
0 0.385157 0.348 0.0119177 0.0533333 0.00171151
0 0.607259 0.893333 0.0899242 0.213333 0.00189541
0 0.384615 0.082 0.0162514 0.0546667 0.0021233
0 0.267606 0.616667 0.419285 0.766667 0.00218999
0 0.979957 0.929333 0.0400867 0.12 0.00222989
0 0.708288 0.984667 0.0406284 0.028 0.0022703
0 0.770585 0.17 0.0167931 0.0493333 0.00233494
0 0.661701 0.0306667 0.0547129 0.0613333 0.0024045
0 0.323402 0.0706667 0.0260022 0.0826667 0.0026428
0 0.734832 0.926 0.0904659 0.148 0.00304363
0 0.776273 0.301333 0.0433369 0.248 0.00328741
0 0.380823 0.0873333 0.0140845 0.036 0.00334898
0 0.791441 0.354 0.417118 0.708 0.00355131
0 0.246479 0.812 0.071506 0.258667 0.00367831
0 0.707476 0.826667 0.0292524 0.101333 0.00402113
0 0.329902 0.968667 0.0552546 0.0626667 0.00415383
0 0.407367 0.591333 0.0260022 0.150667 0.00441838
0 0.709101 0.958667 0.0455038 0.0613333 0.00459485
0 0.381907 0.0973333 0.00650054 0.0373333 0.00468329
0 0.574756 0.416667 0.465872 0.833333 0.00621271
0 0.723456 0.673333 0.400325 0.653333 0.00629983
0 0.381094 0.22 0.0113759 0.0426667 0.00778132
0 0.738353 0.946 0.0552546 0.076 0.00916426
0 0.383261 0.227333 0.0092091 0.028 0.00987314
0 0.823131 0.342 0.0720477 0.196 0.011317
0 0.802004 0.642 0.0471289 0.161333 0.0139787
0 0.661972 0.0486667 0.0400867 0.0813333 0.0561543
0 0.796045 0.268 0.0232936 0.114667 0.0573931
0 0.339653 0.940667 0.0249187 0.0546667 0.0926422
0 0.253792 0.802667 0.0427952 0.194667 0.16631
0 0.837486 0.37 0.0541712 0.118667 0.603675
0 0.417389 0.591333 0.0276273 0.145333 0.719283
0 0.78792 0.284 0.0373781 0.154667 0.742984
0 0.717768 0.936 0.0769231 0.12 0.778603
0 0.603467 0.896 0.0606717 0.0826667 0.826114
0 0.800379 0.640667 0.0590466 0.0626667 0.828573
0 0.558776 0.66 0.0547129 0.0773333 0.844584
0 0.473456 0.0706667 0.0325027 0.141333 0.853869
0 0.586132 0.33 0.056338 0.118667 0.899903
