0 0.168472 0.240667 0.218852 0.481333 1.24663e-05
0 0.206934 0.967333 0.0444204 0.044 1.24901e-05
0 0.732123 0.552 0.0406284 0.056 1.24948e-05
0 0.329902 0.00133333 0.0498375 0.00266667 1.2516e-05
0 0.472373 0.0906667 0.0314193 0.101333 1.25725e-05
0 0.568797 0.0513333 0.0390032 0.0653333 1.25794e-05
0 0.221018 0.0913333 0.0400867 0.0813333 1.26381e-05
0 0.76273 0.325333 0.0552546 0.344 1.26393e-05
0 0.864572 0.291333 0.0303359 0.0333333 1.27954e-05
0 0.518147 0.375333 0.14247 0.572 1.28172e-05
0 0.755688 0.398 0.0520043 0.169333 1.28249e-05
0 0.714518 0.437333 0.092091 0.250667 1.29048e-05
0 0.0541712 0.772 0.0866739 0.266667 1.29381e-05
0 0.484561 0.396667 0.0980498 0.270667 1.29544e-05
0 0.0176056 0.696 0.0352113 0.130667 1.29596e-05
0 0.411159 0.0873333 0.028169 0.1 1.29811e-05
0 0.72454 0.156 0.170639 0.312 1.30213e-05
0 0.181744 0.488 0.0536295 0.136 1.31032e-05
0 0.786836 0.0953333 0.06013 0.156 1.31246e-05
0 0.698537 0.982 0.0644637 0.036 1.31252e-05
0 0.58234 0.646667 0.0487541 0.16 1.31475e-05
0 0.265439 0.964667 0.0855905 0.0706667 1.32443e-05
0 0.821777 0.375333 0.0422535 0.0786667 1.32575e-05
0 0.403304 0.344667 0.0850488 0.284 1.32734e-05
0 0.167931 0.396 0.0552546 0.128 1.32924e-05
0 0.823131 0.173333 0.0427952 0.064 1.33238e-05
0 0.163326 0.276667 0.126219 0.262667 1.33848e-05
0 0.144908 0.612667 0.0536295 0.121333 1.33925e-05
0 0.582882 0.646 0.0693391 0.292 1.34628e-05
0 0.436891 0.282 0.0427952 0.108 1.34783e-05
0 0.346154 0.947333 0.0325027 0.0866667 1.34804e-05
0 0.355092 0.00333333 0.0492958 0.00666667 1.35045e-05
0 0.21208 0.222 0.0687974 0.281333 1.3517e-05
0 0.96831 0.956 0.0633803 0.088 1.35976e-05
0 0.422535 0.979333 0.0411701 0.028 1.36106e-05
0 0.338841 0.914667 0.0828819 0.170667 1.3644e-05
0 0.495937 0.247333 0.0113759 0.036 1.36519e-05
0 0.660618 0.988 0.0460455 0.016 1.37078e-05
0 0.428765 0.261333 0.155471 0.522667 1.37471e-05
0 0.767335 0.270667 0.141387 0.541333 1.38193e-05
0 0.366739 0.352667 0.0509209 0.182667 1.38217e-05
0 0.0289816 0.764667 0.0579632 0.273333 1.38411e-05
0 0.836945 0.115333 0.0530878 0.148 1.39171e-05
0 0.433911 0.99 0.0628386 0.02 1.3923e-05
0 0.768147 1 0.0422535 0 1.40345e-05
0 0.464789 0.385333 0.146262 0.568 1.4115e-05
0 0.371343 0.408667 0.161972 0.566667 1.41368e-05
0 0.365385 0 0.0503792 0 1.4144e-05
0 0.0127302 0.956667 0.0135428 0.0866667 1.42711e-05
0 0.544962 0.990667 0.0704225 0.0186667 1.42858e-05
0 0.461538 0.710667 0.0877573 0.157333 1.4288e-05
0 0.380282 0.760667 0.0877573 0.350667 1.43017e-05
0 0.369989 0.610667 0.0520043 0.125333 1.43228e-05
0 0.59507 0.0526667 0.0362947 0.0653333 1.43284e-05
0 0.420098 0.491333 0.0449621 0.0733333 1.43376e-05
0 0.478332 0.074 0.0574215 0.148 1.43586e-05
0 0.942849 0.968667 0.10455 0.0626667 1.43698e-05
0 0.235374 0.0573333 0.0406284 0.0746667 1.43904e-05
0 0.755146 0.137333 0.028169 0.0506667 1.4402e-05
0 0.635699 0.954667 0.0449621 0.0746667 1.44262e-05
0 0.440953 0.203333 0.0942579 0.332 1.44501e-05
0 0.852925 0.994667 0.0514626 0.0106667 1.44516e-05
0 0.533857 0.534 0.0406284 0.0786667 1.44924e-05
0 0.248646 0.144 0.0422535 0.114667 1.4569e-05
0 0.481853 0.826667 0.0449621 0.064 1.46314e-05
0 0.781419 0.601333 0.0579632 0.144 1.4666e-05
0 0.372969 0.206 0.0774648 0.26 1.46674e-05
0 0.246208 0.274 0.0514626 0.145333 1.46728e-05
0 0.696912 0.55 0.0817985 0.129333 1.46834e-05
0 0.359426 0.902 0.0471289 0.161333 1.47046e-05
0 0.0869447 0.999333 0.052546 0.00133333 1.47381e-05
0 0.790628 0.460667 0.0557963 0.148 1.47436e-05
0 0.687161 0.504667 0.0460455 0.0546667 1.47513e-05
0 0.534399 0.39 0.088299 0.308 1.47622e-05
0 0.563922 0.526 0.136511 0.561333 1.4768e-05
0 0.239166 0.363333 0.0460455 0.092 1.47711e-05
0 0.133803 0.574 0.0498375 0.113333 1.47713e-05
0 0.481582 0.155333 0.0682557 0.148 1.47798e-05
0 0.167118 0.761333 0.116468 0.250667 1.48611e-05
0 0.568256 0.984 0.105092 0.032 1.49038e-05
0 0.788462 0.454667 0.0752979 0.314667 1.49714e-05
0 0.272481 0.086 0.0465872 0.092 1.49998e-05
0 0.568256 0.968667 0.063922 0.0626667 1.50194e-05
0 0.22481 0.336 0.0476706 0.112 1.50635e-05
0 0.616468 0.212 0.147346 0.424 1.51028e-05
0 0.115385 0.028 0.0660888 0.056 1.5218e-05
0 0.96831 0.628 0.0492958 0.133333 1.531e-05
0 0.359697 0.981333 0.0314193 0.0373333 1.53134e-05
0 0.737812 0.999333 0.0834236 0.00133333 1.53151e-05
0 0.436891 0.166667 0.0536295 0.064 1.53551e-05
0 0.0186891 0.792 0.0373781 0.141333 1.53697e-05
0 0.626761 0.977333 0.0747562 0.0453333 1.54081e-05
0 0.215601 0.971333 0.0855905 0.0573333 1.54329e-05
0 0.986457 0.714 0.0184182 0.150667 1.54361e-05
0 0.732936 0.721333 0.0942579 0.149333 1.54421e-05
0 0.332611 0.643333 0.056338 0.148 1.54882e-05
0 0.194204 0.698667 0.0503792 0.136 1.557e-05
0 0.169285 0.616667 0.052546 0.105333 1.55757e-05
0 0.206934 0.112667 0.0411701 0.1 1.56058e-05
0 0.0593174 0.0226667 0.0872156 0.0453333 1.56079e-05
0 0.761918 0.228 0.0774648 0.264 1.56185e-05
0 0.285211 0.990667 0.0612134 0.0186667 1.56659e-05
0 0.558776 0.206667 0.095883 0.312 1.56961e-05
0 0.686078 0.807333 0.0362947 0.121333 1.57049e-05
0 0.57584 0.398 0.0823402 0.206667 1.57122e-05
0 0.85753 0.981333 0.071506 0.0373333 1.57497e-05
0 0.511376 0.0126667 0.0671723 0.0253333 1.57982e-05
0 0.535753 0.782 0.0942579 0.273333 1.58759e-05
0 0.463164 0.192667 0.133261 0.385333 1.58848e-05
0 0.194475 0.0893333 0.0444204 0.0986667 1.59308e-05
0 0.478061 0 0.0503792 0 1.59717e-05
0 0.791441 0.169333 0.0812568 0.125333 1.60306e-05
0 0.8513 0.306 0.0157096 0.0466667 1.60417e-05
0 0.646262 0.694 0.0888407 0.252 1.60439e-05
0 0.181203 0.229333 0.113218 0.458667 1.60708e-05
0 0.0230228 0.266667 0.0254605 0.253333 1.60767e-05
0 0.330444 0.345333 0.111593 0.333333 1.61034e-05
0 0.0934453 0.968667 0.128386 0.0626667 1.61095e-05
0 0.705309 0.05 0.0379198 0.0786667 1.61428e-05
0 0.105634 0.986667 0.0769231 0.0266667 1.61787e-05
0 0.860238 0 0.0877573 0 1.61794e-05
0 0.483207 0.335333 0.0130011 0.0466667 1.62459e-05
0 0.311213 0.148 0.128386 0.208 1.62785e-05
0 0.385157 0.961333 0.0682557 0.0773333 1.63073e-05
0 0.562297 0.336667 0.0790899 0.156 1.63823e-05
0 0.869989 0.982 0.119177 0.036 1.6405e-05
0 0.23402 0.987333 0.0585049 0.0253333 1.64107e-05
0 0.734561 0.164 0.0780065 0.117333 1.64279e-05
0 0.753521 0.606667 0.141928 0.488 1.65209e-05
0 0.14247 0.113333 0.0476706 0.125333 1.66428e-05
0 0.631636 0.770667 0.0931744 0.218667 1.66509e-05
0 0.852384 0.249333 0.0839653 0.168 1.67011e-05
0 0.786295 0.07 0.0872156 0.14 1.67166e-05
0 0.397075 0.577333 0.0520043 0.122667 1.68337e-05
0 0.0828819 0.348 0.100758 0.154667 1.68808e-05
0 0.857801 0.260667 0.131636 0.521333 1.70077e-05
0 0.835049 0.136 0.153304 0.272 1.70145e-05
0 0.515439 0.197333 0.131636 0.394667 1.70367e-05
0 0.679307 0.338667 0.0487541 0.157333 1.71194e-05
0 0.12351 0.378 0.0541712 0.126667 1.71237e-05
0 0.71208 0.198 0.132719 0.396 1.71245e-05
0 0.435265 0.972 0.0568797 0.048 1.71469e-05
0 0.510293 0.278667 0.0595883 0.138667 1.72145e-05
0 0.462622 0.189333 0.0628386 0.0906667 1.72394e-05
0 0.839112 0.636667 0.179848 0.444 1.72914e-05
0 0.113218 1 0.0530878 0 1.73185e-05
0 0.828819 0.94 0.174431 0.12 1.73334e-05
0 0.887595 0.518667 0.208559 0.293333 1.73547e-05
0 0.533586 0.215333 0.0660888 0.161333 1.73586e-05
0 0.758126 0.102667 0.0503792 0.128 1.736e-05
0 0.631907 0.151333 0.0969664 0.302667 1.73674e-05
0 0.812297 0.695333 0.189057 0.233333 1.73846e-05
0 0.416035 0.757333 0.0823402 0.202667 1.73989e-05
0 0.223185 0.915333 0.0411701 0.110667 1.74012e-05
0 0.359967 0.952 0.0287107 0.0853333 1.742e-05
0 0.660888 0.961333 0.100758 0.0773333 1.74298e-05
0 0.896262 0.00533333 0.0850488 0.0106667 1.74528e-05
0 0.469664 0.00266667 0.0823402 0.00533333 1.75549e-05
0 0.68364 0.63 0.136511 0.46 1.75557e-05
0 0.570693 0.942667 0.158722 0.114667 1.75844e-05
0 0.486457 0.401333 0.0801734 0.133333 1.76571e-05
0 0.415764 0.967333 0.111051 0.0653333 1.77422e-05
0 0.744854 0.138667 0.0303359 0.056 1.77691e-05
0 0.956663 0.0173333 0.0476706 0.0346667 1.78192e-05
0 0.488353 1 0.0644637 0 1.78395e-05
0 0.434995 0.973333 0.0390032 0.0266667 1.78569e-05
0 0.368906 0.923333 0.0346696 0.113333 1.78776e-05
0 0.444475 0.572 0.0622969 0.128 1.79077e-05
0 0.111322 0.654 0.109967 0.228 1.79137e-05
0 0.557692 0.533333 0.0796316 0.184 1.79304e-05
0 0.932015 0.008 0.0460455 0.016 1.79494e-05
0 0.501896 0.222 0.0590466 0.118667 1.7955e-05
0 0.323131 0.991333 0.0633803 0.0173333 1.79928e-05
0 0.738353 0.104 0.0498375 0.128 1.80316e-05
0 0.533857 0.647333 0.0492958 0.164 1.80566e-05
0 0.242145 0.0246667 0.118093 0.0493333 1.81963e-05
0 0.358884 0.58 0.052546 0.117333 1.83221e-05
0 0.874323 0.016 0.0541712 0.032 1.83221e-05
0 0.792253 0.00133333 0.0492958 0.00266667 1.83774e-05
0 0.145179 0.722 0.0769231 0.185333 1.84567e-05
0 0.113489 0.962 0.138137 0.076 1.84632e-05
0 0.985915 0.805333 0.0173348 0.157333 1.84721e-05
0 0.736999 0.0726667 0.0828819 0.145333 1.85191e-05
0 0.102925 0.000666667 0.0552546 0.00133333 1.85428e-05
0 0.223185 0.464 0.0476706 0.0986667 1.85766e-05
0 0.909263 0.982 0.0742145 0.036 1.85856e-05
0 0.771398 0.647333 0.0314193 0.0626667 1.85984e-05
0 0.47156 0.164 0.0297941 0.0773333 1.86847e-05
0 0.51571 0.488667 0.0780065 0.113333 1.86969e-05
0 0.622156 0.08 0.0352113 0.08 1.87092e-05
0 0.943662 0.148 0.112676 0.296 1.87169e-05
0 0.767877 0.142 0.0861322 0.164 1.87276e-05
0 0.92416 0.0286667 0.063922 0.0573333 1.87791e-05
0 0.815276 0.401333 0.0812568 0.264 1.88328e-05
0 0.84182 0.997333 0.0520043 0.00533333 1.88348e-05
0 0.554713 0.002 0.0487541 0.004 1.89105e-05
0 0.396804 0.337333 0.0417118 0.114667 1.89293e-05
0 0.611322 0.212667 0.1013 0.214667 1.8931e-05
0 0.459372 0.281333 0.0780065 0.274667 1.89461e-05
0 0.836403 0.522667 0.0346696 0.117333 1.89583e-05
0 0.673348 0.5 0.109426 0.229333 1.90242e-05
0 0.862405 0.0306667 0.0444204 0.048 1.9066e-05
0 0.377573 0.696667 0.0574215 0.18 1.90939e-05
0 0.960455 0.417333 0.071506 0.208 1.91225e-05
0 0.171723 0.0866667 0.0465872 0.096 1.9126e-05
0 0.38922 0.118667 0.0947996 0.237333 1.91286e-05
0 0.895991 0.641333 0.121343 0.178667 1.92139e-05
0 0.417118 0.758 0.141928 0.484 1.93027e-05
0 0.706392 1 0.0455038 0 1.93793e-05
0 0.817172 0.397333 0.141387 0.501333 1.93886e-05
0 0.330715 0.84 0.103467 0.226667 1.97378e-05
0 0.609426 0.0546667 0.0411701 0.0666667 1.98447e-05
0 0.385428 0.00866667 0.0406284 0.0173333 1.98629e-05
0 0.623781 0.988667 0.0460455 0.0146667 1.9891e-05
0 0.612947 0.294 0.0980498 0.166667 1.99256e-05
0 0.206663 0.755333 0.0644637 0.148 1.99591e-05
0 0.383261 0.64 0.0471289 0.125333 2.00049e-05
0 0.592091 0.339333 0.0682557 0.281333 2.00474e-05
0 0.972102 0.0513333 0.0384615 0.0813333 2.00886e-05
0 0.713164 0.955333 0.0752979 0.068 2.01212e-05
0 0.706392 0.100667 0.0487541 0.148 2.01362e-05
0 0.571235 0.830667 0.291983 0.338667 2.0153e-05
0 0.355092 0.0233333 0.0460455 0.0466667 2.02355e-05
0 0.611322 0.114667 0.0796316 0.229333 2.02727e-05
0 0.501896 0.248 0.0200433 0.056 2.03041e-05
0 0.0880282 0.196 0.118635 0.24 2.04213e-05
0 0.260293 0.936 0.0341278 0.12 2.04293e-05
0 0.362134 0.957333 0.0503792 0.0853333 2.04405e-05
0 0.0227519 0.301333 0.0455038 0.109333 2.04447e-05
0 0.926598 0.018 0.0482123 0.028 2.05049e-05
0 0.81961 0.982667 0.0942579 0.0346667 2.0608e-05
0 0.987812 0.959333 0.0113759 0.0546667 2.06365e-05
0 0.194475 0.636 0.0660888 0.122667 2.06645e-05
0 0.964789 0.226667 0.0704225 0.173333 2.06936e-05
0 0.731311 0.02 0.0390032 0.04 2.07199e-05
0 0.181473 0.11 0.0465872 0.116 2.07294e-05
0 0.736186 0.644667 0.0693391 0.150667 2.07795e-05
0 0.235103 0.894667 0.0455038 0.130667 2.07929e-05
0 0.589653 0.072 0.0817985 0.144 2.09395e-05
0 0.812026 0.218 0.0790899 0.148 2.09796e-05
0 0.513543 0.99 0.0790899 0.02 2.09931e-05
0 0.384345 0.349333 0.0471289 0.162667 2.10175e-05
0 0.490249 0.707333 0.0877573 0.182667 2.10486e-05
0 0.758126 0.637333 0.0612134 0.122667 2.10928e-05
0 0.568256 0.98 0.0487541 0.032 2.11822e-05
0 0.73429 0.23 0.0915493 0.126667 2.12448e-05
0 0.361322 0.431333 0.0346696 0.0973333 2.12776e-05
0 0.362676 0.032 0.095883 0.064 2.12889e-05
0 0.551463 0.634667 0.0693391 0.266667 2.13261e-05
0 0.131365 0.674 0.0547129 0.14 2.13331e-05
0 0.812839 0.04 0.0633803 0.08 2.13395e-05
0 0.519772 0.00666667 0.0482123 0.0133333 2.13414e-05
0 0.590466 0.576 0.0671723 0.117333 2.13492e-05
0 0.668743 0.238667 0.0796316 0.130667 2.14379e-05
0 0.573673 0.006 0.0780065 0.012 2.15566e-05
0 0.629469 0.464 0.0953413 0.261333 2.15631e-05
0 0.846696 0.162667 0.0216685 0.0666667 2.16843e-05
0 0.955038 0.66 0.0650054 0.221333 2.16875e-05
0 0.446912 0.194 0.0823402 0.148 2.19171e-05
0 0.796316 1 0.0465872 0 2.19364e-05
0 0.892741 0.000666667 0.0552546 0.00133333 2.19656e-05
0 0.236457 0.52 0.0503792 0.117333 2.20142e-05
0 0.370531 0.98 0.028169 0.04 2.2032e-05
0 0.398971 0.0413333 0.0341278 0.0693333 2.20977e-05
0 0.246479 0.691333 0.0693391 0.182667 2.20988e-05
0 0.32286 0.008 0.0790899 0.016 2.21436e-05
0 0.232394 0.762 0.0509209 0.118667 2.21446e-05
0 0.424431 0.086 0.0341278 0.110667 2.21638e-05
0 0.770585 0.288 0.0254605 0.0533333 2.22066e-05
0 0.445558 0.99 0.0471289 0.02 2.22983e-05
0 0.315818 0.845333 0.163597 0.309333 2.23172e-05
0 0.303359 0.342667 0.102925 0.162667 2.23764e-05
0 0.79442 0.394 0.0817985 0.150667 2.24147e-05
0 0.959913 0.283333 0.0801734 0.345333 2.2434e-05
0 0.514355 0.394667 0.0709642 0.138667 2.24792e-05
0 0.410618 0.461333 0.0368364 0.0906667 2.25102e-05
0 0.187703 0.947333 0.0850488 0.105333 2.25392e-05
0 0.856446 0 0.0520043 0 2.25677e-05
0 0.447996 0.313333 0.0455038 0.0613333 2.26064e-05
0 0.387053 0.0986667 0.0579632 0.170667 2.2634e-05
0 0.67389 0.498 0.0574215 0.137333 2.2671e-05
0 0.694745 0.989333 0.0492958 0.0213333 2.27441e-05
0 0.187432 0.99 0.0855905 0.02 2.27697e-05
0 0.683369 0.0473333 0.0341278 0.0733333 2.29191e-05
0 0.632449 0.0826667 0.0514626 0.133333 2.29396e-05
0 0.848862 0.294 0.035753 0.0973333 2.30026e-05
0 0.29415 0.494 0.056338 0.124 2.30526e-05
0 0.668743 0.139333 0.0720477 0.174667 2.3081e-05
0 0.134615 0.886667 0.0872156 0.173333 2.31136e-05
0 0.520043 0.0573333 0.0400867 0.0693333 2.31239e-05
0 0.00812568 0.962667 0.00866739 0.0746667 2.31807e-05
0 0.0176056 0.946 0.0287107 0.0813333 2.3324e-05
0 0.836674 0.17 0.0308776 0.0733333 2.33393e-05
0 0.473456 0.311333 0.0368364 0.092 2.34435e-05
0 0.513001 0.333333 0.0834236 0.274667 2.35217e-05
0 0.542524 0.998 0.0503792 0.004 2.35551e-05
0 0.11701 0.0193333 0.0487541 0.0386667 2.35688e-05
0 0.943662 0.998667 0.0509209 0.00266667 2.35832e-05
0 0.557963 0.096 0.0585049 0.157333 2.36125e-05
0 0.359426 0.201333 0.127302 0.389333 2.36456e-05
0 0.207476 0.0553333 0.0455038 0.0706667 2.36818e-05
0 0.986728 0.943333 0.0265439 0.113333 2.37826e-05
0 0.703413 0.164 0.0698808 0.253333 2.37844e-05
0 0.593716 0 0.0498375 0 2.37946e-05
0 0.0622969 0.999333 0.0541712 0.00133333 2.37963e-05
0 0.819881 0.164 0.0579632 0.114667 2.39448e-05
0 0.932557 0.21 0.106717 0.214667 2.39529e-05
0 0.660888 0.0946667 0.0509209 0.152 2.39589e-05
0 0.820152 0.874667 0.210184 0.221333 2.40491e-05
0 0.462622 0.386667 0.0780065 0.170667 2.40919e-05
0 0.20585 0.0173333 0.0476706 0.0346667 2.42211e-05
0 0.272481 0.14 0.0736728 0.170667 2.4381e-05
0 0.484561 0.0946667 0.0536295 0.152 2.44073e-05
0 0.15493 0.98 0.0660888 0.04 2.44822e-05
0 0.362947 0.415333 0.0520043 0.148 2.44995e-05
0 0.548483 0.0106667 0.0698808 0.0213333 2.45202e-05
0 0.4461 0.335333 0.0828819 0.113333 2.46373e-05
0 0.0929036 0.032 0.0622969 0.064 2.47035e-05
0 0.410347 0.494 0.0471289 0.113333 2.47206e-05
0 0.700433 0.999333 0.0855905 0.00133333 2.47415e-05
0 0.361593 0.474 0.0947996 0.262667 2.48958e-05
0 0.00866739 0.0386667 0.0140845 0.0773333 2.49623e-05
0 0.0203142 0.236 0.0406284 0.125333 2.49648e-05
0 0.0828819 0.572667 0.139762 0.214667 2.49859e-05
0 0.29415 0.454667 0.0780065 0.125333 2.51202e-05
0 0.0308776 0.0673333 0.0476706 0.0973333 2.51295e-05
0 0.0501083 0.635333 0.0904659 0.241333 2.52119e-05
0 0.502979 0.886 0.106717 0.182667 2.52626e-05
0 0.556338 0.0673333 0.0801734 0.134667 2.54552e-05
0 0.682286 0.716 0.031961 0.0666667 2.56658e-05
0 0.747021 0.499333 0.0888407 0.121333 2.56747e-05
0 0.531419 0.155333 0.0585049 0.166667 2.56941e-05
0 0.229957 0.836 0.158722 0.328 2.58026e-05
0 0.20883 0.489333 0.0482123 0.122667 2.58389e-05
0 0.0311484 0.0253333 0.0503792 0.0506667 2.5842e-05
0 0.616739 0.398667 0.131636 0.517333 2.59032e-05
0 0.833965 0.402667 0.0482123 0.0613333 2.59153e-05
0 0.828007 0.828667 0.314735 0.342667 2.59815e-05
0 0.332882 0.420667 0.0926327 0.137333 2.60125e-05
0 0.321235 0.0506667 0.0628386 0.0773333 2.60138e-05
0 0.856446 0.494 0.0368364 0.132 2.60422e-05
0 0.303359 0.00133333 0.0520043 0.00266667 2.60476e-05
0 0.432015 0.994 0.0471289 0.012 2.60657e-05
0 0.586674 0.148 0.0899242 0.296 2.6116e-05
0 0.338841 0.956 0.0774648 0.088 2.61463e-05
0 0.289816 0.032 0.110509 0.064 2.61765e-05
0 0.121343 0.753333 0.131094 0.264 2.63211e-05
0 0.208017 0.936 0.0433369 0.096 2.63708e-05
0 0.543608 0.00533333 0.0471289 0.0106667 2.66933e-05
0 0.451788 0.478667 0.0942579 0.130667 2.67829e-05
0 0.706663 0.28 0.0720477 0.130667 2.68272e-05
0 0.128115 0.002 0.0568797 0.004 2.68376e-05
0 0.855092 0.298 0.0146262 0.02 2.68502e-05
0 0.63922 0.972667 0.119177 0.0546667 2.69368e-05
0 0.731582 0.422667 0.0774648 0.149333 2.69778e-05
0 0.26273 0.394 0.111593 0.246667 2.70277e-05
0 0.591549 0.342667 0.0444204 0.136 2.70589e-05
0 0.144095 0.0693333 0.0942579 0.138667 2.70685e-05
0 0.685536 0.17 0.0417118 0.145333 2.70716e-05
0 0.71506 0.342667 0.0736728 0.152 2.70969e-05
0 0.674973 0.78 0.0585049 0.154667 2.71239e-05
0 0.539816 0.032 0.0969664 0.064 2.71271e-05
0 0.586132 0.101333 0.0585049 0.165333 2.72487e-05
0 0.099675 1 0.0552546 0 2.72715e-05
0 0.463164 0.998667 0.0704225 0.00266667 2.72749e-05
0 0.483749 0.325333 0.0270856 0.0693333 2.73382e-05
0 0.35753 0.881333 0.084507 0.192 2.73421e-05
0 0.0631094 0 0.0547129 0 2.73599e-05
0 0.360509 0.830667 0.143554 0.338667 2.73792e-05
0 0.729686 1 0.0509209 0 2.73811e-05
0 0.651138 0.696667 0.0812568 0.126667 2.7436e-05
0 0.702329 0.812 0.0666305 0.146667 2.75581e-05
0 0.143012 0.018 0.0498375 0.036 2.77519e-05
0 0.751083 1 0.0449621 0 2.7763e-05
0 0.959101 0.871333 0.0817985 0.209333 2.77697e-05
0 0.273023 0.388 0.162514 0.589333 2.7861e-05
0 0.817443 0.454 0.0541712 0.137333 2.78711e-05
0 0.684453 0.252667 0.0427952 0.0893333 2.80577e-05
0 0.225894 0.298 0.0747562 0.174667 2.80842e-05
0 0.837216 0.462667 0.0980498 0.216 2.81365e-05
0 0.786295 0.235333 0.0850488 0.156 2.81818e-05
0 0.516793 0.336667 0.0704225 0.142667 2.81928e-05
0 0.953955 0.498667 0.0769231 0.293333 2.82261e-05
0 0.0690683 0.0286667 0.106717 0.0573333 2.82814e-05
0 0.969393 0.338667 0.0612134 0.186667 2.84135e-05
0 0.616739 0.0246667 0.105634 0.0493333 2.8523e-05
0 0.493499 0.0246667 0.0379198 0.0386667 2.86094e-05
0 0.681744 0.993333 0.0471289 0.0133333 2.88058e-05
0 0.673348 0.409333 0.135428 0.469333 2.8844e-05
0 0.245395 0.227333 0.112676 0.244 2.88986e-05
0 0.764355 0.354667 0.0780065 0.154667 2.89358e-05
0 0.535753 0.279333 0.0812568 0.153333 2.90092e-05
0 0.636782 0.334667 0.0655471 0.173333 2.90585e-05
0 0.611051 0.0933333 0.0541712 0.152 2.92564e-05
0 0.863759 0.0353333 0.0763814 0.0706667 2.94069e-05
0 0.682828 0.101333 0.0406284 0.152 2.94105e-05
0 0.807151 0.293333 0.0931744 0.130667 2.96302e-05
0 0.291983 0.995333 0.0465872 0.00933333 2.97175e-05
0 0.978873 0.538 0.0422535 0.145333 2.97684e-05
0 0.684724 0.0666667 0.0682557 0.133333 2.97826e-05
0 0.960997 0.0633333 0.0780065 0.126667 2.99351e-05
0 0.533586 0.148 0.0801734 0.277333 2.9953e-05
0 0.767335 0.00133333 0.0514626 0.00266667 3.00596e-05
0 0.375135 0.996 0.0731311 0.008 3.04887e-05
0 0.830444 0 0.0509209 0 3.05643e-05
0 0.865926 1 0.0547129 0 3.08032e-05
0 0.163326 0.994 0.0503792 0.012 3.08609e-05
0 0.134345 0.644667 0.084507 0.156 3.0871e-05
0 0.59507 0.985333 0.0709642 0.0293333 3.0962e-05
0 0.026273 0.972 0.052546 0.056 3.10844e-05
0 0.970206 0.0226667 0.0433369 0.0453333 3.10874e-05
0 0.665222 0.026 0.102925 0.052 3.11187e-05
0 0.261105 0.146667 0.100758 0.282667 3.11774e-05
0 0.872427 0.994667 0.0796316 0.0106667 3.12033e-05
0 0.675785 0.877333 0.0384615 0.154667 3.12156e-05
0 0.0176056 0.608 0.0352113 0.128 3.12486e-05
0 0.302004 0.706667 0.0785482 0.173333 3.12679e-05
0 0.355363 0.744 0.0964247 0.237333 3.12909e-05
0 0.433369 0.476 0.0985916 0.229333 3.13548e-05
0 0.615114 0.406 0.0774648 0.198667 3.14409e-05
0 0.0314193 0.123333 0.0520043 0.142667 3.15994e-05
0 0.379198 0.998 0.0433369 0.004 3.17978e-05
0 0.638137 0.0686667 0.0747562 0.137333 3.18317e-05
0 0.765168 0.0233333 0.105634 0.0466667 3.19327e-05
0 0.195016 0.517333 0.0476706 0.136 3.19619e-05
0 0.161159 0.0233333 0.0861322 0.0466667 3.19629e-05
0 0.566901 0.9 0.143554 0.2 3.19743e-05
0 0.507584 0.994 0.0465872 0.012 3.20232e-05
0 0.480228 0.042 0.0254605 0.0626667 3.23851e-05
0 0.748375 0.944 0.0503792 0.101333 3.23938e-05
0 0.593987 0.022 0.0384615 0.044 3.2638e-05
0 0.242416 0.996 0.0427952 0.008 3.27033e-05
0 0.190141 0.0706667 0.084507 0.141333 3.27162e-05
0 0.0506501 0.412667 0.0568797 0.278667 3.28077e-05
0 0.41766 0.532 0.152763 0.56 3.28157e-05
0 0.355634 0.640667 0.0644637 0.153333 3.28729e-05
0 0.714789 0.024 0.105634 0.048 3.29707e-05
0 0.741062 0.332667 0.063922 0.308 3.30692e-05
0 0.0211268 0.092 0.0379198 0.112 3.30998e-05
0 0.0742145 1 0.056338 0 3.34295e-05
0 0.198267 0.0233333 0.0801734 0.0466667 3.35715e-05
0 0.20883 0.108 0.0839653 0.216 3.36165e-05
0 0.135428 0.216667 0.140845 0.433333 3.37244e-05
0 0.469935 0.0466667 0.0254605 0.0773333 3.38673e-05
0 0.748917 0.588 0.0850488 0.16 3.39612e-05
0 0.412514 0.056 0.0655471 0.112 3.40621e-05
0 0.157638 0.451333 0.0671723 0.201333 3.41189e-05
0 0.170368 0.814667 0.171723 0.370667 3.4126e-05
0 0.69312 0.00133333 0.0503792 0.00266667 3.41562e-05
0 0.751896 0.314 0.0314193 0.06 3.41682e-05
0 0.460455 0.116 0.0736728 0.16 3.41792e-05
0 0.339653 0 0.0530878 0 3.42421e-05
0 0.137866 0.998667 0.052546 0.00266667 3.43704e-05
0 0.618635 0.002 0.0520043 0.004 3.45329e-05
0 0.491062 0.236 0.0297941 0.0506667 3.46229e-05
0 0.134345 0.524 0.0487541 0.144 3.4648e-05
0 0.358342 0.474667 0.0568797 0.130667 3.4705e-05
0 0.903304 1 0.0547129 0 3.48394e-05
0 0.994041 0.956 0.0119177 0.088 3.48929e-05
0 0.316901 0.934667 0.084507 0.130667 3.5076e-05
0 0.225081 0.552 0.0460455 0.101333 3.51204e-05
0 0.409263 0.415333 0.0752979 0.142667 3.54428e-05
0 0.210997 0.54 0.06013 0.162667 3.55653e-05
0 0.449892 0.174 0.0568797 0.0386667 3.56696e-05
0 0.505688 0.957333 0.107801 0.0853333 3.56909e-05
0 0.228061 0.264667 0.16143 0.465333 3.57101e-05
0 0.694204 0.235333 0.0438787 0.225333 3.58857e-05
0 0.447725 0.436667 0.039545 0.068 3.61326e-05
0 0.349404 0.996667 0.0747562 0.00666667 3.61456e-05
0 0.731311 0.000666667 0.0509209 0.00133333 3.61518e-05
0 0.249458 0.334 0.0503792 0.129333 3.61874e-05
0 0.303629 0.414667 0.124052 0.272 3.64939e-05
0 0.307151 0.0613333 0.0953413 0.122667 3.65572e-05
0 0.494312 0.012 0.039545 0.024 3.65738e-05
0 0.06013 0.965333 0.106176 0.0693333 3.65958e-05
0 0.635428 0.878667 0.122427 0.242667 3.6741e-05
0 0.516793 0 0.0520043 0 3.68271e-05
0 0.246479 0.0186667 0.0400867 0.0373333 3.68801e-05
0 0.624594 0.00733333 0.0790899 0.0146667 3.68856e-05
0 0.354821 0.999333 0.0465872 0.00133333 3.69514e-05
0 0.704496 0.171333 0.052546 0.132 3.6976e-05
0 0.0189599 0.54 0.0379198 0.130667 3.70259e-05
0 0.156826 0.572667 0.052546 0.116 3.70488e-05
0 0.945287 0.00333333 0.0498375 0.00666667 3.73523e-05
0 0.0536295 0.0966667 0.099675 0.172 3.75248e-05
0 0.297671 0.919333 0.0482123 0.126667 3.75426e-05
0 0.230228 0 0.0530878 0 3.76476e-05
0 0.304713 0.550667 0.0763814 0.218667 3.76487e-05
0 0.304171 0.212 0.158722 0.421333 3.77236e-05
0 0.266793 0.995333 0.0449621 0.00933333 3.78748e-05
0 0.456392 0.546667 0.108884 0.141333 3.81323e-05
0 0.382719 0.407333 0.052546 0.158667 3.82973e-05
0 0.518689 0.996 0.0492958 0.008 3.83102e-05
0 0.0576923 0.88 0.106717 0.24 3.86926e-05
0 0.0918202 0.0653333 0.105634 0.130667 3.89524e-05
0 0.0170639 0.638667 0.0189599 0.28 3.89599e-05
0 0.244583 0.396667 0.102384 0.137333 3.91209e-05
0 0.591008 0.997333 0.0530878 0.00533333 3.9141e-05
0 0.530607 0.092 0.052546 0.144 3.92401e-05
0 0.541441 0 0.0536295 0 3.9248e-05
0 0.255417 0 0.052546 0 3.92857e-05
0 0.461538 0.289333 0.0704225 0.112 3.94141e-05
0 0.926327 0.250667 0.147346 0.501333 3.94447e-05
0 0.386782 0.541333 0.113759 0.232 3.9462e-05
0 0.718039 0.954667 0.0839653 0.0906667 3.94714e-05
0 0.187703 0.873333 0.0947996 0.253333 3.96645e-05
0 0.972102 0.148667 0.0557963 0.156 3.97418e-05
0 0.495666 0.988667 0.0346696 0.0226667 3.97721e-05
0 0.38299 0.403333 0.0725894 0.278667 4.01033e-05
0 0.437703 1 0.0780065 0 4.02083e-05
0 0.476165 0.545333 0.127844 0.434667 4.02959e-05
0 0.514897 0.993333 0.109967 0.0133333 4.04706e-05
0 0.163868 0.11 0.100217 0.22 4.05745e-05
0 0.833153 0.986 0.0769231 0.028 4.06198e-05
0 0.600217 0.370667 0.0292524 0.0746667 4.08282e-05
0 0.0498375 0.999333 0.0552546 0.00133333 4.08808e-05
0 0.981582 0.346667 0.0303359 0.186667 4.10037e-05
0 0.329632 0.538667 0.0796316 0.165333 4.10229e-05
0 0.702058 0.24 0.028169 0.048 4.12325e-05
0 0.816631 0.996667 0.0503792 0.00666667 4.12529e-05
0 0.459372 0.0386667 0.0747562 0.0773333 4.15128e-05
0 0.235103 0.932667 0.035753 0.105333 4.15827e-05
0 0.241062 0.108 0.0769231 0.216 4.17352e-05
0 0.789545 0.0286667 0.0850488 0.0573333 4.18195e-05
0 0.679307 1 0.0520043 0 4.18664e-05
0 0.224269 0.618667 0.0465872 0.101333 4.18884e-05
0 0.181203 0.0186667 0.0492958 0.0373333 4.19485e-05
0 0.464518 0.842667 0.131636 0.314667 4.20501e-05
0 0.703142 0.514667 0.0541712 0.0586667 4.20694e-05
0 0.673348 0.424 0.0888407 0.170667 4.21575e-05
0 0.112134 0.868667 0.12026 0.262667 4.22389e-05
0 0.656013 0.00133333 0.0520043 0.00266667 4.23051e-05
0 0.406826 0.613333 0.0476706 0.130667 4.23803e-05
0 0.00975081 0.07 0.0195016 0.14 4.24352e-05
0 0.773023 0.301333 0.056338 0.194667 4.24388e-05
0 0.494312 1 0.0406284 0 4.29985e-05
0 0.314735 0 0.0541712 0 4.30802e-05
0 0.454767 0.0626667 0.0352113 0.0986667 4.31071e-05
0 0.608342 0.53 0.0379198 0.0893333 4.31906e-05
0 0.214518 0.942 0.0736728 0.116 4.32911e-05
0 0.329361 0.997333 0.0476706 0.00533333 4.33241e-05
0 0.875135 0.0906667 0.0828819 0.181333 4.3425e-05
0 0.803359 0 0.0520043 0 4.35621e-05
0 0.166306 0 0.056338 0 4.3692e-05
0 0.143283 0.0566667 0.0492958 0.076 4.40565e-05
0 0.980498 0.656 0.0390032 0.221333 4.41362e-05
0 0.0105634 0.0153333 0.0211268 0.0306667 4.43435e-05
0 0.0176056 0.829333 0.0200433 0.272 4.45949e-05
0 0.111863 0.517333 0.128386 0.194667 4.46321e-05
0 0.511105 0.114667 0.0698808 0.229333 4.49373e-05
0 0.569068 0.987333 0.0742145 0.0253333 4.50424e-05
0 0.713164 0.48 0.100217 0.0906667 4.51717e-05
0 0.305255 0.776 0.0872156 0.221333 4.54179e-05
0 0.333965 0.038 0.0742145 0.076 4.55526e-05
0 0.058234 0.189333 0.116468 0.378667 4.60662e-05
0 0.982665 0.339333 0.0346696 0.350667 4.62394e-05
0 0.429036 1 0.0476706 0 4.65828e-05
0 0.022481 0.147333 0.0254605 0.238667 4.66747e-05
0 0.380823 0.638 0.092091 0.284 4.67257e-05
0 0.978602 0.409333 0.0427952 0.16 4.67509e-05
0 0.365926 0.624 0.154388 0.482667 4.68982e-05
0 0.125677 1 0.0552546 0 4.71119e-05
0 0.557963 0.026 0.0552546 0.052 4.72002e-05
0 0.644637 0.05 0.0422535 0.0653333 4.77259e-05
0 0.136782 0.997333 0.0947996 0.00533333 4.80487e-05
0 0.211809 0.329333 0.105092 0.298667 4.80577e-05
0 0.105905 0.048 0.0471289 0.064 4.82618e-05
0 0.632449 0.0233333 0.0438787 0.0466667 4.86056e-05
0 0.940953 1 0.0552546 0 4.88882e-05
0 0.0390032 1 0.0552546 0 4.89056e-05
0 0.31636 0.0253333 0.0411701 0.048 4.90784e-05
0 0.467497 1 0.0400867 0 4.91766e-05
0 0.67091 0.046 0.0362947 0.0653333 4.91884e-05
0 0.656013 0.324667 0.0747562 0.286667 4.96123e-05
0 0.141658 0.588 0.119718 0.186667 5.00273e-05
0 0.248646 0.092 0.035753 0.096 5.01999e-05
0 0.00812568 0.293333 0.0162514 0.146667 5.02046e-05
0 0.387053 0.0206667 0.0373781 0.0413333 5.05842e-05
0 0.840466 1 0.0557963 0 5.10467e-05
0 0.333424 0.472667 0.0991333 0.153333 5.134e-05
0 0.543337 0.0473333 0.0379198 0.06 5.15039e-05
0 0.948808 0.494667 0.102384 0.568 5.15466e-05
0 0.417931 0.0813333 0.0568797 0.149333 5.15601e-05
0 0.304713 0.0486667 0.0482123 0.06 5.15869e-05
0 0.702058 0.658 0.0704225 0.145333 5.17586e-05
0 0.179036 0.596667 0.088299 0.188 5.18143e-05
0 0.694204 0.0253333 0.0406284 0.0506667 5.18573e-05
0 0.516793 0.716 0.113759 0.44 5.22461e-05
0 0.43364 0.573333 0.105634 0.250667 5.22684e-05
0 0.147346 0.398 0.0552546 0.132 5.24611e-05
0 0.260293 0.552667 0.0557963 0.126667 5.3101e-05
0 0.247291 0.914667 0.0438787 0.125333 5.36286e-05
0 0.957476 0.747333 0.0850488 0.497333 5.36733e-05
0 0.404659 0.996667 0.0498375 0.00666667 5.37246e-05
0 0.411701 0.487333 0.0953413 0.121333 5.40031e-05
0 0.222644 0.729333 0.136511 0.386667 5.41402e-05
0 0.437703 0.424667 0.0780065 0.124 5.43093e-05
0 0.983749 0.584667 0.028169 0.225333 5.44866e-05
0 0.565818 0.996667 0.0547129 0.00666667 5.47929e-05
0 0.475081 0.336 0.0325027 0.04 5.48021e-05
0 0.216143 0.892667 0.0780065 0.169333 5.53237e-05
0 0.520314 0.0253333 0.0427952 0.0426667 5.53342e-05
0 0.116468 0.358 0.119177 0.308 5.54334e-05
0 0.934453 0.0893333 0.107259 0.178667 5.61859e-05
0 0.944204 0 0.0530878 0 5.62715e-05
0 0.813651 0.357333 0.0812568 0.12 5.69285e-05
0 0.659805 0.294 0.0606717 0.148 5.69883e-05
0 0.698808 0.726667 0.0769231 0.117333 5.70904e-05
0 0.969935 0.004 0.0492958 0.008 5.72214e-05
0 0.518689 0.705333 0.0742145 0.248 5.73998e-05
0 0.187161 0.096 0.0915493 0.154667 5.78034e-05
0 0.283315 0.405333 0.112676 0.128 5.78052e-05
0 0.966956 0.149333 0.0660888 0.288 5.804e-05
0 0.279523 0.002 0.0541712 0.004 5.82353e-05
0 0.225352 0.726667 0.0888407 0.197333 5.87611e-05
0 0.396262 0.522 0.052546 0.0733333 5.88053e-05
0 0.0197725 0.478667 0.039545 0.133333 5.90746e-05
0 0.0292524 0.409333 0.0574215 0.165333 5.93188e-05
0 0.285482 0.0813333 0.0953413 0.133333 5.94266e-05
0 0.837216 0.0273333 0.0980498 0.0546667 5.96013e-05
0 0.686349 0.244667 0.0227519 0.0413333 5.96596e-05
0 0.00704225 0.0666667 0.0108342 0.114667 5.97218e-05
0 0.371073 0.952 0.0260022 0.096 5.99675e-05
0 0.586945 0.0306667 0.0644637 0.0613333 6.00264e-05
0 0.257855 0.058 0.0422535 0.0786667 6.00822e-05
0 0.510022 0.0993333 0.0514626 0.150667 6.01077e-05
0 0.331798 0.652667 0.113218 0.281333 6.01588e-05
0 0.361051 0.0126667 0.0731311 0.0253333 6.03635e-05
0 0.466143 0.789333 0.0752979 0.165333 6.0592e-05
0 0.459642 0.334 0.0482123 0.0466667 6.1226e-05
0 0.358342 0.544667 0.0785482 0.148 6.17749e-05
0 0.808234 0.996667 0.0736728 0.00666667 6.19879e-05
0 0.982936 0.217333 0.031961 0.184 6.22908e-05
0 0.780336 0.322667 0.031961 0.072 6.23556e-05
0 0.565276 0 0.0536295 0 6.23824e-05
0 0.22156 0.723333 0.056338 0.14 6.28198e-05
0 0.972914 0.0873333 0.0541712 0.169333 6.28566e-05
0 0.378115 1 0.0487541 0 6.32549e-05
0 0.454496 0 0.0552546 0 6.32646e-05
0 0.738624 0.024 0.0796316 0.048 6.39995e-05
0 0.988353 0.279333 0.0232936 0.169333 6.41322e-05
0 0.476436 0.032 0.0492958 0.064 6.42268e-05
0 0.957476 0.587333 0.0796316 0.174667 6.42717e-05
0 0.742416 0.856 0.095883 0.288 6.42817e-05
0 0.889762 0.995333 0.174973 0.00933333 6.46922e-05
0 0.793879 1 0.0492958 0 6.48458e-05
0 0.0140845 0.002 0.028169 0.004 6.51586e-05
0 0.631094 0.0586667 0.0411701 0.072 6.54341e-05
0 0.287649 1 0.071506 0 6.58934e-05
0 0.10428 0.024 0.0460455 0.048 6.58966e-05
0 0.262459 0.006 0.0763814 0.012 6.60717e-05
0 0.0189599 0.542667 0.0216685 0.285333 6.60757e-05
0 0.541441 1 0.0547129 0 6.63733e-05
0 0.118364 0.364667 0.109967 0.14 6.67382e-05
0 0.0479415 0.200667 0.0817985 0.198667 6.69472e-05
0 0.444745 0.084 0.0379198 0.117333 6.69943e-05
0 0.247021 0.604 0.0671723 0.162667 6.70982e-05
0 0.633803 0.818667 0.177681 0.362667 6.72559e-05
0 0.499187 0.576 0.0926327 0.229333 6.76205e-05
0 0.190683 0 0.056338 0 6.77594e-05
0 0.0501083 1 0.0568797 0 6.79349e-05
0 0.459101 0.984 0.0492958 0.032 6.79567e-05
0 0.163597 1 0.0520043 0 6.82104e-05
0 0.992416 0.954667 0.00433369 0.0906667 6.88889e-05
0 0.364572 0.0353333 0.0964247 0.0706667 6.96077e-05
0 0.399512 0.014 0.0471289 0.028 7.09152e-05
0 0.289003 0 0.0547129 0 7.09759e-05
0 0.0146262 0.104667 0.028169 0.198667 7.10006e-05
0 0.659805 0.678 0.0498375 0.0653333 7.10789e-05
0 0.271668 0.862667 0.031961 0.112 7.17714e-05
0 0.202329 0.994 0.0492958 0.012 7.22284e-05
0 0.689057 0.982 0.107259 0.036 7.24264e-05
0 0.290899 1 0.0465872 0 7.24344e-05
0 0.031961 0.958667 0.063922 0.0826667 7.31167e-05
0 0.436349 0.0973333 0.0687974 0.194667 7.36884e-05
0 0.182015 0.058 0.0476706 0.0786667 7.42083e-05
0 0.840737 0.989333 0.15818 0.0213333 7.46393e-05
0 0.539003 1 0.0888407 0 7.4937e-05
0 0.598321 0.462667 0.0709642 0.312 7.51282e-05
0 0.690953 0.508667 0.124052 0.108 7.54751e-05
0 0.259209 0.379333 0.0698808 0.0786667 7.56442e-05
0 0.0067714 0.990667 0.0135428 0.0186667 7.56643e-05
0 0.407638 0.534667 0.0817985 0.12 7.57306e-05
0 0.00704225 0.725333 0.0140845 0.149333 7.61242e-05
0 0.00731311 0.788667 0.0146262 0.153333 7.62679e-05
0 0.484832 0.016 0.0574215 0.032 7.64668e-05
0 0.162784 0.418 0.173889 0.510667 7.77361e-05
0 0.982936 0.208667 0.0341278 0.318667 7.88986e-05
0 0.237541 1 0.0709642 0 7.94095e-05
0 0.00893824 0.452667 0.0178765 0.145333 7.97783e-05
0 0.216956 0.596667 0.0915493 0.153333 7.98042e-05
0 0.187161 0.701333 0.1013 0.173333 8.01186e-05
0 0.165764 0.629333 0.166847 0.456 8.03688e-05
0 0.973998 0.769333 0.0465872 0.357333 8.07729e-05
0 0.312297 0.014 0.0796316 0.028 8.10469e-05
0 0.982936 0.00866667 0.0341278 0.0173333 8.11619e-05
0 0.352925 1 0.0492958 0 8.15723e-05
0 0.969393 0.498667 0.0612134 0.184 8.16429e-05
0 0.517877 1 0.0520043 0 8.26498e-05
0 0.25948 0.684 0.51896 0.632 8.28354e-05
0 0.272752 0.845333 0.113218 0.309333 8.38276e-05
0 0.614843 0.0313333 0.0574215 0.0626667 8.43379e-05
0 0.747562 0.306 0.0606717 0.0946667 8.43732e-05
0 0.738082 0.506 0.0492958 0.06 8.4522e-05
0 0.404117 1 0.0520043 0 8.47568e-05
0 0.988082 0.813333 0.0227519 0.32 8.57703e-05
0 0.671181 0.694 0.0530878 0.222667 8.60382e-05
0 0.113759 0.746667 0.172264 0.461333 8.64471e-05
0 0.617822 0.989333 0.140303 0.0213333 8.66782e-05
0 0.26273 0.994 0.0855905 0.012 8.6705e-05
0 0.60428 1 0.0568797 0 8.67699e-05
0 0.0092091 0.362 0.0184182 0.142667 8.73124e-05
0 0.680119 0.634667 0.0742145 0.125333 8.8005e-05
0 0.432828 0.895333 0.0812568 0.161333 8.81164e-05
0 0.412243 0.997333 0.092091 0.00533333 8.81779e-05
0 0.988895 0.932 0.0113759 0.072 8.81837e-05
0 0.980769 0.464667 0.0297941 0.196 8.85769e-05
0 0.590466 0 0.0530878 0 8.8631e-05
0 0.87649 0.525333 0.247021 0.634667 8.90617e-05
0 0.598592 0.549333 0.0487541 0.048 8.93325e-05
0 0.22779 1 0.0471289 0 8.94767e-05
0 0.703142 0 0.0541712 0 8.95788e-05
0 0.26571 1 0.0460455 0 8.98543e-05
0 0.362405 1 0.0790899 0 8.9998e-05
0 0.223727 0.004 0.0769231 0.008 9.02843e-05
0 0.305525 0.524667 0.160347 0.54 9.03523e-05
0 0.565818 1 0.0568797 0 9.05572e-05
0 0.0146262 0.997333 0.0249187 0.00533333 9.07657e-05
0 0.98104 0.458 0.0379198 0.297333 9.09866e-05
0 0.539003 0.0113333 0.0704225 0.0226667 9.11979e-05
0 0.264085 0 0.0557963 0 9.12109e-05
0 0.314464 0.996 0.095883 0.008 9.1722e-05
0 0.812026 0.00266667 0.084507 0.00533333 9.18403e-05
0 0.281419 0.892667 0.0384615 0.172 9.20195e-05
0 0.456663 0.0346667 0.0574215 0.0693333 9.2052e-05
0 0.286566 0.00933333 0.0758397 0.0186667 9.31567e-05
0 0.0257313 0.890667 0.0514626 0.181333 9.36008e-05
0 0.0132719 0.89 0.0254605 0.209333 9.37108e-05
0 0.815276 1 0.0552546 0 9.37436e-05
0 0.409805 0.0346667 0.0297941 0.0666667 9.42145e-05
0 0.0200433 1 0.0400867 0 9.46919e-05
0 0.669285 0.0253333 0.039545 0.0506667 9.47517e-05
0 0.0793608 0.994 0.0785482 0.012 9.48051e-05
0 0.260293 0.0986667 0.0622969 0.157333 9.51342e-05
0 0.328548 1 0.0482123 0 9.52966e-05
0 0.752167 0.985333 0.0417118 0.0293333 9.54287e-05
0 0.709642 0.024 0.0725894 0.048 9.56389e-05
0 0.645179 0.972667 0.0650054 0.0466667 9.56395e-05
0 0.138137 0.0253333 0.0823402 0.0506667 9.56902e-05
0 0.982936 0.878 0.0341278 0.228 9.64495e-05
0 0.181203 0.412 0.114301 0.168 9.67549e-05
0 0.458288 0.022 0.0444204 0.0386667 9.73896e-05
0 0.760022 0.311333 0.0162514 0.052 9.75813e-05
0 0.449892 0.967333 0.0503792 0.0253333 9.81918e-05
0 0.266251 0.016 0.0839653 0.032 9.86679e-05
0 0.645991 0.982 0.0503792 0.0173333 9.89021e-05
0 0.416035 0.464 0.712893 0.928 9.91389e-05
0 0.655742 0.435333 0.688516 0.870667 9.92088e-05
0 0.125406 1 0.0893824 0 9.92283e-05
0 0.480769 0.982 0.0731311 0.036 9.96661e-05
0 0.467226 0.94 0.0503792 0.112 9.97107e-05
0 0.488353 0.981333 0.0297941 0.0346667 0.000100239
0 0.409805 0.586 0.0926327 0.164 0.000100679
0 0.98727 0.158667 0.0254605 0.16 0.00010091
0 0.591549 0.00733333 0.0790899 0.0146667 0.000100956
0 0.112405 0 0.0557963 0 0.000101219
0 0.0157096 0.0546667 0.0314193 0.109333 0.000102382
0 0.0487541 0.0193333 0.0975081 0.0386667 0.00010262
0 0.964518 0.995333 0.0492958 0.00933333 0.000103083
0 0.0444204 0.298 0.0888407 0.425333 0.000103145
0 0.787107 0.00733333 0.0725894 0.0146667 0.000103181
0 0.0111051 0.339333 0.0157096 0.254667 0.000104057
0 0.980769 0.0146667 0.0384615 0.0293333 0.00010522
0 0.039545 0.000666667 0.0574215 0.00133333 0.000105634
0 0.337216 0.000666667 0.100217 0.00133333 0.000106039
0 0.216685 0.422667 0.433369 0.845333 0.000106604
0 0.242145 0.0286667 0.0812568 0.0573333 0.000107175
0 0.15493 0.537333 0.0693391 0.141333 0.000107229
0 0.238895 0 0.0552546 0 0.000107553
0 0.271398 0.352667 0.0866739 0.132 0.000107953
0 0.0159805 0.212667 0.0308776 0.230667 0.000108869
0 0.539003 0.618 0.028169 0.193333 0.000109337
0 0.728602 0 0.0541712 0 0.0001102
0 0.777898 0 0.0541712 0 0.000110407
0 0.0598592 0.763333 0.119718 0.454667 0.000111168
0 0.96506 0.0313333 0.0698808 0.0626667 0.000111684
0 0.95883 0.985333 0.0693391 0.0293333 0.000112449
0 0.685265 0.03 0.0660888 0.06 0.000112875
0 0.431744 0.0253333 0.0390032 0.0266667 0.000113207
0 0.535211 0.034 0.0682557 0.068 0.000113247
0 0.677952 0 0.0547129 0 0.000113273
0 0.464518 0.180667 0.0503792 0.028 0.000115356
0 0.771127 0.312 0.0222102 0.0666667 0.000115593
0 0.0246479 0.388 0.0276273 0.258667 0.000115659
0 0.390574 0.014 0.0725894 0.028 0.000116377
0 0.576652 1 0.0861322 0 0.000116402
0 0.0230228 0.295333 0.0460455 0.348 0.000116726
0 0.615655 0 0.0547129 0 0.000117376
0 0.514355 0.006 0.0817985 0.012 0.000117618
0 0.157638 0.404667 0.111593 0.292 0.000117937
0 0.0197725 0.986667 0.039545 0.0266667 0.000118266
0 0.00785482 0.665333 0.0157096 0.149333 0.000120792
0 0.209913 0.657333 0.0709642 0.181333 0.00012108
0 0.619177 0.998667 0.0552546 0.00266667 0.000121625
0 0.988624 0.376 0.0216685 0.189333 0.000122093
0 0.243229 0.88 0.0790899 0.24 0.000122666
0 0.361593 0.603333 0.102384 0.172 0.000126227
0 0.819068 0.416667 0.0422535 0.0813333 0.000126485
0 0.16143 0.995333 0.111593 0.00933333 0.000127114
0 0.688787 0.008 0.0742145 0.016 0.000127202
0 0.771398 0.302667 0.0455038 0.088 0.000127635
0 0.276544 0.292 0.127302 0.293333 0.000127831
0 0.137595 0 0.056338 0 0.000129478
0 0.449079 0.948667 0.0823402 0.102667 0.000130287
0 0.839382 0.999333 0.0969664 0.00133333 0.000130675
0 0.432828 0.012 0.0390032 0.024 0.000130996
0 0.64545 0.0286667 0.0417118 0.0466667 0.00013139
0 0.69312 0.231333 0.039545 0.092 0.000131672
0 0.2026 1 0.0509209 0 0.000132543
0 0.640303 0.00933333 0.0769231 0.0186667 0.000132642
0 0.988895 0.656 0.0200433 0.256 0.000134162
0 0.609155 0.471333 0.0341278 0.158667 0.000134273
0 0.739978 0.00666667 0.0758397 0.0133333 0.000134865
0 0.210184 0.996 0.0866739 0.008 0.000135059
0 0.752979 0 0.0541712 0 0.000135342
0 0.0736728 0 0.0552546 0 0.000135514
0 0.163055 0 0.056338 0 0.000136009
0 0.628927 1 0.0574215 0 0.000136916
0 0.90195 0.997333 0.0985916 0.00533333 0.000137451
0 0.653034 0 0.0547129 0 0.000137461
0 0.456121 0.012 0.0476706 0.024 0.00013754
0 0.63922 0.0306667 0.0725894 0.0613333 0.000137911
0 0.480228 0.02 0.0265439 0.04 0.000139685
0 0.216143 0.0166667 0.0888407 0.0333333 0.000140447
0 0.991062 0.974 0.0178765 0.052 0.000142013
0 0.988895 0.532667 0.0211268 0.196 0.000142155
0 0.00650054 0.914667 0.00975081 0.141333 0.00014322
0 0.209642 0.481333 0.0964247 0.168 0.000143663
0 0.623781 0.987333 0.0742145 0.0253333 0.000144775
0 0.894908 0.056 0.0509209 0.08 0.000145351
0 0.233749 0.656667 0.0547129 0.145333 0.000145995
0 0.00758397 0.606 0.0151679 0.150667 0.000147229
0 0.271939 0.022 0.0487541 0.044 0.000149412
0 0.0850488 0.461333 0.11701 0.248 0.000150472
0 0.00947996 1 0.0189599 0 0.000150872
0 0.690683 0.234 0.0249187 0.044 0.000152675
0 0.0113759 0.914 0.0119177 0.172 0.000153168
0 0.986728 0.002 0.0265439 0.004 0.000154383
0 0.00947996 0.424 0.0157096 0.266667 0.000154595
0 0.232665 0.532667 0.155471 0.406667 0.000154712
0 0.982394 0.992667 0.0232936 0.0146667 0.000155141
0 0.0352113 0.304 0.0606717 0.154667 0.000155321
0 0.564735 0 0.0969664 0 0.000155326
0 0.302817 0.868667 0.0790899 0.204 0.000156015
0 0.236186 0.643333 0.100758 0.26 0.000158802
0 0.150325 0.006 0.0893824 0.012 0.000160583
0 0.653304 1 0.0574215 0 0.000160676
0 0.98402 1 0.031961 0 0.000161928
0 0.308776 0.76 0.131094 0.370667 0.000162381
0 0.0352113 0.604667 0.0704225 0.518667 0.000163207
0 0.418202 0.621333 0.827736 0.757333 0.000165266
0 0.0105634 0.155333 0.0135428 0.230667 0.000166386
0 0.274648 0.726667 0.0964247 0.226667 0.000170185
0 0.156826 0.37 0.095883 0.145333 0.00017052
0 0.468852 0.018 0.0341278 0.036 0.000171043
0 0.213434 0 0.056338 0 0.000172732
0 0.466143 0.81 0.0514626 0.06 0.000173202
0 0.169014 0.0213333 0.0985916 0.0426667 0.000173823
0 0.461538 0.906 0.0736728 0.142667 0.000175001
0 0.0850488 0.00466667 0.102925 0.00933333 0.000175051
0 0.0100217 0.835333 0.0124594 0.268 0.000175779
0 0.987812 0.873333 0.0113759 0.157333 0.000176641
0 0.400325 1 0.0877573 0 0.000177253
0 0.688245 0.83 0.0991333 0.34 0.000179473
0 0.269772 0.0333333 0.0888407 0.0666667 0.00018009
0 0.0850488 0.996667 0.137595 0.00666667 0.000182279
0 0.442037 0.983333 0.0953413 0.0333333 0.000183627
0 0.764355 0.300667 0.0184182 0.0386667 0.000184737
0 0.00866739 0.512667 0.0173348 0.150667 0.000184924
0 0.60753 0.55 0.0438787 0.0306667 0.000186517
0 0.73104 0.969333 0.0817985 0.0613333 0.000187548
0 0.284128 0.494667 0.121885 0.173333 0.000190224
0 0.836945 0.762 0.252438 0.476 0.000190299
0 0.541441 0.028 0.039545 0.0453333 0.000190352
0 0.988082 0.980667 0.00866739 0.0386667 0.00019249
0 0.632719 0.996 0.0790899 0.008 0.000195098
0 0.986728 0.0446667 0.0265439 0.0893333 0.000197924
0 0.0246479 0.582667 0.0438787 0.277333 0.000198375
0 0.0067714 0.904 0.0135428 0.192 0.000200956
0 0.286566 0.004 0.105092 0.008 0.0002031
0 0.992145 0.914 0.0157096 0.134667 0.000203586
0 0.283315 0.05 0.0509209 0.0626667 0.000204954
0 0.278982 0.890667 0.071506 0.218667 0.000205688
0 0.0111051 0.245333 0.0157096 0.245333 0.000207801
0 0.0292524 0.157333 0.0585049 0.312 0.000208966
0 0.00704225 0.115333 0.0140845 0.185333 0.000209406
0 0.15818 0.655333 0.114843 0.270667 0.000210235
0 0.241333 0.539333 0.0785482 0.174667 0.0002109
0 0.11701 0.516 0.174431 0.44 0.000211803
0 0.00975081 0.71 0.0140845 0.278667 0.000212585
0 0.0541712 0.514667 0.108342 0.402667 0.000215819
0 0.763272 0 0.0931744 0 0.000218045
0 0.433369 0.04 0.0606717 0.08 0.000219617
0 0.712622 0.862667 0.0579632 0.168 0.000219732
0 0.986186 0.106667 0.0276273 0.213333 0.000220408
0 0.187974 0 0.056338 0 0.000225942
0 0.236457 0 0.117551 0 0.000226757
0 0.285211 0.647333 0.120802 0.206667 0.000227289
0 0.263543 0.888667 0.0460455 0.158667 0.000227307
0 0.614572 0 0.0980498 0 0.000227445
0 0.0606717 1 0.0834236 0 0.000231286
0 0.713164 0.000666667 0.0926327 0.00133333 0.000233764
0 0.662784 0.000666667 0.0937161 0.00133333 0.000236847
0 0.987812 1 0.0157096 0 0.000239386
0 0.156284 0.67 0.0861322 0.148 0.000247474
0 0.699079 0.501333 0.601842 0.997333 0.000252546
0 0.653575 0.997333 0.0557963 0.00533333 0.000253092
0 0.458559 0.0126667 0.067714 0.0253333 0.000255651
0 0.73104 0.537333 0.0633803 0.0826667 0.000257089
0 0.87026 0.0226667 0.0969664 0.0453333 0.000258275
0 0.877031 0.048 0.0530878 0.064 0.000261213
0 0.182286 0.63 0.364572 0.74 0.000262646
0 0.0278982 1 0.0536295 0 0.000263
0 0.400596 0.028 0.0590466 0.056 0.000265248
0 0.0195016 0.832 0.0390032 0.336 0.000266509
0 0.938245 0.999333 0.101842 0.00133333 0.000269578
0 0.962622 1 0.0541712 0 0.000275175
0 0.270314 0.611333 0.136511 0.374667 0.000282656
0 0.472914 0.026 0.0227519 0.036 0.000285505
0 0.124865 0.004 0.103467 0.008 0.000289484
0 0.964247 0.006 0.071506 0.012 0.000298499
0 0.00731311 0.203333 0.0146262 0.217333 0.000303853
0 0.00650054 0.794667 0.0130011 0.290667 0.000305111
0 0.434995 0.066 0.0346696 0.102667 0.000306915
0 0.180661 0.522 0.0980498 0.174667 0.000308979
0 0.910347 0.0213333 0.052546 0.04 0.000313161
0 0.896804 0.0233333 0.0547129 0.0466667 0.000314862
0 0.667389 0.694 0.665222 0.612 0.000317666
0 0.262459 0.298 0.0796316 0.206667 0.000317907
0 0.991062 0.932 0.00487541 0.0986667 0.000325786
0 0.411972 0.0193333 0.0547129 0.0386667 0.000326707
0 0.00758397 0.608 0.0130011 0.272 0.000331963
0 0.938787 0.0193333 0.101842 0.0386667 0.00033376
0 0.320152 0.632667 0.495125 0.734667 0.000334016
0 0.640845 0.995333 0.056338 0.00933333 0.000334588
0 0.988624 0.02 0.020585 0.04 0.000345176
0 0.978602 0.994 0.0427952 0.012 0.000348894
0 0.160618 0.524 0.105634 0.277333 0.000355007
0 0.035753 0.02 0.071506 0.04 0.00035669
0 0.40195 0.0213333 0.0325027 0.04 0.000372883
0 0.989978 0.9 0.0189599 0.2 0.000374877
0 0.0438787 0.995333 0.0877573 0.00933333 0.000380599
0 0.0669014 0.00733333 0.0763814 0.0146667 0.000382447
0 0.675244 0.691333 0.0514626 0.1 0.000385932
0 0.198537 0.00266667 0.088299 0.00533333 0.000387284
0 0.513814 0.588667 0.0482123 0.150667 0.000403725
0 0.0484832 0 0.0568797 0 0.000406176
0 0.0178765 0.662667 0.035753 0.365333 0.000414313
0 0.978061 1 0.039545 0 0.000429446
0 0.0121885 0.772 0.0211268 0.28 0.000430723
0 0.989978 0.906667 0.00704225 0.141333 0.000444596
0 0.988895 0.104667 0.0200433 0.153333 0.000456797
0 0.164951 0 0.140303 0 0.000471601
0 0.0119177 0.523333 0.0151679 0.273333 0.000481939
0 0.0520043 0.309333 0.0455038 0.096 0.000498209
0 0.662243 1 0.0937161 0 0.000505641
0 0.296046 0.0286667 0.0763814 0.0573333 0.000508238
0 0.0341278 0.356667 0.0682557 0.172 0.000527981
0 0.526002 0.596667 0.0877573 0.297333 0.00053262
0 0.928765 0.038 0.112134 0.0733333 0.000556299
0 0.688516 0.856 0.0574215 0.216 0.00055786
0 0.0102925 0.648667 0.020585 0.276 0.00057909
0 0.320152 0.5 0.640303 1 0.000606192
0 0.0874865 0 0.144637 0 0.000616264
0 0.478873 0.975333 0.0455038 0.0386667 0.000715358
0 0.148971 0.5 0.297942 1 0.000748755
0 0.685265 0.696 0.0249187 0.0666667 0.000786823
0 0.27221 0.552667 0.088299 0.18 0.000832256
0 0.903846 0.0786667 0.111051 0.157333 0.000844264
0 0.419285 0.0166667 0.0216685 0.0253333 0.000896364
0 0.0178765 0.462 0.0335861 0.289333 0.00100106
0 0.649242 0.994 0.0937161 0.012 0.00102838
0 0.520043 0.5 0.5948 1 0.00104714
0 0.815547 0.337333 0.368906 0.674667 0.00138803
0 0.725623 0.930667 0.088299 0.122667 0.0014828
0 0.0270856 0 0.0541712 0 0.00149155
0 0.989437 0.0566667 0.0211268 0.105333 0.00160095
0 0.0444204 0 0.0888407 0 0.00209645
0 0.461538 0.971333 0.0628386 0.0493333 0.00211579
0 0.0322319 0.455333 0.0612134 0.374667 0.00224202
0 0.411159 0.0206667 0.0270856 0.028 0.00263428
0 0.893554 0.062 0.0709642 0.124 0.00291329
0 0.720748 0.5 0.425244 1 0.00514399
0 0.46208 0.955333 0.0541712 0.0413333 0.00714494
0 0.726165 0.517333 0.112134 0.181333 0.00785664
0 0.720477 0.818667 0.197183 0.362667 0.0296678
0 0.528982 0.582 0.0449621 0.188 0.11879
0 0.894366 0.0366667 0.0747562 0.0706667 0.405559
0 0.723456 0.509333 0.0796316 0.0906667 0.788623
0 0.716143 0.874667 0.105092 0.250667 0.82583
