0 0.559047 0.396 0.028169 0.0506667 2.05165e-05
0 0.530878 0.752 0.0325027 0.096 2.05488e-05
0 0.630282 0.996 0.0438787 0.008 2.05798e-05
0 0.535753 0.345333 0.0725894 0.221333 2.06476e-05
0 0.642199 0.986667 0.0817985 0.0266667 2.06736e-05
0 0.308234 0.811333 0.135428 0.377333 2.06736e-05
0 0.387324 0.592667 0.00758397 0.0306667 2.07352e-05
0 0.729144 0.162667 0.0249187 0.0773333 2.07401e-05
0 0.662243 0.688667 0.0308776 0.132 2.08243e-05
0 0.222102 0.108667 0.0422535 0.0813333 2.09119e-05
0 0.456663 0.076 0.0444204 0.0613333 2.09129e-05
0 0.521127 0.204 0.0379198 0.0773333 2.09492e-05
0 0.305255 0.587333 0.0427952 0.164 2.0956e-05
0 0.741062 0.323333 0.0335861 0.0706667 2.10645e-05
0 0.516251 0.0426667 0.0747562 0.0853333 2.11129e-05
0 0.251083 0.965333 0.039545 0.0533333 2.11289e-05
0 0.480769 0.00533333 0.0449621 0.0106667 2.11653e-05
0 0.266251 0.376 0.122969 0.512 2.1201e-05
0 0.223998 0.486667 0.0211268 0.072 2.12047e-05
0 0.733207 0.598667 0.0417118 0.232 2.12265e-05
0 0.51273 1 0.0774648 0 2.12452e-05
0 0.132178 0.704667 0.0660888 0.182667 2.12599e-05
0 0.945016 0.97 0.103467 0.06 2.13258e-05
0 0.594258 0.000666667 0.0487541 0.00133333 2.13444e-05
0 0.107801 0.05 0.0465872 0.06 2.15114e-05
0 0.364301 0.824 0.052546 0.141333 2.15633e-05
0 0.264626 0.571333 0.0222102 0.0413333 2.15658e-05
0 0.443391 1 0.0384615 0 2.16375e-05
0 0.606446 0.461333 0.0709642 0.224 2.16621e-05
0 0.223456 0.794 0.024377 0.0653333 2.16795e-05
0 0.587486 1 0.0796316 0 2.16973e-05
0 0.433911 0.764667 0.0725894 0.14 2.17401e-05
0 0.088299 0.413333 0.0877573 0.301333 2.17403e-05
0 0.754334 0.260667 0.113218 0.481333 2.17667e-05
0 0.486999 0.338 0.0595883 0.113333 2.18266e-05
0 0.0682557 0.97 0.112676 0.06 2.19137e-05
0 0.549567 0.157333 0.0330444 0.0666667 2.19404e-05
0 0.656013 0.16 0.0162514 0.0826667 2.19964e-05
0 0.222914 0.394667 0.0352113 0.0826667 2.19998e-05
0 0.561484 0.076 0.0709642 0.152 2.21172e-05
0 0.334778 0.832 0.0812568 0.144 2.21269e-05
0 0.684995 0.468 0.0568797 0.272 2.22097e-05
0 0.38597 0.282667 0.0644637 0.138667 2.22297e-05
0 0.370802 0.982667 0.0362947 0.0346667 2.2231e-05
0 0.654388 0.613333 0.0455038 0.256 2.22668e-05
0 0.664139 0.026 0.0899242 0.052 2.23139e-05
0 0.24675 0.746667 0.0297941 0.106667 2.23259e-05
0 0.563109 0.264667 0.0547129 0.14 2.23271e-05
0 0.533857 0.955333 0.0969664 0.0653333 2.23439e-05
0 0.675785 0.246667 0.0709642 0.173333 2.23526e-05
0 0.375135 0.018 0.0460455 0.036 2.24036e-05
0 0.755959 0.699333 0.0503792 0.156 2.25015e-05
0 0.595341 0.182 0.0292524 0.084 2.25147e-05
0 0.337216 0.91 0.1013 0.137333 2.25937e-05
0 0.953142 0.276667 0.0937161 0.553333 2.26372e-05
0 0.587757 0.268 0.0552546 0.117333 2.26904e-05
0 0.0387324 0.21 0.0774648 0.42 2.27456e-05
0 0.429036 0.982667 0.0335861 0.0346667 2.27534e-05
0 0.31636 0.26 0.0455038 0.0826667 2.28242e-05
0 0.887053 0.554667 0.0579632 0.405333 2.28579e-05
0 0.636241 0.149333 0.0254605 0.064 2.29434e-05
0 0.604821 0.208 0.0633803 0.232 2.30652e-05
0 0.707747 0.778667 0.0482123 0.04 2.30685e-05
0 0.878927 0.00266667 0.0557963 0.00533333 2.31246e-05
0 0.54117 0.764667 0.00650054 0.036 2.31349e-05
0 0.642199 0.747333 0.024377 0.124 2.31359e-05
0 0.0316901 0.0246667 0.0514626 0.0493333 2.31523e-05
0 0.330986 0.954 0.108342 0.092 2.31578e-05
0 0.0612134 0.636 0.0975081 0.178667 2.31898e-05
0 0.378657 0.603333 0.0130011 0.036 2.3204e-05
0 0.141387 0.0813333 0.084507 0.141333 2.32087e-05
0 0.3039 0.506 0.0238353 0.0413333 2.32703e-05
0 0.76273 0.432667 0.0595883 0.193333 2.33098e-05
0 0.358613 0.521333 0.0736728 0.165333 2.34024e-05
0 0.214518 0.278667 0.0455038 0.186667 2.3416e-05
0 0.495937 0.212667 0.0276273 0.092 2.34853e-05
0 0.209913 0.393333 0.0265439 0.088 2.35244e-05
0 0.919827 0.0253333 0.133261 0.0506667 2.35386e-05
0 0.28169 0.234667 0.0303359 0.0666667 2.35876e-05
0 0.472373 0.0126667 0.0509209 0.0253333 2.36275e-05
0 0.352925 0.372 0.067714 0.122667 2.36453e-05
0 0.981853 0.038 0.0362947 0.076 2.37303e-05
0 0.118635 0.92 0.0400867 0.117333 2.37816e-05
0 0.739166 0.278667 0.0341278 0.04 2.37912e-05
0 0.521398 0.823333 0.166306 0.353333 2.3848e-05
0 0.984561 0.878 0.0222102 0.124 2.386e-05
0 0.826923 0.359333 0.0482123 0.172 2.38617e-05
0 0.41143 0.277333 0.0612134 0.122667 2.39265e-05
0 0.47481 1 0.0752979 0 2.40132e-05
0 0.660618 0.486667 0.024377 0.0773333 2.40675e-05
0 0.317172 0.992667 0.0449621 0.0146667 2.40903e-05
0 0.223727 0.524 0.115926 0.461333 2.412e-05
0 0.215872 0.836667 0.0655471 0.158667 2.41371e-05
0 0.799025 0.612667 0.0606717 0.177333 2.41419e-05
0 0.567714 0.922667 0.105092 0.154667 2.41812e-05
0 0.404117 1 0.0390032 0 2.42045e-05
0 0.339924 0.0873333 0.0828819 0.156 2.42182e-05
0 0.607259 0.151333 0.0216685 0.0733333 2.43153e-05
0 0.397887 0.787333 0.0146262 0.0573333 2.434e-05
0 0.243229 0.485333 0.0227519 0.0693333 2.44071e-05
0 0.157367 0.048 0.0406284 0.0586667 2.4413e-05
0 0.618635 0.022 0.0325027 0.044 2.44519e-05
0 0.318797 0.475333 0.0265439 0.076 2.44666e-05
0 0.172535 0.146 0.0698808 0.190667 2.45232e-05
0 0.0121885 0.956667 0.0146262 0.0866667 2.45267e-05
0 0.159805 0.46 0.0476706 0.096 2.45671e-05
0 0.349675 0.386 0.0330444 0.0786667 2.45765e-05
0 0.419285 0.160667 0.150596 0.321333 2.46699e-05
0 0.54415 0.000666667 0.0471289 0.00133333 2.47282e-05
0 0.236728 0.942 0.0758397 0.116 2.4738e-05
0 0.577736 0.16 0.0276273 0.0533333 2.48565e-05
0 0.520856 0.191333 0.124052 0.382667 2.48884e-05
0 0.402763 0.608 0.0698808 0.130667 2.49353e-05
0 0.40493 0.802667 0.0232936 0.0533333 2.49364e-05
0 0.474269 0.954 0.116468 0.092 2.50126e-05
0 0.677411 0.131333 0.0698808 0.156 2.50416e-05
0 0.625135 0.716 0.0444204 0.248 2.51451e-05
0 0.0162514 0.575333 0.0325027 0.116 2.51517e-05
0 0.865385 0.996667 0.0482123 0.00666667 2.52051e-05
0 0.0181473 0.392 0.0362947 0.109333 2.52364e-05
0 0.218581 0.773333 0.0590466 0.130667 2.5258e-05
0 0.507584 0.201333 0.0325027 0.072 2.52807e-05
0 0.334507 0.502667 0.0547129 0.168 2.53061e-05
0 0.622698 0.601333 0.0373781 0.290667 2.53228e-05
0 0.270314 0.338667 0.0325027 0.064 2.53262e-05
0 0.270585 0.266667 0.0308776 0.0826667 2.53415e-05
0 0.135428 0.7 0.0931744 0.298667 2.53725e-05
0 0.174973 0.05 0.0682557 0.0786667 2.54114e-05
0 0.98727 0.844 0.0124594 0.138667 2.54193e-05
0 0.0184182 0.358667 0.0195016 0.253333 2.5543e-05
0 0.133803 0.946667 0.0769231 0.106667 2.55904e-05
0 0.796316 0.235333 0.0411701 0.121333 2.55908e-05
0 0.422264 0.239333 0.0774648 0.18 2.56841e-05
0 0.517606 0.392 0.0427952 0.0533333 2.57551e-05
0 0.209101 0.454667 0.0216685 0.072 2.58055e-05
0 0.57611 1 0.0492958 0 2.58092e-05
0 0.312297 0.24 0.0265439 0.016 2.58955e-05
0 0.467497 0.103333 0.0606717 0.206667 2.5912e-05
0 0.315818 0.0346667 0.0953413 0.0693333 2.60433e-05
0 0.470206 0.236667 0.0520043 0.0626667 2.61079e-05
0 0.183369 0.706 0.0763814 0.148 2.61181e-05
0 0.307151 0.639333 0.130011 0.526667 2.61954e-05
0 0.309047 0.181333 0.131636 0.362667 2.62167e-05
0 0.540628 0.26 0.0606717 0.125333 2.62237e-05
0 0.587216 0.522667 0.0422535 0.130667 2.64708e-05
0 0.356717 0.00466667 0.0612134 0.00933333 2.64947e-05
0 0.401679 0.845333 0.0655471 0.104 2.6517e-05
0 0.540087 0.0293333 0.084507 0.0586667 2.65405e-05
0 0.656826 0.415333 0.0406284 0.124 2.65632e-05
0 0.157096 0.609333 0.0465872 0.122667 2.66614e-05
0 0.37351 0.994 0.0807151 0.012 2.67706e-05
0 0.753792 0.690667 0.0698808 0.282667 2.6788e-05
0 0.776815 1 0.0769231 0 2.68262e-05
0 0.486999 0.473333 0.0617551 0.136 2.68368e-05
0 0.462893 0.0386667 0.0763814 0.0773333 2.68879e-05
0 0.219935 0.00266667 0.0465872 0.00533333 2.68881e-05
0 0.605092 0.02 0.0368364 0.04 2.69857e-05
0 0.510022 0.076 0.0427952 0.104 2.69901e-05
0 0.428494 1 0.035753 0 2.69926e-05
0 0.398971 0 0.0839653 0 2.70136e-05
0 0.800108 0.356 0.0130011 0.0506667 2.71177e-05
0 0.415222 0.939333 0.0438787 0.0386667 2.71448e-05
0 0.754063 0.768667 0.0931744 0.228 2.72422e-05
0 0.346966 0.231333 0.0352113 0.121333 2.73377e-05
0 0.132449 0.644667 0.0417118 0.105333 2.74493e-05
0 0.98402 0.850667 0.031961 0.274667 2.74727e-05
0 0.633803 0.199333 0.0595883 0.246667 2.75473e-05
0 0.643554 0.994667 0.0422535 0.0106667 2.75894e-05
0 0.914951 1 0.0520043 0 2.75976e-05
0 0.364843 0.654667 0.0720477 0.141333 2.7633e-05
0 0.55688 0.224 0.0314193 0.0773333 2.78609e-05
0 0.295775 0.498 0.00758397 0.02 2.78696e-05
0 0.799837 0.342667 0.0417118 0.256 2.792e-05
0 0.953955 0.996 0.0498375 0.008 2.79369e-05
0 0.56636 0.39 0.0698808 0.156 2.795e-05
0 0.275731 1 0.0650054 0 2.79724e-05
0 0.436891 0.26 0.0568797 0.0853333 2.80041e-05
0 0.359967 0.151333 0.0503792 0.164 2.80731e-05
0 0.633803 0.615333 0.0325027 0.110667 2.80801e-05
0 0.850488 0.534 0.0736728 0.164 2.81037e-05
0 0.217226 0.7 0.0617551 0.304 2.82629e-05
0 0.651138 0.997333 0.0780065 0.00533333 2.82686e-05
0 0.307692 0.976 0.0574215 0.04 2.82775e-05
0 0.0165222 0.830667 0.0178765 0.258667 2.8381e-05
0 0.314193 0.355333 0.0151679 0.0386667 2.85568e-05
0 0.339112 0.384667 0.0379198 0.06 2.86257e-05
0 0.209913 0.425333 0.024377 0.0826667 2.8833e-05
0 0.778169 0.697333 0.0850488 0.221333 2.88354e-05
0 0.43364 0.255333 0.0362947 0.052 2.88839e-05
0 0.11403 0.996 0.0471289 0.008 2.88965e-05
0 0.0929036 0.713333 0.0861322 0.176 2.89161e-05
0 0.587486 0.0753333 0.0666305 0.150667 2.90154e-05
0 0.87351 0.062 0.111051 0.124 2.91811e-05
0 0.543337 0.782 0.0390032 0.108 2.92951e-05
0 0.549296 1 0.0801734 0 2.95864e-05
0 0.627844 0.718 0.0303359 0.164 2.96324e-05
0 0.832882 0.987333 0.0742145 0.0253333 2.96627e-05
0 0.884886 0.626667 0.0297941 0.485333 2.96737e-05
0 0.516251 0.382 0.0704225 0.158667 2.97735e-05
0 0.132178 0.455333 0.0433369 0.102667 2.98239e-05
0 0.539003 1 0.0487541 0 2.98305e-05
0 0.711538 0.372667 0.0157096 0.06 2.98464e-05
0 0.357259 0.989333 0.039545 0.0213333 2.991e-05
0 0.478873 0 0.0509209 0 2.9925e-05
0 0.502438 1 0.0482123 0 3.00093e-05
0 0.144637 0.028 0.122427 0.056 3.00453e-05
0 0.086403 0.415333 0.0612134 0.126667 3.01147e-05
0 0.432828 0.00533333 0.0455038 0.0106667 3.01221e-05
0 0.467497 0.379333 0.0725894 0.166667 3.01495e-05
0 0.622427 0.339333 0.0552546 0.225333 3.02103e-05
0 0.563651 0.948 0.13597 0.104 3.03064e-05
0 0.29415 0.403333 0.0541712 0.297333 3.03199e-05
0 0.712351 0.104 0.0303359 0.048 3.03391e-05
0 0.111863 0.370667 0.067714 0.146667 3.03518e-05
0 0.721018 0.811333 0.0520043 0.14 3.03996e-05
0 0.483478 0.024 0.039545 0.0426667 3.052e-05
0 0.178223 0.99 0.0411701 0.02 3.05246e-05
0 0.633803 0.072 0.0574215 0.144 3.06837e-05
0 0.391116 0.362 0.0335861 0.044 3.07232e-05
0 0.537107 0.182 0.0373781 0.0786667 3.08196e-05
0 0.969935 0.932 0.0568797 0.136 3.08246e-05
0 0.510834 0.364667 0.0433369 0.102667 3.09175e-05
0 0.755959 0.755333 0.134886 0.489333 3.09647e-05
0 0.369177 0.00333333 0.0427952 0.00666667 3.11165e-05
0 0.380011 0 0.0503792 0 3.11195e-05
0 0.207476 0.203333 0.0552546 0.188 3.11303e-05
0 0.235374 0.129333 0.0417118 0.101333 3.11528e-05
0 0.606446 0.526 0.0417118 0.129333 3.11965e-05
0 0.0872156 0.997333 0.0520043 0.00533333 3.12486e-05
0 0.964789 0.778 0.063922 0.196 3.12635e-05
0 0.982123 0.971333 0.035753 0.0573333 3.13987e-05
0 0.640845 0.528 0.035753 0.114667 3.15407e-05
0 0.43662 0.215333 0.0628386 0.105333 3.15538e-05
0 0.612134 0.072 0.0617551 0.144 3.16473e-05
0 0.66143 0.074 0.063922 0.148 3.16722e-05
0 0.258667 0.458667 0.0514626 0.298667 3.1693e-05
0 0.861051 0.8 0.0384615 0.394667 3.17028e-05
0 0.23727 0.922 0.0303359 0.105333 3.17041e-05
0 0.481311 0.965333 0.0449621 0.04 3.1733e-05
0 0.426327 0.978 0.0823402 0.044 3.17682e-05
0 0.840195 0.995333 0.0476706 0.00933333 3.18203e-05
0 0.0511918 0.342667 0.0817985 0.16 3.18447e-05
0 0.398971 0.696 0.024377 0.0293333 3.18656e-05
0 0.340195 0.992 0.0433369 0.016 3.187e-05
0 0.245395 0.338 0.0249187 0.0733333 3.18886e-05
0 0.225352 0.672667 0.0249187 0.084 3.19759e-05
0 0.988353 0.098 0.0232936 0.174667 3.19829e-05
0 0.184724 0.900667 0.071506 0.153333 3.20076e-05
0 0.423077 0.952667 0.028169 0.052 3.21452e-05
0 0.106176 0.016 0.0487541 0.032 3.21564e-05
0 0.431744 0.206 0.0346696 0.0706667 3.21597e-05
0 0.254334 0.592 0.0482123 0.109333 3.216e-05
0 0.182557 0.954 0.0660888 0.092 3.21653e-05
0 0.784128 0.064 0.0796316 0.128 3.2239e-05
0 0.0587757 0.573333 0.0872156 0.178667 3.22513e-05
0 0.138949 0.992667 0.0449621 0.0146667 3.22918e-05
0 0.581528 0.124 0.0568797 0.248 3.24544e-05
0 0.36701 0.114667 0.0644637 0.229333 3.25023e-05
0 0.236457 0.287333 0.0590466 0.145333 3.25364e-05
0 0.0200433 0.0626667 0.0335861 0.0853333 3.25422e-05
0 0.390845 0.0633333 0.0297941 0.0573333 3.2544e-05
0 0.871073 0.312 0.166847 0.624 3.25714e-05
0 0.353738 1 0.0455038 0 3.26092e-05
0 0.414951 0.977333 0.035753 0.0453333 3.2697e-05
0 0.606717 0.471333 0.0487541 0.118667 3.27095e-05
0 0.0249187 0.970667 0.0498375 0.0586667 3.28164e-05
0 0.301192 0.885333 0.0823402 0.229333 3.28706e-05
0 0.716414 0.464 0.0178765 0.032 3.29672e-05
0 0.435265 0.336667 0.0622969 0.116 3.3059e-05
0 0.296316 0.479333 0.028169 0.0946667 3.30613e-05
0 0.116197 0 0.0557963 0 3.30709e-05
0 0.303088 1 0.0449621 0 3.32897e-05
0 0.783315 0.808667 0.0379198 0.26 3.33369e-05
0 0.658451 0.198667 0.0633803 0.242667 3.33589e-05
0 0.110509 0.635333 0.0400867 0.0973333 3.34271e-05
0 0.226165 0.641333 0.024377 0.0853333 3.359e-05
0 0.639762 0.613333 0.0303359 0.032 3.36073e-05
0 0.538191 0.76 0.0135428 0.032 3.36117e-05
0 0.464789 1 0.0455038 0 3.36158e-05
0 0.168743 0.484 0.0471289 0.101333 3.37189e-05
0 0.20585 0.000666667 0.0509209 0.00133333 3.3784e-05
0 0.262459 0.238667 0.0308776 0.08 3.37845e-05
0 0.85455 0.476 0.0915493 0.224 3.38384e-05
0 0.355905 0.263333 0.0682557 0.169333 3.38501e-05
0 0.214247 0.453333 0.0644637 0.301333 3.40088e-05
0 0.323131 0.249333 0.0276273 0.048 3.41321e-05
0 0.287378 0.976667 0.0471289 0.0386667 3.41338e-05
0 0.855363 0.004 0.0552546 0.008 3.43086e-05
0 0.306067 0.641333 0.0704225 0.205333 3.43888e-05
0 0.693662 0.404667 0.0438787 0.148 3.44128e-05
0 0.770314 0.61 0.0455038 0.148 3.4468e-05
0 0.732394 0.500667 0.0260022 0.0733333 3.45641e-05
0 0.581528 0.464667 0.0742145 0.196 3.46475e-05
0 0.23727 0.818667 0.028169 0.0746667 3.46769e-05
0 0.223727 0.452667 0.0227519 0.068 3.47334e-05
0 0.229144 0 0.0520043 0 3.47391e-05
0 0.534128 0.122 0.0606717 0.244 3.48044e-05
0 0.212893 0.896667 0.0628386 0.153333 3.4874e-05
0 0.715872 0.288 0.0178765 0.0533333 3.49074e-05
0 0.987812 0.958667 0.0157096 0.064 3.49237e-05
0 0.641658 0.473333 0.0384615 0.0933333 3.49812e-05
0 0.519772 0.0673333 0.0157096 0.0733333 3.50142e-05
0 0.981582 0.0273333 0.0314193 0.0546667 3.50968e-05
0 0.0173348 0.330667 0.0346696 0.114667 3.51679e-05
0 0.223998 0.336667 0.0254605 0.084 3.53152e-05
0 0.680661 0.520667 0.039545 0.110667 3.53186e-05
0 0.11701 0.288667 0.169014 0.524 3.53366e-05
0 0.640033 1 0.0438787 0 3.54227e-05
0 0.0170639 0.268667 0.0341278 0.116 3.54626e-05
0 0.67416 0.816667 0.0265439 0.1 3.55508e-05
0 0.41441 0.146 0.0769231 0.230667 3.5588e-05
0 0.0950704 0.024 0.127302 0.048 3.56827e-05
0 0.362405 0.0273333 0.0866739 0.0546667 3.574e-05
0 0.48104 0.213333 0.028169 0.106667 3.58049e-05
0 0.646262 0.805333 0.0379198 0.149333 3.59007e-05
0 0.090195 0 0.0547129 0 3.59957e-05
0 0.361322 0.783333 0.0758397 0.108 3.61157e-05
0 0.85428 0.502667 0.0238353 0.2 3.61337e-05
0 0.4052 0 0.0498375 0 3.61561e-05
0 0.707476 0.165333 0.0249187 0.0853333 3.62036e-05
0 0.29117 0.042 0.0503792 0.06 3.62294e-05
0 0.223185 0.0873333 0.028169 0.084 3.63727e-05
0 0.0449621 0.266667 0.0790899 0.256 3.63986e-05
0 0.207476 0.0526667 0.0390032 0.06 3.66152e-05
0 0.396533 0.01 0.0390032 0.02 3.66465e-05
0 0.132178 0.048 0.0487541 0.0586667 3.6667e-05
0 0.00866739 0.965333 0.00866739 0.0693333 3.6836e-05
0 0.235645 0.49 0.020585 0.0733333 3.68682e-05
0 0.473998 0.102667 0.0292524 0.056 3.68783e-05
0 0.731582 0.076 0.0655471 0.152 3.69098e-05
0 0.843445 0.982667 0.0910076 0.0346667 3.69109e-05
0 0.699621 0.205333 0.0178765 0.0666667 3.69946e-05
0 0.0536295 0 0.0541712 0 3.70517e-05
0 0.329632 0.243333 0.0503792 0.084 3.71063e-05
0 0.0985916 0.0213333 0.0942579 0.0426667 3.71816e-05
0 0.257042 0.553333 0.0373781 0.096 3.72819e-05
0 0.161701 0.748667 0.0796316 0.214667 3.73343e-05
0 0.339382 0.749333 0.0124594 0.0186667 3.74033e-05
0 0.00758397 0.95 0.0151679 0.1 3.76034e-05
0 0.80688 0.333333 0.031961 0.096 3.76105e-05
0 0.3039 0.508667 0.0509209 0.124 3.76838e-05
0 0.713705 0.480667 0.0200433 0.0413333 3.76942e-05
0 0.537107 0.353333 0.0568797 0.106667 3.77892e-05
0 0.140574 0.00133333 0.0557963 0.00266667 3.77961e-05
0 0.172264 0.052 0.0411701 0.056 3.78851e-05
0 0.767877 0.992 0.0384615 0.016 3.81122e-05
0 0.81636 0.994667 0.0487541 0.0106667 3.82889e-05
0 0.513272 0.205333 0.0666305 0.104 3.83193e-05
0 0.429577 0 0.0498375 0 3.83532e-05
0 0.613759 0.992 0.12351 0.016 3.86017e-05
0 0.701788 0.97 0.0406284 0.0466667 3.86621e-05
0 0.263543 0.820667 0.112134 0.358667 3.88114e-05
0 0.299025 0.992 0.0682557 0.016 3.89344e-05
0 0.415493 0.374 0.0725894 0.161333 3.89745e-05
0 0.374594 0.0213333 0.0276273 0.0426667 3.92124e-05
0 0.0547129 0.0866667 0.092091 0.16 3.92875e-05
0 0.769231 0.0293333 0.0314193 0.0533333 3.93091e-05
0 0.216685 0.346667 0.063922 0.296 3.93365e-05
0 0.658722 0.203333 0.0455038 0.137333 3.93755e-05
0 0.64247 0.128 0.0422535 0.256 3.94739e-05
0 0.517335 0 0.0509209 0 3.9566e-05
0 0.216685 0.0686667 0.0693391 0.137333 3.95734e-05
0 0.767606 1 0.0433369 0 3.96129e-05
0 0.482936 0.160667 0.0666305 0.236 3.96241e-05
0 0.270043 0.977333 0.0373781 0.032 3.97939e-05
0 0.75 0.292 0.0460455 0.096 3.99308e-05
0 0.610238 0.162667 0.0341278 0.122667 4.02478e-05
0 0.160618 0.884 0.0774648 0.189333 4.0301e-05
0 0.754875 0.334 0.067714 0.142667 4.03229e-05
0 0.738624 0.518667 0.052546 0.226667 4.0367e-05
0 0.613218 0.110667 0.0325027 0.133333 4.0425e-05
0 0.207205 0.088 0.0352113 0.0666667 4.04574e-05
0 0.471831 0.568 0.0541712 0.130667 4.05922e-05
0 0.410347 0.0746667 0.0362947 0.0746667 4.07e-05
0 0.217226 0.708667 0.0379198 0.153333 4.07673e-05
0 0.699079 0.332 0.0547129 0.264 4.07785e-05
0 0.914951 0 0.0530878 0 4.08178e-05
0 0.492145 0.0813333 0.0352113 0.0746667 4.08447e-05
0 0.0360238 0.752 0.0720477 0.496 4.08632e-05
0 0.95585 0.00333333 0.0557963 0.00666667 4.08965e-05
0 0.15818 0.396667 0.147346 0.558667 4.09486e-05
0 0.387866 0.0433333 0.0671723 0.0866667 4.09904e-05
0 0.239707 0.206667 0.0666305 0.173333 4.10229e-05
0 0.940953 1 0.0530878 0 4.1035e-05
0 0.960184 0.602667 0.0698808 0.362667 4.15464e-05
0 0.277086 0.595333 0.0449621 0.153333 4.16395e-05
0 0.458559 0.01 0.0492958 0.02 4.16816e-05
0 0.633803 0.203333 0.0400867 0.126667 4.16896e-05
0 0.931744 0.739333 0.136511 0.521333 4.17319e-05
0 0.802546 0.338667 0.0135428 0.0826667 4.19024e-05
0 0.382178 0.596 0.0189599 0.04 4.19754e-05
0 0.0176056 0.454667 0.0352113 0.112 4.21306e-05
0 0.666035 0.505333 0.0254605 0.0426667 4.21614e-05
0 0.401138 0.670667 0.0362947 0.117333 4.21676e-05
0 0.303088 0 0.0514626 0 4.25064e-05
0 0.258667 0.854 0.0373781 0.0813333 4.26818e-05
0 0.213164 0.954667 0.067714 0.0906667 4.27274e-05
0 0.291712 0.980667 0.0731311 0.0386667 4.28483e-05
0 0.223456 0.426 0.024377 0.076 4.31391e-05
0 0.967497 0.994667 0.0444204 0.0106667 4.32251e-05
0 0.0885699 0.956667 0.102384 0.0866667 4.32507e-05
0 0.453954 0 0.0509209 0 4.3525e-05
0 0.131365 0.475333 0.0698808 0.172 4.35436e-05
0 0.888949 0.778 0.124594 0.214667 4.35956e-05
0 0.720477 0.636667 0.0303359 0.0866667 4.36524e-05
0 0.466414 0.926 0.0899242 0.142667 4.36738e-05
0 0.735645 0.948667 0.0704225 0.102667 4.37687e-05
0 0.0539003 0.406 0.0893824 0.177333 4.38198e-05
0 0.467226 0.02 0.0297941 0.032 4.38552e-05
0 0.205038 0.993333 0.0417118 0.0133333 4.38732e-05
0 0.160347 0.476 0.0888407 0.146667 4.38852e-05
0 0.114301 0.764 0.0877573 0.237333 4.3936e-05
0 0.483749 0.208 0.0585049 0.112 4.39826e-05
0 0.728873 0.402667 0.0460455 0.250667 4.4136e-05
0 0.278169 0 0.052546 0 4.4203e-05
0 0.155742 0.0146667 0.0460455 0.0293333 4.43771e-05
0 0.60455 0.214 0.0390032 0.116 4.43973e-05
0 0.25623 0.160667 0.0379198 0.1 4.4694e-05
0 0.828548 0.344667 0.0785482 0.302667 4.4791e-05
0 0.713434 0.215333 0.0455038 0.265333 4.48094e-05
0 0.111322 0.414 0.0547129 0.137333 4.48911e-05
0 0.372969 0.604 0.039545 0.101333 4.49452e-05
0 0.695829 0.288 0.0612134 0.12 4.49505e-05
0 0.631094 0.0233333 0.0238353 0.0466667 4.50383e-05
0 0.986999 0.0113333 0.020585 0.0226667 4.50537e-05
0 0.611593 0.300667 0.0335861 0.108 4.50864e-05
0 0.788732 0.424667 0.0530878 0.126667 4.51037e-05
0 0.588028 0.357333 0.0438787 0.0906667 4.51361e-05
0 0.166576 0.00133333 0.0557963 0.00266667 4.52391e-05
0 0.430932 0.233333 0.0352113 0.048 4.54021e-05
0 0.747021 0.945333 0.0444204 0.104 4.54461e-05
0 0.380282 0.958667 0.0465872 0.056 4.5463e-05
0 0.261105 0.00533333 0.0834236 0.0106667 4.55812e-05
0 0.86078 0.785333 0.122427 0.357333 4.55816e-05
0 0.0165222 0.547333 0.0178765 0.257333 4.56225e-05
0 0.33559 0.745333 0.0211268 0.0266667 4.56631e-05
0 0.244041 0.992 0.0362947 0.016 4.56843e-05
0 0.168472 0.062 0.0758397 0.124 4.59166e-05
0 0.72156 0.495333 0.0173348 0.0733333 4.59229e-05
0 0.698808 0.142667 0.0303359 0.0693333 4.5944e-05
0 0.28792 0.222 0.0633803 0.113333 4.60499e-05
0 0.189328 0.103333 0.0644637 0.206667 4.61586e-05
0 0.685265 0.99 0.0541712 0.02 4.62963e-05
0 0.289274 0.354 0.0585049 0.124 4.65644e-05
0 0.25948 0.364 0.0303359 0.0693333 4.65747e-05
0 0.700433 0.979333 0.0249187 0.0386667 4.66196e-05
0 0.959101 0.0246667 0.0817985 0.0493333 4.66698e-05
0 0.376761 0.590667 0.0211268 0.08 4.68215e-05
0 0.262459 0.206 0.0655471 0.153333 4.68528e-05
0 0.277627 0.14 0.0644637 0.173333 4.69066e-05
0 0.222644 0.052 0.0314193 0.0666667 4.69373e-05
0 0.293066 0.992667 0.0487541 0.0146667 4.69601e-05
0 0.187974 0.194667 0.0780065 0.309333 4.69705e-05
0 0.0655471 0.876 0.0942579 0.248 4.71902e-05
0 0.248646 0.581333 0.0314193 0.0613333 4.72331e-05
0 0.959101 0.610667 0.0817985 0.157333 4.72538e-05
0 0.717768 0.505333 0.0476706 0.296 4.73501e-05
0 0.435265 0.164 0.0763814 0.141333 4.73922e-05
0 0.00785482 0.0353333 0.0146262 0.0706667 4.74092e-05
0 0.909534 0.689333 0.118093 0.365333 4.75172e-05
0 0.582882 0.116667 0.0433369 0.153333 4.75275e-05
0 0.621614 0.343333 0.0330444 0.108 4.77207e-05
0 0.217768 0.352667 0.0541712 0.142667 4.77329e-05
0 0.347779 0.0133333 0.0682557 0.0266667 4.77407e-05
0 0.690141 0.195333 0.0552546 0.276 4.78082e-05
0 0.796316 0.339333 0.0249187 0.137333 4.79356e-05
0 0.924973 0.152667 0.150054 0.305333 4.794e-05
0 0.328007 1 0.0492958 0 4.81255e-05
0 0.0227519 0.173333 0.0335861 0.192 4.81517e-05
0 0.267335 1 0.0373781 0 4.81896e-05
0 0.37649 0.0506667 0.020585 0.0586667 4.82122e-05
0 0.0208559 0.292 0.0287107 0.226667 4.82385e-05
0 0.75 0.267333 0.0655471 0.156 4.84046e-05
0 0.0628386 0.0646667 0.092091 0.129333 4.84841e-05
0 0.255417 0 0.052546 0 4.87093e-05
0 0.98104 0.0593333 0.0314193 0.0973333 4.88224e-05
0 0.259209 0.464 0.0579632 0.133333 4.89247e-05
0 0.738353 0.997333 0.0855905 0.00533333 4.90794e-05
0 0.293337 0.008 0.0590466 0.016 4.93229e-05
0 0.836132 0.856 0.0568797 0.288 4.94271e-05
0 0.730769 1 0.0422535 0 4.9472e-05
0 0.118635 0.53 0.0433369 0.142667 4.9528e-05
0 0.726436 0.103333 0.0292524 0.0653333 4.97609e-05
0 0.726706 0.356 0.0276273 0.0666667 4.98505e-05
0 0.184182 0.404 0.0769231 0.154667 4.98627e-05
0 0.192579 0.138667 0.052546 0.114667 4.9893e-05
0 0.512459 0.414667 0.0379198 0.0506667 4.99561e-05
0 0.388949 0.809333 0.0400867 0.0666667 5.00677e-05
0 0.174702 0.0873333 0.0308776 0.0573333 5.03853e-05
0 0.135157 0.408667 0.0980498 0.249333 5.05143e-05
0 0.629198 0.611333 0.0146262 0.0306667 5.06281e-05
0 0.261918 0.986 0.0731311 0.028 5.06571e-05
0 0.669556 0.728 0.0541712 0.162667 5.08155e-05
0 0.708017 0.208 0.0260022 0.048 5.11455e-05
0 0.672806 0.88 0.035753 0.197333 5.11566e-05
0 0.717497 0.155333 0.0211268 0.0946667 5.12403e-05
0 0.694204 0.797333 0.0427952 0.112 5.13931e-05
0 0.125406 1 0.0796316 0 5.14124e-05
0 0.266793 0.925333 0.0362947 0.112 5.14679e-05
0 0.0885699 0.477333 0.0579632 0.165333 5.14854e-05
0 0.159263 0.355333 0.110509 0.268 5.15721e-05
0 0.470206 0.213333 0.0249187 0.0933333 5.16552e-05
0 0.940683 0.704 0.117551 0.261333 5.18282e-05
0 0.212893 0.459333 0.0400867 0.14 5.20138e-05
0 0.563922 0.034 0.0725894 0.068 5.21927e-05
0 0.349946 0.437333 0.0585049 0.144 5.22934e-05
0 0.570423 0.396 0.0303359 0.0453333 5.3024e-05
0 0.469393 0.172 0.0471289 0.165333 5.31273e-05
0 0.891116 1 0.0530878 0 5.31275e-05
0 0.812568 0.042 0.071506 0.084 5.32012e-05
0 0.490249 0.687333 0.0953413 0.353333 5.32085e-05
0 0.983749 0.918667 0.0303359 0.162667 5.32339e-05
0 0.248917 0.974667 0.024377 0.04 5.33621e-05
0 0.0628386 0.404667 0.125677 0.46 5.37294e-05
0 0.260834 0.645333 0.113218 0.482667 5.37303e-05
0 0.296046 0.496667 0.0167931 0.0173333 5.3814e-05
0 0.13299 0.897333 0.0731311 0.178667 5.41907e-05
0 0.156284 0.642 0.0774648 0.150667 5.43156e-05
0 0.472914 0.673333 0.0314193 0.122667 5.43973e-05
0 0.559047 0.362667 0.0455038 0.088 5.44447e-05
0 0.53467 0.766667 0.020585 0.0266667 5.45171e-05
0 0.176598 0.524 0.0812568 0.264 5.47319e-05
0 0.752438 1 0.0411701 0 5.47855e-05
0 0.257855 0.568667 0.0216685 0.0306667 5.47881e-05
0 0.50948 0.97 0.088299 0.06 5.48293e-05
0 0.58234 0.476 0.0465872 0.112 5.48483e-05
0 0.419014 0.0453333 0.0590466 0.064 5.49786e-05
0 0.792795 1 0.0460455 0 5.51265e-05
0 0.30688 0.132667 0.0752979 0.164 5.51505e-05
0 0.687703 0.477333 0.0406284 0.0906667 5.52541e-05
0 0.0501083 1 0.0547129 0 5.52627e-05
0 0.888949 0.528 0.177681 0.397333 5.52811e-05
0 0.216143 0.528667 0.0606717 0.142667 5.57028e-05
0 0.25948 0.277333 0.0617551 0.144 5.61468e-05
0 0.356176 0 0.0471289 0 5.6316e-05
0 0.0398158 0.507333 0.0796316 0.516 5.63399e-05
0 0.176869 1 0.0427952 0 5.63589e-05
0 0.0208559 0.0226667 0.0384615 0.0453333 5.64614e-05
0 0.229144 1 0.0400867 0 5.6479e-05
0 0.700163 0.996667 0.0720477 0.00666667 5.66051e-05
0 0.246208 0.367333 0.0232936 0.084 5.69912e-05
0 0.347237 0.386 0.092091 0.393333 5.73201e-05
0 0.708017 0.812 0.0942579 0.202667 5.73771e-05
0 0.054442 0.470667 0.0742145 0.170667 5.75188e-05
0 0.733478 0.600667 0.0270856 0.0973333 5.78475e-05
0 0.0170639 0.515333 0.0341278 0.121333 5.79833e-05
0 0.853738 0.658667 0.099675 0.296 5.82688e-05
0 0.244041 0.452667 0.0189599 0.0573333 5.82778e-05
0 0.292254 0.501333 0.0254605 0.032 5.83246e-05
0 0.457205 0.054 0.0292524 0.0786667 5.83745e-05
0 0.248917 0.806 0.031961 0.068 5.84091e-05
0 0.394095 0.676 0.0211268 0.0853333 5.8424e-05
0 0.627031 0 0.0536295 0 5.85585e-05
0 0.234561 0.334667 0.0216685 0.0773333 5.8685e-05
0 0.71533 0 0.052546 0 5.87802e-05
0 0.109697 0.816667 0.148971 0.366667 5.8797e-05
0 0.244041 0.636667 0.0352113 0.092 5.88006e-05
0 0.353196 0 0.0520043 0 5.88839e-05
0 0.371073 0.0833333 0.0693391 0.137333 5.89834e-05
0 0.296587 0.409333 0.0352113 0.133333 5.90567e-05
0 0.382449 0.933333 0.0866739 0.133333 5.92314e-05
0 0.286024 0.27 0.063922 0.129333 5.9611e-05
0 0.705038 1 0.039545 0 5.96138e-05
0 0.471289 0.0593333 0.0270856 0.0786667 5.97993e-05
0 0.0387324 1 0.0547129 0 5.98511e-05
0 0.130282 0.0166667 0.0503792 0.0333333 5.98769e-05
0 0.0872156 1 0.0552546 0 6.00448e-05
0 0.264897 0.148 0.119177 0.296 6.00571e-05
0 0.524648 0.0746667 0.0417118 0.149333 6.00781e-05
0 0.521127 0.931333 0.0975081 0.132 6.02068e-05
0 0.12026 0.61 0.0433369 0.121333 6.07744e-05
0 0.254334 1 0.0362947 0 6.0879e-05
0 0.391116 0.794 0.0162514 0.0226667 6.10005e-05
0 0.373239 0.934667 0.0834236 0.096 6.11661e-05
0 0.800108 0.284667 0.0227519 0.108 6.12723e-05
0 0.576652 0.201333 0.0492958 0.226667 6.12809e-05
0 0.738353 0.516667 0.0368364 0.137333 6.15566e-05
0 0.657638 0.619333 0.0379198 0.121333 6.15611e-05
0 0.655742 0.764667 0.024377 0.118667 6.15793e-05
0 0.536566 0.109333 0.0460455 0.154667 6.17432e-05
0 0.861322 0.839333 0.109426 0.174667 6.1898e-05
0 0.859967 0.689333 0.0276273 0.368 6.22546e-05
0 0.1552 0.405333 0.0774648 0.173333 6.26361e-05
0 0.522752 0.148667 0.0660888 0.158667 6.27738e-05
0 0.317443 0 0.0476706 0 6.27967e-05
0 0.271127 0.812 0.0460455 0.0746667 6.32001e-05
0 0.1552 0.604667 0.129469 0.446667 6.32483e-05
0 0.207205 0.018 0.0427952 0.036 6.3822e-05
0 0.491333 0.954667 0.0520043 0.0586667 6.39849e-05
0 0.206121 0.138667 0.0698808 0.256 6.43078e-05
0 0.940953 0 0.0552546 0 6.4311e-05
0 0.319068 0.373333 0.020585 0.056 6.52937e-05
0 0.986728 0.06 0.0146262 0.112 6.56316e-05
0 0.991874 0.954 0.0162514 0.092 6.56972e-05
0 0.110238 0.481333 0.0482123 0.173333 6.59155e-05
0 0.13597 0.0226667 0.0877573 0.0453333 6.61515e-05
0 0.877302 0 0.0547129 0 6.62164e-05
0 0.565547 0 0.0530878 0 6.63904e-05
0 0.330444 0 0.0487541 0 6.66366e-05
0 0.968039 0.0713333 0.063922 0.142667 6.67907e-05
0 0.413597 0.0753333 0.0752979 0.105333 6.69632e-05
0 0.713705 0.00266667 0.0655471 0.00533333 6.71488e-05
0 0.337216 0.752667 0.0287107 0.0253333 6.71572e-05
0 0.514355 0.977333 0.116468 0.0453333 6.71884e-05
0 0.652492 0 0.0536295 0 6.73697e-05
0 0.434724 0.0686667 0.0785482 0.137333 6.74142e-05
0 0.511647 0.401333 0.0222102 0.0533333 6.76176e-05
0 0.686891 0.04 0.0704225 0.08 6.79199e-05
0 0.433911 0.076 0.0422535 0.0693333 6.79226e-05
0 0.690141 0.982667 0.0758397 0.0346667 6.82781e-05
0 0.655742 0.129333 0.0254605 0.08 6.82857e-05
0 0.65818 0.5 0.00866739 0.0266667 6.85352e-05
0 0.234832 0.00666667 0.0427952 0.0133333 6.86221e-05
0 0.338299 0.022 0.0828819 0.044 6.87126e-05
0 0.874594 0.012 0.0937161 0.024 6.88518e-05
0 0.467768 0.076 0.0438787 0.114667 6.89716e-05
0 0.70585 0.212667 0.0140845 0.044 6.91176e-05
0 0.485915 0.08 0.056338 0.16 6.93042e-05
0 0.270314 0.993333 0.0368364 0.0133333 6.9969e-05
0 0.113218 1 0.0520043 0 6.999e-05
0 0.741603 0 0.0530878 0 7.00674e-05
0 0.23429 0.395333 0.0536295 0.249333 7.03455e-05
0 0.611593 0.333333 0.0238353 0.08 7.06904e-05
0 0.737812 0.296667 0.0270856 0.0493333 7.08516e-05
0 0.330173 0.0113333 0.0438787 0.0226667 7.08903e-05
0 0.647075 0.163333 0.0211268 0.068 7.08938e-05
0 0.301192 0.829333 0.0227519 0.048 7.09699e-05
0 0.591008 0 0.0530878 0 7.10745e-05
0 0.589924 0.0313333 0.0682557 0.0626667 7.13223e-05
0 0.456392 0.0206667 0.031961 0.028 7.14723e-05
0 0.124052 0.432 0.0390032 0.0986667 7.22262e-05
0 0.0121885 0.887333 0.0222102 0.188 7.22794e-05
0 0.235915 0.988667 0.0731311 0.0226667 7.23032e-05
0 0.487541 0.01 0.0617551 0.02 7.28258e-05
0 0.415222 0.722 0.0633803 0.145333 7.29501e-05
0 0.296858 0.504 0.00541712 0.0186667 7.30847e-05
0 0.984561 0 0.0308776 0 7.32998e-05
0 0.277627 0.648667 0.0655471 0.294667 7.33585e-05
0 0.0509209 0.251333 0.101842 0.457333 7.36455e-05
0 0.684724 0.823333 0.0314193 0.113333 7.36606e-05
0 0.269502 0.985333 0.024377 0.0266667 7.38707e-05
0 0.78494 0.028 0.0790899 0.056 7.38901e-05
0 0.910076 0.992 0.0801734 0.016 7.40751e-05
0 0.672806 0.446 0.654388 0.892 7.43728e-05
0 0.185536 0.00466667 0.0731311 0.00933333 7.44942e-05
0 0.339653 0.974667 0.118093 0.0506667 7.48266e-05
0 0.283044 0.044 0.0861322 0.088 7.48483e-05
0 0.234561 0.457333 0.0314193 0.128 7.51187e-05
0 0.690683 0.201333 0.0444204 0.130667 7.54445e-05
0 0.239978 0.546 0.0303359 0.116 7.56278e-05
0 0.747021 0.124667 0.0671723 0.132 7.57376e-05
0 0.742416 0.980667 0.0568797 0.0386667 7.59818e-05
0 0.830173 0.722 0.0904659 0.268 7.63055e-05
0 0.690141 0 0.0530878 0 7.68114e-05
0 0.702058 0.916 0.0520043 0.117333 7.71435e-05
0 0.637866 0.004 0.0644637 0.008 7.76257e-05
0 0.173889 0.532667 0.056338 0.148 7.77726e-05
0 0.284399 0.962 0.0747562 0.076 7.82115e-05
0 0.767064 0.004 0.0704225 0.008 7.82405e-05
0 0.257042 0.990667 0.0330444 0.0186667 7.83157e-05
0 0.236457 0.0886667 0.0265439 0.1 7.85217e-05
0 0.138407 1 0.0482123 0 7.85703e-05
0 0.691766 1 0.0411701 0 7.8785e-05
0 0.64545 0.8 0.0427952 0.325333 7.93535e-05
0 0.634615 0.034 0.0547129 0.068 7.95094e-05
0 0.717497 0.387333 0.024377 0.113333 7.95147e-05
0 0.660618 0.502 0.0189599 0.0306667 7.95419e-05
0 0.293879 0.002 0.0482123 0.004 7.9661e-05
0 0.392741 0.788 0.0303359 0.245333 7.96676e-05
0 0.730498 0.406667 0.0384615 0.125333 7.99073e-05
0 0.00650054 0.147333 0.0119177 0.132 8.01487e-05
0 0.802004 0.781333 0.0785482 0.256 8.05316e-05
0 0.614301 0.0313333 0.0617551 0.0626667 8.10248e-05
0 0.688516 0.00266667 0.0650054 0.00533333 8.10527e-05
0 0.030065 0.961333 0.06013 0.0773333 8.12032e-05
0 0.214518 0.401333 0.0400867 0.141333 8.12725e-05
0 0.700163 0.110667 0.0579632 0.221333 8.15858e-05
0 0.820152 0.999333 0.0747562 0.00133333 8.15906e-05
0 0.264085 0.559333 0.0189599 0.0306667 8.18714e-05
0 0.457476 0.008 0.0330444 0.016 8.19373e-05
0 0.203684 1 0.0433369 0 8.19377e-05
0 0.235645 0.455333 0.0173348 0.068 8.20072e-05
0 0.338299 1 0.0926327 0 8.20545e-05
0 0.0148971 0.092 0.0297941 0.144 8.20578e-05
0 0.71506 0.22 0.0325027 0.136 8.24806e-05
0 0.612947 0.00466667 0.0655471 0.00933333 8.27404e-05
0 0.421181 0.0253333 0.0438787 0.0426667 8.28848e-05
0 0.328548 0 0.052546 0 8.28924e-05
0 0.757042 0.984 0.039545 0.032 8.30458e-05
0 0.254334 0.346667 0.0568797 0.125333 8.3098e-05
0 0.171723 0.088 0.0509209 0.133333 8.31233e-05
0 0.663326 0.034 0.0644637 0.068 8.31352e-05
0 0.834507 0.747333 0.031961 0.348 8.3234e-05
0 0.283315 0.986667 0.0346696 0.0213333 8.34333e-05
0 0.235915 0.634 0.0503792 0.254667 8.38601e-05
0 0.838299 0 0.0557963 0 8.39435e-05
0 0.262189 0.565333 0.00866739 0.024 8.43545e-05
0 0.723727 0.607333 0.0238353 0.0786667 8.46173e-05
0 0.749458 0.97 0.0352113 0.06 8.53343e-05
0 0.23402 0.351333 0.0325027 0.137333 8.61185e-05
0 0.0807151 0.612 0.11701 0.402667 8.63094e-05
0 0.949892 0.518667 0.100217 0.586667 8.63245e-05
0 0.98727 1 0.0254605 0 8.63446e-05
0 0.731853 0.052 0.0520043 0.104 8.67555e-05
0 0.729144 0.232 0.0379198 0.133333 8.68144e-05
0 0.511918 0.00333333 0.071506 0.00666667 8.71347e-05
0 0.541983 0 0.052546 0 8.73548e-05
0 0.0195016 0.118 0.0390032 0.236 8.77033e-05
0 0.25 0.666 0.5 0.668 8.78675e-05
0 0.244041 0.428667 0.0200433 0.076 8.8886e-05
0 0.564735 0.00533333 0.067714 0.0106667 8.97193e-05
0 0.280607 0.896667 0.0693391 0.145333 9.13361e-05
0 0.242958 0.719333 0.0536295 0.14 9.13491e-05
0 0.76598 0 0.0541712 0 9.16302e-05
0 0.239437 0.794667 0.028169 0.0666667 9.17945e-05
0 0.0612134 1 0.0780065 0 9.18911e-05
0 0.15818 0.995333 0.0780065 0.00933333 9.25507e-05
0 0.987541 0.93 0.0195016 0.092 9.30319e-05
0 0.00650054 0.0653333 0.0119177 0.109333 9.38967e-05
0 0.252438 0.399333 0.0379198 0.121333 9.43769e-05
0 0.665493 0.816 0.0449621 0.285333 9.45755e-05
0 0.865385 1 0.0536295 0 9.49685e-05
0 0.0316901 0.0653333 0.0633803 0.130667 9.54905e-05
0 0.483749 0.062 0.0325027 0.0653333 9.58149e-05
0 0.810943 0.00333333 0.0823402 0.00666667 9.65438e-05
0 0.972373 0.889333 0.0487541 0.178667 9.66598e-05
0 0.867551 0.747333 0.191224 0.505333 9.75158e-05
0 0.481853 0.600667 0.0373781 0.132 9.7664e-05
0 0.202329 0 0.0547129 0 9.76883e-05
0 0.844529 0.0313333 0.0899242 0.0626667 9.77067e-05
0 0.689328 0.881333 0.0427952 0.216 9.77704e-05
0 0.714518 0.0573333 0.0444204 0.114667 9.79976e-05
0 0.877573 0.994 0.0834236 0.012 9.92298e-05
0 0.182286 0.018 0.0482123 0.036 9.93593e-05
0 0.173619 0.430667 0.347237 0.861333 9.97952e-05
0 0.811484 0.811333 0.0292524 0.356 0.00010005
0 0.62649 0.603333 0.0222102 0.084 0.000100161
0 0.518147 0.0466667 0.00812568 0.064 0.000100338
0 0.0260022 0.880667 0.0465872 0.238667 0.000100466
0 0.803629 0.266 0.0146262 0.068 0.000101622
0 0.190953 0.0933333 0.0644637 0.104 0.000102272
0 0.267876 0.78 0.0471289 0.104 0.000102907
0 0.306067 0.0266667 0.0899242 0.0533333 0.000102991
0 0.0124594 0.272 0.0249187 0.194667 0.000103237
0 0.576652 0.202 0.0362947 0.121333 0.000103674
0 0.397887 0.0726667 0.0492958 0.145333 0.000103807
0 0.513814 0.0433333 0.0276273 0.0413333 0.000104228
0 0.700163 0.985333 0.0514626 0.0293333 0.000104315
0 0.81013 0.845333 0.129469 0.282667 0.000105291
0 0.840195 1 0.0541712 0 0.000105409
0 0.53792 0.766 0.0195016 0.052 0.000105425
0 0.157096 0.555333 0.0498375 0.145333 0.000105543
0 0.460455 0.004 0.0725894 0.008 0.000105836
0 0.307151 0.0146667 0.0704225 0.0293333 0.00010604
0 0.682828 0.994 0.0406284 0.012 0.000106476
0 0.816901 0.817333 0.218852 0.365333 0.000106531
0 0.0861322 0.606 0.0866739 0.209333 0.000107005
0 0.701788 0.34 0.0384615 0.106667 0.000107063
0 0.580444 0.392667 0.031961 0.0333333 0.000107428
0 0.514626 0.442 0.692308 0.884 0.000107543
0 0.109426 0.882 0.0866739 0.236 0.000109118
0 0.664951 1 0.0492958 0 0.000109123
0 0.816089 1 0.0514626 0 0.000109317
0 0.236186 0.424 0.0227519 0.08 0.000109477
0 0.717768 0.334667 0.0379198 0.277333 0.000109841
0 0.849404 0.00933333 0.0877573 0.0186667 0.00011038
0 0.260563 0.658667 0.0433369 0.184 0.000111596
0 0.437161 0.008 0.0769231 0.016 0.00011291
0 0.674431 0.994667 0.0660888 0.0106667 0.00011313
0 0.00650054 0.635333 0.0130011 0.148 0.000113366
0 0.0270856 0.0993333 0.0476706 0.161333 0.000113826
0 0.0219393 0.658 0.0427952 0.34 0.000113995
0 0.235374 0.668667 0.0308776 0.0893333 0.000114167
0 0.739166 0 0.0785482 0 0.000114627
0 0.209913 0.993333 0.0763814 0.0133333 0.000114873
0 0.975894 0.006 0.0482123 0.012 0.000115367
0 0.0067714 0.360667 0.0135428 0.14 0.000115547
0 0.361051 0.0106667 0.0666305 0.0213333 0.000115872
0 0.894366 0.0133333 0.101842 0.0266667 0.000116047
0 0.318527 0.990667 0.114843 0.0186667 0.000117336
0 0.257855 0.973333 0.0216685 0.04 0.000117575
0 0.404117 0.052 0.0379198 0.04 0.000117689
0 0.514085 0.0553333 0.00541712 0.036 0.000118959
0 0.789003 0 0.0557963 0 0.000118983
0 0.245125 0.942 0.0362947 0.116 0.000119191
0 0.00650054 0.913333 0.00866739 0.136 0.000119626
0 0.286836 0.836 0.0297941 0.0533333 0.000119953
0 0.0138137 0.998667 0.0232936 0.00266667 0.000120123
0 0.399783 0.701333 0.00975081 0.032 0.0001209
0 0.813109 0 0.0541712 0 0.0001217
0 0.966685 0.992667 0.0622969 0.0146667 0.000122585
0 0.719122 0.495333 0.031961 0.105333 0.000123016
0 0.663055 1 0.084507 0 0.000123017
0 0.991333 0.954 0.00650054 0.092 0.000123151
0 0.244041 0.884667 0.0492958 0.230667 0.000123337
0 0.929848 0.0573333 0.0980498 0.114667 0.000123463
0 0.294691 0.982 0.0422535 0.0226667 0.000124855
0 0.418202 0.965333 0.0660888 0.0693333 0.000125221
0 0.23402 0.402667 0.0335861 0.128 0.000126806
0 0.112676 0 0.056338 0 0.000126927
0 0.063922 0.778667 0.119177 0.392 0.000126988
0 0.978061 0.002 0.0438787 0.004 0.000130099
0 0.237541 0.0506667 0.0330444 0.0693333 0.000130398
0 0.966685 0.0166667 0.0633803 0.0333333 0.000130597
0 0.662514 0 0.0780065 0 0.000130816
0 0.223998 0.645333 0.0352113 0.138667 0.000131307
0 0.150867 0 0.0568797 0 0.000131464
0 0.0138137 0.153333 0.024377 0.184 0.00013315
0 0.0127302 0.396 0.0254605 0.2 0.000133583
0 0.851842 1 0.0861322 0 0.000133896
0 0.0102925 0.0146667 0.020585 0.0293333 0.000135672
0 0.282503 0.794667 0.0547129 0.221333 0.000137042
0 0.486186 0.682 0.0622969 0.177333 0.000137519
0 0.274919 0.092 0.0774648 0.184 0.000138181
0 0.393283 0.715333 0.0270856 0.0893333 0.000138279
0 0.116197 0.536667 0.128386 0.428 0.000138948
0 0.0108342 0.912 0.0119177 0.176 0.000139048
0 0.33857 0.26 0.0303359 0.0373333 0.000139752
0 0.371614 0.979333 0.101842 0.0413333 0.000140681
0 0.66766 0.996 0.0438787 0.008 0.000143248
0 0.396804 0.793333 0.0124594 0.0213333 0.000145317
0 0.0227519 0.997333 0.0455038 0.00533333 0.000145457
0 0.00622969 0.573333 0.0124594 0.144 0.000147061
0 0.222102 0.0193333 0.0368364 0.0386667 0.000147749
0 0.964518 1 0.0503792 0 0.000148892
0 0.911972 0.00666667 0.105634 0.0133333 0.000151706
0 0.410618 0.0133333 0.0780065 0.0266667 0.000151791
0 0.588299 0 0.0812568 0 0.000153206
0 0.890303 0.996667 0.14572 0.00666667 0.000153213
0 0.568256 0.140667 0.020585 0.052 0.000153395
0 0.0260022 0.218667 0.0509209 0.32 0.000153739
0 0.21533 0.0353333 0.0557963 0.0706667 0.000154876
0 0.212351 0.0953333 0.0704225 0.124 0.000155112
0 0.244854 0.816 0.0390032 0.128 0.000155568
0 0.0877573 0 0.0552546 0 0.000155619
0 0.188787 0.0146667 0.0731311 0.0293333 0.000155854
0 0.280065 0.00733333 0.0520043 0.0146667 0.000157923
0 0.00785482 0.115333 0.0157096 0.156 0.000158311
0 0.115655 0.016 0.0980498 0.032 0.000158401
0 0.539003 0.00133333 0.0758397 0.00266667 0.000159291
0 0.00568797 0.99 0.0113759 0.02 0.000159479
0 0.0265439 0.349333 0.0476706 0.32 0.000160213
0 0.0067714 0.207333 0.0135428 0.185333 0.000160774
0 0.790899 0 0.104009 0 0.000161427
0 0.984561 0.991333 0.0178765 0.0173333 0.000163554
0 0.17714 0 0.056338 0 0.000163745
0 0.192308 0.112 0.0379198 0.0853333 0.000163775
0 0.446371 0.0273333 0.0400867 0.0386667 0.000165326
0 0.697183 0.148667 0.0487541 0.116 0.000167273
0 0.841549 0 0.140303 0 0.000173494
0 0.0631094 0 0.0547129 0 0.000173902
0 0.319068 0.383333 0.0444204 0.241333 0.000174223
0 0.0861322 0.996 0.12026 0.008 0.000177028
0 0.459101 0.048 0.0579632 0.0933333 0.000177998
0 0.64545 0.126 0.024377 0.0866667 0.000178465
0 0.225352 0.597333 0.0346696 0.125333 0.000180502
0 0.0780065 0.533333 0.0877573 0.2 0.000181606
0 0.184453 0.06 0.0417118 0.056 0.000181761
0 0.0192308 0.420667 0.0384615 0.302667 0.000184923
0 0.289816 0.018 0.0520043 0.036 0.000184961
0 0.31338 0.00533333 0.0937161 0.0106667 0.000188408
0 0.522481 0.0413333 0.0427952 0.0826667 0.000191646
0 0.547671 0.201333 0.0314193 0.088 0.0001942
0 0.338028 0.00133333 0.0877573 0.00266667 0.000196195
0 0.0148971 0.0473333 0.0297941 0.0946667 0.000197007
0 0.386511 0.0146667 0.0655471 0.0293333 0.000197987
0 0.480769 0.0853333 0.0276273 0.0666667 0.00020079
0 0.695287 0.99 0.0373781 0.02 0.000201515
0 0.723185 0.467333 0.0227519 0.076 0.000203005
0 0.561213 0.186 0.0400867 0.233333 0.000206082
0 0.323944 0.395333 0.647887 0.790667 0.000207839
0 0.296587 0.789333 0.0406284 0.12 0.000209491
0 0.323402 0.429333 0.0162514 0.0933333 0.000209734
0 0.150596 0.528 0.0812568 0.192 0.000212155
0 0.137324 0.004 0.0969664 0.008 0.000212397
0 0.391387 0.71 0.024377 0.028 0.000213959
0 0.779523 0.592667 0.440953 0.814667 0.000214305
0 0.00839653 1 0.0167931 0 0.000216116
0 0.918743 0.420667 0.148429 0.737333 0.000216258
0 0.00595883 0.881333 0.0119177 0.213333 0.000220677
0 0.561213 0.140667 0.028169 0.1 0.000223058
0 0.938516 0.995333 0.108884 0.00933333 0.00022462
0 0.0617551 0.0186667 0.092091 0.0373333 0.000224662
0 0.167118 0.0206667 0.0850488 0.0413333 0.000225136
0 0.00758397 0.422 0.0119177 0.241333 0.000227058
0 0.134886 0.582 0.0747562 0.161333 0.000230854
0 0.251625 0.0426667 0.0796316 0.0853333 0.000236696
0 0.138678 0.617333 0.277356 0.765333 0.000239293
0 0.743499 0.983333 0.0460455 0.02 0.000239833
0 0.264355 0.84 0.0574215 0.146667 0.000240185
0 0.255688 0.906 0.0433369 0.14 0.000242959
0 0.00731311 0.514667 0.0146262 0.146667 0.000243254
0 0.210997 0.00133333 0.088299 0.00266667 0.000243368
0 0.18987 0.0333333 0.0774648 0.0666667 0.000249308
0 0.6552 0.137333 0.0124594 0.0533333 0.000250226
0 0.25623 0.784 0.0671723 0.16 0.000251801
0 0.00785482 0.297333 0.0135428 0.213333 0.000253886
0 0.891928 0 0.138137 0 0.000258114
0 0.0181473 0.787333 0.0362947 0.385333 0.000259172
0 0.00595883 0.698 0.0119177 0.262667 0.000262927
0 0.486999 0.052 0.0509209 0.096 0.000269825
0 0.186078 0.0906667 0.0341278 0.056 0.000271919
0 0.0392741 0 0.0568797 0 0.000272687
0 0.109426 0.544667 0.0682557 0.273333 0.000272735
0 0.00893824 0.836 0.0113759 0.258667 0.000274055
0 0.793337 0.566 0.0817985 0.305333 0.000276078
0 0.247021 0.0973333 0.0606717 0.194667 0.000282034
0 0.0184182 0.541333 0.0368364 0.306667 0.000289118
0 0.236457 0.616 0.0308776 0.0826667 0.000301259
0 0.979957 1 0.0314193 0 0.000301756
0 0.990249 0.988667 0.0195016 0.0226667 0.000304671
0 0.0113759 0.771333 0.0184182 0.244 0.000310805
0 0.0127302 0.472 0.0222102 0.210667 0.000313356
0 0.0278982 1 0.0536295 0 0.000318017
0 0.237811 0.024 0.0368364 0.0453333 0.000321027
0 0.0398158 0.993333 0.0796316 0.0133333 0.00032138
0 0.00975081 0.65 0.0195016 0.233333 0.000322084
0 0.989437 0.906 0.0211268 0.188 0.000334103
0 0.988624 0.906667 0.00975081 0.136 0.000339719
0 0.436078 0.046 0.0671723 0.0866667 0.000340052
0 0.25623 0.108667 0.0465872 0.134667 0.000343125
0 0.570423 0.164667 0.0260022 0.113333 0.000352151
0 0.0969664 0.545333 0.0455038 0.170667 0.000355209
0 0.709372 0.988667 0.0341278 0.0226667 0.000363063
0 0.651408 0.143333 0.0157096 0.036 0.000365613
0 0.704767 0.832 0.0574215 0.138667 0.000375699
0 0.107801 0.578667 0.0379198 0.141333 0.000376248
0 0.561484 0.186 0.0297941 0.126667 0.000380318
0 0.963976 0 0.0568797 0 0.000382554
0 0.513272 0.06 0.0092091 0.048 0.000386658
0 0.391928 0.785333 0.0265439 0.0906667 0.000397827
0 0.3987 0.796667 0.0238353 0.028 0.000398156
0 0.549025 0.171333 0.0438787 0.132 0.000400344
0 0.702871 0.116 0.0471289 0.0853333 0.00040838
0 0.988353 0.982 0.00704225 0.036 0.000416416
0 0.0983207 0.00133333 0.105634 0.00266667 0.000417112
0 0.00595883 0.794 0.0119177 0.273333 0.000417988
0 0.378927 0.0353333 0.0547129 0.0706667 0.000423786
0 0.941224 0 0.114301 0 0.000424495
0 0.754334 0.5 0.491333 1 0.000424729
0 0.225894 0.5 0.451788 1 0.000425802
0 0.988624 0.999333 0.0119177 0.00133333 0.00042897
0 0.163326 0.000666667 0.114301 0.00133333 0.000430241
0 0.255417 0.927333 0.024377 0.116 0.000433611
0 0.028169 0.00533333 0.0530878 0.0106667 0.000437374
0 0.241603 0.0146667 0.0790899 0.0293333 0.000454047
0 0.258397 0.0106667 0.0509209 0.0213333 0.000458466
0 0.728873 0.624 0.0254605 0.0346667 0.000458531
0 0.283315 0.801333 0.0379198 0.088 0.000492377
0 0.715601 0.352667 0.0184182 0.0466667 0.000492386
0 0.391658 0.8 0.0249187 0.0266667 0.000501604
0 0.398429 0.709333 0.0211268 0.0373333 0.000516776
0 0.0644637 0 0.113759 0 0.000541004
0 0.0092091 0.527333 0.0130011 0.262667 0.00054261
0 0.722644 0.299333 0.0227519 0.0813333 0.000547212
0 0.560401 0.166667 0.0222102 0.072 0.000551941
0 0.725352 0.624 0.0119177 0.04 0.000560092
0 0.731311 0.970667 0.063922 0.0506667 0.000586628
0 0.718039 0.33 0.0146262 0.0866667 0.000589201
0 0.511105 0.0533333 0.0178765 0.0373333 0.000621034
0 0.645179 0.693333 0.0325027 0.128 0.000628073
0 0.29415 0.812 0.020585 0.101333 0.000628884
0 0.656826 0.750667 0.0796316 0.338667 0.000687479
0 0.71831 0.118667 0.0325027 0.146667 0.000768888
0 0.28169 0.018 0.0877573 0.036 0.000792338
0 0.667389 0.528667 0.541712 0.942667 0.000815941
0 0.72454 0.128667 0.0232936 0.0706667 0.000845234
0 0.397075 0.044 0.0422535 0.0666667 0.000845494
0 0.721831 0.323333 0.031961 0.0973333 0.000975612
0 0.342091 0.412667 0.031961 0.092 0.00100183
0 0.322589 0.390667 0.0232936 0.106667 0.00101141
0 0.0249187 0.012 0.0498375 0.024 0.00103288
0 0.406284 0.910667 0.111593 0.178667 0.00111454
0 0.720748 0.985333 0.0406284 0.0213333 0.00119589
0 0.292254 0.828 0.0146262 0.04 0.00124882
0 0.565005 0.15 0.0130011 0.0413333 0.00131987
0 0.418472 0.648 0.524919 0.704 0.00160777
0 0.390303 0.044 0.0222102 0.0453333 0.00171528
0 0.0219393 0 0.0438787 0 0.00172416
0 0.262189 0.062 0.0671723 0.113333 0.00182973
0 0.430119 0.544 0.782232 0.912 0.00187463
0 0.725081 0.470667 0.0167931 0.0293333 0.00187526
0 0.39545 0.974667 0.0476706 0.0506667 0.00191755
0 0.728061 0.294667 0.0227519 0.048 0.00193926
0 0.322589 0.422 0.0330444 0.113333 0.00223265
0 0.726165 0.932667 0.0579632 0.108 0.00274497
0 0.255959 0.79 0.0406284 0.076 0.00375513
0 0.250271 0.028 0.0433369 0.056 0.00382283
0 0.771668 0.5 0.392741 1 0.00613745
0 0.721289 0.758667 0.277898 0.482667 0.00912901
0 0.472644 0.572 0.349404 0.856 0.0121807
0 0.269502 0.0313333 0.067714 0.06 0.0153043
0 0.332611 0.416667 0.0303359 0.148 0.0184727
0 0.717497 0.122667 0.0189599 0.0613333 0.0430527
0 0.720206 0.894 0.0850488 0.212 0.431445
0 0.329902 0.406667 0.020585 0.0826667 0.615912
0 0.397075 0.958667 0.0617551 0.0773333 0.861991
0 0.652492 0.728 0.0330444 0.141333 0.874384
0 0.786024 0.547333 0.0455038 0.204 0.894422
0 0.476165 0.635333 0.0541712 0.172 0.939416
