0 0.159805 0.488 0.0585049 0.104 1.20966e-05
0 0.74377 1 0.0606717 0 1.21216e-05
0 0.532232 0.0486667 0.0373781 0.0653333 1.21294e-05
0 0.27519 0.362 0.0422535 0.0706667 1.21523e-05
0 0.449892 0.008 0.0449621 0.016 1.22561e-05
0 0.559588 0.455333 0.0650054 0.148 1.22572e-05
0 0.973185 0.941333 0.0427952 0.0666667 1.22676e-05
0 0.368364 0.967333 0.0910076 0.0653333 1.22762e-05
0 0.915764 0.0186667 0.0514626 0.0373333 1.23233e-05
0 0.253792 0.573333 0.0547129 0.117333 1.23254e-05
0 0.622698 0.966667 0.0568797 0.0613333 1.23361e-05
0 0.084507 0.207333 0.122427 0.22 1.23497e-05
0 0.306609 0.420667 0.0465872 0.0893333 1.2437e-05
0 0.434182 0.002 0.0460455 0.004 1.26147e-05
0 0.60753 0.972 0.0492958 0.032 1.26264e-05
0 0.624323 0.772 0.0872156 0.218667 1.27061e-05
0 0.388137 0.148 0.0752979 0.282667 1.27235e-05
0 0.307963 0.364667 0.0438787 0.0813333 1.27303e-05
0 0.563651 0.604 0.0157096 0.032 1.2746e-05
0 0.488624 0.735333 0.143012 0.129333 1.27778e-05
0 0.728873 0.187333 0.235645 0.374667 1.27803e-05
0 0.459642 0.284 0.0731311 0.162667 1.28101e-05
0 0.468852 0.990667 0.0427952 0.0186667 1.29048e-05
0 0.941766 0.386 0.106717 0.156 1.29563e-05
0 0.161701 0.0546667 0.0785482 0.0906667 1.2988e-05
0 0.820693 0.111333 0.0487541 0.0973333 1.2992e-05
0 0.542795 0.952667 0.0985916 0.0946667 1.30495e-05
0 0.144366 0.0833333 0.0460455 0.108 1.3081e-05
0 0.82286 0.895333 0.16143 0.201333 1.30974e-05
0 0.53467 0.598 0.0812568 0.254667 1.31154e-05
0 0.429307 0.279333 0.0698808 0.129333 1.32051e-05
0 0.535482 0.664667 0.0731311 0.14 1.32834e-05
0 0.383532 0.916 0.0411701 0.12 1.33112e-05
0 0.17091 0.55 0.0503792 0.0893333 1.33507e-05
0 0.438245 0.425333 0.107259 0.216 1.3362e-05
0 0.169014 0.108667 0.0444204 0.1 1.34163e-05
0 0.533586 0.640667 0.0476706 0.084 1.34663e-05
0 0.384074 0.304667 0.0964247 0.14 1.35289e-05
0 0.888137 0.132 0.143554 0.242667 1.35655e-05
0 0.299296 0.712 0.0807151 0.162667 1.36635e-05
0 0.274377 0.238667 0.0482123 0.088 1.36947e-05
0 0.0755688 0.999333 0.0503792 0.00133333 1.37221e-05
0 0.682286 0.163333 0.0698808 0.142667 1.37391e-05
0 0.836674 0.697333 0.137053 0.272 1.37407e-05
0 0.368364 0.913333 0.0465872 0.133333 1.37781e-05
0 0.35753 0.938667 0.0422535 0.101333 1.37822e-05
0 0.711809 0.461333 0.0780065 0.16 1.38257e-05
0 0.467768 0.134667 0.0308776 0.122667 1.39046e-05
0 0.982123 0.266667 0.035753 0.136 1.39184e-05
0 0.484832 0.776667 0.105092 0.0973333 1.39776e-05
0 0.393012 0.222667 0.0449621 0.162667 1.40262e-05
0 0.815005 0.199333 0.0514626 0.110667 1.4032e-05
0 0.274919 0.989333 0.0687974 0.0213333 1.41419e-05
0 0.869718 0.806667 0.260563 0.386667 1.4142e-05
0 0.625677 0.236 0.105092 0.154667 1.4176e-05
0 0.51571 0.916 0.0498375 0.0986667 1.41811e-05
0 0.334778 0.486667 0.0465872 0.0906667 1.419e-05
0 0.383803 0.564667 0.0427952 0.116 1.42556e-05
0 0.718039 0.620667 0.0698808 0.268 1.43197e-05
0 0.759209 0.138667 0.0427952 0.106667 1.43286e-05
0 0.603196 0.184 0.0222102 0.0533333 1.4346e-05
0 0.494583 0.374667 0.0390032 0.0693333 1.43659e-05
0 0.335861 0.303333 0.0888407 0.166667 1.44173e-05
0 0.736457 0.392667 0.0752979 0.161333 1.45054e-05
0 0.0501083 0.996667 0.052546 0.00666667 1.45392e-05
0 0.647616 0.977333 0.0362947 0.0346667 1.46251e-05
0 0.234561 0.0486667 0.0400867 0.06 1.46627e-05
0 0.398429 0.791333 0.0872156 0.105333 1.46661e-05
0 0.917118 0.0586667 0.0487541 0.0666667 1.46819e-05
0 0.53494 0.704 0.112134 0.261333 1.47028e-05
0 0.501354 0.411333 0.0666305 0.113333 1.47935e-05
0 0.563651 0.146 0.0763814 0.145333 1.48088e-05
0 0.362947 0.216 0.106176 0.186667 1.4831e-05
0 0.861322 0.100667 0.0888407 0.132 1.49212e-05
0 0.0807151 0.156667 0.16143 0.313333 1.49879e-05
0 0.223185 0.358 0.0346696 0.0786667 1.49922e-05
0 0.885428 0.501333 0.161972 0.234667 1.50365e-05
0 0.505417 0.414 0.0249187 0.084 1.50507e-05
0 0.712622 0.251333 0.13597 0.502667 1.50729e-05
0 0.591278 0.948 0.0492958 0.0533333 1.51031e-05
0 0.567443 0.280667 0.0872156 0.161333 1.51615e-05
0 0.631907 0.501333 0.0698808 0.264 1.51683e-05
0 0.943391 0.15 0.113218 0.3 1.5193e-05
0 0.388949 0.941333 0.0574215 0.117333 1.51985e-05
0 0.492958 0.958667 0.0855905 0.0826667 1.53059e-05
0 0.232665 0.771333 0.0503792 0.142667 1.53157e-05
0 0.137324 0.939333 0.106717 0.121333 1.53286e-05
0 0.416035 0.970667 0.0823402 0.0586667 1.53609e-05
0 0.398429 0.648 0.039545 0.112 1.53834e-05
0 0.62026 0.621333 0.145179 0.549333 1.5399e-05
0 0.497291 0.746667 0.0790899 0.0586667 1.54768e-05
0 0.107801 0.704667 0.0855905 0.228 1.5493e-05
0 0.651679 0.843333 0.0216685 0.0733333 1.55329e-05
0 0.916035 0.952667 0.135428 0.0946667 1.55546e-05
0 0.682286 0.632667 0.0655471 0.268 1.58006e-05
0 0.537107 0.224 0.0947996 0.152 1.58139e-05
0 0.673619 0.336667 0.0547129 0.198667 1.58556e-05
0 0.408722 0.668 0.031961 0.112 1.58822e-05
0 0.482124 0.94 0.056338 0.12 1.59886e-05
0 0.0430661 0.181333 0.0482123 0.130667 1.60334e-05
0 0.44312 0.968 0.0411701 0.0426667 1.63163e-05
0 0.637866 0.704 0.0709642 0.168 1.63303e-05
0 0.165764 0.206667 0.178765 0.413333 1.64035e-05
0 0.894366 0.98 0.0747562 0.04 1.64286e-05
0 0.941766 0.925333 0.10455 0.149333 1.64404e-05
0 0.505146 0.988667 0.0503792 0.0226667 1.64641e-05
0 0.515168 0.279333 0.15818 0.558667 1.65056e-05
0 0.520314 0.157333 0.165222 0.314667 1.66516e-05
0 0.203955 0.246667 0.0352113 0.0426667 1.66943e-05
0 0.335049 0.0886667 0.0622969 0.145333 1.67857e-05
0 0.480228 0.638667 0.0460455 0.12 1.68057e-05
0 0.484561 0.217333 0.0817985 0.186667 1.68094e-05
0 0.168202 0.399333 0.179307 0.630667 1.68843e-05
0 0.0815276 0.343333 0.126219 0.217333 1.69186e-05
0 0.129469 0.489333 0.105092 0.192 1.70485e-05
0 0.470477 0.579333 0.0460455 0.110667 1.70572e-05
0 0.560672 0.535333 0.0823402 0.137333 1.71206e-05
0 0.597508 0.154 0.0509209 0.249333 1.71306e-05
0 0.388137 0.992667 0.0828819 0.0146667 1.72435e-05
0 0.298212 0.15 0.0731311 0.164 1.72807e-05
0 0.226165 0.829333 0.0362947 0.229333 1.73525e-05
0 0.288462 0.938 0.0817985 0.113333 1.74032e-05
0 0.726165 0.996 0.0817985 0.008 1.74115e-05
0 0.677411 0.454 0.0557963 0.145333 1.74543e-05
0 0.159534 0.89 0.115385 0.209333 1.74798e-05
0 0.369718 0.204667 0.147887 0.409333 1.75792e-05
0 0.113489 0.16 0.116468 0.32 1.76171e-05
0 0.137866 0.999333 0.0492958 0.00133333 1.76398e-05
0 0.610509 0.583333 0.0585049 0.14 1.76606e-05
0 0.106176 0.0506667 0.0487541 0.0666667 1.7685e-05
0 0.482665 1 0.0628386 0 1.77501e-05
0 0.561755 0.595333 0.0260022 0.036 1.77983e-05
0 0.619177 0.162 0.179848 0.324 1.78083e-05
0 0.445016 0.439333 0.0460455 0.068 1.79619e-05
0 0.461809 0.137333 0.0612134 0.178667 1.8033e-05
0 0.658451 0.0453333 0.0384615 0.0666667 1.81133e-05
0 0.776002 0.196667 0.144637 0.393333 1.81263e-05
0 0.319881 0.0513333 0.0417118 0.0573333 1.81329e-05
0 0.664951 0.718 0.0622969 0.148 1.81334e-05
0 0.222373 0.674 0.0265439 0.177333 1.81724e-05
0 0.637053 0.636 0.0682557 0.154667 1.82056e-05
0 0.685536 0.104667 0.0752979 0.209333 1.82826e-05
0 0.278982 0.836 0.0942579 0.234667 1.84072e-05
0 0.592362 0.516 0.0752979 0.154667 1.85313e-05
0 0.345341 0.451333 0.0503792 0.092 1.85452e-05
0 0.65195 0.456667 0.119718 0.462667 1.85676e-05
0 0.387053 0.0633333 0.0839653 0.126667 1.85873e-05
0 0.336132 0.393333 0.0503792 0.0853333 1.85983e-05
0 0.560672 0.768 0.105092 0.213333 1.8634e-05
0 0.153304 0.406667 0.0834236 0.216 1.86429e-05
0 0.206392 0.0486667 0.0433369 0.06 1.8738e-05
0 0.215601 0.954 0.0834236 0.092 1.87508e-05
0 0.625135 0.472 0.0455038 0.064 1.88241e-05
0 0.508397 0.0506667 0.0352113 0.064 1.88805e-05
0 0.28467 0.324667 0.0482123 0.102667 1.89297e-05
0 0.783586 0.440667 0.0796316 0.118667 1.89395e-05
0 0.156284 0.0533333 0.0492958 0.064 1.91176e-05
0 0.241333 0.504667 0.0547129 0.156 1.91335e-05
0 0.604821 0.700667 0.067714 0.158667 1.92279e-05
0 0.946371 0.966667 0.101842 0.0666667 1.93772e-05
0 0.684995 0.522667 0.0763814 0.144 1.94709e-05
0 0.454767 0.992 0.0449621 0.016 1.95486e-05
0 0.754063 0.981333 0.0422535 0.0373333 1.96487e-05
0 0.761647 1 0.0682557 0 1.98065e-05
0 0.214789 0.507333 0.0373781 0.132 1.98251e-05
0 0.482394 0.406 0.0947996 0.22 1.98641e-05
0 0.0915493 0.0173333 0.0487541 0.0346667 1.9929e-05
0 0.602113 0.395333 0.0503792 0.174667 2.00392e-05
0 0.333424 0.589333 0.0861322 0.184 2.0278e-05
0 0.0880282 0.0873333 0.103467 0.158667 2.03346e-05
0 0.357259 0.347333 0.0514626 0.0893333 2.03587e-05
0 0.457746 0.636667 0.0455038 0.121333 2.04125e-05
0 0.590737 0.947333 0.088299 0.105333 2.05167e-05
0 0.542253 0.0773333 0.0931744 0.122667 2.05358e-05
0 0.864843 0.993333 0.0482123 0.0133333 2.05417e-05
0 0.986186 0.744667 0.0189599 0.158667 2.06104e-05
0 0.582611 0.694667 0.0839653 0.256 2.06362e-05
0 0.62026 0.17 0.0617551 0.214667 2.06543e-05
0 0.557692 0.963333 0.052546 0.0493333 2.06927e-05
0 0.304442 0.0253333 0.0574215 0.0506667 2.08362e-05
0 0.942308 1 0.0503792 0 2.08673e-05
0 0.481582 0.987333 0.0444204 0.0253333 2.08897e-05
0 0.722373 0.540667 0.0839653 0.137333 2.09804e-05
0 0.868906 0.982667 0.0682557 0.0346667 2.09851e-05
0 0.16143 0.525333 0.0509209 0.0666667 2.10105e-05
0 0.431744 0.944667 0.0400867 0.092 2.10164e-05
0 0.658992 0.51 0.0655471 0.142667 2.10691e-05
0 0.0178765 0.796 0.035753 0.138667 2.10771e-05
0 0.606176 0.994 0.0487541 0.012 2.1146e-05
0 0.276002 0.299333 0.0471289 0.0866667 2.11648e-05
0 0.661159 0.634667 0.0438787 0.125333 2.11704e-05
0 0.684453 0.632667 0.0460455 0.137333 2.12794e-05
0 0.716143 0.149333 0.0704225 0.152 2.13064e-05
0 0.70558 1 0.0417118 0 2.13649e-05
0 0.510293 0.07 0.0823402 0.14 2.13902e-05
0 0.338841 0.068 0.0828819 0.136 2.1403e-05
0 0.990791 0.882 0.0184182 0.225333 2.15073e-05
0 0.50623 0.463333 0.0893824 0.228 2.15242e-05
0 0.312839 0.346667 0.113218 0.133333 2.1609e-05
0 0.131094 0.0553333 0.0487541 0.0706667 2.16163e-05
0 0.116739 0.0173333 0.0492958 0.0346667 2.16954e-05
0 0.943933 0.607333 0.0514626 0.068 2.17615e-05
0 0.195016 0.222 0.0704225 0.294667 2.17769e-05
0 0.141658 0.0166667 0.0492958 0.0333333 2.17854e-05
0 0.336674 0.65 0.132719 0.164 2.18339e-05
0 0.840195 0.923333 0.108342 0.153333 2.18415e-05
0 0.930661 0 0.0541712 0 2.18579e-05
0 0.182286 0.982667 0.0666305 0.0346667 2.18657e-05
0 0.651138 0.438 0.0801734 0.225333 2.19009e-05
0 0.728602 0.810667 0.114843 0.178667 2.20101e-05
0 0.028169 0.427333 0.0520043 0.145333 2.21531e-05
0 0.601029 0.334 0.067714 0.214667 2.2173e-05
0 0.42091 0.0826667 0.0747562 0.130667 2.22473e-05
0 0.461268 0.368667 0.103467 0.116 2.23292e-05
0 0.42091 0.97 0.0422535 0.0386667 2.24239e-05
0 0.634074 0.947333 0.031961 0.0813333 2.24277e-05
0 0.41143 0.227333 0.0427952 0.153333 2.25075e-05
0 0.403575 0.361333 0.092091 0.114667 2.26349e-05
0 0.546587 0.0446667 0.0379198 0.06 2.26763e-05
0 0.706934 0.390667 0.0704225 0.16 2.27208e-05
0 0.28467 0.398 0.0731311 0.153333 2.27425e-05
0 0.216143 0.243333 0.0270856 0.052 2.27554e-05
0 0.358342 0.418667 0.0547129 0.0826667 2.2842e-05
0 0.709372 0.272667 0.0622969 0.148 2.28537e-05
0 0.0308776 0.152 0.0465872 0.141333 2.28773e-05
0 0.234561 0.338 0.0379198 0.084 2.2888e-05
0 0.356446 0.0493333 0.0465872 0.056 2.28972e-05
0 0.300379 0.148 0.0991333 0.277333 2.29556e-05
0 0.83532 0.156 0.201517 0.312 2.30968e-05
0 0.677952 0.392667 0.0709642 0.177333 2.31346e-05
0 0.0566089 0.951333 0.0893824 0.0973333 2.31371e-05
0 0.605363 0.0413333 0.0352113 0.0586667 2.31722e-05
0 0.566901 0.386667 0.0330444 0.056 2.32044e-05
0 0.985645 0.756 0.0287107 0.314667 2.32573e-05
0 0.185265 0.393333 0.0520043 0.181333 2.32658e-05
0 0.211538 0.0986667 0.0774648 0.197333 2.33383e-05
0 0.148429 0.0213333 0.084507 0.0426667 2.33396e-05
0 0.42091 0.566 0.0465872 0.0866667 2.3358e-05
0 0.156826 0.634667 0.067714 0.189333 2.34297e-05
0 0.864301 0.204667 0.156555 0.308 2.34852e-05
0 0.637595 0.133333 0.0617551 0.221333 2.35945e-05
0 0.707476 0.331333 0.0650054 0.153333 2.37009e-05
0 0.212893 0.642 0.0314193 0.118667 2.37038e-05
0 0.747291 0.493333 0.0937161 0.125333 2.37146e-05
0 0.0176056 0.948 0.0287107 0.0906667 2.37842e-05
0 0.41143 0.894 0.0731311 0.193333 2.38848e-05
0 0.711538 0.218667 0.0666305 0.138667 2.39602e-05
0 0.689599 0.727333 0.0747562 0.142667 2.40198e-05
0 0.828548 0.996667 0.052546 0.00666667 2.40576e-05
0 0.41766 0.152667 0.0628386 0.177333 2.40595e-05
0 0.687161 0.585333 0.0514626 0.12 2.41595e-05
0 0.60455 0.428 0.0227519 0.096 2.4223e-05
0 0.734832 0.328667 0.0633803 0.142667 2.42793e-05
0 0.0273564 0.609333 0.0514626 0.210667 2.42956e-05
0 0.0181473 0.700667 0.0362947 0.134667 2.43411e-05
0 0.38597 0.939333 0.024377 0.0946667 2.43513e-05
0 0.0528169 0.768667 0.0861322 0.246667 2.44481e-05
0 0.505688 0.942667 0.052546 0.0906667 2.45121e-05
0 0.618906 0.494667 0.06013 0.144 2.45315e-05
0 0.307421 0.0933333 0.0839653 0.144 2.45887e-05
0 0.771127 0.107333 0.039545 0.0786667 2.4646e-05
0 0.79117 0.326 0.0687974 0.169333 2.46928e-05
0 0.932286 0.808 0.135428 0.384 2.47924e-05
0 0.419285 0.65 0.0390032 0.110667 2.48813e-05
0 0.366468 0.994 0.0449621 0.012 2.49166e-05
0 0.48429 0.036 0.0790899 0.072 2.4969e-05
0 0.744583 0.912 0.0774648 0.176 2.49785e-05
0 0.98727 0.880667 0.0135428 0.137333 2.49869e-05
0 0.369989 0.116 0.0888407 0.170667 2.5056e-05
0 0.369718 0.453333 0.0536295 0.0906667 2.50638e-05
0 0.121343 0.575333 0.0910076 0.156 2.50846e-05
0 0.220477 0.711333 0.0769231 0.406667 2.51316e-05
0 0.214789 0.600667 0.0265439 0.129333 2.51535e-05
0 0.636511 0.576667 0.0650054 0.145333 2.5221e-05
0 0.657909 0.581333 0.0492958 0.117333 2.52371e-05
0 0.561484 0.755333 0.157638 0.489333 2.52395e-05
0 0.406013 0 0.0492958 0 2.5259e-05
0 0.979957 0.570667 0.0390032 0.138667 2.52807e-05
0 0.755688 0.682667 0.0899242 0.242667 2.54119e-05
0 0.221831 0.332667 0.0276273 0.0813333 2.55434e-05
0 0.363759 0.94 0.0752979 0.12 2.55605e-05
0 0.634345 0.974 0.0400867 0.036 2.55797e-05
0 0.151138 0.997333 0.0487541 0.00533333 2.5658e-05
0 0.566089 0.626667 0.0834236 0.168 2.56747e-05
0 0.972373 0.113333 0.0476706 0.0906667 2.57078e-05
0 0.55065 1 0.0796316 0 2.57141e-05
0 0.646804 0.788667 0.0606717 0.148 2.57423e-05
0 0.190141 0.475333 0.0812568 0.158667 2.57568e-05
0 0.519231 0.0206667 0.039545 0.0413333 2.59069e-05
0 0.039545 0.970667 0.0790899 0.0586667 2.60094e-05
0 0.791712 0.986 0.10455 0.028 2.62732e-05
0 0.768147 1 0.0433369 0 2.62915e-05
0 0.337486 0.994 0.0855905 0.012 2.63932e-05
0 0.177681 0.996 0.0476706 0.008 2.64746e-05
0 0.762459 0.322667 0.067714 0.154667 2.65771e-05
0 0.168472 0.276667 0.104009 0.193333 2.65975e-05
0 0.412784 0.026 0.0888407 0.052 2.66158e-05
0 0.342091 0.996 0.0460455 0.008 2.66333e-05
0 0.628927 0.444 0.0552546 0.12 2.66422e-05
0 0.182557 0.527333 0.0595883 0.158667 2.66816e-05
0 0.345341 0.514667 0.0514626 0.114667 2.67676e-05
0 0.279794 0.052 0.0471289 0.0666667 2.68337e-05
0 0.736999 0.202 0.0752979 0.268 2.68435e-05
0 0.323131 0.924667 0.0926327 0.150667 2.69914e-05
0 0.409805 0.216667 0.0644637 0.254667 2.71119e-05
0 0.33559 0.0206667 0.0752979 0.0413333 2.71757e-05
0 0.6961 0.046 0.0433369 0.0653333 2.72929e-05
0 0.60753 0.646667 0.0796316 0.154667 2.73674e-05
0 0.809047 0.251333 0.0666305 0.212 2.73889e-05
0 0.0652763 0 0.052546 0 2.7445e-05
0 0.533586 0.826 0.104009 0.148 2.74481e-05
0 0.969122 0.392667 0.0530878 0.132 2.74528e-05
0 0.254875 0.994 0.0384615 0.012 2.74936e-05
0 0.684724 0.0846667 0.0585049 0.126667 2.75175e-05
0 0.796858 0.108667 0.0422535 0.076 2.76474e-05
0 0.967226 0.995333 0.0449621 0.00933333 2.76824e-05
0 0.308505 0.457333 0.117551 0.264 2.78458e-05
0 0.578277 1 0.0492958 0 2.78808e-05
0 0.531961 0.456667 0.0812568 0.150667 2.78824e-05
0 0.39247 0.994667 0.0417118 0.0106667 2.80246e-05
0 0.380282 0 0.0509209 0 2.80344e-05
0 0.714789 0.96 0.0568797 0.0453333 2.81289e-05
0 0.494854 0.002 0.0482123 0.004 2.81522e-05
0 0.14572 0.0253333 0.136511 0.0506667 2.81749e-05
0 0.982936 0.205333 0.0341278 0.128 2.83405e-05
0 0.536024 0.607333 0.0828819 0.116 2.84061e-05
0 0.615926 0.915333 0.084507 0.148 2.84336e-05
0 0.51896 0.961333 0.071506 0.0693333 2.8587e-05
0 0.156826 0.398667 0.10455 0.402667 2.86663e-05
0 0.208559 0.264 0.0400867 0.088 2.88191e-05
0 0.667931 0.796 0.0606717 0.128 2.88802e-05
0 0.73727 0.209333 0.056338 0.146667 2.89177e-05
0 0.436078 0.751333 0.108342 0.124 2.90085e-05
0 0.88922 1 0.0514626 0 2.91824e-05
0 0.141928 0.0946667 0.0985916 0.165333 2.91928e-05
0 0.00812568 0.963333 0.00975081 0.0733333 2.92356e-05
0 0.73727 0.884 0.0574215 0.157333 2.92867e-05
0 0.258667 0.414 0.0915493 0.145333 2.94389e-05
0 0.797942 0.254667 0.0346696 0.0933333 2.95869e-05
0 0.433911 0.22 0.0595883 0.176 2.96364e-05
0 0.0999458 1 0.0536295 0 2.96675e-05
0 0.270043 0.0866667 0.0427952 0.101333 2.97167e-05
0 0.268418 0.838667 0.140303 0.322667 2.97939e-05
0 0.481311 0.496 0.0449621 0.0853333 2.98028e-05
0 0.755959 0.71 0.131636 0.492 2.98236e-05
0 0.263272 0.984 0.0671723 0.032 2.98511e-05
0 0.460184 0.255333 0.140303 0.510667 2.99689e-05
0 0.30065 0.992 0.0812568 0.016 3.00499e-05
0 0.736999 0.268 0.0644637 0.146667 3.02899e-05
0 0.601029 1 0.0817985 0 3.06489e-05
0 0.388407 0.648 0.0834236 0.157333 3.07753e-05
0 0.0216685 0.121333 0.0249187 0.170667 3.09412e-05
0 0.915493 0.885333 0.140845 0.173333 3.09551e-05
0 0.884074 0.521333 0.212351 0.581333 3.1149e-05
0 0.568797 0.837333 0.2026 0.325333 3.12667e-05
0 0.688245 0.998 0.0763814 0.004 3.12711e-05
0 0.970748 0.775333 0.0552546 0.329333 3.12766e-05
0 0.183369 0.084 0.039545 0.0826667 3.12838e-05
0 0.158451 0.146 0.1013 0.292 3.1394e-05
0 0.513272 1 0.0763814 0 3.14394e-05
0 0.987541 0.479333 0.0227519 0.145333 3.15499e-05
0 0.197454 0.327333 0.0352113 0.092 3.1568e-05
0 0.434453 0.492667 0.0487541 0.0893333 3.17207e-05
0 0.968581 0.948 0.0628386 0.104 3.17481e-05
0 0.813922 0.234 0.134886 0.468 3.17783e-05
0 0.122698 0.910667 0.0861322 0.141333 3.18962e-05
0 0.515168 0.631333 0.150596 0.486667 3.20029e-05
0 0.0132719 0.930667 0.0265439 0.138667 3.20109e-05
0 0.2974 0.592 0.0834236 0.157333 3.21424e-05
0 0.513814 0.104 0.0839653 0.141333 3.22219e-05
0 0.43039 0.992667 0.0460455 0.0146667 3.22722e-05
0 0.540087 0.028 0.0942579 0.056 3.23623e-05
0 0.293879 0.994667 0.0460455 0.0106667 3.23626e-05
0 0.553359 1 0.0492958 0 3.2548e-05
0 0.730228 1 0.0465872 0 3.26247e-05
0 0.41766 0.405333 0.148429 0.448 3.26601e-05
0 0.371885 0.0226667 0.0666305 0.0453333 3.26838e-05
0 0.0891116 0 0.0547129 0 3.27948e-05
0 0.317172 0.0233333 0.111051 0.0466667 3.3073e-05
0 0.641658 0.939333 0.0590466 0.121333 3.30771e-05
0 0.655471 0.184667 0.118093 0.369333 3.32263e-05
0 0.65818 0.993333 0.0400867 0.0133333 3.33797e-05
0 0.0184182 0.640667 0.0368364 0.126667 3.3453e-05
0 0.0200433 0.915333 0.0400867 0.169333 3.34899e-05
0 0.457205 0.211333 0.0866739 0.244 3.35951e-05
0 0.761376 0.266 0.0590466 0.14 3.36115e-05
0 0.108072 0.407333 0.153304 0.409333 3.36236e-05
0 0.106176 0.266667 0.184182 0.533333 3.42391e-05
0 0.313651 0.398667 0.106176 0.125333 3.42392e-05
0 0.116197 0.880667 0.117551 0.238667 3.44976e-05
0 0.240249 0.208 0.0937161 0.237333 3.44988e-05
0 0.720477 0.0446667 0.0444204 0.06 3.51021e-05
0 0.54415 0.002 0.0492958 0.004 3.51283e-05
0 0.24377 0.0633333 0.0758397 0.126667 3.52022e-05
0 0.188516 0.573333 0.0823402 0.184 3.52822e-05
0 0.242416 0.995333 0.0417118 0.00933333 3.53755e-05
0 0.14545 0.548667 0.0612134 0.108 3.54031e-05
0 0.505146 0.538 0.088299 0.126667 3.58269e-05
0 0.0492958 0.15 0.0736728 0.182667 3.58607e-05
0 0.359697 0.487333 0.0541712 0.092 3.58902e-05
0 0.285753 0.0673333 0.0807151 0.134667 3.59113e-05
0 0.636511 0.989333 0.0747562 0.0213333 3.59288e-05
0 0.903846 0 0.0557963 0 3.60835e-05
0 0.0419827 0.803333 0.0839653 0.393333 3.62804e-05
0 0.479415 0.006 0.0487541 0.012 3.6409e-05
0 0.57909 0.963333 0.0552546 0.044 3.64132e-05
0 0.763001 0.21 0.0633803 0.153333 3.64665e-05
0 0.380282 0.412667 0.0736728 0.0546667 3.66272e-05
0 0.365926 0.0233333 0.105634 0.0466667 3.6644e-05
0 0.195016 0.234 0.0617551 0.124 3.66515e-05
0 0.0747562 1 0.0541712 0 3.68248e-05
0 0.89247 0.026 0.122969 0.052 3.69807e-05
0 0.396262 0.942667 0.0211268 0.101333 3.71836e-05
0 0.457746 0.0953333 0.0314193 0.110667 3.71962e-05
0 0.169014 0.0153333 0.0498375 0.0306667 3.72804e-05
0 0.66441 0.062 0.0731311 0.124 3.73127e-05
0 0.303359 0.755333 0.115926 0.26 3.73547e-05
0 0.243499 0.636667 0.0709642 0.158667 3.73827e-05
0 0.981853 0.457333 0.0362947 0.282667 3.76089e-05
0 0.951517 0.346667 0.0969664 0.408 3.7833e-05
0 0.369989 0.769333 0.121343 0.208 3.79427e-05
0 0.241333 0.160667 0.127302 0.321333 3.82295e-05
0 0.00866739 0.0366667 0.0151679 0.0733333 3.85214e-05
0 0.0306067 0.534667 0.0406284 0.229333 3.86372e-05
0 0.740791 0.573333 0.0482123 0.128 3.8911e-05
0 0.28467 0.326 0.0926327 0.262667 3.89848e-05
0 0.519502 0.000666667 0.0498375 0.00133333 3.90423e-05
0 0.471831 0.09 0.0465872 0.18 3.91252e-05
0 0.491333 1 0.0465872 0 3.9147e-05
0 0.317714 0.994667 0.0471289 0.0106667 3.91489e-05
0 0.650054 0.149333 0.0411701 0.0506667 3.93498e-05
0 0.78792 0.557333 0.052546 0.162667 3.95224e-05
0 0.0195016 0.390667 0.0216685 0.24 3.95888e-05
0 0.266793 0.0226667 0.112134 0.0453333 3.96852e-05
0 0.263814 0.327333 0.0780065 0.166667 3.96958e-05
0 0.182286 0.0513333 0.0460455 0.0626667 3.9724e-05
0 0.105363 0.994667 0.0742145 0.0106667 3.98181e-05
0 0.599133 0.158 0.035753 0.1 3.98965e-05
0 0.516522 1 0.0482123 0 3.99452e-05
0 0.409805 0.946667 0.0644637 0.106667 4.00782e-05
0 0.0308776 0.0613333 0.0465872 0.096 4.02903e-05
0 0.283044 0.479333 0.095883 0.153333 4.04849e-05
0 0.946371 0.0273333 0.0476706 0.0466667 4.08087e-05
0 0.113759 0.818 0.213434 0.364 4.08305e-05
0 0.720477 0.95 0.071506 0.1 4.10007e-05
0 0.988082 0.964667 0.0162514 0.0653333 4.11637e-05
0 0.0216685 0.092 0.0390032 0.101333 4.12174e-05
0 0.482394 0.478667 0.0763814 0.130667 4.14505e-05
0 0.724269 0.589333 0.0530878 0.136 4.17043e-05
0 0.436078 0.454667 0.0444204 0.064 4.17369e-05
0 0.443391 0.517333 0.0492958 0.0933333 4.17626e-05
0 0.310401 0.87 0.105092 0.204 4.1848e-05
0 0.208017 0.329333 0.0227519 0.088 4.18502e-05
0 0.35455 0 0.052546 0 4.19477e-05
0 0.06961 0.633333 0.116468 0.285333 4.20403e-05
0 0.313922 0.987333 0.0774648 0.0253333 4.20577e-05
0 0.167931 0.062 0.084507 0.124 4.20946e-05
0 0.751896 1 0.0422535 0 4.21751e-05
0 0.0165222 0.609333 0.0211268 0.261333 4.21906e-05
0 0.496479 0.401333 0.0341278 0.0746667 4.22674e-05
0 0.854821 0.002 0.0552546 0.004 4.23327e-05
0 0.968581 0.466 0.0628386 0.153333 4.24236e-05
0 0.64247 0.0233333 0.105092 0.0466667 4.24733e-05
0 0.317714 0 0.0536295 0 4.25751e-05
0 0.0176056 0.578667 0.0352113 0.128 4.2707e-05
0 0.125948 1 0.0536295 0 4.27343e-05
0 0.448537 0.114 0.12026 0.228 4.28543e-05
0 0.831528 0.144 0.100758 0.202667 4.29942e-05
0 0.0912784 0.0646667 0.107801 0.129333 4.33399e-05
0 0.317714 0.0193333 0.0438787 0.0386667 4.33553e-05
0 0.153846 0.00133333 0.0552546 0.00266667 4.33813e-05
0 0.0983207 0.0233333 0.0893824 0.0466667 4.365e-05
0 0.632178 0.993333 0.0465872 0.0133333 4.39157e-05
0 0.427411 0.928667 0.0866739 0.142667 4.41713e-05
0 0.836403 0.950667 0.107259 0.088 4.42712e-05
0 0.381636 0.492 0.0482123 0.088 4.4876e-05
0 0.056338 0.112 0.100758 0.224 4.51276e-05
0 0.424702 0.61 0.127844 0.42 4.53022e-05
0 0.611051 0.008 0.0660888 0.016 4.55682e-05
0 0.631907 0.0166667 0.0438787 0.0333333 4.59429e-05
0 0.365114 0.866667 0.110509 0.194667 4.61081e-05
0 0.740249 0.0953333 0.0731311 0.190667 4.61673e-05
0 0.620531 0.168667 0.0427952 0.102667 4.61955e-05
0 0.681473 1 0.0433369 0 4.63847e-05
0 0.790899 0.0233333 0.115926 0.0466667 4.6435e-05
0 0.805525 0.994 0.0509209 0.012 4.65999e-05
0 0.419556 0.03 0.0839653 0.06 4.6618e-05
0 0.864843 1 0.0514626 0 4.67755e-05
0 0.47454 0.545333 0.0422535 0.0853333 4.67875e-05
0 0.87974 0.00133333 0.056338 0.00266667 4.68344e-05
0 0.541441 0.978 0.112134 0.044 4.68492e-05
0 0.21506 0.058 0.0780065 0.116 4.68756e-05
0 0.173348 0.623333 0.169014 0.494667 4.70826e-05
0 0.237541 0.282 0.0807151 0.137333 4.71386e-05
0 0.437432 0.645333 0.0850488 0.154667 4.73687e-05
0 0.715601 0.084 0.056338 0.130667 4.75114e-05
0 0.615655 0.112 0.0666305 0.109333 4.75614e-05
0 0.232665 0.0153333 0.0449621 0.0306667 4.76124e-05
0 0.742416 0.022 0.120802 0.044 4.7767e-05
0 0.649512 0.00466667 0.071506 0.00933333 4.79154e-05
0 0.269502 0.227333 0.129469 0.454667 4.80743e-05
0 0.95883 0.600667 0.0693391 0.102667 4.83915e-05
0 0.473456 0 0.0790899 0 4.84011e-05
0 0.368906 0.770667 0.178765 0.418667 4.84214e-05
0 0.749458 0.564667 0.0557963 0.068 4.84732e-05
0 0.0184182 0.395333 0.0368364 0.124 4.85949e-05
0 0.807963 0.0773333 0.0460455 0.0693333 4.86725e-05
0 0.429848 0 0.0514626 0 4.89252e-05
0 0.801733 1 0.0801734 0 4.93309e-05
0 0.111051 0.644667 0.152763 0.390667 4.9369e-05
0 0.417931 0.774 0.0590466 0.084 4.93738e-05
0 0.185807 0.088 0.0780065 0.149333 4.94312e-05
0 0.951788 1 0.0866739 0 4.94743e-05
0 0.484019 0.928667 0.100217 0.142667 4.94768e-05
0 0.251625 0.780667 0.0687974 0.241333 4.95929e-05
0 0.920639 0.164 0.154388 0.328 4.99097e-05
0 0.372969 0.00466667 0.0752979 0.00933333 5.00066e-05
0 0.692579 0.0213333 0.116468 0.0426667 5.00346e-05
0 0.987812 0.910667 0.024377 0.178667 5.02916e-05
0 0.691766 0.975333 0.0769231 0.0493333 5.03879e-05
0 0.380011 0.368667 0.052546 0.0866667 5.06646e-05
0 0.545233 0.0186667 0.0417118 0.0373333 5.09033e-05
0 0.0842362 0.467333 0.156555 0.209333 5.12824e-05
0 0.267335 0.912667 0.0752979 0.174667 5.14601e-05
0 0.230769 0.434667 0.110509 0.386667 5.17254e-05
0 0.239707 0.710667 0.0904659 0.224 5.18533e-05
0 0.691766 0.812667 0.0888407 0.126667 5.1873e-05
0 0.787649 0.0893333 0.0769231 0.178667 5.19318e-05
0 0.356176 0.0186667 0.0471289 0.0373333 5.23183e-05
0 0.745937 0.109333 0.0379198 0.0826667 5.25446e-05
0 0.687703 0.985333 0.0568797 0.0293333 5.2658e-05
0 0.276002 0.539333 0.0828819 0.18 5.282e-05
0 0.763543 0.148 0.0742145 0.162667 5.28235e-05
0 0.453413 1 0.0444204 0 5.30783e-05
0 0.368093 0.611333 0.14572 0.454667 5.31518e-05
0 0.203684 0.995333 0.0487541 0.00933333 5.33437e-05
0 0.020585 0.27 0.0411701 0.126667 5.33793e-05
0 0.609697 0.956667 0.0904659 0.0866667 5.34006e-05
0 0.512459 0.630667 0.0931744 0.173333 5.3943e-05
0 0.031961 0.21 0.0498375 0.137333 5.40103e-05
0 0.953684 0.252 0.0796316 0.306667 5.42297e-05
0 0.641658 0.842667 0.116468 0.314667 5.42324e-05
0 0.436078 0.986667 0.071506 0.0266667 5.44805e-05
0 0.612405 0.182667 0.0265439 0.048 5.47024e-05
0 0.644366 0.002 0.0503792 0.004 5.47746e-05
0 0.393012 0.525333 0.039545 0.101333 5.48322e-05
0 0.311484 0.266667 0.132178 0.402667 5.48806e-05
0 0.198267 0.0213333 0.0823402 0.0426667 5.51579e-05
0 0.463164 0.507333 0.136511 0.446667 5.52153e-05
0 0.0387324 1 0.0547129 0 5.5743e-05
0 0.966143 0.98 0.067714 0.04 5.59281e-05
0 0.204496 0 0.0547129 0 5.61995e-05
0 0.0479415 0.272667 0.0752979 0.196 5.63861e-05
0 0.714789 0.056 0.0817985 0.112 5.66445e-05
0 0.982936 0.145333 0.0341278 0.117333 5.67059e-05
0 0.285211 0.270667 0.0514626 0.106667 5.69948e-05
0 0.279794 0.0166667 0.0482123 0.0333333 5.71015e-05
0 0.983478 0.344667 0.0276273 0.196 5.71107e-05
0 0.606446 0.00466667 0.0471289 0.00933333 5.73216e-05
0 0.19312 0.0153333 0.0492958 0.0306667 5.73962e-05
0 0.228332 0.822 0.0633803 0.356 5.74113e-05
0 0.461809 0.991333 0.0904659 0.0173333 5.746e-05
0 0.615114 0.422 0.0406284 0.113333 5.74849e-05
0 0.986186 0.600667 0.0232936 0.156 5.76061e-05
0 0.167389 0.518667 0.11701 0.226667 5.76766e-05
0 0.66468 0.984 0.0769231 0.032 5.80073e-05
0 0.967768 0.521333 0.052546 0.136 5.82127e-05
0 0.220206 0.631333 0.0417118 0.252 5.82458e-05
0 0.307151 0.278 0.092091 0.18 5.83581e-05
0 0.982936 0.650667 0.0341278 0.349333 5.83625e-05
0 0.388949 0.0213333 0.0866739 0.0426667 5.84626e-05
0 0.43662 0.14 0.0725894 0.258667 5.88905e-05
0 0.942308 0.0266667 0.109967 0.0533333 5.89777e-05
0 0.581798 0.006 0.0476706 0.012 5.89802e-05
0 0.242958 0 0.052546 0 5.91829e-05
0 0.143554 0.996 0.071506 0.008 5.92127e-05
0 0.986457 0.938667 0.0227519 0.0826667 5.94797e-05
0 0.60455 1 0.0498375 0 5.95044e-05
0 0.957476 0.706667 0.0850488 0.490667 5.96204e-05
0 0.221289 0.417333 0.0536295 0.144 6.00969e-05
0 0.985645 0.659333 0.0254605 0.161333 6.06098e-05
0 0.21208 0.996 0.0817985 0.008 6.10891e-05
0 0.426056 0.828667 0.154388 0.342667 6.11038e-05
0 0.786566 0.480667 0.0530878 0.0493333 6.14283e-05
0 0.0303359 0.028 0.0498375 0.056 6.14674e-05
0 0.113759 0.996 0.140845 0.008 6.18523e-05
0 0.976436 0.028 0.0471289 0.056 6.2001e-05
0 0.279523 0 0.0541712 0 6.20841e-05
0 0.0536295 0.873333 0.092091 0.253333 6.22672e-05
0 0.0184182 0.521333 0.0368364 0.125333 6.22976e-05
0 0.647887 0.886667 0.0855905 0.216 6.25907e-05
0 0.58532 0.002 0.0828819 0.004 6.26967e-05
0 0.250542 1 0.0666305 0 6.30294e-05
0 0.0184182 0.517333 0.020585 0.248 6.31363e-05
0 0.841278 1 0.0530878 0 6.3176e-05
0 0.972373 0.65 0.0552546 0.22 6.33475e-05
0 0.968852 0.893333 0.0622969 0.192 6.33834e-05
0 0.365655 1 0.0476706 0 6.34767e-05
0 0.746479 0.08 0.0368364 0.0693333 6.36576e-05
0 0.202329 0.265333 0.0352113 0.0373333 6.36595e-05
0 0.748375 0.965333 0.0417118 0.0693333 6.38761e-05
0 0.655742 1 0.0449621 0 6.40237e-05
0 0.179307 0.000666667 0.0552546 0.00133333 6.4171e-05
0 0.311484 0.835333 0.15493 0.329333 6.41976e-05
0 0.429307 1 0.0460455 0 6.42413e-05
0 0.194204 0.998 0.0666305 0.004 6.43222e-05
0 0.943391 0.516 0.113218 0.421333 6.49513e-05
0 0.468581 0 0.0520043 0 6.5355e-05
0 0.792524 1 0.0487541 0 6.55257e-05
0 0.377573 0.398667 0.105092 0.189333 6.601e-05
0 0.612676 0.191333 0.0173348 0.036 6.61987e-05
0 0.969664 0.142 0.0606717 0.252 6.62853e-05
0 0.613489 0.984667 0.095883 0.0306667 6.64132e-05
0 0.276002 1 0.067714 0 6.67691e-05
0 0.49052 0.984 0.0937161 0.032 6.73016e-05
0 0.876219 1 0.0893824 0 6.7308e-05
0 0.256501 0.936 0.0373781 0.109333 6.76295e-05
0 0.637324 1 0.0742145 0 6.8172e-05
0 0.695829 0.989333 0.0438787 0.0213333 6.8234e-05
0 0.957476 0.00133333 0.0557963 0.00266667 6.86103e-05
0 0.390845 1 0.0460455 0 6.86121e-05
0 0.829902 0.000666667 0.0552546 0.00133333 6.86494e-05
0 0.33234 0.508667 0.147887 0.422667 6.91648e-05
0 0.668472 0.000666667 0.0520043 0.00133333 6.94426e-05
0 0.00758397 0.0653333 0.0119177 0.109333 6.96187e-05
0 0.941766 0.0633333 0.0861322 0.092 6.96219e-05
0 0.983478 0.208 0.0330444 0.349333 6.98564e-05
0 0.591278 0 0.052546 0 7.0016e-05
0 0.436891 0.479333 0.0839653 0.124 7.06056e-05
0 0.511376 0.0346667 0.084507 0.0693333 7.07476e-05
0 0.191224 0.329333 0.0552546 0.352 7.08261e-05
0 0.913055 0.325333 0.0904659 0.261333 7.0962e-05
0 0.979957 0.423333 0.0400867 0.116 7.13464e-05
0 0.982936 0.341333 0.0341278 0.317333 7.14832e-05
0 0.561755 0.0213333 0.0400867 0.0426667 7.16311e-05
0 0.987541 0.542667 0.0227519 0.154667 7.20264e-05
0 0.236186 0.992667 0.0823402 0.0146667 7.26167e-05
0 0.0200433 0.333333 0.0400867 0.130667 7.33626e-05
0 0.340737 1 0.0476706 0 7.34839e-05
0 0.0306067 0.95 0.0612134 0.1 7.37973e-05
0 0.124865 1 0.0850488 0 7.43696e-05
0 0.585861 0.0373333 0.0817985 0.0746667 7.45346e-05
0 0.69312 0.000666667 0.0536295 0.00133333 7.5001e-05
0 0.566089 0 0.0530878 0 7.52288e-05
0 0.00704225 0.302 0.0140845 0.14 7.55343e-05
0 0.989707 0.297333 0.0184182 0.149333 7.566e-05
0 0.151408 1 0.052546 0 7.58865e-05
0 0.0536295 0.518667 0.107259 0.213333 7.59811e-05
0 0.209642 0.333333 0.0455038 0.149333 7.60899e-05
0 0.17714 1 0.0509209 0 7.62538e-05
0 0.964518 1 0.0503792 0 7.67922e-05
0 0.24052 0.914 0.0671723 0.169333 7.68422e-05
0 0.878927 0.758 0.219393 0.484 7.83741e-05
0 0.953684 0.508667 0.0893824 0.225333 7.94423e-05
0 0.46506 0.418667 0.0980498 0.122667 8.02351e-05
0 0.192037 0.33 0.0438787 0.172 8.15335e-05
0 0.76598 0.0566667 0.0812568 0.113333 8.23343e-05
0 0.683911 0.992 0.0427952 0.016 8.27594e-05
0 0.746479 0.0486667 0.0444204 0.06 8.27947e-05
0 0.369447 0.595333 0.0931744 0.193333 8.29353e-05
0 0.250271 0.477333 0.099675 0.234667 8.35114e-05
0 0.429577 0.849333 0.105092 0.178667 8.42464e-05
0 0.00568797 0.941333 0.0092091 0.117333 8.44823e-05
0 0.281419 0.642667 0.112134 0.2 8.44948e-05
0 0.326111 1 0.0790899 0 8.46157e-05
0 0.0511918 0.398667 0.102384 0.237333 8.49042e-05
0 0.481853 0.521333 0.0330444 0.0746667 8.53491e-05
0 0.399783 0.406 0.0498375 0.0306667 8.55811e-05
0 0.817985 0.0173333 0.0530878 0.0346667 8.57283e-05
0 0.272752 0.212 0.0915493 0.157333 8.57491e-05
0 0.0105634 0.929333 0.0135428 0.141333 8.638e-05
0 0.467497 0.618667 0.092091 0.176 8.69307e-05
0 0.824485 0.994 0.102925 0.012 8.77366e-05
0 0.493229 0 0.052546 0 8.78271e-05
0 0.494041 0.962 0.063922 0.0546667 8.85153e-05
0 0.718039 0 0.0536295 0 8.86154e-05
0 0.411159 0.410667 0.0942579 0.144 8.92459e-05
0 0.964247 0.344667 0.071506 0.262667 8.95325e-05
0 0.575569 0.0626667 0.0557963 0.125333 8.95331e-05
0 0.00595883 0.991333 0.0119177 0.0173333 8.99705e-05
0 0.307692 0.631333 0.150596 0.396 9.01471e-05
0 0.233749 0.339333 0.0666305 0.145333 9.0871e-05
0 0.629469 1 0.0476706 0 9.08991e-05
0 0.267335 1 0.0406284 0 9.10645e-05
0 0.156284 0.578667 0.100217 0.165333 9.13058e-05
0 0.197454 0.270667 0.0417118 0.122667 9.13898e-05
0 0.0994041 0 0.0557963 0 9.14422e-05
0 0.349404 0.378 0.141928 0.316 9.15624e-05
0 0.804171 0.00133333 0.0557963 0.00266667 9.20221e-05
0 0.381907 0.516 0.0855905 0.210667 9.20594e-05
0 0.454767 0.0353333 0.0352113 0.06 9.27998e-05
0 0.0349404 0.632 0.0698808 0.464 9.2861e-05
0 0.740249 0.088 0.0557963 0.125333 9.32315e-05
0 0.540628 0 0.0530878 0 9.35746e-05
0 0.785482 0.0713333 0.0390032 0.0653333 9.38903e-05
0 0.467768 0.782 0.150054 0.353333 9.41613e-05
0 0.588841 0.975333 0.106176 0.0493333 9.44627e-05
0 0.114572 0.525333 0.170639 0.24 9.50657e-05
0 0.567443 0.946 0.0536295 0.0573333 9.5473e-05
0 0.663326 0.908667 0.0178765 0.137333 9.5577e-05
0 0.0067714 0.396667 0.0135428 0.14 9.62447e-05
0 0.889762 0.995333 0.133803 0.00933333 9.65124e-05
0 0.821235 0.0553333 0.0498375 0.0626667 9.68274e-05
0 0.438787 0.00933333 0.071506 0.0186667 9.68872e-05
0 0.245666 0.114667 0.0850488 0.157333 9.70972e-05
0 0.228873 1 0.0460455 0 9.73884e-05
0 0.927681 0.044 0.111051 0.088 9.78557e-05
0 0.292524 1 0.0455038 0 9.81866e-05
0 0.294691 0.657333 0.589382 0.685333 9.86478e-05
0 0.335861 0.00333333 0.0736728 0.00666667 9.93874e-05
0 0.363489 0.997333 0.0942579 0.00533333 9.97258e-05
0 0.410888 0.006 0.0666305 0.012 9.97439e-05
0 0.27844 0.168 0.0650054 0.0986667 0.000100382
0 0.452871 0.0693333 0.0346696 0.072 0.000101198
0 0.0503792 0.261333 0.100758 0.448 0.000101629
0 0.316901 1 0.0476706 0 0.000102192
0 0.410888 0.996667 0.0839653 0.00666667 0.00010222
0 0.992958 0.999333 0.0140845 0.00133333 0.000102752
0 0.261647 0.00466667 0.071506 0.00933333 0.000102928
0 0.807151 0.161333 0.0606717 0.162667 0.000103074
0 0.125135 0 0.056338 0 0.000103304
0 0.0598592 0.994 0.113218 0.012 0.000103825
0 0.123781 0.00533333 0.0872156 0.0106667 0.000103825
0 0.4526 0.0906667 0.0503792 0.181333 0.000103854
0 0.927681 0 0.0557963 0 0.000104188
0 0.645991 0.133333 0.0449621 0.0373333 0.000104189
0 0.162514 1 0.0801734 0 0.000104977
0 0.75623 0 0.0552546 0 0.000105327
0 0.424431 0.598 0.0817985 0.177333 0.000105633
0 0.222102 0.428667 0.444204 0.857333 0.000105727
0 0.908451 0.0293333 0.0899242 0.0586667 0.000105851
0 0.0111051 0.0133333 0.0222102 0.0266667 0.000106194
0 0.606988 0.0186667 0.0482123 0.0373333 0.000106526
0 0.334236 0.493333 0.101842 0.181333 0.000106932
0 0.483749 0.972 0.0422535 0.04 0.000107021
0 0.780336 0.00133333 0.0557963 0.00266667 0.000108082
0 0.273294 0.277333 0.0872156 0.146667 0.000108547
0 0.616468 0 0.0541712 0 0.000109149
0 0.518147 0.841333 0.176056 0.317333 0.000109218
0 0.403304 0 0.0536295 0 0.000109791
0 0.992958 0.92 0.0140845 0.16 0.000111514
0 0.990249 0.662 0.0184182 0.329333 0.000111797
0 0.816089 1 0.052546 0 0.000111911
0 0.507584 0.794 0.114843 0.188 0.000112776
0 0.516793 0.402667 0.847237 0.805333 0.000112978
0 0.233478 0.436 0.0509209 0.0906667 0.000113502
0 0.659263 0.865333 0.020585 0.072 0.000114087
0 0.0213976 0.985333 0.0427952 0.0293333 0.000116178
0 0.380553 0.390667 0.0763814 0.064 0.000116729
0 0.36078 0.330667 0.0888407 0.157333 0.000117866
0 0.0260022 0.778667 0.0422535 0.266667 0.00011836
0 0.988624 0.174 0.020585 0.137333 0.000118542
0 0.377302 0 0.0547129 0 0.000119286
0 0.0127302 0.888667 0.0232936 0.198667 0.000119573
0 0.086403 1 0.0904659 0 0.00011988
0 0.00893824 0.0866667 0.0178765 0.146667 0.000120713
0 0.211268 0.257333 0.0173348 0.0426667 0.00012088
0 0.51571 0.006 0.0650054 0.012 0.000121526
0 0.298212 0.00333333 0.0720477 0.00666667 0.000122339
0 0.742958 0.983333 0.0482123 0.0253333 0.0001225
0 0.893824 0.064 0.0530878 0.088 0.00012263
0 0.871885 0.0306667 0.088299 0.056 0.000122899
0 0.202871 1 0.0503792 0 0.000123315
0 0.0132719 0.996 0.0265439 0.008 0.00012397
0 0.84805 0.00733333 0.0861322 0.0146667 0.000123985
0 0.837757 1 0.0915493 0 0.000124312
0 0.638137 0.024 0.0628386 0.048 0.000124782
0 0.00758397 0.728667 0.0151679 0.156 0.000126104
0 0.657096 0.0173333 0.0433369 0.0346667 0.000126877
0 0.63922 0.136 0.0552546 0.0826667 0.000127783
0 0.0384615 0.389333 0.0769231 0.410667 0.000128445
0 0.543337 0.0266667 0.084507 0.0533333 0.000128566
0 0.258667 0.0486667 0.0438787 0.0626667 0.000130182
0 0.458017 0.507333 0.0850488 0.172 0.000130496
0 0.516793 0 0.0530878 0 0.000130591
0 0.837757 0.527333 0.324485 0.945333 0.000131475
0 0.0157096 0.158 0.0260022 0.185333 0.000131499
0 0.478061 0.854667 0.122969 0.181333 0.000131651
0 0.521668 0.938 0.106176 0.105333 0.000131714
0 0.862134 0.062 0.113218 0.124 0.000134208
0 0.807692 0.233333 0.0390032 0.112 0.000134258
0 0.00812568 0.146667 0.0162514 0.173333 0.000134314
0 0.947183 0.0606667 0.0460455 0.0653333 0.000135095
0 0.43364 0.791333 0.0796316 0.102667 0.000135204
0 0.0303359 0.888 0.0498375 0.205333 0.000135769
0 0.0176056 0.218 0.0352113 0.174667 0.000136973
0 0.212622 1 0.0752979 0 0.000136973
0 0.706121 0.0153333 0.0492958 0.0306667 0.000137254
0 0.989437 0.418667 0.0211268 0.141333 0.000137408
0 0.811755 0.0766667 0.0742145 0.124 0.000139566
0 0.991603 0.23 0.0167931 0.193333 0.000140523
0 0.744583 0.016 0.0482123 0.032 0.000140941
0 0.940953 0.992667 0.107259 0.0146667 0.000141002
0 0.0335861 0.0613333 0.0671723 0.122667 0.00014195
0 0.115655 0.0133333 0.100217 0.0266667 0.000143875
0 0.0604009 0.76 0.120802 0.445333 0.000144184
0 0.0287107 0.164 0.0574215 0.272 0.000144614
0 0.681473 0.016 0.0476706 0.032 0.000144765
0 0.518418 0.893333 0.127844 0.168 0.000145145
0 0.882178 0.086 0.0547129 0.1 0.000146963
0 0.0747562 0 0.0552546 0 0.000147086
0 0.760563 0.082 0.0606717 0.116 0.00014726
0 0.786566 0.07 0.0595883 0.108 0.000147841
0 0.580444 0.0593333 0.0352113 0.0546667 0.000148618
0 0.822319 0.022 0.0888407 0.044 0.000149619
0 0.00866739 0.362 0.0162514 0.222667 0.000149669
0 0.484019 0.0133333 0.0763814 0.0266667 0.000149951
0 0.724269 0.00466667 0.0801734 0.00933333 0.000150243
0 0.649242 0.869333 0.0427952 0.261333 0.000154216
0 0.961809 0.058 0.0763814 0.116 0.000154221
0 0.00785482 0.67 0.0157096 0.153333 0.000154224
0 0.00866739 1 0.0173348 0 0.000155915
0 0.417931 0.508667 0.0850488 0.161333 0.00015712
0 0.150867 0 0.0568797 0 0.000157463
0 0.285753 0.0213333 0.0850488 0.0426667 0.000157501
0 0.00758397 0.792 0.0151679 0.157333 0.000160515
0 0.989166 0.939333 0.00975081 0.116 0.00016069
0 0.980769 0.032 0.0373781 0.064 0.000162349
0 0.640574 0 0.0547129 0 0.000163448
0 0.00650054 0.609333 0.0130011 0.149333 0.000163593
0 0.402221 0.414 0.0362947 0.028 0.000164727
0 0.00785482 0.238 0.0157096 0.193333 0.000165291
0 0.982394 0.992667 0.0352113 0.0146667 0.000165685
0 0.795504 0.212667 0.0536295 0.137333 0.000166189
0 0.901679 0 0.0557963 0 0.000168189
0 0.917931 0.0726667 0.109967 0.134667 0.000169912
0 0.978602 0.0126667 0.0427952 0.0253333 0.000171192
0 0.422264 0.528667 0.0460455 0.0946667 0.000171863
0 0.667931 0.5 0.664139 1 0.000172592
0 0.020585 1 0.0411701 0 0.00017371
0 0.98429 0.0786667 0.0314193 0.146667 0.000176432
0 0.771668 0.05 0.0460455 0.0546667 0.000177038
0 0.989707 0.362 0.0184182 0.148 0.000177816
0 0.363759 0.01 0.0752979 0.02 0.000180258
0 0.0195016 0.356 0.0379198 0.285333 0.000183153
0 0.641116 0.01 0.0752979 0.02 0.000183224
0 0.192308 0.0193333 0.0855905 0.0386667 0.000184875
0 0.315276 0.00933333 0.0801734 0.0186667 0.000184906
0 0.665493 0 0.0547129 0 0.000186114
0 0.243499 0.018 0.0796316 0.036 0.000186203
0 0.605634 0.026 0.0736728 0.052 0.000187437
0 0.351842 0 0.0557963 0 0.000188137
0 0.810672 0.006 0.0817985 0.012 0.000189585
0 0.264626 0 0.0557963 0 0.000189837
0 0.663055 0.0206667 0.063922 0.0413333 0.000190441
0 0.343987 0.366 0.0660888 0.0786667 0.000191101
0 0.852384 0 0.0568797 0 0.000191768
0 0.690141 0 0.0552546 0 0.000193621
0 0.980228 1 0.0330444 0 0.000194306
0 0.989707 0.0366667 0.020585 0.0733333 0.000195209
0 0.538191 0.00133333 0.088299 0.00266667 0.000198673
0 0.201517 0 0.056338 0 0.000198931
0 0.226706 0 0.0557963 0 0.000200649
0 0.842633 0.026 0.052546 0.044 0.000202152
0 0.641387 0.178 0.0574215 0.110667 0.000202584
0 0.401679 0.424 0.0438787 0.0213333 0.000206732
0 0.176327 0 0.0568797 0 0.000209244
0 0.564464 0.0153333 0.071506 0.0306667 0.000210052
0 0.0143554 0.468667 0.0287107 0.198667 0.000210823
0 0.839924 0.016 0.0828819 0.032 0.000211453
0 0.0495666 0 0.0557963 0 0.000213057
0 0.166035 0.0186667 0.095883 0.0373333 0.000213489
0 0.650596 0.887333 0.0260022 0.161333 0.000215016
0 0.142741 0.420667 0.285482 0.841333 0.000215355
0 0.71506 0 0.0552546 0 0.000215887
0 0.719664 0.984 0.0471289 0.024 0.000216152
0 0.00650054 0.904667 0.0130011 0.190667 0.000220197
0 0.98727 0.0113333 0.0254605 0.0226667 0.000220832
0 0.110509 0.533333 0.221018 0.48 0.000221823
0 0.26571 0.012 0.0785482 0.024 0.000222979
0 0.877302 0 0.0568797 0 0.000223695
0 0.653034 0.856 0.0124594 0.0826667 0.000226667
0 0.289545 0 0.0557963 0 0.000226673
0 0.768418 0.0166667 0.0514626 0.0333333 0.00022671
0 0.751625 0.388 0.49675 0.776 0.000226906
0 0.827194 0 0.056338 0 0.000227424
0 0.148971 0.00466667 0.0888407 0.00933333 0.000230291
0 0.326923 0 0.0557963 0 0.000230534
0 0.774377 0.00466667 0.0839653 0.00933333 0.00023282
0 0.0176056 0.282667 0.0276273 0.221333 0.000236114
0 0.0316901 0.482 0.0633803 0.321333 0.000237597
0 0.0162514 0.0466667 0.0325027 0.0933333 0.000237788
0 0.22481 0.543333 0.035753 0.238667 0.000239094
0 0.468039 0.690667 0.496208 0.618667 0.00023956
0 0.388137 0 0.0926327 0 0.000243241
0 0.0297941 0.997333 0.0585049 0.00533333 0.000245068
0 0.00731311 0.548667 0.0146262 0.150667 0.000247553
0 0.953142 0 0.0568797 0 0.00024802
0 0.559047 0.928 0.11701 0.141333 0.000249099
0 0.00839653 0.863333 0.0102925 0.246667 0.000249874
0 0.752979 0 0.056338 0 0.00025003
0 0.991874 0.962667 0.0162514 0.0746667 0.000250758
0 0.252167 0.575333 0.0904659 0.198667 0.000250954
0 0.462893 0.785333 0.108884 0.152 0.000255726
0 0.613759 0.00466667 0.0877573 0.00933333 0.000256254
0 0.0184182 0.838 0.0368364 0.324 0.00025836
0 0.967226 0.0626667 0.0579632 0.109333 0.000258823
0 0.0292524 0.282 0.0530878 0.313333 0.000262925
0 0.214789 0.014 0.0839653 0.028 0.00026367
0 0.256771 0.02 0.0444204 0.04 0.000268469
0 0.0186891 0.544667 0.0373781 0.289333 0.000268624
0 0.365385 0.468667 0.0915493 0.137333 0.000269114
0 0.587757 0.044 0.0422535 0.0533333 0.000273441
0 0.985645 0.988 0.0200433 0.024 0.000274597
0 0.368364 0.5 0.682557 1 0.000276143
0 0.591278 0.0193333 0.0417118 0.0386667 0.000281881
0 0.0609426 0.0233333 0.0980498 0.0466667 0.000283419
0 0.00839653 0.454667 0.0135428 0.224 0.000286064
0 0.777086 0 0.0568797 0 0.000287316
0 0.802004 0 0.0568797 0 0.000292173
0 0.181473 0.638 0.362947 0.724 0.000293209
0 0.276815 0.119333 0.0585049 0.158667 0.000293969
0 0.789816 0.0106667 0.0834236 0.0213333 0.000294569
0 0.56961 0.052 0.0417118 0.0746667 0.000295876
0 0.367551 0.517333 0.0666305 0.112 0.000299477
0 0.647346 0.220667 0.056338 0.129333 0.000300938
0 0.713164 0.0206667 0.0720477 0.0413333 0.000310104
0 0.988353 0.997333 0.0146262 0.00533333 0.000311796
0 0.988624 0.115333 0.020585 0.137333 0.000322955
0 0.185536 0.00333333 0.0839653 0.00666667 0.000323066
0 0.792795 0.0173333 0.0536295 0.0346667 0.000326901
0 0.691766 0.840667 0.0942579 0.278667 0.000329803
0 0.234832 0.002 0.0850488 0.004 0.000335722
0 0.871343 0.372 0.257313 0.744 0.000343431
0 0.977519 0.00133333 0.0449621 0.00266667 0.000348686
0 0.79442 0.0526667 0.0503792 0.06 0.000352783
0 0.33857 0 0.101842 0 0.000359347
0 0.662514 0.876 0.0270856 0.130667 0.000361205
0 0.460997 0.024 0.0552546 0.048 0.000371781
0 0.871885 0.00333333 0.0947996 0.00666667 0.00037255
0 0.690953 0.0146667 0.0785482 0.0293333 0.000373515
0 0.665764 0 0.0985916 0 0.000380624
0 0.0173348 0.662667 0.0346696 0.341333 0.000390617
0 0.939599 0.006 0.0861322 0.012 0.000400502
0 0.25623 0.75 0.108342 0.398667 0.00042258
0 0.00731311 0.702667 0.0124594 0.272 0.000424861
0 0.625677 0.312667 0.0585049 0.18 0.000426963
0 0.0113759 0.772 0.020585 0.245333 0.000429799
0 0.677952 0.618667 0.593174 0.762667 0.000435526
0 0.47156 0.056 0.039545 0.0693333 0.00043587
0 0.920368 0.253333 0.124594 0.442667 0.000457039
0 0.165222 0 0.128927 0 0.000458022
0 0.00839653 0.557333 0.0135428 0.253333 0.000465385
0 0.097779 0.00333333 0.0991333 0.00666667 0.000465423
0 0.812839 0 0.114301 0 0.000469614
0 0.765168 0.028 0.0709642 0.056 0.000472083
0 0.741874 0.0173333 0.0828819 0.0346667 0.00048237
0 0.289274 0 0.106176 0 0.000482942
0 0.584778 0.014 0.0763814 0.028 0.000483128
0 0.813109 0.0373333 0.0780065 0.0746667 0.000492797
0 0.692579 0.86 0.0547129 0.173333 0.000505953
0 0.988353 0.974667 0.0092091 0.0506667 0.000517748
0 0.716414 0 0.117551 0 0.000519632
0 0.00595883 0.795333 0.0119177 0.265333 0.00052373
0 0.0108342 0.650667 0.020585 0.245333 0.000527921
0 0.254875 0.5 0.509751 1 0.000529937
0 0.795775 0.495333 0.0314193 0.076 0.000533075
0 0.963705 0.0353333 0.063922 0.0706667 0.00054278
0 0.214247 0 0.115385 0 0.000544274
0 0.842362 0.038 0.0975081 0.076 0.000566083
0 0.980498 0.056 0.0390032 0.072 0.000567929
0 0.227519 0.473333 0.0509209 0.152 0.000629968
0 0.975894 0 0.0482123 0 0.000646247
0 0.763814 0 0.113759 0 0.000678339
0 0.909263 0.00133333 0.10455 0.00266667 0.000693528
0 0.267606 0.574 0.423619 0.852 0.000694205
0 0.71506 0.878667 0.0585049 0.165333 0.000701495
0 0.988353 0.0573333 0.0200433 0.104 0.000712698
0 0.791441 0.520667 0.0910076 0.26 0.00076744
0 0.962351 0.00266667 0.0752979 0.00533333 0.000800294
0 0.0628386 0 0.11701 0 0.00080871
0 0.623239 0.403333 0.0709642 0.134667 0.000809858
0 0.790087 0.0273333 0.0817985 0.0546667 0.000827093
0 0.888949 0.052 0.0942579 0.101333 0.00084996
0 0.846696 0.0593333 0.071506 0.068 0.000945895
0 0.967497 0.0253333 0.0530878 0.0506667 0.000950141
0 0.0346696 0.008 0.0606717 0.016 0.000968874
0 0.364843 0.391333 0.095883 0.1 0.00101398
0 0.73104 0.970667 0.0622969 0.0533333 0.00102402
0 0.775731 0.5 0.448537 1 0.00102729
0 0.573673 0.952 0.107259 0.0693333 0.00116259
0 0.233749 0.567333 0.0655471 0.321333 0.00118074
0 0.754605 0.778 0.372698 0.444 0.00123112
0 0.242416 0.850667 0.0482123 0.258667 0.00156429
0 0.752979 0.604667 0.0541712 0.124 0.00184015
0 0.675785 0.886 0.0352113 0.201333 0.00192241
0 0.640303 0.275333 0.0585049 0.196 0.00218068
0 0.0265439 0 0.0530878 0 0.00306406
0 0.589924 0.398667 0.540628 0.797333 0.00315764
0 0.459101 0.0533333 0.0417118 0.106667 0.00351666
0 0.76896 0.606 0.311484 0.788 0.00831688
0 0.72779 0.934667 0.0796316 0.117333 0.00997604
0 0.575569 0.044 0.0384615 0.04 0.017078
0 0.719664 0.808667 0.211809 0.382667 0.0227318
0 0.627031 0.354 0.191224 0.593333 0.0338471
0 0.784128 0.504667 0.0557963 0.105333 0.103831
0 0.461268 0.0546667 0.0254605 0.0586667 0.317332
0 0.766251 0.572 0.0817985 0.178667 0.504985
0 0.718581 0.886667 0.107801 0.224 0.780251
0 0.629198 0.330667 0.0785482 0.314667 0.876911
