0 0.680932 0.502 0.0541712 0.092 2.26506e-05
0 0.471289 0.224 0.0455038 0.112 2.26834e-05
0 0.763001 0.999333 0.0807151 0.00133333 2.2743e-05
0 0.670098 0.106667 0.0335861 0.08 2.27584e-05
0 0.820693 0.4 0.0487541 0.130667 2.27939e-05
0 0.865385 0.639333 0.129469 0.294667 2.28238e-05
0 0.592633 0.994 0.0509209 0.012 2.30076e-05
0 0.405471 0.966 0.0406284 0.0466667 2.30377e-05
0 0.50623 0.108 0.0373781 0.0986667 2.3134e-05
0 0.258938 0.437333 0.0346696 0.0613333 2.31471e-05
0 0.310672 0.271333 0.0828819 0.262667 2.31492e-05
0 0.392199 0.630667 0.071506 0.133333 2.31533e-05
0 0.190953 0.756667 0.0991333 0.246667 2.31629e-05
0 0.00866739 0.958667 0.00866739 0.0826667 2.31753e-05
0 0.721831 0.104 0.0341278 0.08 2.31823e-05
0 0.445287 0.256 0.0433369 0.117333 2.32013e-05
0 0.839112 0.924 0.118093 0.152 2.33434e-05
0 0.912514 0.0846667 0.0850488 0.14 2.33469e-05
0 0.471018 0.689333 0.0503792 0.112 2.3355e-05
0 0.800379 0.712 0.100217 0.154667 2.3409e-05
0 0.0197725 0.908 0.0189599 0.176 2.34725e-05
0 0.143283 0.066 0.088299 0.132 2.35522e-05
0 0.267876 0.193333 0.0276273 0.04 2.35658e-05
0 0.730498 1 0.0482123 0 2.3603e-05
0 0.267876 0.244667 0.127302 0.489333 2.36512e-05
0 0.239166 0.940667 0.0287107 0.0973333 2.36608e-05
0 0.384615 0.771333 0.0465872 0.052 2.38479e-05
0 0.584507 0.962 0.084507 0.06 2.38524e-05
0 0.978602 0.817333 0.0427952 0.162667 2.38587e-05
0 0.387324 0.264667 0.0834236 0.262667 2.39091e-05
0 0.912243 0.340667 0.126761 0.238667 2.39539e-05
0 0.441495 0.662 0.0682557 0.14 2.40016e-05
0 0.0590466 0.882 0.100758 0.236 2.4188e-05
0 0.0186891 0.663333 0.0287107 0.289333 2.4241e-05
0 0.70558 0.609333 0.117551 0.453333 2.42477e-05
0 0.898158 0.955333 0.100758 0.0893333 2.42969e-05
0 0.0181473 0.234 0.0362947 0.134667 2.43496e-05
0 0.939057 0.650667 0.121885 0.216 2.4371e-05
0 0.435536 0.968667 0.0422535 0.044 2.4395e-05
0 0.786295 0.428667 0.0384615 0.084 2.44183e-05
0 0.0417118 0.196 0.0834236 0.392 2.4424e-05
0 0.818527 0.604667 0.0455038 0.116 2.44586e-05
0 0.47156 0.137333 0.0417118 0.106667 2.44623e-05
0 0.989978 0.413333 0.0167931 0.138667 2.45675e-05
0 0.834507 0.716 0.127302 0.242667 2.45696e-05
0 0.353467 0.966667 0.0536295 0.04 2.46464e-05
0 0.258397 0.0473333 0.0422535 0.06 2.46513e-05
0 0.236728 0.358667 0.035753 0.0933333 2.47001e-05
0 0.77221 0.302 0.185807 0.604 2.47008e-05
0 0.33532 0.146 0.0758397 0.177333 2.47359e-05
0 0.339112 0.988 0.0530878 0.024 2.47922e-05
0 0.233207 0.0486667 0.0406284 0.06 2.48246e-05
0 0.0197725 0.24 0.0232936 0.237333 2.48419e-05
0 0.0170639 0.566667 0.0341278 0.136 2.50248e-05
0 0.519502 0.910667 0.0747562 0.178667 2.51596e-05
0 0.339382 0.782 0.109967 0.121333 2.51663e-05
0 0.196641 0.58 0.0444204 0.112 2.51738e-05
0 0.672535 0.528 0.0482123 0.056 2.53812e-05
0 0.807692 0.230667 0.0520043 0.12 2.53974e-05
0 0.943662 0 0.0552546 0 2.54426e-05
0 0.783857 0.258667 0.0455038 0.109333 2.5492e-05
0 0.491603 0.992667 0.0482123 0.0146667 2.55168e-05
0 0.0536295 0.334 0.0985916 0.238667 2.55547e-05
0 0.480769 0.941333 0.0449621 0.0986667 2.56695e-05
0 0.944475 0.773333 0.111051 0.234667 2.57901e-05
0 0.168202 0.604 0.0579632 0.130667 2.58313e-05
0 0.319339 0.95 0.1013 0.1 2.59127e-05
0 0.71208 0.406667 0.0774648 0.154667 2.59509e-05
0 0.895991 0.452667 0.0520043 0.102667 2.59542e-05
0 0.432015 0.562 0.0503792 0.076 2.59651e-05
0 0.158722 0.982 0.0769231 0.036 2.6048e-05
0 0.824756 0.978 0.095883 0.044 2.60741e-05
0 0.269772 0.48 0.0433369 0.0586667 2.61364e-05
0 0.112134 0.218 0.173348 0.436 2.61616e-05
0 0.881365 0.746 0.212351 0.508 2.6167e-05
0 0.0197725 0.421333 0.0211268 0.274667 2.63034e-05
0 0.369447 0.948 0.0520043 0.0773333 2.63447e-05
0 0.402763 1 0.0492958 0 2.6439e-05
0 0.596696 0.0753333 0.0373781 0.0813333 2.65196e-05
0 0.616739 0.750667 0.0839653 0.192 2.66122e-05
0 0.159263 0.0773333 0.0390032 0.0826667 2.66249e-05
0 0.583424 0.941333 0.0411701 0.0773333 2.66473e-05
0 0.462893 1 0.0774648 0 2.66923e-05
0 0.0533586 0.197333 0.088299 0.274667 2.67235e-05
0 0.755146 0.988 0.0444204 0.024 2.6743e-05
0 0.566901 0.99 0.0503792 0.02 2.67585e-05
0 0.546045 0.999333 0.0704225 0.00133333 2.67997e-05
0 0.586132 0.604667 0.122427 0.150667 2.68031e-05
0 0.0208559 0.140667 0.039545 0.124 2.68807e-05
0 0.90493 0 0.0557963 0 2.68829e-05
0 0.763543 0.978 0.0904659 0.044 2.7001e-05
0 0.305525 0.221333 0.0509209 0.114667 2.71394e-05
0 0.394908 0.792 0.0487541 0.0746667 2.71587e-05
0 0.308505 0.156667 0.0698808 0.156 2.71818e-05
0 0.274648 0.662667 0.0693391 0.170667 2.72118e-05
0 0.615926 0.871333 0.101842 0.124 2.74268e-05
0 0.543066 0.11 0.0352113 0.0973333 2.74415e-05
0 0.0598592 0.962 0.114301 0.076 2.76641e-05
0 0.465601 0.398 0.116468 0.236 2.77513e-05
0 0.211268 0.277333 0.102925 0.282667 2.8031e-05
0 0.408722 0.101333 0.0471289 0.0933333 2.80736e-05
0 0.111051 0.022 0.0931744 0.044 2.81465e-05
0 0.444475 0.91 0.0850488 0.18 2.82545e-05
0 0.0595883 0.026 0.0812568 0.052 2.83536e-05
0 0.445829 0.352667 0.0400867 0.0893333 2.84197e-05
0 0.758126 0.202667 0.0406284 0.101333 2.84254e-05
0 0.610509 0.666667 0.0574215 0.144 2.84703e-05
0 0.985915 0.138 0.028169 0.121333 2.85118e-05
0 0.891928 0.710667 0.133803 0.261333 2.8595e-05
0 0.25 0.994 0.0644637 0.012 2.86456e-05
0 0.514355 0.706 0.0666305 0.102667 2.87652e-05
0 0.571235 0.618667 0.0471289 0.0826667 2.87927e-05
0 0.545233 0.074 0.0373781 0.084 2.88188e-05
0 0.290358 0.066 0.0758397 0.132 2.88414e-05
0 0.120531 0.02 0.0471289 0.04 2.88798e-05
0 0.065818 0 0.0536295 0 2.88861e-05
0 0.331257 0.400667 0.107801 0.209333 2.89323e-05
0 0.581257 0.67 0.0465872 0.092 2.89998e-05
0 0.122698 0.466 0.0514626 0.145333 2.90239e-05
0 0.208559 0.545333 0.0379198 0.0986667 2.91279e-05
0 0.815818 0.647333 0.0953413 0.265333 2.92017e-05
0 0.115926 0.000666667 0.0541712 0.00133333 2.93644e-05
0 0.434182 0.324 0.039545 0.0826667 2.94149e-05
0 0.246208 0.304 0.031961 0.0933333 2.95455e-05
0 0.117281 0.989333 0.125135 0.0213333 2.95485e-05
0 0.36078 0.212 0.0801734 0.157333 2.95776e-05
0 0.334507 0.388667 0.0547129 0.0706667 2.96466e-05
0 0.533044 0.850667 0.0975081 0.221333 2.969e-05
0 0.183911 0.515333 0.0514626 0.126667 2.98601e-05
0 0.333153 0.0446667 0.0476706 0.0573333 2.98681e-05
0 0.470748 0.0766667 0.0390032 0.0866667 3.00207e-05
0 0.859426 0.457333 0.0872156 0.106667 3.0093e-05
0 0.966685 0.23 0.0633803 0.281333 3.05293e-05
0 0.397887 0.0733333 0.039545 0.0773333 3.05638e-05
0 0.241333 0.200667 0.0785482 0.276 3.06919e-05
0 0.864572 0.0853333 0.118093 0.152 3.07427e-05
0 0.989707 0.351333 0.0162514 0.142667 3.07901e-05
0 0.241062 0.982667 0.0758397 0.0346667 3.08021e-05
0 0.306609 0.87 0.132178 0.126667 3.08857e-05
0 0.518689 0.878 0.0449621 0.113333 3.08937e-05
0 0.537107 0.516 0.0763814 0.194667 3.09925e-05
0 0.0910076 0.0673333 0.110509 0.134667 3.10331e-05
0 0.532774 0.214 0.0763814 0.158667 3.10677e-05
0 0.441224 0.335333 0.0763814 0.132 3.11134e-05
0 0.687161 0.705333 0.0752979 0.178667 3.11474e-05
0 0.063922 0.586667 0.127844 0.282667 3.1326e-05
0 0.58857 0.144 0.0612134 0.162667 3.14028e-05
0 0.0184182 0.447333 0.0368364 0.132 3.14282e-05
0 0.695829 0.072 0.0341278 0.0773333 3.14685e-05
0 0.811484 0.429333 0.0465872 0.096 3.14872e-05
0 0.917389 0.0613333 0.0937161 0.122667 3.15504e-05
0 0.280065 0.576 0.0335861 0.0613333 3.16175e-05
0 0.767877 0.026 0.143554 0.052 3.16465e-05
0 0.691766 0.994667 0.0552546 0.0106667 3.16549e-05
0 0.810672 0.158667 0.113218 0.192 3.17094e-05
0 0.659805 0.692667 0.0725894 0.345333 3.17849e-05
0 0.492687 0.136667 0.0438787 0.108 3.20084e-05
0 0.618364 0.317333 0.0341278 0.0773333 3.21319e-05
0 0.535753 0.914667 0.0476706 0.109333 3.21736e-05
0 0.333694 0.283333 0.0834236 0.172 3.21875e-05
0 0.810401 0.206 0.0834236 0.161333 3.22147e-05
0 0.944204 0.0793333 0.0899242 0.129333 3.22362e-05
0 0.611051 0.306667 0.118093 0.445333 3.22812e-05
0 0.165493 0.998 0.0536295 0.004 3.22897e-05
0 0.89247 0.0106667 0.0514626 0.0213333 3.22984e-05
0 0.241333 0.066 0.0828819 0.132 3.23217e-05
0 0.090195 0 0.0547129 0 3.23748e-05
0 0.989437 0.476 0.0167931 0.136 3.23891e-05
0 0.372969 0.987333 0.107801 0.0253333 3.2402e-05
0 0.97156 0.514 0.0503792 0.126667 3.24726e-05
0 0.520314 0.112 0.0352113 0.0986667 3.24918e-05
0 0.241333 0.849333 0.0362947 0.125333 3.25327e-05
0 0.682828 0.072 0.0362947 0.08 3.26132e-05
0 0.625406 0.359333 0.0622969 0.145333 3.26193e-05
0 0.494583 0.0786667 0.0400867 0.0906667 3.26273e-05
0 0.470477 0.905333 0.0492958 0.138667 3.26356e-05
0 0.609967 0.69 0.0368364 0.105333 3.26418e-05
0 0.507042 0.258 0.0455038 0.108 3.27342e-05
0 0.0227519 0.146 0.0260022 0.22 3.28375e-05
0 0.558776 0.138667 0.0644637 0.168 3.28515e-05
0 0.88922 0.562667 0.0742145 0.146667 3.29534e-05
0 0.781961 0.136667 0.0406284 0.108 3.2963e-05
0 0.257855 0.276667 0.0801734 0.236 3.30175e-05
0 0.334778 0.572667 0.0487541 0.108 3.31905e-05
0 0.563109 0.709333 0.141387 0.493333 3.33204e-05
0 0.223998 0.996667 0.0861322 0.00666667 3.34594e-05
0 0.0162514 0.012 0.0325027 0.024 3.35736e-05
0 0.158722 0.431333 0.0520043 0.124 3.36577e-05
0 0.973998 0.052 0.0433369 0.0613333 3.37105e-05
0 0.738624 0.574 0.0828819 0.145333 3.37196e-05
0 0.653304 1 0.0552546 0 3.38037e-05
0 0.25 0.203333 0.0438787 0.06 3.38463e-05
0 0.948808 0.392 0.102384 0.290667 3.40296e-05
0 0.303088 0.928 0.0536295 0.0986667 3.4093e-05
0 0.796045 0.569333 0.0471289 0.109333 3.4255e-05
0 0.763814 0.4 0.0758397 0.245333 3.42908e-05
0 0.365114 0.720667 0.101842 0.153333 3.43605e-05
0 0.428223 1 0.0471289 0 3.4392e-05
0 0.306609 0.0446667 0.0455038 0.06 3.46839e-05
0 0.832882 0.546667 0.052546 0.112 3.48173e-05
0 0.83559 0.461333 0.0492958 0.08 3.4867e-05
0 0.656555 0.389333 0.12351 0.432 3.51027e-05
0 0.661972 0.492 0.0866739 0.125333 3.51528e-05
0 0.755146 1 0.0476706 0 3.51649e-05
0 0.988624 0.536 0.0151679 0.141333 3.53289e-05
0 0.985374 0.581333 0.0292524 0.322667 3.54288e-05
0 0.263543 0.916667 0.0471289 0.0946667 3.56189e-05
0 0.395991 0.907333 0.071506 0.161333 3.57609e-05
0 0.797942 0.457333 0.0411701 0.0773333 3.57617e-05
0 0.488624 0.329333 0.12026 0.226667 3.58979e-05
0 0.953955 1 0.0498375 0 3.60141e-05
0 0.342633 0.0613333 0.0839653 0.122667 3.60222e-05
0 0.633532 0.07 0.0308776 0.076 3.6083e-05
0 0.285482 0.974 0.0509209 0.0466667 3.60993e-05
0 0.767064 0.56 0.0888407 0.250667 3.61799e-05
0 0.505146 0.2 0.0449621 0.101333 3.62571e-05
0 0.217226 0.996667 0.0487541 0.00666667 3.63906e-05
0 0.835049 0.345333 0.131636 0.266667 3.64149e-05
0 0.812568 0.262 0.112676 0.198667 3.65138e-05
0 0.218581 0.024 0.114301 0.048 3.6751e-05
0 0.99377 0.376 0.0124594 0.272 3.677e-05
0 0.929036 0.504667 0.11701 0.233333 3.68044e-05
0 0.234832 0.504667 0.0417118 0.108 3.68628e-05
0 0.956121 0.880667 0.0823402 0.182667 3.68719e-05
0 0.732936 0.258667 0.0368364 0.101333 3.73271e-05
0 0.613218 0.141333 0.0606717 0.154667 3.74672e-05
0 0.931473 0.989333 0.0752979 0.0213333 3.76174e-05
0 0.271398 0.554 0.0422535 0.076 3.76389e-05
0 0.495125 0.906667 0.0487541 0.133333 3.76765e-05
0 0.58234 0.326 0.0606717 0.177333 3.76994e-05
0 0.82611 0.588667 0.160347 0.478667 3.77674e-05
0 0.18987 0.0633333 0.0872156 0.126667 3.78099e-05
0 0.732394 0.207333 0.0379198 0.0973333 3.78475e-05
0 0.6552 0.348 0.06013 0.141333 3.80111e-05
0 0.685265 0.340667 0.0747562 0.158667 3.80433e-05
0 0.764085 0.337333 0.052546 0.16 3.82216e-05
0 0.669827 0.62 0.0362947 0.130667 3.8245e-05
0 0.288732 0.275333 0.0866739 0.150667 3.83109e-05
0 0.569068 0.0253333 0.127302 0.0506667 3.84593e-05
0 0.18364 0.0846667 0.0650054 0.148 3.85064e-05
0 0.264085 0.987333 0.0568797 0.0253333 3.85582e-05
0 0.469122 0.0253333 0.124594 0.0506667 3.86492e-05
0 0.206663 0.048 0.0438787 0.0613333 3.86664e-05
0 0.989437 0.292667 0.0189599 0.145333 3.86718e-05
0 0.867822 0 0.056338 0 3.87048e-05
0 0.0400867 1 0.0541712 0 3.8721e-05
0 0.319339 0.0253333 0.118635 0.0506667 3.88027e-05
0 0.663055 0.276667 0.071506 0.150667 3.88144e-05
0 0.51273 0.197333 0.151138 0.394667 3.88392e-05
0 0.140303 0.840667 0.125677 0.292 3.89403e-05
0 0.713434 0.332 0.0660888 0.157333 3.90069e-05
0 0.483207 0.197333 0.0487541 0.106667 3.90235e-05
0 0.630823 0.295333 0.0752979 0.134667 3.92491e-05
0 0.563651 0.508667 0.0980498 0.281333 3.92528e-05
0 0.735374 0.326 0.0687974 0.268 3.92883e-05
0 0.268418 0.0246667 0.113218 0.0493333 3.9357e-05
0 0.453413 1 0.0465872 0 3.93589e-05
0 0.456121 0.945333 0.0476706 0.088 3.94696e-05
0 0.709642 0.26 0.0325027 0.0906667 3.94864e-05
0 0.00893824 0.0393333 0.0135428 0.0786667 3.95073e-05
0 0.25 0.918 0.0330444 0.110667 3.95358e-05
0 0.870531 0.518 0.0541712 0.102667 3.96665e-05
0 0.564735 0.759333 0.0893824 0.190667 3.97297e-05
0 0.922264 0.980667 0.0482123 0.0226667 3.97381e-05
0 0.484019 0.254667 0.0471289 0.112 3.9857e-05
0 0.245125 0.995333 0.0406284 0.00933333 3.98946e-05
0 0.112947 1 0.0568797 0 4.05202e-05
0 0.326923 1 0.0536295 0 4.05595e-05
0 0.61078 0.225333 0.067714 0.149333 4.08311e-05
0 0.83857 1 0.0530878 0 4.08362e-05
0 0.738353 0.406667 0.0704225 0.141333 4.09355e-05
0 0.94935 0.02 0.088299 0.04 4.11229e-05
0 0.387866 0.705333 0.105092 0.248 4.11266e-05
0 0.518689 0.0246667 0.126219 0.0493333 4.147e-05
0 0.0213976 0.0286667 0.0406284 0.0573333 4.15143e-05
0 0.919827 0.954667 0.110509 0.0906667 4.15361e-05
0 0.183099 0.757333 0.144095 0.389333 4.15842e-05
0 0.620802 0.07 0.035753 0.0786667 4.16736e-05
0 0.309317 0.769333 0.140845 0.376 4.16912e-05
0 0.212893 0.354667 0.0855905 0.149333 4.17073e-05
0 0.0381907 0.736 0.0763814 0.528 4.17168e-05
0 0.0747562 1 0.056338 0 4.18141e-05
0 0.39247 0.136667 0.0904659 0.257333 4.18629e-05
0 0.196641 0.988667 0.0736728 0.0226667 4.20995e-05
0 0.815276 0.896 0.16468 0.208 4.21696e-05
0 0.772752 0.496 0.039545 0.0586667 4.21729e-05
0 0.369989 0.780667 0.148429 0.401333 4.22013e-05
0 0.611322 0.940667 0.0482123 0.0893333 4.22594e-05
0 0.0178765 0.508 0.035753 0.136 4.24031e-05
0 0.431473 0.0986667 0.0406284 0.096 4.25586e-05
0 0.641658 0.148 0.0612134 0.152 4.29731e-05
0 0.749729 0.84 0.104009 0.32 4.32255e-05
0 0.329902 0.220667 0.0736728 0.14 4.33049e-05
0 0.543608 0.340667 0.102384 0.182667 4.33071e-05
0 0.306067 0.778667 0.099675 0.194667 4.33622e-05
0 0.361593 1 0.100217 0 4.34346e-05
0 0.417389 0.27 0.0742145 0.169333 4.36165e-05
0 0.394095 0.024 0.122969 0.048 4.37785e-05
0 0.182557 0.630667 0.0671723 0.157333 4.39731e-05
0 0.887053 0.406667 0.125135 0.213333 4.41633e-05
0 0.365655 0.0766667 0.0823402 0.134667 4.41716e-05
0 0.721831 0.0706667 0.0373781 0.0773333 4.44214e-05
0 0.134886 0.522667 0.0498375 0.141333 4.46503e-05
0 0.250542 0.788667 0.0427952 0.188 4.47071e-05
0 0.624323 0.7 0.0612134 0.133333 4.47227e-05
0 0.532774 0.752667 0.088299 0.276 4.47296e-05
0 0.523835 0.492 0.153846 0.466667 4.47314e-05
0 0.0178765 0.544 0.0195016 0.28 4.47665e-05
0 0.222914 0.514 0.0352113 0.0866667 4.4867e-05
0 0.540899 1 0.0482123 0 4.5003e-05
0 0.659263 0.07 0.0368364 0.0813333 4.5032e-05
0 0.216414 0.422667 0.137053 0.498667 4.51789e-05
0 0.991062 0.502 0.0124594 0.284 4.52348e-05
0 0.737812 0.484 0.0812568 0.112 4.53126e-05
0 0.206121 0.425333 0.0590466 0.106667 4.59198e-05
0 0.314464 0.568667 0.0666305 0.169333 4.61258e-05
0 0.989166 0.234667 0.0162514 0.136 4.61484e-05
0 0.95585 0.226667 0.088299 0.453333 4.61689e-05
0 0.90195 0 0.0541712 0 4.62963e-05
0 0.236457 0.403333 0.0362947 0.0733333 4.62979e-05
0 0.736186 0.334667 0.0487541 0.152 4.63204e-05
0 0.438787 0.157333 0.0736728 0.213333 4.6618e-05
0 0.686891 0.982667 0.114843 0.0346667 4.66641e-05
0 0.358613 0.0413333 0.0465872 0.0533333 4.68084e-05
0 0.0316901 0.0646667 0.0482123 0.102667 4.69258e-05
0 0.98429 0.461333 0.0314193 0.322667 4.71554e-05
0 0.907367 0.98 0.0465872 0.0346667 4.72437e-05
0 0.512188 0.512 0.100217 0.250667 4.72439e-05
0 0.652763 0.574667 0.0411701 0.0826667 4.72601e-05
0 0.248646 0.94 0.0866739 0.12 4.74736e-05
0 0.138949 1 0.0568797 0 4.75168e-05
0 0.982936 0.713333 0.0341278 0.4 4.76232e-05
0 0.382719 0.963333 0.0503792 0.0466667 4.76295e-05
0 0.133532 0.436 0.0904659 0.197333 4.7643e-05
0 0.191495 0.996 0.052546 0.008 4.76875e-05
0 0.880823 0.981333 0.0606717 0.0373333 4.78227e-05
0 0.836945 0.97 0.144095 0.06 4.78911e-05
0 0.671993 0.204 0.0330444 0.0773333 4.7999e-05
0 0.17091 0.463333 0.0536295 0.121333 4.83792e-05
0 0.157909 0.631333 0.0937161 0.278667 4.86351e-05
0 0.693662 0.185333 0.0254605 0.0826667 4.86507e-05
0 0.985374 0.332667 0.0292524 0.334667 4.87485e-05
0 0.222644 0.551333 0.0314193 0.0893333 4.88491e-05
0 0.782774 0.2 0.0465872 0.109333 4.89205e-05
0 0.14545 0.0493333 0.0460455 0.0666667 4.89981e-05
0 0.478873 1 0.0476706 0 4.90416e-05
0 0.0579632 0.254 0.115926 0.508 4.91099e-05
0 0.62974 0.976667 0.052546 0.0466667 4.93376e-05
0 0.53792 0.279333 0.0855905 0.142667 4.96026e-05
0 0.760293 0.218 0.0720477 0.166667 4.96209e-05
0 0.238624 0.286 0.0687974 0.161333 4.96442e-05
0 0.223456 0.671333 0.0297941 0.102667 4.96886e-05
0 0.259209 0.571333 0.0449621 0.0813333 4.97879e-05
0 0.764626 0.409333 0.0503792 0.128 4.98654e-05
0 0.568797 0.851333 0.138678 0.297333 5.00629e-05
0 0.356446 0.601333 0.0487541 0.106667 5.01101e-05
0 0.76273 0.155333 0.063922 0.18 5.04717e-05
0 0.844258 0.048 0.0514626 0.0586667 5.06129e-05
0 0.836945 0.0473333 0.0823402 0.0893333 5.08147e-05
0 0.0219393 0.0906667 0.0384615 0.109333 5.11159e-05
0 0.706663 0.207333 0.0352113 0.0813333 5.11667e-05
0 0.642199 0.217333 0.0666305 0.152 5.12237e-05
0 0.56013 0.894 0.0574215 0.137333 5.12637e-05
0 0.989437 0.842667 0.0211268 0.264 5.16008e-05
0 0.826923 0.252 0.18039 0.504 5.19341e-05
0 0.144366 0.608667 0.0492958 0.14 5.20326e-05
0 0.284128 0.0973333 0.0579632 0.149333 5.24814e-05
0 0.230769 0 0.0530878 0 5.26329e-05
0 0.591008 1 0.0520043 0 5.26758e-05
0 0.668202 0.926667 0.120802 0.146667 5.27802e-05
0 0.319339 0.595333 0.118635 0.401333 5.28864e-05
0 0.617281 0.522 0.113218 0.156 5.29412e-05
0 0.065818 0.0213333 0.120802 0.0426667 5.30147e-05
0 0.692308 0.024 0.134345 0.048 5.303e-05
0 0.902492 0.990667 0.0509209 0.0186667 5.31071e-05
0 0.210726 0.606 0.028169 0.084 5.31609e-05
0 0.0549837 0.086 0.0980498 0.161333 5.31941e-05
0 0.268689 0.977333 0.0682557 0.0453333 5.3235e-05
0 0.327194 0.466 0.0509209 0.105333 5.36121e-05
0 0.430119 0 0.0541712 0 5.36617e-05
0 0.140845 0.002 0.0552546 0.004 5.36666e-05
0 0.36701 0.792 0.102384 0.176 5.39285e-05
0 0.992958 0.287333 0.0140845 0.268 5.39292e-05
0 0.00839653 0.0633333 0.0167931 0.126667 5.39677e-05
0 0.720748 0.229333 0.0384615 0.0933333 5.4087e-05
0 0.482394 0.108667 0.0417118 0.102667 5.42105e-05
0 0.555525 0 0.0547129 0 5.4238e-05
0 0.307421 0.964 0.0557963 0.056 5.43637e-05
0 0.180119 0.000666667 0.0547129 0.00133333 5.46872e-05
0 0.960455 0.02 0.0790899 0.04 5.47587e-05
0 0.859426 0.2 0.161972 0.304 5.47739e-05
0 0.241874 0.872667 0.0471289 0.254667 5.4858e-05
0 0.653846 0.399333 0.0780065 0.177333 5.5351e-05
0 0.46533 0.535333 0.162514 0.46 5.54359e-05
0 0.809317 0.992667 0.0628386 0.0146667 5.55166e-05
0 0.663597 0.160667 0.0530878 0.153333 5.5695e-05
0 0.747021 0.103333 0.0411701 0.0786667 5.57293e-05
0 0.0503792 1 0.0552546 0 5.60089e-05
0 0.310943 0.092 0.0747562 0.146667 5.64083e-05
0 0.337486 0.084 0.0790899 0.141333 5.64844e-05
0 0.582069 0.259333 0.0254605 0.0653333 5.67056e-05
0 0.704225 0.518667 0.0780065 0.141333 5.70257e-05
0 0.85428 0.014 0.0520043 0.028 5.71875e-05
0 0.49377 0.224 0.0471289 0.112 5.7487e-05
0 0.792524 0.337333 0.084507 0.162667 5.75587e-05
0 0.590466 0.986667 0.12026 0.0266667 5.78476e-05
0 0.880823 0.991333 0.0422535 0.0173333 5.81933e-05
0 0.413597 0.985333 0.113218 0.0293333 5.8418e-05
0 0.268418 0 0.052546 0 5.87435e-05
0 0.864572 0 0.0552546 0 5.90923e-05
0 0.561484 0.863333 0.0893824 0.142667 5.92885e-05
0 0.0419827 0.00533333 0.0547129 0.0106667 5.93046e-05
0 0.71506 0.968 0.0985916 0.064 5.97047e-05
0 0.45558 0.074 0.0346696 0.0813333 5.99686e-05
0 0.566089 1 0.0509209 0 6.0066e-05
0 0.470748 0.281333 0.157096 0.562667 6.01897e-05
0 0.278711 0.161333 0.0720477 0.133333 6.03601e-05
0 0.769772 0.56 0.0780065 0.125333 6.04998e-05
0 0.742416 0.528667 0.0839653 0.105333 6.0681e-05
0 0.213705 0.096 0.0872156 0.141333 6.10021e-05
0 0.532232 0.136667 0.0373781 0.0973333 6.11973e-05
0 0.536566 0.0446667 0.0655471 0.0786667 6.12315e-05
0 0.902221 1 0.052546 0 6.12711e-05
0 0.579902 0 0.0547129 0 6.14941e-05
0 0.74675 0.074 0.0427952 0.068 6.16955e-05
0 0.51273 1 0.0796316 0 6.18926e-05
0 0.223456 0.481333 0.0406284 0.0906667 6.19429e-05
0 0.480228 0.971333 0.0482123 0.0413333 6.19434e-05
0 0.54117 0.0626667 0.0790899 0.125333 6.19612e-05
0 0.678223 1 0.0574215 0 6.21874e-05
0 0.107801 0.488 0.102925 0.221333 6.2522e-05
0 0.966414 0.589333 0.0671723 0.216 6.27738e-05
0 0.510834 0.764667 0.0975081 0.177333 6.28541e-05
0 0.0208559 0.0753333 0.0417118 0.150667 6.33605e-05
0 0.892741 0.519333 0.0541712 0.102667 6.34476e-05
0 0.169285 0.0253333 0.0612134 0.0506667 6.37426e-05
0 0.154388 0.574 0.0552546 0.150667 6.37432e-05
0 0.46506 0.155333 0.0839653 0.244 6.39958e-05
0 0.359155 0.517333 0.0953413 0.154667 6.42765e-05
0 0.0181473 0.982667 0.0362947 0.0346667 6.47613e-05
0 0.15818 0.426667 0.128927 0.301333 6.48059e-05
0 0.355092 0 0.0536295 0 6.48285e-05
0 0.304984 0 0.0530878 0 6.48641e-05
0 0.575027 1 0.0817985 0 6.48865e-05
0 0.235374 0.647333 0.0406284 0.0653333 6.50868e-05
0 0.383261 0.951333 0.100217 0.0973333 6.51061e-05
0 0.243229 0.612667 0.0487541 0.0786667 6.517e-05
0 0.453142 0.860667 0.0666305 0.158667 6.57066e-05
0 0.843716 0 0.0568797 0 6.58168e-05
0 0.196641 0.488 0.0509209 0.117333 6.59905e-05
0 0.876761 0.516 0.182557 0.488 6.60257e-05
0 0.508397 0.264667 0.0926327 0.153333 6.61534e-05
0 0.392199 0 0.0552546 0 6.62176e-05
0 0.971018 0.957333 0.0579632 0.072 6.65872e-05
0 0.488082 0.989333 0.0910076 0.0213333 6.66294e-05
0 0.623781 0.412667 0.088299 0.164 6.72564e-05
0 0.323944 0.5 0.0660888 0.144 6.7583e-05
0 0.687161 0.21 0.0547129 0.217333 6.7627e-05
0 0.83857 0.418667 0.115926 0.149333 6.7649e-05
0 0.838299 0.488 0.131636 0.186667 6.77358e-05
0 0.0287107 0.956 0.0574215 0.088 6.7937e-05
0 0.620802 0.577333 0.12026 0.138667 6.80178e-05
0 0.681203 0.0406667 0.0568797 0.0706667 6.82162e-05
0 0.71208 0.166 0.0547129 0.156 6.82216e-05
0 0.502709 1 0.0487541 0 6.83201e-05
0 0.611051 0.0846667 0.0606717 0.169333 6.84625e-05
0 0.970477 0.016 0.0482123 0.032 6.87486e-05
0 0.821235 0.491333 0.0487541 0.076 6.88617e-05
0 0.316631 0.990667 0.0557963 0.0186667 6.91327e-05
0 0.989166 0.171333 0.0162514 0.145333 6.95971e-05
0 0.466143 0.257333 0.0926327 0.189333 7.04676e-05
0 0.981853 0.949333 0.0362947 0.101333 7.05315e-05
0 0.238082 0.108 0.0622969 0.144 7.05543e-05
0 0.642741 0.628667 0.0807151 0.166667 7.08324e-05
0 0.467768 0.636 0.052546 0.104 7.11783e-05
0 0.383803 0.0433333 0.0449621 0.0573333 7.11915e-05
0 0.366197 0.631333 0.0910076 0.164 7.12508e-05
0 0.591008 0.0606667 0.0790899 0.121333 7.12661e-05
0 0.436078 0.0886667 0.0660888 0.177333 7.14002e-05
0 0.489437 0.458667 0.114301 0.24 7.14131e-05
0 0.846425 0.485333 0.0839653 0.088 7.1595e-05
0 0.605092 0 0.0541712 0 7.18528e-05
0 0.0146262 0.1 0.028169 0.181333 7.19802e-05
0 0.0135428 0.888 0.0238353 0.202667 7.19809e-05
0 0.0609426 0.461333 0.121885 0.258667 7.26798e-05
0 0.0674431 0.993333 0.0763814 0.0133333 7.27136e-05
0 0.371614 0.568667 0.0520043 0.0893333 7.30156e-05
0 0.248104 0.517333 0.0444204 0.0746667 7.30667e-05
0 0.517606 0 0.0547129 0 7.31338e-05
0 0.462351 0.0626667 0.0807151 0.125333 7.33184e-05
0 0.833965 0.520667 0.0872156 0.105333 7.42165e-05
0 0.222373 0.429333 0.0482123 0.0826667 7.4229e-05
0 0.415222 0.202 0.0861322 0.230667 7.42487e-05
0 0.816901 1 0.0509209 0 7.45128e-05
0 0.231853 0.016 0.0455038 0.032 7.45311e-05
0 0.813109 0.406 0.101842 0.228 7.47304e-05
0 0.222373 0.862 0.052546 0.276 7.48481e-05
0 0.814464 0.833333 0.230228 0.333333 7.49851e-05
0 0.739437 0.158667 0.0606717 0.173333 7.51014e-05
0 0.134345 0.434 0.0530878 0.14 7.51963e-05
0 0.669285 0.541333 0.0947996 0.298667 7.54935e-05
0 0.25 1 0.0742145 0 7.56458e-05
0 0.735645 0.223333 0.0585049 0.153333 7.56598e-05
0 0.165493 1 0.0557963 0 7.57733e-05
0 0.683099 0.512667 0.0314193 0.0573333 7.58427e-05
0 0.628927 0.852667 0.130011 0.294667 7.58878e-05
0 0.304442 1 0.0530878 0 7.68598e-05
0 0.460184 0.55 0.112134 0.18 7.69898e-05
0 0.653575 1 0.0590466 0 7.70041e-05
0 0.124594 0.00666667 0.0899242 0.0133333 7.75552e-05
0 0.0111051 0.0186667 0.0222102 0.0373333 7.75595e-05
0 0.985374 0.207333 0.0292524 0.316 7.77055e-05
0 0.628657 0.998 0.0557963 0.004 7.84624e-05
0 0.242416 1 0.0460455 0 7.87997e-05
0 0.540628 0.986 0.106176 0.028 7.91591e-05
0 0.940683 0 0.0547129 0 7.95723e-05
0 0.339112 0.942 0.0541712 0.0733333 7.96878e-05
0 0.464518 0.94 0.0872156 0.12 7.96889e-05
0 0.480228 0 0.0547129 0 7.97072e-05
0 0.819068 0.046 0.0509209 0.06 8.12079e-05
0 0.252167 0.468667 0.0785482 0.193333 8.15657e-05
0 0.989707 0.0206667 0.020585 0.0413333 8.18573e-05
0 0.0121885 0.934 0.0135428 0.132 8.29807e-05
0 0.112134 0.768667 0.221018 0.454667 8.32388e-05
0 0.612676 0.342667 0.0314193 0.0693333 8.32808e-05
0 0.819339 0.452 0.361322 0.904 8.34347e-05
0 0.954767 0.488 0.0904659 0.536 8.34428e-05
0 0.216956 0.588 0.0536295 0.24 8.36629e-05
0 0.787649 0.210667 0.0931744 0.232 8.37982e-05
0 0.260834 0.11 0.0579632 0.153333 8.42062e-05
0 0.410347 0.801333 0.0904659 0.0853333 8.42946e-05
0 0.643012 0 0.0541712 0 8.44267e-05
0 0.779523 0.104 0.0390032 0.08 8.44871e-05
0 0.967226 0.723333 0.0655471 0.262667 8.47651e-05
0 0.304984 0.994 0.0541712 0.012 8.48227e-05
0 0.396262 0.0773333 0.0807151 0.125333 8.4838e-05
0 0.245666 0.162667 0.0720477 0.122667 8.51402e-05
0 0.967497 0.986 0.0509209 0.028 8.5208e-05
0 0.697996 0.597333 0.0720477 0.146667 8.54686e-05
0 0.301463 0.416 0.100217 0.114667 8.63494e-05
0 0.0178765 0.233333 0.035753 0.341333 8.64406e-05
0 0.582882 0.0446667 0.0465872 0.06 8.69464e-05
0 0.840466 0 0.0557963 0 8.69653e-05
0 0.0254605 0.66 0.0509209 0.405333 8.7047e-05
0 0.418202 0.634 0.0704225 0.124 8.74021e-05
0 0.0200433 0.998667 0.0400867 0.00266667 8.80176e-05
0 0.797942 0.494667 0.0455038 0.064 8.82209e-05
0 0.983478 0.884667 0.0330444 0.230667 8.83914e-05
0 0.780336 0 0.0568797 0 8.84399e-05
0 0.787649 0.0613333 0.0812568 0.122667 8.85087e-05
0 0.676869 0.886 0.0384615 0.153333 8.86977e-05
0 0.309047 0.232 0.0308776 0.064 8.8773e-05
0 0.221831 0.635333 0.0211268 0.084 8.87733e-05
0 0.405471 0.594 0.0536295 0.0813333 8.88095e-05
0 0.00622969 0.174667 0.0124594 0.146667 8.8881e-05
0 0.286566 0.004 0.0682557 0.008 8.95841e-05
0 0.963434 0.93 0.0731311 0.14 9.0248e-05
0 0.992145 0.165333 0.0157096 0.232 9.03146e-05
0 0.663597 0.0586667 0.0747562 0.117333 9.04189e-05
0 0.967768 0.337333 0.0612134 0.28 9.05803e-05
0 0.956392 0.736 0.0872156 0.490667 9.0783e-05
0 0.606717 0.315333 0.056338 0.108 9.16978e-05
0 0.811213 0.1 0.0774648 0.154667 9.21107e-05
0 0.347779 0.468 0.0552546 0.144 9.24612e-05
0 0.160888 0.00666667 0.0801734 0.0133333 9.31703e-05
0 0.169285 0.0513333 0.0460455 0.0626667 9.32907e-05
0 0.538191 0.448667 0.103467 0.249333 9.37561e-05
0 0.556067 0.969333 0.0460455 0.0453333 9.41633e-05
0 0.897887 0.02 0.0991333 0.04 9.43515e-05
0 0.829902 0.0133333 0.0509209 0.0266667 9.44032e-05
0 0.00650054 0.987333 0.0130011 0.0253333 9.459e-05
0 0.791983 0.410667 0.0585049 0.138667 9.46477e-05
0 0.884615 0.002 0.0769231 0.004 9.48547e-05
0 0.418472 0.0653333 0.0817985 0.130667 9.50998e-05
0 0.923619 0.966667 0.0704225 0.0533333 9.54399e-05
0 0.495666 0.649333 0.0509209 0.0986667 9.54458e-05
0 0.816901 0 0.056338 0 9.56357e-05
0 0.574756 0.274667 0.0325027 0.0853333 9.5663e-05
0 0.828819 0.995333 0.0541712 0.00933333 9.59232e-05
0 0.0143554 0.999333 0.0232936 0.00133333 9.61921e-05
0 0.00704225 0.291333 0.0140845 0.156 9.63037e-05
0 0.442037 0.588667 0.0509209 0.092 9.63268e-05
0 0.024377 0.884 0.0455038 0.232 9.70687e-05
0 0.190683 1 0.0541712 0 9.72613e-05
0 0.463976 0.983333 0.0904659 0.0333333 9.8614e-05
0 0.749458 0.608 0.501083 0.784 9.88956e-05
0 0.143283 0.02 0.0482123 0.04 9.92665e-05
0 0.585049 0.264667 0.0130011 0.044 9.93284e-05
0 0.625677 1 0.0834236 0 9.95071e-05
0 0.0839653 0.511333 0.167931 0.564 9.95141e-05
0 0.166847 0.992667 0.149512 0.0146667 9.97027e-05
0 0.462351 0.0906667 0.0731311 0.133333 9.97207e-05
0 0.588028 0.693333 0.0828819 0.128 0.000100067
0 0.96831 0.464 0.0633803 0.216 0.000100225
0 0.971018 0.910667 0.0579632 0.136 0.000100803
0 0.247291 0.548667 0.0471289 0.076 0.000101045
0 0.23429 0.529333 0.0666305 0.213333 0.000101314
0 0.265439 0.874667 0.0747562 0.178667 0.000101557
0 0.209913 0.018 0.0742145 0.036 0.000102077
0 0.557963 0.946 0.0455038 0.0946667 0.000102912
0 0.742416 0 0.0568797 0 0.000103295
0 0.742958 0.957333 0.0644637 0.08 0.000103605
0 0.283315 0.0426667 0.0400867 0.0586667 0.000103799
0 0.739707 0.0633333 0.0785482 0.126667 0.000104025
0 0.422535 0.852 0.160347 0.296 0.000104398
0 0.283315 0.523333 0.0877573 0.137333 0.000104437
0 0.88922 0.568 0.119718 0.226667 0.000105145
0 0.69312 0 0.0547129 0 0.000105684
0 0.561484 0.012 0.0720477 0.024 0.000105723
0 0.43987 0.694 0.104009 0.246667 0.000106124
0 0.272752 0.724667 0.102384 0.169333 0.000106526
0 0.968039 0.996 0.0606717 0.008 0.000108023
0 0.883261 0.490667 0.088299 0.101333 0.000108221
0 0.31636 0.428667 0.0487541 0.1 0.000108648
0 0.861051 0.0226667 0.0937161 0.0453333 0.000108925
0 0.235645 0.887333 0.0379198 0.14 0.000109406
0 0.0289816 0.148 0.0568797 0.296 0.000110322
0 0.34182 0.571333 0.0725894 0.166667 0.000110681
0 0.257042 0.0146667 0.0471289 0.0293333 0.000110799
0 0.668472 0.214 0.0465872 0.132 0.000110892
0 0.140845 0.0213333 0.0964247 0.0426667 0.000111349
0 0.562297 0.954667 0.099675 0.0906667 0.000112069
0 0.967768 0 0.0536295 0 0.000112455
0 0.324485 1 0.0942579 0 0.000113368
0 0.419014 0.778 0.111051 0.172 0.00011348
0 0.00731311 0.924 0.0146262 0.152 0.00011419
0 0.112947 0 0.0557963 0 0.000114238
0 0.97156 0.143333 0.0568797 0.252 0.000115034
0 0.667389 0 0.0552546 0 0.000115195
0 0.564464 0 0.056338 0 0.00011552
0 0.271127 0.0213333 0.0568797 0.0426667 0.000115755
0 0.249187 0.00333333 0.0736728 0.00666667 0.000115866
0 0.11701 0.018 0.0953413 0.036 0.00011587
0 0.86403 0.994667 0.0335861 0.0106667 0.000116211
0 0.258397 0.460667 0.0400867 0.06 0.000116343
0 0.209642 0.423333 0.0975081 0.230667 0.00011646
0 0.587757 0.078 0.0628386 0.124 0.000116539
0 0.539274 0 0.0557963 0 0.000116935
0 0.677411 0.616667 0.0622969 0.174667 0.000117176
0 0.987541 0.00933333 0.0184182 0.0186667 0.000117543
0 0.088299 0.996667 0.147346 0.00666667 0.000118083
0 0.684995 0.0846667 0.0579632 0.126667 0.0001185
0 0.335049 0.618 0.670098 0.764 0.000119309
0 0.223456 0.434667 0.446912 0.869333 0.00011994
0 0.44935 0.004 0.0720477 0.008 0.000119992
0 0.713976 0.0813333 0.0595883 0.122667 0.000120167
0 0.439328 0 0.0552546 0 0.000121926
0 0.158451 0.492 0.052546 0.141333 0.000122026
0 0.58857 0.918 0.111051 0.126667 0.000122683
0 0.0159805 0.0526667 0.031961 0.105333 0.000123498
0 0.293879 0.483333 0.106717 0.313333 0.000123893
0 0.637053 0.0726667 0.0541712 0.110667 0.000124626
0 0.497562 0.688667 0.052546 0.102667 0.000124728
0 0.392199 0.942 0.0487541 0.105333 0.000124822
0 0.616739 0.5 0.738353 1 0.00012656
0 0.503521 0.852 0.0514626 0.114667 0.000126848
0 0.476977 0.751333 0.141387 0.361333 0.000128216
0 0.524919 0.955333 0.028169 0.0813333 0.000129043
0 0.150867 0.420667 0.301733 0.841333 0.000129459
0 0.292795 0.982 0.100217 0.036 0.000129971
0 0.514355 0 0.0557963 0 0.000130221
0 0.559317 0.0733333 0.0655471 0.122667 0.000130432
0 0.691224 0.506667 0.0227519 0.0453333 0.000131171
0 0.765439 0.498667 0.056338 0.0933333 0.000133766
0 0.198267 0.00466667 0.0769231 0.00933333 0.000134294
0 0.589382 0 0.0552546 0 0.000134447
0 0.41468 0 0.0557963 0 0.000134473
0 0.520585 0.0433333 0.0455038 0.0573333 0.000135009
0 0.78467 0.0466667 0.0709642 0.0853333 0.000135347
0 0.485645 0.837333 0.0980498 0.125333 0.00013614
0 0.269502 1 0.0492958 0 0.000136822
0 0.323402 0.004 0.0725894 0.008 0.000137164
0 0.141658 0.528 0.116468 0.309333 0.000137804
0 0.443391 0.0706667 0.0362947 0.0773333 0.000138012
0 0.615114 0 0.0557963 0 0.000138104
0 0.971289 0.832 0.056338 0.325333 0.000140517
0 0.150867 0 0.0557963 0 0.000140828
0 0.466143 0.800667 0.0969664 0.121333 0.000140907
0 0.716956 0 0.0557963 0 0.000140947
0 0.26273 0.193333 0.0368364 0.0693333 0.000141319
0 0.696641 0.0426667 0.0444204 0.056 0.000141806
0 0.768689 0.014 0.0520043 0.028 0.000141852
0 0.464518 0 0.0557963 0 0.000142392
0 0.180932 0.427333 0.0801734 0.148 0.000143194
0 0.0189599 0.360667 0.0379198 0.34 0.000143217
0 0.238895 0.02 0.0725894 0.04 0.000143606
0 0.636782 0.995333 0.0893824 0.00933333 0.000144727
0 0.138678 1 0.099675 0 0.000144756
0 0.180932 0.0186667 0.0520043 0.0373333 0.00014567
0 0.574485 0.006 0.0720477 0.012 0.0001458
0 0.289816 0 0.0552546 0 0.000145952
0 0.536566 0.00533333 0.0720477 0.0106667 0.00014613
0 0.422264 0.0706667 0.0438787 0.0666667 0.000147182
0 0.456934 0.968667 0.0503792 0.0386667 0.00014729
0 0.327736 0.961333 0.056338 0.0506667 0.0001476
0 0.813922 0 0.0557963 0 0.000147858
0 0.0322319 0.482667 0.0644637 0.36 0.000148153
0 0.786295 0.992667 0.0352113 0.0146667 0.000148539
0 0.41468 0.561333 0.127302 0.301333 0.000149258
0 0.789545 0 0.0568797 0 0.000149636
0 0.167389 0.02 0.0866739 0.04 0.000150026
0 0.00785482 0.09 0.0124594 0.134667 0.000150501
0 0.0877573 0 0.0552546 0 0.000150909
0 0.21208 1 0.0872156 0 0.000151637
0 0.00893824 0.143333 0.0178765 0.198667 0.000151759
0 0.81013 0.535333 0.114301 0.188 0.000151911
0 0.467226 0.374667 0.632178 0.749333 0.000152738
0 0.314735 0 0.0552546 0 0.000152794
0 0.254875 0.586667 0.0796316 0.144 0.000153509
0 0.510293 0.102 0.071506 0.145333 0.000153882
0 0.534128 0.0926667 0.0617551 0.145333 0.000154039
0 0.688516 0.214667 0.0400867 0.117333 0.000154071
0 0.246479 0.48 0.0422535 0.072 0.000154141
0 0.793337 0.0133333 0.052546 0.0266667 0.000154894
0 0.2026 0.676667 0.4052 0.646667 0.000155178
0 0.489437 0 0.0557963 0 0.000155664
0 0.661159 0.076 0.0568797 0.117333 0.000157066
0 0.350758 0.878 0.163055 0.244 0.000157511
0 0.411701 0.00466667 0.0736728 0.00933333 0.000158485
0 0.807963 0.522 0.0514626 0.084 0.000158712
0 0.00785482 0.385333 0.0157096 0.154667 0.000158968
0 0.577194 0.276667 0.0146262 0.0466667 0.000159877
0 0.183911 0.574 0.0839653 0.169333 0.000160209
0 0.331528 0.0133333 0.0509209 0.0266667 0.000161572
0 0.868635 0.0306667 0.102384 0.0613333 0.000161586
0 0.456934 0.803333 0.0503792 0.0786667 0.000162313
0 0.980228 1 0.0384615 0 0.000163004
0 0.485645 0.211333 0.0904659 0.212 0.000163693
0 0.264897 0 0.0552546 0 0.000163754
0 0.846696 0.00133333 0.0758397 0.00266667 0.000164262
0 0.00758397 0.628667 0.0151679 0.156 0.000164346
0 0.293337 0.02 0.052546 0.04 0.000165344
0 0.00975081 1 0.0195016 0 0.000165681
0 0.708559 0.224 0.0509209 0.130667 0.000165735
0 0.583965 0.00533333 0.071506 0.0106667 0.000167658
0 0.374052 0.004 0.0731311 0.008 0.00016771
0 0.982936 0.949333 0.0297941 0.101333 0.000168521
0 0.482936 0.0446667 0.0482123 0.06 0.000168792
0 0.339382 0 0.0557963 0 0.000170314
0 0.176327 1 0.0969664 0 0.000171677
0 0.621073 0.919333 0.0828819 0.161333 0.000171735
0 0.041441 0.992667 0.0828819 0.0146667 0.000173946
0 0.613218 0.697333 0.0303359 0.0506667 0.000175064
0 0.389491 0 0.056338 0 0.000175427
0 0.333965 0.00466667 0.0720477 0.00933333 0.000175802
0 0.408722 0.0486667 0.0482123 0.0573333 0.000176001
0 0.246479 0.680667 0.0509209 0.110667 0.000176198
0 0.50325 0.86 0.121343 0.28 0.000176966
0 0.796045 0.984667 0.0308776 0.0253333 0.000177053
0 0.764355 0 0.056338 0 0.000177356
0 0.644908 0.99 0.141387 0.02 0.000178026
0 0.819881 0.0433333 0.0893824 0.0866667 0.000178164
0 0.611593 0.00466667 0.071506 0.00933333 0.000179351
0 0.55688 0.655333 0.0509209 0.076 0.000180113
0 0.639762 0 0.0552546 0 0.000180964
0 0.216685 0.012 0.0823402 0.024 0.000182064
0 0.485915 0.106667 0.0671723 0.162667 0.000182326
0 0.633532 0.048 0.0406284 0.0613333 0.000183682
0 0.544691 0.018 0.0482123 0.036 0.000183972
0 0.810943 0.568667 0.0736728 0.153333 0.00018483
0 0.0067714 0.910667 0.0102925 0.149333 0.000185227
0 0.521398 0.00533333 0.0720477 0.0106667 0.000185309
0 0.45883 0.00533333 0.0725894 0.0106667 0.000185666
0 0.780607 0.1 0.063922 0.130667 0.00018614
0 0.406555 0.0166667 0.0503792 0.0333333 0.0001863
0 0.364301 0 0.0557963 0 0.000187573
0 0.959642 0.000666667 0.0633803 0.00133333 0.000187791
0 0.18987 0 0.0557963 0 0.000189833
0 0.537649 0.637333 0.0807151 0.133333 0.000191459
0 0.0184182 0.790667 0.0368364 0.389333 0.000191492
0 0.0509209 0 0.056338 0 0.000192538
0 0.531419 0.948 0.0530878 0.0986667 0.000193858
0 0.631365 0.016 0.0482123 0.032 0.000195435
0 0.810672 0.02 0.0850488 0.04 0.000195772
0 0.0289816 1 0.0536295 0 0.000196449
0 0.68987 0 0.0568797 0 0.000196804
0 0.727248 0 0.0568797 0 0.000197248
0 0.979144 0 0.0417118 0 0.000202009
0 0.338299 0.975333 0.117551 0.0493333 0.000202591
0 0.356988 0.964 0.11701 0.056 0.000205519
0 0.305525 0.0133333 0.0498375 0.0266667 0.000205899
0 0.0135428 0.771333 0.0216685 0.281333 0.000207868
0 0.214789 0 0.0557963 0 0.000208285
0 0.618093 0.0153333 0.0888407 0.0306667 0.000211882
0 0.979957 0.971333 0.0400867 0.0573333 0.000211997
0 0.255688 0.533333 0.0790899 0.130667 0.000212047
0 0.395991 0.00466667 0.0736728 0.00933333 0.00021341
0 0.736186 0.0433333 0.0736728 0.0786667 0.000213598
0 0.486728 0.00466667 0.0742145 0.00933333 0.000214036
0 0.00731311 0.565333 0.0146262 0.157333 0.000215663
0 0.416847 0.572667 0.052546 0.0813333 0.000215987
0 0.239978 0 0.0552546 0 0.000216359
0 0.918472 0.0113333 0.103467 0.0226667 0.000217546
0 0.230228 0.595333 0.0444204 0.124 0.000218471
0 0.22156 0.610667 0.0270856 0.0853333 0.000218622
0 0.812297 0.498 0.0774648 0.108 0.000218881
0 0.28792 1 0.0817985 0 0.000219641
0 0.870802 0.983333 0.0341278 0.0253333 0.000220213
0 0.685536 0.205333 0.0297941 0.0693333 0.000221252
0 0.45585 0.0466667 0.0438787 0.0613333 0.000222843
0 0.469664 0.695333 0.106176 0.174667 0.000224615
0 0.332611 0.487333 0.0736728 0.302667 0.000225277
0 0.493229 0.0153333 0.0893824 0.0306667 0.000227371
0 0.66468 0 0.056338 0 0.000228184
0 0.0116468 0.632 0.0232936 0.264 0.000228343
0 0.356446 0.014 0.0498375 0.028 0.000228384
0 0.188787 0.022 0.0904659 0.044 0.000230346
0 0.266251 0.016 0.0774648 0.032 0.000230616
0 0.982123 0.982 0.035753 0.036 0.000230749
0 0.368093 0.0153333 0.0861322 0.0306667 0.000231168
0 0.0874865 1 0.100217 0 0.000231839
0 0.99052 0.916 0.0189599 0.122667 0.000233721
0 0.208017 0.520667 0.056338 0.148 0.000235723
0 0.988895 1 0.0211268 0 0.000237295
0 0.0105634 0.863333 0.0102925 0.244 0.000238075
0 0.918743 0.978667 0.106176 0.0426667 0.000238285
0 0.27221 0.994 0.0492958 0.012 0.000239892
0 0.312568 0.016 0.0704225 0.032 0.000241754
0 0.819881 0.00333333 0.0752979 0.00666667 0.000243029
0 0.00839653 0.446 0.0167931 0.156 0.00024756
0 0.608884 0.0453333 0.0487541 0.0613333 0.000249858
0 0.00731311 0.726 0.0146262 0.284 0.000252738
0 0.795233 0.992 0.0238353 0.0133333 0.000253049
0 0.360238 0.897333 0.107259 0.202667 0.000253378
0 0.628386 0.942667 0.0541712 0.104 0.000257703
0 0.139762 0.00133333 0.125677 0.00266667 0.000262052
0 0.635428 0.95 0.108342 0.1 0.000263466
0 0.579902 0.266667 0.0113759 0.0346667 0.00026411
0 0.558234 0.0446667 0.0471289 0.06 0.000267063
0 0.718852 0.016 0.0953413 0.032 0.000269902
0 0.837486 1 0.0866739 0 0.000270339
0 0.91143 1 0.088299 0 0.000271479
0 0.953142 0.978 0.0492958 0.0226667 0.000271578
0 0.941495 0.014 0.099675 0.028 0.000274109
0 0.523564 0.656667 0.134886 0.292 0.000277361
0 0.969122 0.0213333 0.0617551 0.0426667 0.000277628
0 0.636241 0.00266667 0.0774648 0.00533333 0.00027803
0 0.761918 0.004 0.0698808 0.008 0.000278884
0 0.977519 0.0853333 0.0449621 0.16 0.000281998
0 0.743229 0.0133333 0.0541712 0.0266667 0.000283012
0 0.762459 0.0853333 0.06013 0.0986667 0.000283803
0 0.274919 0.876 0.0547129 0.0666667 0.000285936
0 0.985915 0.0493333 0.028169 0.0986667 0.000287423
0 0.986999 0.102667 0.0260022 0.205333 0.000289468
0 0.721018 0.0426667 0.0487541 0.056 0.000291029
0 0.0092091 0.325333 0.0162514 0.250667 0.000291943
0 0.741603 0.0833333 0.0650054 0.116 0.000293888
0 0.712622 0.004 0.0709642 0.008 0.000293985
0 0.592633 0.463333 0.0400867 0.121333 0.000294648
0 0.234832 0.458 0.0536295 0.110667 0.000296866
0 0.890845 0.0113333 0.107801 0.0226667 0.000302457
0 0.387053 0.584667 0.088299 0.148 0.000304266
0 0.418472 0.0713333 0.0666305 0.1 0.000304593
0 0.988353 0.98 0.0178765 0.04 0.000305935
0 0.7974 0.992 0.0314193 0.016 0.00030732
0 0.770856 0.004 0.0747562 0.008 0.000311039
0 0.695016 0.0133333 0.0498375 0.0266667 0.000313046
0 0.00893824 0.236667 0.0178765 0.201333 0.000317215
0 0.695829 0.004 0.0731311 0.008 0.000319015
0 0.985374 0.0253333 0.0270856 0.0506667 0.000320181
0 0.282774 0.0173333 0.0433369 0.0346667 0.000320943
0 0.372969 0.02 0.0720477 0.04 0.000324965
0 0.0985916 0.00333333 0.104009 0.00666667 0.000327479
0 0.658722 0.0473333 0.0465872 0.0626667 0.000328698
0 0.769502 0.0773333 0.0384615 0.0613333 0.00032918
0 0.539274 0.0273333 0.0720477 0.0546667 0.000330365
0 0.770043 0.0526667 0.0471289 0.0626667 0.000332715
0 0.868635 0.530667 0.115385 0.136 0.000334612
0 0.539545 0.914667 0.0834236 0.144 0.000337299
0 0.0186891 0.544 0.0373781 0.325333 0.000337528
0 0.868906 0.989333 0.0270856 0.0133333 0.000338219
0 0.46506 0.734 0.486999 0.532 0.000339471
0 0.160888 0.508 0.19935 0.490667 0.000343345
0 0.68662 0.5 0.626761 1 0.000343634
0 0.00812568 0.506667 0.0162514 0.157333 0.000343994
0 0.244041 0.453333 0.0352113 0.072 0.000344168
0 0.189599 0.000666667 0.111593 0.00133333 0.000345914
0 0.340737 0.0126667 0.0855905 0.0253333 0.00035593
0 0.674702 1 0.0991333 0 0.000357332
0 0.289545 0 0.108884 0 0.000367696
0 0.656555 0.0166667 0.0509209 0.0333333 0.000369872
0 0.186078 0.476667 0.100217 0.169333 0.000370375
0 0.0354821 0.028 0.0698808 0.056 0.000370544
0 0.606717 0.0153333 0.0520043 0.0306667 0.00037198
0 0.323131 0.988667 0.105634 0.0226667 0.000375962
0 0.799837 0.004 0.0709642 0.008 0.000376368
0 0.68662 0.837333 0.0915493 0.304 0.000378093
0 0.0111051 0.678667 0.0135428 0.274667 0.00037923
0 0.444475 0.018 0.0492958 0.036 0.000382506
0 0.911159 0.98 0.0953413 0.04 0.000385329
0 0.227248 0.725333 0.0362947 0.226667 0.000385786
0 0.475352 0.752667 0.1013 0.161333 0.000386653
0 0.481582 0.0146667 0.0509209 0.0293333 0.000387126
0 0.485374 0.0206667 0.0758397 0.0413333 0.000388004
0 0.318256 0.946 0.0568797 0.068 0.000392486
0 0.850488 0.00733333 0.0747562 0.0146667 0.000397701
0 0.0130011 0.470667 0.0260022 0.24 0.000398263
0 0.567985 0.0173333 0.0503792 0.0346667 0.000405202
0 0.0067714 0.851333 0.0135428 0.26 0.000406219
0 0.589112 0.0253333 0.0742145 0.0506667 0.000406227
0 0.638949 0.0266667 0.067714 0.0533333 0.000411385
0 0.836403 0.993333 0.0975081 0.0133333 0.000412722
0 0.438245 0 0.12026 0 0.000412829
0 0.435536 0.599333 0.115926 0.161333 0.000419281
0 0.339653 0 0.11701 0 0.000422327
0 0.15195 0.529333 0.0774648 0.192 0.000431788
0 0.392741 0.0186667 0.0888407 0.0373333 0.00043345
0 0.239978 0 0.108342 0 0.000438952
0 0.53792 0 0.126761 0 0.000441304
0 0.673348 0.004 0.0790899 0.008 0.000448434
0 0.911701 0.00133333 0.092091 0.00266667 0.000454473
0 0.587486 0 0.127302 0 0.000462114
0 0.963164 0 0.0552546 0 0.000462868
0 0.771398 0.525333 0.0455038 0.064 0.000464598
0 0.513814 0.02 0.0850488 0.04 0.000467706
0 0.989978 0.108 0.0157096 0.144 0.000467988
0 0.890033 0 0.16143 0 0.000473159
0 0.83857 0.018 0.111593 0.036 0.000475214
0 0.0614843 0.00133333 0.111051 0.00266667 0.000482451
0 0.869718 0.99 0.0341278 0.02 0.000484536
0 0.736457 0.00533333 0.0774648 0.0106667 0.000493172
0 0.518418 0.016 0.0498375 0.032 0.000494707
0 0.607259 0.379333 0.0422535 0.126667 0.000500042
0 0.968581 0.006 0.0628386 0.012 0.000510267
0 0.0102925 0.419333 0.0151679 0.265333 0.000513407
0 0.212622 0.465333 0.0720477 0.138667 0.00051928
0 0.563922 0.022 0.0855905 0.044 0.000520677
0 0.287378 0.994667 0.0785482 0.0106667 0.000525321
0 0.488895 0 0.122969 0 0.00053846
0 0.235645 0.433333 0.0325027 0.072 0.000538838
0 0.787649 0 0.152763 0 0.000542275
0 0.910888 0.990667 0.095883 0.0186667 0.000544051
0 0.992687 0.0526667 0.0146262 0.105333 0.000546315
0 0.71533 0.875333 0.0579632 0.166667 0.0005499
0 0.687974 0.022 0.0725894 0.044 0.00055063
0 0.637866 0 0.126219 0 0.000555404
0 0.762188 0.0326667 0.071506 0.0653333 0.000556155
0 0.38922 0 0.119718 0 0.00055668
0 0.461268 0.0246667 0.0828819 0.0493333 0.00055782
0 0.971831 0.976 0.0509209 0.032 0.000562327
0 0.711538 0.0186667 0.0720477 0.0373333 0.000564538
0 0.496208 0.887333 0.0888407 0.158667 0.000566168
0 0.411972 0.874 0.114301 0.225333 0.000574373
0 0.00866739 0.601333 0.0130011 0.285333 0.000587053
0 0.788462 0.534 0.0763814 0.0946667 0.000587635
0 0.675785 0.708 0.53792 0.584 0.000588279
0 0.530878 0.97 0.0390032 0.044 0.000615566
0 0.613759 0.02 0.0790899 0.04 0.000622469
0 0.718581 0.0133333 0.052546 0.0266667 0.00064234
0 0.56013 0.674667 0.0823402 0.112 0.0006499
0 0.786566 0.0186667 0.099675 0.0373333 0.000696628
0 0.518418 0.5 0.648971 1 0.000711121
0 0.419014 0.0293333 0.0817985 0.0586667 0.000712898
0 0.288191 0.893333 0.102925 0.213333 0.000720166
0 0.95585 0.967333 0.0655471 0.0466667 0.000720614
0 0.296046 0.468 0.0796316 0.146667 0.000755807
0 0.343445 0.940667 0.108342 0.118667 0.000778305
0 0.279252 0.5 0.558505 1 0.00079419
0 0.687703 0 0.132719 0 0.000803285
0 0.466143 0.638 0.109967 0.132 0.000812892
0 0.663326 0.02 0.0807151 0.04 0.000834827
0 0.940953 0 0.11701 0 0.000840507
0 0.963434 0.979333 0.0720477 0.0413333 0.000892252
0 0.729144 0.930667 0.0801734 0.133333 0.000910543
0 0.433099 0.052 0.0438787 0.064 0.000911859
0 0.940953 0.984 0.0520043 0.024 0.000925844
0 0.0273564 0.00133333 0.0547129 0.00266667 0.000939837
0 0.937432 0.972667 0.0482123 0.0173333 0.000997105
0 0.661972 0.566667 0.0660888 0.16 0.00101283
0 0.738895 0.02 0.0931744 0.04 0.0010595
0 0.0116468 0.525333 0.0157096 0.274667 0.00113896
0 0.263543 0.623333 0.427411 0.753333 0.00120253
0 0.28494 0.936667 0.0552546 0.108 0.00134845
0 0.445829 0.612667 0.0758397 0.105333 0.00143116
0 0.413597 0.583333 0.0969664 0.0973333 0.0014921
0 0.391928 0.566 0.0644637 0.0786667 0.00149432
0 0.937974 0.972 0.0557963 0.0346667 0.00166384
0 0.988895 0.0566667 0.0124594 0.110667 0.0016644
0 0.463705 0.878667 0.105092 0.224 0.00179731
0 0.986999 0.947333 0.0216685 0.0626667 0.00184835
0 0.23429 0.816667 0.0352113 0.129333 0.00184895
0 0.495937 0.657333 0.0969664 0.138667 0.00185479
0 0.981582 0.965333 0.0368364 0.048 0.00190082
0 0.616739 0.469333 0.421993 0.938667 0.00194338
0 0.592633 0.423333 0.0769231 0.252 0.00198298
0 0.306067 0.926 0.111593 0.148 0.00204263
0 0.621885 0.913333 0.0704225 0.08 0.0022176
0 0.244583 0.752667 0.0731311 0.26 0.00260901
0 0.541983 0.672 0.0557963 0.0773333 0.00468355
0 0.325027 0.442 0.379198 0.884 0.00900117
0 0.321506 0.947333 0.108884 0.0813333 0.0119079
0 0.719935 0.781333 0.261105 0.437333 0.0130603
0 0.689057 0.870667 0.0465872 0.216 0.0133537
0 0.51896 0.672667 0.0758397 0.0946667 0.01365
0 0.667118 0.57 0.0449621 0.0973333 0.0147364
0 0.281148 0.898667 0.0736728 0.106667 0.0217652
0 0.239166 0.754667 0.0373781 0.218667 0.0314715
0 0.597508 0.414667 0.0487541 0.178667 0.123186
0 0.719122 0.882667 0.10455 0.224 0.5891
0 0.333424 0.432 0.0709642 0.141333 0.731804
