0 0.086403 0.702667 0.095883 0.202667 1.22531e-05
0 0.568797 0.162 0.156013 0.324 1.22596e-05
0 0.688245 0.972667 0.0276273 0.036 1.22856e-05
0 0.58234 0.0246667 0.0379198 0.0333333 1.22999e-05
0 0.235645 0.0493333 0.035753 0.064 1.23268e-05
0 0.562297 0.651333 0.0975081 0.188 1.23403e-05
0 0.0411701 0.853333 0.0520043 0.242667 1.24836e-05
0 0.267064 0.698 0.0487541 0.124 1.25311e-05
0 0.560672 0.282667 0.108342 0.173333 1.26386e-05
0 0.532232 0.523333 0.0460455 0.145333 1.26424e-05
0 0.172264 0.180667 0.197183 0.361333 1.26846e-05
0 0.405471 0.150667 0.0785482 0.301333 1.27366e-05
0 0.319068 0.346667 0.035753 0.144 1.27753e-05
0 0.706934 0.474667 0.0552546 0.072 1.29506e-05
0 0.0403575 0.204 0.0536295 0.226667 1.29965e-05
0 0.192849 0.972667 0.0931744 0.0546667 1.30208e-05
0 0.598862 0.733333 0.0492958 0.384 1.30972e-05
0 0.347779 0.898 0.0465872 0.108 1.31292e-05
0 0.286295 0.944667 0.0417118 0.0786667 1.32263e-05
0 0.428765 0 0.0514626 0 1.3229e-05
0 0.706663 0.806 0.0503792 0.113333 1.32652e-05
0 0.245395 0.00466667 0.0455038 0.00933333 1.32699e-05
0 0.970748 0.0613333 0.0520043 0.08 1.33345e-05
0 0.16766 0.936 0.0460455 0.096 1.3397e-05
0 0.853738 0.03 0.0682557 0.06 1.34011e-05
0 0.132449 0.145333 0.0471289 0.125333 1.34747e-05
0 0.298483 0.0113333 0.0660888 0.0226667 1.35326e-05
0 0.092091 0.935333 0.0487541 0.092 1.35341e-05
0 0.24675 0.238667 0.0276273 0.0826667 1.35586e-05
0 0.317714 0.275333 0.0557963 0.334667 1.37276e-05
0 0.206121 0.0453333 0.0406284 0.064 1.37565e-05
0 0.144637 0.302 0.0541712 0.142667 1.37578e-05
0 0.508667 0.0813333 0.0314193 0.0613333 1.3782e-05
0 0.481582 0.00866667 0.0552546 0.0173333 1.3784e-05
0 0.708288 0.301333 0.155471 0.602667 1.39655e-05
0 0.142199 0.706 0.0536295 0.124 1.39896e-05
0 0.167931 0.205333 0.0509209 0.125333 1.39898e-05
0 0.986457 0.837333 0.020585 0.170667 1.41328e-05
0 0.583694 0.976 0.0980498 0.048 1.4202e-05
0 0.531148 0.516 0.0731311 0.312 1.42144e-05
0 0.325027 0.606 0.0433369 0.116 1.42374e-05
0 0.495125 0.986 0.0617551 0.028 1.43116e-05
0 0.511647 0.935333 0.0373781 0.0626667 1.43421e-05
0 0.53494 0.69 0.0211268 0.0306667 1.43574e-05
0 0.351029 0.282667 0.0433369 0.101333 1.44562e-05
0 0.85428 0.0166667 0.0476706 0.0333333 1.44569e-05
0 0.986457 0.247333 0.0270856 0.270667 1.44824e-05
0 0.594529 0.756 0.0406284 0.117333 1.45031e-05
0 0.457205 0.342667 0.0400867 0.117333 1.45098e-05
0 0.1552 0.355333 0.0893824 0.233333 1.45242e-05
0 0.659263 0.230667 0.084507 0.304 1.45796e-05
0 0.706663 0.048 0.0308776 0.072 1.45814e-05
0 0.488624 0.660667 0.0855905 0.121333 1.45843e-05
0 0.271127 0.0826667 0.0460455 0.0986667 1.4633e-05
0 0.231311 0.002 0.0455038 0.004 1.47181e-05
0 0.121073 0.466 0.052546 0.129333 1.47571e-05
0 0.320693 0.523333 0.028169 0.068 1.47584e-05
0 0.207205 0.755333 0.0492958 0.118667 1.47775e-05
0 0.311755 0.0893333 0.0232936 0.056 1.48341e-05
0 0.309317 0.129333 0.0162514 0.0746667 1.49124e-05
0 0.430119 0.694667 0.071506 0.176 1.49399e-05
0 0.968039 0.956 0.063922 0.088 1.50177e-05
0 0.334778 0.892 0.0498375 0.16 1.50571e-05
0 0.672264 0.978 0.0390032 0.02 1.50762e-05
0 0.748646 0.946667 0.0660888 0.0906667 1.51438e-05
0 0.182286 0.913333 0.0471289 0.122667 1.51439e-05
0 0.422535 0.00133333 0.084507 0.00266667 1.51828e-05
0 0.545233 0.00866667 0.0471289 0.0173333 1.5187e-05
0 0.988353 0.339333 0.0232936 0.262667 1.53182e-05
0 0.208559 0.212 0.0444204 0.096 1.53544e-05
0 0.502979 0.355333 0.0503792 0.108 1.54065e-05
0 0.62649 0.227333 0.0817985 0.292 1.54108e-05
0 0.368635 0.929333 0.0492958 0.0746667 1.54533e-05
0 0.358613 0.421333 0.0476706 0.112 1.54671e-05
0 0.776002 0.999333 0.0807151 0.00133333 1.55357e-05
0 0.279523 0.00666667 0.0509209 0.0133333 1.55504e-05
0 0.467768 0.42 0.0341278 0.104 1.55805e-05
0 0.506771 0.47 0.0471289 0.124 1.56228e-05
0 0.810672 0.987333 0.067714 0.0253333 1.56428e-05
0 0.317443 0.0866667 0.0682557 0.173333 1.56949e-05
0 0.454225 1 0.0352113 0 1.57034e-05
0 0.867281 0.996 0.0476706 0.008 1.57114e-05
0 0.23429 0.2 0.0352113 0.08 1.57356e-05
0 0.156555 0.335333 0.0509209 0.126667 1.57429e-05
0 0.280607 0.118 0.0433369 0.092 1.59421e-05
0 0.106988 0.737333 0.0752979 0.184 1.60814e-05
0 0.837216 0.844667 0.13922 0.310667 1.62731e-05
0 0.384886 0.00133333 0.0872156 0.00266667 1.62964e-05
0 0.732123 0.248 0.0904659 0.429333 1.63285e-05
0 0.660618 0.248667 0.0503792 0.142667 1.63645e-05
0 0.679036 0.048 0.0514626 0.0613333 1.64375e-05
0 0.486728 0.864667 0.0807151 0.105333 1.65663e-05
0 0.567172 0.036 0.0303359 0.0586667 1.65729e-05
0 0.112947 0.145333 0.109967 0.168 1.66004e-05
0 0.581528 0.986 0.039545 0.028 1.66373e-05
0 0.394908 0.0653333 0.0346696 0.0986667 1.67579e-05
0 0.436891 0.140667 0.0937161 0.281333 1.67657e-05
0 0.0709642 0.114 0.0455038 0.0973333 1.68031e-05
0 0.183369 0.264667 0.0482123 0.113333 1.68699e-05
0 0.0549837 0.764 0.0817985 0.232 1.68915e-05
0 0.407638 0.464 0.0514626 0.146667 1.69036e-05
0 0.197454 0.404667 0.0460455 0.0973333 1.69263e-05
0 0.182557 0.350667 0.0725894 0.205333 1.6981e-05
0 0.631907 0.984 0.0503792 0.0266667 1.69942e-05
0 0.0265439 0.725333 0.0325027 0.237333 1.71137e-05
0 0.0655471 0.967333 0.102925 0.0653333 1.71251e-05
0 0.494854 0.0773333 0.0362947 0.0586667 1.7128e-05
0 0.674702 0.969333 0.0742145 0.0613333 1.71685e-05
0 0.644366 0.956 0.0947996 0.088 1.71767e-05
0 0.62026 0.618 0.212351 0.764 1.71803e-05
0 0.986457 0.502 0.0270856 0.238667 1.72347e-05
0 0.30688 0.00333333 0.0438787 0.00666667 1.72633e-05
0 0.437703 0.302 0.0953413 0.153333 1.73081e-05
0 0.404388 0 0.0514626 0 1.7334e-05
0 0.961268 0.968667 0.0774648 0.0626667 1.73405e-05
0 0.51571 0.147333 0.144095 0.294667 1.73578e-05
0 0.210184 0.368 0.0433369 0.0986667 1.74208e-05
0 0.988082 0.962 0.0140845 0.076 1.74653e-05
0 0.257584 0.983333 0.0633803 0.0333333 1.7523e-05
0 0.194204 0.934 0.0449621 0.1 1.75518e-05
0 0.615385 0.948667 0.0455038 0.0946667 1.7559e-05
0 0.489437 0.258 0.0178765 0.102667 1.76156e-05
0 0.924973 0.617333 0.150054 0.746667 1.76292e-05
0 0.258938 0.939333 0.0444204 0.0786667 1.76613e-05
0 0.560943 0.513333 0.147887 0.64 1.7663e-05
0 0.514355 0.397333 0.0222102 0.0186667 1.76837e-05
0 0.575027 0.932 0.0482123 0.0533333 1.77347e-05
0 0.463976 0.158 0.0568797 0.182667 1.77347e-05
0 0.235374 0.904 0.0752979 0.136 1.78819e-05
0 0.686349 0.852 0.0400867 0.146667 1.78958e-05
0 0.391116 0.258667 0.028169 0.0773333 1.79235e-05
0 0.55688 0.514667 0.0866739 0.178667 1.80104e-05
0 0.454225 0 0.0514626 0 1.80751e-05
0 0.696641 0.287333 0.0595883 0.294667 1.81164e-05
0 0.770856 0.224 0.20585 0.448 1.81858e-05
0 0.729957 0.618667 0.232394 0.762667 1.82215e-05
0 0.580986 0.04 0.0893824 0.08 1.82417e-05
0 0.381907 0.999333 0.0585049 0.00133333 1.8249e-05
0 0.796316 0.994667 0.0444204 0.0106667 1.83295e-05
0 0.631094 0.026 0.0379198 0.02 1.83821e-05
0 0.236186 0.126667 0.035753 0.0986667 1.83905e-05
0 0.122969 0.553333 0.0660888 0.213333 1.84019e-05
0 0.472102 0.522667 0.0417118 0.128 1.84714e-05
0 0.522481 0.695333 0.0232936 0.0333333 1.84842e-05
0 0.0799025 0.826667 0.159805 0.346667 1.85309e-05
0 0.13597 0.442 0.0541712 0.110667 1.85942e-05
0 0.56636 0.03 0.0254605 0.028 1.86282e-05
0 0.440412 0.528 0.0985916 0.146667 1.87525e-05
0 0.519502 0.678667 0.0455038 0.0853333 1.8806e-05
0 0.911972 0.168 0.176056 0.336 1.8837e-05
0 0.437161 0.468667 0.0617551 0.145333 1.88726e-05
0 0.365114 0.158 0.0888407 0.172 1.89501e-05
0 0.0717768 0.158 0.143554 0.316 1.8968e-05
0 0.557151 0.208 0.112134 0.376 1.8981e-05
0 0.499187 0.961333 0.0969664 0.072 1.89893e-05
0 0.46831 0.634667 0.146804 0.541333 1.90435e-05
0 0.695558 1 0.0617551 0 1.90968e-05
0 0.0663597 0.00933333 0.0482123 0.0186667 1.91042e-05
0 0.487811 0.280667 0.00812568 0.0226667 1.91275e-05
0 0.708017 0.810667 0.118093 0.16 1.91387e-05
0 0.0411701 0.134 0.0476706 0.169333 1.91477e-05
0 0.484832 0.00133333 0.0823402 0.00266667 1.91844e-05
0 0.293066 0.0226667 0.0390032 0.0453333 1.9235e-05
0 0.504334 0 0.0520043 0 1.9271e-05
0 0.754605 0.89 0.0964247 0.193333 1.9309e-05
0 0.222102 0.334 0.0422535 0.0893333 1.93219e-05
0 0.269502 0.580667 0.0460455 0.118667 1.93654e-05
0 0.165764 0.141333 0.0552546 0.104 1.93659e-05
0 0.570964 0.0126667 0.0368364 0.0253333 1.93944e-05
0 0.975081 0.0346667 0.0498375 0.0693333 1.93966e-05
0 0.400596 0.278667 0.0341278 0.104 1.95624e-05
0 0.220206 0.242 0.0449621 0.0893333 1.9591e-05
0 0.328548 0.528667 0.0492958 0.281333 1.97486e-05
0 0.416576 0.828667 0.15818 0.342667 1.98858e-05
0 0.0850488 0.269333 0.12351 0.24 1.99316e-05
0 0.59507 0.0193333 0.0406284 0.036 2.00958e-05
0 0.944204 0.997333 0.0530878 0.00533333 2.01652e-05
0 0.365655 0 0.0520043 0 2.02595e-05
0 0.594258 0.990667 0.0455038 0.0186667 2.02702e-05
0 0.534128 0.054 0.0368364 0.0573333 2.03318e-05
0 0.76598 0.989333 0.0346696 0.0213333 2.04286e-05
0 0.245937 0.273333 0.028169 0.08 2.04456e-05
0 0.646533 0.00866667 0.0492958 0.0173333 2.0544e-05
0 0.313109 0.161333 0.0476706 0.322667 2.05669e-05
0 0.371343 0.0673333 0.039545 0.0786667 2.06694e-05
0 0.513814 0.676667 0.0449621 0.0253333 2.0706e-05
0 0.478602 0 0.0514626 0 2.07437e-05
0 0.331798 1 0.0384615 0 2.08013e-05
0 0.816631 0.02 0.0417118 0.04 2.08278e-05
0 0.5 0.924667 0.0671723 0.1 2.08342e-05
0 0.158722 0.907333 0.0812568 0.132 2.09118e-05
0 0.507313 0.990667 0.0438787 0.0186667 2.10074e-05
0 0.10753 0.052 0.0438787 0.0586667 2.10453e-05
0 0.975623 0.12 0.0465872 0.138667 2.10827e-05
0 0.196641 0.296667 0.0487541 0.116 2.10859e-05
0 0.233478 0.0213333 0.0379198 0.0426667 2.11197e-05
0 0.204767 0.002 0.0498375 0.004 2.13839e-05
0 0.476706 1 0.0823402 0 2.14655e-05
0 0.115655 0.997333 0.0492958 0.00533333 2.14876e-05
0 0.978873 0.0346667 0.0422535 0.0693333 2.15205e-05
0 0.281961 0.532 0.0449621 0.122667 2.16347e-05
0 0.617822 0.03 0.0135428 0.0173333 2.1682e-05
0 0.0931744 0.00333333 0.0509209 0.00666667 2.1752e-05
0 0.677411 0.126667 0.152221 0.253333 2.17683e-05
0 0.835861 0.171333 0.271939 0.342667 2.19171e-05
0 0.618906 0.01 0.0536295 0.02 2.19174e-05
0 0.511918 0.512 0.12351 0.498667 2.21726e-05
0 0.113218 0.337333 0.125677 0.216 2.22249e-05
0 0.98402 0.0173333 0.031961 0.0346667 2.22794e-05
0 0.483478 0.169333 0.0492958 0.176 2.22951e-05
0 0.488895 0.716667 0.0796316 0.129333 2.24114e-05
0 0.325298 0.999333 0.0752979 0.00133333 2.24376e-05
0 0.600488 0.983333 0.0861322 0.0333333 2.24788e-05
0 0.467226 0.631333 0.0807151 0.190667 2.24791e-05
0 0.51598 0.652667 0.0709642 0.166667 2.25156e-05
0 0.18364 0.230667 0.071506 0.213333 2.25439e-05
0 0.320423 0.05 0.0297941 0.084 2.25937e-05
0 0.315547 0.376 0.0178765 0.0426667 2.27226e-05
0 0.373781 0.344667 0.056338 0.134667 2.2736e-05
0 0.61701 0 0.0530878 0 2.27731e-05
0 0.261918 0.382667 0.0590466 0.213333 2.27777e-05
0 0.382449 0.143333 0.157096 0.286667 2.28439e-05
0 0.513001 0.407333 0.0216685 0.036 2.29323e-05
0 0.49377 0.867333 0.0373781 0.028 2.29424e-05
0 0.463705 0.471333 0.0509209 0.148 2.30176e-05
0 0.286566 0.0353333 0.0888407 0.0706667 2.30989e-05
0 0.776815 0.0726667 0.126761 0.145333 2.3123e-05
0 0.555796 0.908667 0.0574215 0.06 2.31337e-05
0 0.54415 0.962667 0.0731311 0.0746667 2.31663e-05
0 0.142741 0.0306667 0.118635 0.0613333 2.3292e-05
0 0.908722 0.524667 0.109967 0.292 2.32993e-05
0 0.643012 0 0.0520043 0 2.33685e-05
0 0.547671 0.0513333 0.0368364 0.0573333 2.34811e-05
0 0.0896533 0.996667 0.0503792 0.00666667 2.35189e-05
0 0.221289 0.301333 0.0449621 0.0906667 2.35541e-05
0 0.0826111 0.054 0.0471289 0.0626667 2.36104e-05
0 0.543066 1 0.0406284 0 2.36294e-05
0 0.0436078 0.444 0.0503792 0.224 2.36769e-05
0 0.32909 0.843333 0.0276273 0.102667 2.38154e-05
0 0.312297 0.501333 0.0417118 0.0586667 2.39282e-05
0 0.499187 0.0146667 0.0514626 0.0293333 2.39591e-05
0 0.538462 0.0373333 0.0866739 0.0746667 2.40356e-05
0 0.0587757 0.000666667 0.0861322 0.00133333 2.4053e-05
0 0.0652763 0 0.0536295 0 2.40779e-05
0 0.828819 0.929333 0.180932 0.141333 2.41382e-05
0 0.720748 1 0.0633803 0 2.42228e-05
0 0.209101 0.329333 0.0444204 0.112 2.42429e-05
0 0.479686 0.344667 0.0731311 0.137333 2.42581e-05
0 0.260563 0 0.0834236 0 2.42653e-05
0 0.463705 0.379333 0.115926 0.441333 2.43576e-05
0 0.567985 0 0.052546 0 2.43848e-05
0 0.1961 0.242 0.0476706 0.105333 2.43946e-05
0 0.0406284 0.356 0.0650054 0.16 2.43986e-05
0 0.96831 0.984667 0.0633803 0.0306667 2.45371e-05
0 0.15493 0.264667 0.0520043 0.134667 2.45613e-05
0 0.699621 0.174 0.0503792 0.14 2.45716e-05
0 0.660888 0.982667 0.0476706 0.0186667 2.46094e-05
0 0.482124 0.407333 0.0498375 0.132 2.46345e-05
0 0.0945287 0.510667 0.0644637 0.194667 2.4662e-05
0 0.264085 0.174667 0.120802 0.349333 2.48102e-05
0 0.223727 0.839333 0.185265 0.321333 2.49278e-05
0 0.11701 0.002 0.0520043 0.004 2.50051e-05
0 0.349946 0.933333 0.0509209 0.0773333 2.5109e-05
0 0.414951 0.744667 0.084507 0.212 2.51226e-05
0 0.0655471 0.995333 0.0498375 0.00933333 2.51689e-05
0 0.520043 0.00866667 0.0444204 0.0173333 2.52039e-05
0 0.320423 0.751333 0.111051 0.465333 2.52336e-05
0 0.916847 1 0.0536295 0 2.52909e-05
0 0.697725 0.238667 0.0390032 0.146667 2.54112e-05
0 0.0425244 0.538667 0.0460455 0.221333 2.55585e-05
0 0.537378 0.882 0.131094 0.0866667 2.5584e-05
0 0.469935 0.272 0.0438787 0.109333 2.5785e-05
0 0.843174 0.982667 0.0904659 0.0346667 2.5786e-05
0 0.623239 0.203333 0.170639 0.406667 2.57934e-05
0 0.481853 0.988667 0.0438787 0.0226667 2.57961e-05
0 0.330444 0.760667 0.0433369 0.116 2.58632e-05
0 0.333694 0.148 0.0650054 0.157333 2.59621e-05
0 0.743499 0.982667 0.0644637 0.0346667 2.59673e-05
0 0.714789 0.0946667 0.0915493 0.154667 2.59832e-05
0 0.63922 0.0433333 0.099675 0.076 2.60032e-05
0 0.265981 0.947333 0.0975081 0.105333 2.60529e-05
0 0.307963 0.771333 0.0514626 0.134667 2.61596e-05
0 0.00839653 0.0373333 0.0167931 0.0746667 2.63861e-05
0 0.928494 0 0.056338 0 2.64221e-05
0 0.514897 0.978 0.0893824 0.044 2.64634e-05
0 0.260834 0.282 0.0752979 0.150667 2.64911e-05
0 0.241333 0 0.0514626 0 2.6492e-05
0 0.222102 0.406 0.0444204 0.084 2.65516e-05
0 0.213434 0.0286667 0.0975081 0.0573333 2.6616e-05
0 0.258126 0.172667 0.0297941 0.1 2.66649e-05
0 0.911159 0.984 0.0769231 0.032 2.67289e-05
0 0.576381 0.791333 0.0964247 0.206667 2.67819e-05
0 0.269231 0.993333 0.0444204 0.0133333 2.68764e-05
0 0.384074 0.456 0.071506 0.261333 2.69532e-05
0 0.561755 0.02 0.035753 0.032 2.69538e-05
0 0.565547 0.032 0.0877573 0.064 2.71813e-05
0 0.329902 0.367333 0.0292524 0.0626667 2.72159e-05
0 0.327736 0.125333 0.0195016 0.0586667 2.73148e-05
0 0.974269 0.888 0.0514626 0.224 2.73822e-05
0 0.962893 0.612 0.0698808 0.344 2.74213e-05
0 0.247021 0.198 0.0314193 0.084 2.75479e-05
0 0.31636 0 0.0520043 0 2.75826e-05
0 0.0923619 0.0333333 0.106717 0.0666667 2.79823e-05
0 0.608613 0.726 0.0189599 0.028 2.80828e-05
0 0.158451 0.274 0.121885 0.364 2.81077e-05
0 0.766793 1 0.0427952 0 2.81642e-05
0 0.260293 0.2 0.0644637 0.16 2.81887e-05
0 0.384074 0.458667 0.0498375 0.162667 2.82058e-05
0 0.0268147 0.670667 0.0514626 0.202667 2.82664e-05
0 0.290628 0.840667 0.0698808 0.206667 2.83353e-05
0 0.902221 0 0.0568797 0 2.84163e-05
0 0.327194 0.514 0.0400867 0.145333 2.8418e-05
0 0.592633 0.933333 0.0866739 0.088 2.85128e-05
0 0.502979 0.257333 0.113218 0.450667 2.85573e-05
0 0.108072 0.09 0.039545 0.0653333 2.86602e-05
0 0.47156 0.776 0.0796316 0.189333 2.86782e-05
0 0.284399 0.607333 0.0422535 0.118667 2.87644e-05
0 0.153846 0.172 0.0498375 0.136 2.87827e-05
0 0.23402 0.272667 0.035753 0.084 2.88863e-05
0 0.94312 0.00133333 0.056338 0.00266667 2.89237e-05
0 0.57286 0.732667 0.178223 0.534667 2.89766e-05
0 0.694745 0.291333 0.031961 0.132 2.89938e-05
0 0.527086 0.692667 0.020585 0.052 2.90711e-05
0 0.236457 0.170667 0.0308776 0.08 2.91038e-05
0 0.321777 0.227333 0.0195016 0.0573333 2.92594e-05
0 0.158722 0.162 0.092091 0.172 2.94656e-05
0 0.295775 0.989333 0.0433369 0.0213333 2.94805e-05
0 0.755688 0.0186667 0.0498375 0.0373333 2.95127e-05
0 0.266522 0 0.0520043 0 2.95528e-05
0 0.184453 0.112 0.0612134 0.125333 2.95538e-05
0 0.546858 0.0273333 0.0384615 0.0466667 2.95689e-05
0 0.31636 0.257333 0.0465872 0.08 2.97466e-05
0 0.529794 0 0.0520043 0 2.97492e-05
0 0.841278 0.996 0.0520043 0.008 2.98032e-05
0 0.506771 0.407333 0.0742145 0.164 2.98398e-05
0 0.300379 0.242667 0.0330444 0.04 2.99573e-05
0 0.439599 0.937333 0.0720477 0.12 3.00848e-05
0 0.896804 0.986667 0.117551 0.0266667 3.01278e-05
0 0.242145 0.994667 0.0444204 0.0106667 3.03151e-05
0 0.523023 0.914667 0.0547129 0.109333 3.03272e-05
0 0.21533 0.818667 0.0514626 0.157333 3.03488e-05
0 0.410076 0.978667 0.0325027 0.0346667 3.04969e-05
0 0.664139 0.032 0.0855905 0.064 3.0499e-05
0 0.942849 1 0.0536295 0 3.05509e-05
0 0.602384 1 0.0888407 0 3.0568e-05
0 0.29117 0.772667 0.095883 0.185333 3.05816e-05
0 0.308505 0.48 0.0438787 0.114667 3.05944e-05
0 0.28169 0.368 0.0725894 0.128 3.06316e-05
0 0.207476 0.913333 0.0444204 0.130667 3.07353e-05
0 0.108342 0.827333 0.0812568 0.233333 3.09561e-05
0 0.18987 0.944667 0.088299 0.110667 3.1092e-05
0 0.182286 0.0873333 0.0417118 0.0973333 3.11707e-05
0 0.649242 0.0253333 0.0763814 0.0373333 3.1186e-05
0 0.579632 1 0.0433369 0 3.13592e-05
0 0.593987 0.00666667 0.0492958 0.0133333 3.15843e-05
0 0.985645 0.806 0.0287107 0.329333 3.19329e-05
0 0.333153 0.978667 0.035753 0.0426667 3.197e-05
0 0.662243 0.286 0.0287107 0.036 3.20224e-05
0 0.111863 0.0106667 0.0861322 0.0213333 3.21232e-05
0 0.31338 0.134 0.0287107 0.118667 3.21292e-05
0 0.733478 0.114667 0.163597 0.229333 3.21729e-05
0 0.11403 0.713333 0.122969 0.309333 3.23006e-05
0 0.517064 0.762667 0.0752979 0.168 3.25711e-05
0 0.0381907 0.796667 0.0763814 0.406667 3.26531e-05
0 0.877302 0 0.0568797 0 3.2797e-05
0 0.668743 0 0.0536295 0 3.28238e-05
0 0.230228 0.272 0.0855905 0.253333 3.28603e-05
0 0.39545 0.988 0.0314193 0.024 3.30835e-05
0 0.217768 0.0213333 0.0411701 0.0426667 3.31301e-05
0 0.619447 0.0146667 0.0308776 0.0293333 3.31636e-05
0 0.763814 0.0593333 0.105092 0.118667 3.33032e-05
0 0.671723 0.103333 0.084507 0.150667 3.33872e-05
0 0.646804 0.986667 0.0498375 0.0213333 3.34779e-05
0 0.170368 0.407333 0.0492958 0.105333 3.3512e-05
0 0.523023 0.684667 0.0362947 0.028 3.37007e-05
0 0.310401 0.861333 0.056338 0.146667 3.37193e-05
0 0.735645 0.950667 0.0769231 0.0986667 3.39242e-05
0 0.973998 0.284667 0.0520043 0.294667 3.40187e-05
0 0.692308 0.0313333 0.102925 0.0626667 3.40189e-05
0 0.308505 0.0206667 0.0330444 0.0413333 3.40289e-05
0 0.0222102 0.937333 0.0270856 0.125333 3.4058e-05
0 0.158992 0.266667 0.0839653 0.194667 3.42077e-05
0 0.309047 0.984 0.0449621 0.032 3.42809e-05
0 0.116739 0.0726667 0.0893824 0.145333 3.43733e-05
0 0.142741 0.112 0.0438787 0.0933333 3.43887e-05
0 0.469393 0.508 0.0752979 0.184 3.44437e-05
0 0.966414 0.79 0.0606717 0.34 3.44997e-05
0 0.611863 0.022 0.0265439 0.028 3.45089e-05
0 0.322048 0.378667 0.00812568 0.04 3.45376e-05
0 0.165222 0.0666667 0.0931744 0.133333 3.46153e-05
0 0.460997 0.131333 0.136511 0.262667 3.47106e-05
0 0.215601 0.154667 0.084507 0.152 3.47296e-05
0 0.00812568 0.0673333 0.0162514 0.102667 3.48346e-05
0 0.44935 0.996 0.0785482 0.008 3.48808e-05
0 0.0303359 0.908667 0.0335861 0.158667 3.50094e-05
0 0.140033 0.00466667 0.0536295 0.00933333 3.52024e-05
0 0.730769 0.988 0.0520043 0.024 3.52088e-05
0 0.591549 0 0.0541712 0 3.53082e-05
0 0.136241 0.105333 0.0850488 0.210667 3.54067e-05
0 0.346966 0.002 0.0817985 0.004 3.54933e-05
0 0.0265439 0.782 0.0530878 0.286667 3.55208e-05
0 0.380553 1 0.0417118 0 3.58485e-05
0 0.802546 1 0.0828819 0 3.58723e-05
0 0.239437 0.362667 0.084507 0.130667 3.5982e-05
0 0.363489 0.995333 0.0704225 0.00933333 3.63704e-05
0 0.022481 0.972667 0.0449621 0.0546667 3.64204e-05
0 0.780607 0.0173333 0.0487541 0.0346667 3.64782e-05
0 0.030065 0.97 0.0460455 0.06 3.65302e-05
0 0.269502 0.15 0.0373781 0.110667 3.66173e-05
0 0.448537 0.0146667 0.0530878 0.0293333 3.67724e-05
0 0.330173 0.034 0.0828819 0.068 3.69328e-05
0 0.14247 0.0826667 0.0400867 0.072 3.70086e-05
0 0.416035 0.631333 0.138678 0.492 3.70133e-05
0 0.482124 0.842667 0.16143 0.314667 3.70156e-05
0 0.549837 0.978 0.0736728 0.044 3.71198e-05
0 0.431473 0.00933333 0.0482123 0.0186667 3.74158e-05
0 0.226436 0.933333 0.0975081 0.133333 3.74635e-05
0 0.671181 0.0246667 0.0444204 0.0253333 3.75823e-05
0 0.234832 0.208667 0.0698808 0.150667 3.76574e-05
0 0.965601 0.431333 0.0687974 0.278667 3.76749e-05
0 0.381365 0.983333 0.0325027 0.0333333 3.77582e-05
0 0.0127302 0.961333 0.0157096 0.0773333 3.77989e-05
0 0.0392741 0.205333 0.0785482 0.410667 3.7807e-05
0 0.484019 0.479333 0.0503792 0.137333 3.80448e-05
0 0.258397 0.0106667 0.0455038 0.0213333 3.80591e-05
0 0.38922 0.098 0.0720477 0.196 3.83034e-05
0 0.18039 0.00266667 0.0509209 0.00533333 3.85706e-05
0 0.567443 0.287333 0.17714 0.574667 3.85768e-05
0 0.124865 0.996667 0.100217 0.00666667 3.87823e-05
0 0.330444 0.24 0.0704225 0.0986667 3.87852e-05
0 0.681744 0.989333 0.0417118 0.0213333 3.90629e-05
0 0.618635 0.996 0.0498375 0.008 3.91589e-05
0 0.169556 0.111333 0.0422535 0.0893333 3.93252e-05
0 0.510563 0.509333 0.0698808 0.173333 3.93723e-05
0 0.290899 0 0.0520043 0 3.94421e-05
0 0.96506 0.0733333 0.0644637 0.146667 3.94879e-05
0 0.354821 0.628667 0.110509 0.454667 3.95802e-05
0 0.342633 0.710667 0.0341278 0.0693333 3.96201e-05
0 0.0872156 0.108 0.0964247 0.216 3.97029e-05
0 0.824215 0.028 0.0947996 0.056 3.97122e-05
0 0.570423 0.104667 0.111593 0.158667 3.9848e-05
0 0.738082 0.999333 0.0807151 0.00133333 4.01673e-05
0 0.829361 0.289333 0.266522 0.578667 4.02046e-05
0 0.21506 0 0.0530878 0 4.02131e-05
0 0.468581 0.008 0.0465872 0.016 4.05845e-05
0 0.949892 0.215333 0.100217 0.265333 4.07181e-05
0 0.111863 0.270667 0.14247 0.442667 4.07813e-05
0 0.192037 0.984 0.0655471 0.032 4.0827e-05
0 0.467497 0.264 0.0671723 0.181333 4.11491e-05
0 0.338299 0.822 0.0297941 0.0466667 4.11498e-05
0 0.413326 0.925333 0.0931744 0.146667 4.12759e-05
0 0.892199 1 0.0530878 0 4.14188e-05
0 0.0189599 0.920667 0.0379198 0.158667 4.1684e-05
0 0.0812568 0.0913333 0.0455038 0.0786667 4.1861e-05
0 0.345883 0.04 0.0471289 0.064 4.21929e-05
0 0.039545 0 0.0552546 0 4.25117e-05
0 0.0891116 0.896 0.117551 0.16 4.25306e-05
0 0.26273 0.989333 0.102925 0.0213333 4.2547e-05
0 0.156013 0.054 0.0444204 0.0733333 4.28758e-05
0 0.966956 0.996667 0.0498375 0.00666667 4.31004e-05
0 0.198267 0.01 0.0823402 0.02 4.31898e-05
0 0.617551 0.03 0.0877573 0.06 4.33463e-05
0 0.340195 0 0.0530878 0 4.34251e-05
0 0.312026 0.981333 0.0769231 0.0373333 4.34716e-05
0 0.203413 0.881333 0.067714 0.181333 4.38027e-05
0 0.833424 0.0706667 0.167389 0.141333 4.38433e-05
0 0.518418 0.056 0.0303359 0.056 4.38501e-05
0 0.306067 1 0.0444204 0 4.40188e-05
0 0.353196 0.586 0.0660888 0.273333 4.44431e-05
0 0.368635 0.979333 0.0460455 0.0413333 4.44641e-05
0 0.533857 0.0246667 0.0406284 0.0493333 4.45687e-05
0 0.293337 0.498667 0.0514626 0.0906667 4.45709e-05
0 0.707476 0.02 0.0368364 0.0373333 4.48714e-05
0 0.326923 0.247333 0.0232936 0.0413333 4.51348e-05
0 0.323402 0.378667 0.115926 0.421333 4.51448e-05
0 0.721018 0.0213333 0.0509209 0.0426667 4.5305e-05
0 0.0823402 0.42 0.133261 0.189333 4.56085e-05
0 0.899512 0.026 0.126219 0.052 4.59226e-05
0 0.421181 0.0646667 0.0438787 0.076 4.60025e-05
0 0.112676 0.945333 0.102925 0.109333 4.61519e-05
0 0.507313 0.0106667 0.0482123 0.0213333 4.62128e-05
0 0.397346 0.406 0.0297941 0.0546667 4.62979e-05
0 0.991333 0.952667 0.00758397 0.0946667 4.65872e-05
0 0.444475 0.01 0.0406284 0.02 4.66303e-05
0 0.28792 1 0.0774648 0 4.67996e-05
0 0.210997 0.403333 0.0698808 0.137333 4.71117e-05
0 0.411159 0.969333 0.071506 0.0533333 4.72855e-05
0 0.140574 0.997333 0.0492958 0.00533333 4.73034e-05
0 0.318797 0.123333 0.0167931 0.0493333 4.73061e-05
0 0.0576923 0.946667 0.0947996 0.106667 4.81123e-05
0 0.510834 0.102667 0.0747562 0.149333 4.81425e-05
0 0.208017 0.270667 0.0476706 0.109333 4.82683e-05
0 0.268689 0.644667 0.0476706 0.116 4.8354e-05
0 0.294962 0.584667 0.0427952 0.116 4.84283e-05
0 0.817714 0.994 0.0492958 0.012 4.84782e-05
0 0.0230228 0.0266667 0.0427952 0.0533333 4.87464e-05
0 0.413597 0.631333 0.0839653 0.198667 4.91564e-05
0 0.0498375 0.264667 0.0855905 0.212 4.9414e-05
0 0.28467 0.711333 0.1013 0.172 5.00413e-05
0 0.294962 0.276667 0.0752979 0.137333 5.0344e-05
0 0.482394 0.257333 0.024377 0.0853333 5.03496e-05
0 0.479686 1 0.0417118 0 5.0451e-05
0 0.216143 0.996667 0.0476706 0.00666667 5.04815e-05
0 0.210726 0.346667 0.0953413 0.16 5.0634e-05
0 0.400054 0.982667 0.0687974 0.0346667 5.06433e-05
0 0.0314193 0.386667 0.0368364 0.234667 5.08903e-05
0 0.120531 0.114667 0.0406284 0.0853333 5.1033e-05
0 0.162514 0.271333 0.182015 0.542667 5.11416e-05
0 0.815547 0.006 0.0568797 0.012 5.11526e-05
0 0.412243 0.501333 0.0812568 0.189333 5.1217e-05
0 0.29442 0.94 0.100217 0.12 5.13253e-05
0 0.134886 0.607333 0.0520043 0.134667 5.16704e-05
0 0.325298 0.012 0.0568797 0.024 5.1805e-05
0 0.183369 0.0473333 0.0460455 0.0653333 5.19087e-05
0 0.719393 1 0.0455038 0 5.2458e-05
0 0.209372 0.100667 0.06013 0.153333 5.24789e-05
0 0.135699 0.520667 0.052546 0.137333 5.25282e-05
0 0.280336 1 0.0449621 0 5.27786e-05
0 0.622969 0.0913333 0.106176 0.150667 5.29065e-05
0 0.837486 0.0686667 0.101842 0.137333 5.31859e-05
0 0.0923619 0.114667 0.0471289 0.0986667 5.32963e-05
0 0.0503792 0.062 0.0693391 0.124 5.33039e-05
0 0.932286 0.147333 0.135428 0.294667 5.38252e-05
0 0.183369 0.0986667 0.0828819 0.197333 5.39689e-05
0 0.319339 0.948667 0.0774648 0.102667 5.40198e-05
0 0.513272 1 0.0861322 0 5.42952e-05
0 0.479957 0.0673333 0.0834236 0.134667 5.46183e-05
0 0.0931744 0.0253333 0.0455038 0.0506667 5.48467e-05
0 0.273023 0.0646667 0.0671723 0.129333 5.50713e-05
0 0.320423 0.840667 0.0503792 0.3 5.50777e-05
0 0.29415 0.225333 0.063922 0.122667 5.54114e-05
0 0.682828 0.018 0.0785482 0.036 5.58912e-05
0 0.148971 0.0113333 0.0855905 0.0226667 5.62313e-05
0 0.497833 0.258 0.0725894 0.164 5.69258e-05
0 0.165493 0.997333 0.0492958 0.00533333 5.70999e-05
0 0.0184182 0.575333 0.0368364 0.124 5.72605e-05
0 0.361593 0.488 0.0731311 0.197333 5.76883e-05
0 0.638137 0.0133333 0.071506 0.0266667 5.84924e-05
0 0.618093 0.988 0.122427 0.024 5.85506e-05
0 0.356988 1 0.0444204 0 5.87578e-05
0 0.687974 0.985333 0.0942579 0.0293333 5.89078e-05
0 0.605634 1 0.0520043 0 5.89551e-05
0 0.711268 0.965333 0.0520043 0.0613333 5.9066e-05
0 0.162784 0.996667 0.0937161 0.00666667 5.92579e-05
0 0.0121885 0.937333 0.024377 0.125333 5.9381e-05
0 0.0910076 0 0.0541712 0 5.94692e-05
0 0.335861 0.646667 0.0325027 0.096 5.94724e-05
0 0.854009 0.00266667 0.0568797 0.00533333 5.9529e-05
0 0.612405 0.0213333 0.0406284 0.016 5.9945e-05
0 0.326652 0.460667 0.0422535 0.14 5.99636e-05
0 0.872427 0.998 0.0752979 0.004 6.00881e-05
0 0.826923 0.811333 0.312568 0.377333 6.01319e-05
0 0.0167931 0.700667 0.0335861 0.145333 6.03827e-05
0 0.504875 1 0.0465872 0 6.04057e-05
0 0.402221 0.377333 0.0557963 0.138667 6.04164e-05
0 0.16766 0.704667 0.0536295 0.116 6.06081e-05
0 0.138407 0.712 0.103467 0.197333 6.08051e-05
0 0.510022 0.0333333 0.0763814 0.0666667 6.11008e-05
0 0.328548 0.504 0.0222102 0.0693333 6.11734e-05
0 0.320693 0.006 0.0411701 0.012 6.1176e-05
0 0.463164 0.376 0.0660888 0.170667 6.11844e-05
0 0.387595 0.956667 0.0861322 0.0866667 6.13459e-05
0 0.48104 0.224667 0.0335861 0.121333 6.13862e-05
0 0.741603 1 0.0487541 0 6.19264e-05
0 0.991333 0.942 0.0173348 0.116 6.19914e-05
0 0.195558 0.764 0.084507 0.165333 6.24265e-05
0 0.206934 0.229333 0.0660888 0.162667 6.24755e-05
0 0.291983 0.979333 0.0931744 0.0413333 6.25264e-05
0 0.1961 0.508667 0.0444204 0.092 6.27439e-05
0 0.280065 0.142667 0.0704225 0.162667 6.29657e-05
0 0.0566089 0.888 0.105634 0.224 6.29848e-05
0 0.390033 0.370667 0.0498375 0.266667 6.30194e-05
0 0.0541712 0.996667 0.0671723 0.00666667 6.31673e-05
0 0.0192308 0.643333 0.0384615 0.129333 6.3187e-05
0 0.700163 0.980667 0.0644637 0.0386667 6.32678e-05
0 0.190141 0.996 0.0487541 0.008 6.34723e-05
0 0.321506 0.374 0.0178765 0.06 6.36892e-05
0 0.0549837 0.634667 0.10455 0.346667 6.36967e-05
0 0.144366 0.806667 0.0915493 0.208 6.42397e-05
0 0.793608 1 0.0476706 0 6.44362e-05
0 0.0197725 0.642667 0.0232936 0.248 6.46392e-05
0 0.0869447 0.572667 0.109967 0.214667 6.47533e-05
0 0.483478 0.0246667 0.052546 0.0493333 6.48739e-05
0 0.669556 0.862 0.0942579 0.276 6.52572e-05
0 0.182557 0.432 0.0465872 0.0986667 6.52929e-05
0 0.0067714 0.610667 0.0135428 0.146667 6.535e-05
0 0.299837 0.967333 0.0438787 0.0466667 6.56254e-05
0 0.953142 0.880667 0.0839653 0.193333 6.58364e-05
0 0.708559 0.0206667 0.0671723 0.0413333 6.59804e-05
0 0.914951 0.054 0.109426 0.108 6.59924e-05
0 0.355092 0.008 0.0503792 0.016 6.68795e-05
0 0.679577 1 0.0492958 0 6.84448e-05
0 0.958288 0.483333 0.0834236 0.524 6.84886e-05
0 0.113489 0.1 0.0839653 0.112 6.88489e-05
0 0.366197 0.0606667 0.0931744 0.121333 6.94869e-05
0 0.254334 1 0.0471289 0 6.97049e-05
0 0.238082 0.012 0.0687974 0.024 6.98936e-05
0 0.430661 1 0.0465872 0 7.02434e-05
0 0.345341 0.647333 0.0449621 0.142667 7.04079e-05
0 0.486728 0.981333 0.0991333 0.0373333 7.04704e-05
0 0.503792 0.0413333 0.0574215 0.08 7.05064e-05
0 0.975352 0.173333 0.0492958 0.288 7.0508e-05
0 0.18987 0 0.0536295 0 7.08281e-05
0 0.358884 0.864667 0.156555 0.270667 7.08898e-05
0 0.138407 0.882 0.111051 0.198667 7.13502e-05
0 0.437161 0.354 0.0758397 0.145333 7.13819e-05
0 0.742687 0.878 0.135428 0.244 7.16776e-05
0 0.250271 1 0.0801734 0 7.17487e-05
0 0.242687 0.113333 0.0650054 0.226667 7.22028e-05
0 0.650596 0.975333 0.0910076 0.0493333 7.26931e-05
0 0.867551 1 0.052546 0 7.27067e-05
0 0.992416 1 0.0151679 0 7.27203e-05
0 0.319881 0.246667 0.0167931 0.0533333 7.28147e-05
0 0.352654 0.851333 0.0790899 0.153333 7.32193e-05
0 0.752167 0.968667 0.0449621 0.0626667 7.32978e-05
0 0.00947996 0.016 0.0189599 0.032 7.33615e-05
0 0.345341 0.752667 0.0633803 0.185333 7.40803e-05
0 0.532774 0.0386667 0.0742145 0.0773333 7.41504e-05
0 0.315005 0.01 0.0655471 0.02 7.4395e-05
0 0.621614 0.814 0.133803 0.236 7.45453e-05
0 0.170098 0.02 0.0487541 0.04 7.45893e-05
0 0.694204 0.00533333 0.0503792 0.0106667 7.55625e-05
0 0.496208 0.0526667 0.0335861 0.0626667 7.56953e-05
0 0.114843 1 0.0520043 0 7.57781e-05
0 0.145991 0.634667 0.0503792 0.130667 7.58122e-05
0 0.22481 0.994667 0.092091 0.0106667 7.59841e-05
0 0.280336 0.58 0.0644637 0.181333 7.63485e-05
0 0.0517335 1 0.0514626 0 7.63559e-05
0 0.964518 0.0266667 0.0709642 0.0533333 7.67819e-05
0 0.95883 0.763333 0.0823402 0.473333 7.74274e-05
0 0.749187 0.0213333 0.0910076 0.0426667 7.75551e-05
0 0.279252 0.0306667 0.0471289 0.0613333 7.76441e-05
0 0.383803 0.01 0.0417118 0.02 7.77045e-05
0 0.597779 0.732 0.0297941 0.0693333 7.83505e-05
0 0.31961 0.0346667 0.0606717 0.0693333 7.84862e-05
0 0.0278982 0.490667 0.0503792 0.154667 7.88051e-05
0 0.387595 0.379333 0.0449621 0.0813333 7.89962e-05
0 0.0650054 0.0266667 0.0465872 0.0453333 7.94484e-05
0 0.0891116 1 0.052546 0 7.99814e-05
0 0.308776 0.914 0.0530878 0.113333 8.00162e-05
0 0.767877 0.00133333 0.0557963 0.00266667 8.06782e-05
0 0.436891 0.08 0.0796316 0.16 8.0968e-05
0 0.209101 0.280667 0.0834236 0.156 8.11715e-05
0 0.406013 1 0.0471289 0 8.12481e-05
0 0.378657 0.943333 0.092091 0.102667 8.15652e-05
0 0.0102925 0.176 0.020585 0.152 8.21517e-05
0 0.713976 0.86 0.0552546 0.154667 8.26784e-05
0 0.256771 0.148 0.0455038 0.149333 8.29344e-05
0 0.485645 0.014 0.0612134 0.028 8.30004e-05
0 0.151408 0 0.0547129 0 8.33191e-05
0 0.33559 0.603333 0.039545 0.177333 8.33764e-05
0 0.692579 0 0.0547129 0 8.36857e-05
0 0.516793 0.0266667 0.0314193 0.048 8.42139e-05
0 0.140574 0.0166667 0.0850488 0.0333333 8.48244e-05
0 0.422535 0.990667 0.0476706 0.0186667 8.50681e-05
0 0.321235 0.378 0.0801734 0.177333 8.51154e-05
0 0.113489 0 0.0547129 0 8.5604e-05
0 0.458559 0.390667 0.0362947 0.12 8.58296e-05
0 0.440141 0.944667 0.0579632 0.110667 8.66383e-05
0 0.786836 0.022 0.0969664 0.044 8.67271e-05
0 0.837757 0.992 0.109967 0.016 8.67553e-05
0 0.0568797 0.098 0.0910076 0.132 8.68236e-05
0 0.444745 0.0653333 0.035753 0.0613333 8.74673e-05
0 0.696641 0.987333 0.0444204 0.0253333 8.76353e-05
0 0.250271 0.0306667 0.0390032 0.0533333 8.77432e-05
0 0.586945 0.00933333 0.0828819 0.0186667 8.91184e-05
0 0.313109 0.585333 0.0671723 0.256 8.96363e-05
0 0.329632 0.667333 0.0200433 0.084 8.97115e-05
0 0.597779 0.726667 0.0200433 0.032 8.98465e-05
0 0.717226 0.00333333 0.0509209 0.00666667 8.99255e-05
0 0.68364 0.0106667 0.0509209 0.0213333 9.05332e-05
0 0.470748 0.948 0.111593 0.104 9.08161e-05
0 0.0360238 0.626667 0.0720477 0.461333 9.12042e-05
0 0.97481 0.00666667 0.0503792 0.0133333 9.16352e-05
0 0.084507 0.0366667 0.0780065 0.0733333 9.17988e-05
0 0.926869 0 0.0541712 0 9.27354e-05
0 0.84182 1 0.0552546 0 9.27986e-05
0 0.0192308 0.543333 0.0222102 0.233333 9.32548e-05
0 0.0289816 0.213333 0.0514626 0.149333 9.36839e-05
0 0.159805 0.098 0.0617551 0.148 9.39392e-05
0 0.900596 0 0.0547129 0 9.41144e-05
0 0.228332 1 0.0492958 0 9.41822e-05
0 0.507313 0.0146667 0.0308776 0.024 9.4371e-05
0 0.189328 0.016 0.0752979 0.032 9.44862e-05
0 0.741874 0.002 0.0557963 0.004 9.49243e-05
0 0.0219393 0.179333 0.0287107 0.193333 9.5187e-05
0 0.466143 0.0793333 0.0709642 0.134667 9.55242e-05
0 0.990791 0.968667 0.0184182 0.0626667 9.72578e-05
0 0.0273564 0.947333 0.0547129 0.105333 9.77008e-05
0 0.031961 0.052 0.0465872 0.0853333 9.77366e-05
0 0.322048 0.096 0.0352113 0.12 9.78382e-05
0 0.31961 0.248 0.00975081 0.04 9.80499e-05
0 0.208559 0.032 0.0866739 0.064 9.87093e-05
0 0.333153 0.878667 0.118093 0.242667 9.87346e-05
0 0.00785482 0.944667 0.0113759 0.110667 9.8995e-05
0 0.236728 0.759333 0.0747562 0.190667 9.96333e-05
0 0.361322 0.0613333 0.0682557 0.114667 0.000100996
0 0.663868 0.0106667 0.0893824 0.0213333 0.000101049
0 0.535753 0.0106667 0.0790899 0.0213333 0.00010172
0 0.0316901 0.0953333 0.0460455 0.124 0.000102034
0 0.264355 0.843333 0.137595 0.313333 0.000103016
0 0.236457 0.505333 0.0438787 0.117333 0.000104062
0 0.309047 0.464 0.0579632 0.216 0.000104092
0 0.233478 0.435333 0.0422535 0.116 0.000104491
0 0.413597 0.998667 0.0861322 0.00266667 0.000104607
0 0.112676 1 0.0899242 0 0.000105194
0 0.0530878 0.518667 0.0910076 0.218667 0.000105238
0 0.880823 0.058 0.140845 0.116 0.000105424
0 0.61078 0.403333 0.77844 0.806667 0.000105916
0 0.483749 0.274 0.0270856 0.0226667 0.000106152
0 0.28494 0.00733333 0.0823402 0.0146667 0.000106729
0 0.985645 0.99 0.0232936 0.02 0.000106914
0 0.281419 0.578667 0.0915493 0.293333 0.000107121
0 0.550379 0.954 0.0530878 0.0733333 0.00010817
0 0.963164 0.216667 0.0736728 0.433333 0.000108222
0 0.459913 0.0166667 0.0823402 0.0333333 0.000108743
0 0.940141 0 0.0557963 0 0.000110888
0 0.401679 0.389333 0.0157096 0.0613333 0.000110932
0 0.365926 0.382 0.0828819 0.185333 0.000112755
0 0.951517 1 0.0893824 0 0.000114121
0 0.123239 0.00333333 0.0926327 0.00666667 0.000114848
0 0.481853 0.915333 0.107801 0.14 0.000116292
0 0.223185 0.507333 0.0411701 0.0973333 0.000117285
0 0.156555 0.430667 0.0433369 0.144 0.000118011
0 0.986728 0.894667 0.0265439 0.210667 0.000118639
0 0.0119177 0.916667 0.0130011 0.166667 0.000119206
0 0.0346696 0.042 0.0693391 0.084 0.000121081
0 0.242958 0.108 0.0438787 0.168 0.000121273
0 0.263543 0.404 0.0460455 0.0933333 0.000122471
0 0.0866739 0.998 0.109426 0.004 0.000123823
0 0.700704 0.942667 0.052546 0.101333 0.000124466
0 0.640033 0.954667 0.144637 0.0906667 0.000125252
0 0.875406 0 0.0552546 0 0.000126661
0 0.934182 0.0633333 0.095883 0.126667 0.0001268
0 0.0178765 0.336 0.035753 0.136 0.000126877
0 0.964518 1 0.0536295 0 0.000127921
0 0.0604009 0.76 0.120802 0.408 0.000128305
0 0.988895 0.910667 0.0135428 0.157333 0.000129395
0 0.0154388 0.984 0.0308776 0.032 0.00012973
0 0.255417 0.611333 0.0482123 0.129333 0.000130505
0 0.0482123 0.256 0.0964247 0.432 0.000131424
0 0.260293 0.0806667 0.052546 0.156 0.000131716
0 0.245395 0.154 0.0292524 0.1 0.000132595
0 0.171181 0.672667 0.0812568 0.126667 0.000134569
0 0.140033 1 0.052546 0 0.000135136
0 0.425515 0.987333 0.0687974 0.0253333 0.000135664
0 0.0506501 0.412 0.0980498 0.306667 0.00013573
0 0.390574 0.971333 0.0216685 0.052 0.000135741
0 0.232936 0.408667 0.465872 0.817333 0.000137025
0 0.195829 0.670667 0.0471289 0.106667 0.000137087
0 0.151138 1 0.084507 0 0.000137361
0 0.211268 0.002 0.0910076 0.004 0.00013797
0 0.691495 0.0126667 0.0752979 0.0253333 0.000138036
0 0.427681 0.982667 0.0406284 0.0346667 0.00013867
0 0.00758397 0.301333 0.0151679 0.141333 0.000138731
0 0.817985 1 0.0530878 0 0.000139065
0 0.0178765 0.516667 0.035753 0.129333 0.000139911
0 0.0219393 0.00933333 0.0438787 0.0186667 0.000140503
0 0.00866739 0.730667 0.0173348 0.149333 0.00014269
0 0.681203 0.788667 0.133803 0.422667 0.000143815
0 0.282503 0.494667 0.0655471 0.213333 0.000144411
0 0.325298 0.711333 0.052546 0.270667 0.000144823
0 0.514355 0.5 0.971289 1 0.00014501
0 0.170639 0.514667 0.0498375 0.101333 0.000145361
0 0.350488 0.287333 0.0953413 0.126667 0.000145486
0 0.203142 1 0.0509209 0 0.000146176
0 0.130553 0.0893333 0.035753 0.0613333 0.00014854
0 0.936078 0.994 0.127844 0.012 0.000150885
0 0.263272 0.880667 0.0975081 0.18 0.000150955
0 0.479415 0.0566667 0.0368364 0.0653333 0.000151187
0 0.507855 0.046 0.0254605 0.0573333 0.00015257
0 0.813651 0 0.056338 0 0.000153388
0 0.0893824 0.00733333 0.100758 0.0146667 0.000153807
0 0.363218 0.291333 0.0438787 0.134667 0.000154
0 0.313651 0.912 0.0823402 0.176 0.000154279
0 0.467497 0.07 0.0411701 0.0546667 0.000155337
0 0.00947996 0.794667 0.0189599 0.146667 0.00015742
0 0.187432 0.998667 0.101842 0.00266667 0.000158997
0 0.0143554 1 0.024377 0 0.000160753
0 0.116197 0.0366667 0.0850488 0.0733333 0.000161187
0 0.0251896 0.583333 0.0427952 0.22 0.000161974
0 0.164951 0.0333333 0.0947996 0.0666667 0.000162256
0 0.317172 0.12 0.00704225 0.064 0.000163896
0 0.314735 0.108667 0.0162514 0.0573333 0.000165277
0 0.371885 0.257333 0.0503792 0.104 0.000165464
0 0.118093 0.580667 0.107259 0.318667 0.000166553
0 0.0184182 0.0133333 0.0368364 0.0266667 0.000167948
0 0.814464 0.57 0.371073 0.86 0.000169681
0 0.735915 0.0213333 0.0980498 0.0426667 0.00016996
0 0.989166 0.977333 0.0108342 0.0453333 0.000170685
0 0.163868 0.548667 0.327736 0.902667 0.00017078
0 0.410347 0.0506667 0.0915493 0.101333 0.000171326
0 0.198537 0.475333 0.0612134 0.118667 0.000171634
0 0.967226 0.008 0.0568797 0.016 0.000173245
0 0.464789 0.979333 0.0346696 0.0386667 0.000174077
0 0.194475 0.556667 0.0487541 0.118667 0.000176617
0 0.26273 0.376667 0.0433369 0.0573333 0.000176854
0 0.178223 1 0.0520043 0 0.000178447
0 0.851571 0 0.056338 0 0.000180087
0 0.163326 0.004 0.111051 0.008 0.000182218
0 0.322319 0.824667 0.028169 0.102667 0.000183147
0 0.453413 0.986667 0.0747562 0.0266667 0.000183261
0 0.39572 0.0133333 0.0384615 0.0266667 0.000184319
0 0.819068 0.004 0.0790899 0.008 0.000184552
0 0.327465 0.808 0.0232936 0.064 0.000186356
0 0.753792 0.988 0.0406284 0.024 0.000187399
0 0.294962 0.452 0.0547129 0.141333 0.00018778
0 0.67389 1 0.0866739 0 0.000188018
0 0.212622 1 0.0828819 0 0.000188679
0 0.00785482 0.991333 0.0157096 0.0173333 0.000189405
0 0.210997 0.432667 0.0460455 0.105333 0.000189853
0 0.00975081 0.123333 0.0173348 0.124 0.000189933
0 0.714518 0 0.0552546 0 0.000190271
0 0.980769 0.994667 0.0384615 0.0106667 0.000191878
0 0.126219 0.452 0.146262 0.352 0.000192724
0 0.250542 0.0366667 0.0547129 0.0733333 0.000194917
0 0.0151679 0.405333 0.0303359 0.202667 0.000194937
0 0.371073 0.0433333 0.0444204 0.06 0.000195709
0 0.719935 0.715333 0.56013 0.569333 0.000196324
0 0.665222 0.993333 0.0520043 0.0133333 0.000196862
0 0.989166 0.999333 0.0151679 0.00133333 0.000198106
0 0.411701 0.018 0.0660888 0.036 0.000198835
0 0.47481 0.276667 0.0362947 0.0333333 0.000202554
0 0.0362947 0.993333 0.0725894 0.0133333 0.000205739
0 0.218852 0.727333 0.0530878 0.132 0.000206898
0 0.736186 0.008 0.099675 0.016 0.000207926
0 0.0270856 0.996667 0.0509209 0.00666667 0.000210643
0 0.00866739 0.644 0.0162514 0.237333 0.000210951
0 0.00893824 0.457333 0.0178765 0.149333 0.000211873
0 0.131365 0.0246667 0.0482123 0.0466667 0.000212998
0 0.0192308 0.882 0.0211268 0.214667 0.000213112
0 0.131094 0.0593333 0.0422535 0.0706667 0.000216247
0 0.46831 0.0266667 0.0427952 0.0533333 0.000217167
0 0.788462 0 0.0568797 0 0.000221414
0 0.770585 0.423333 0.45883 0.846667 0.00022196
0 0.732394 0.970667 0.0736728 0.0586667 0.000222891
0 0.0178765 0.663333 0.035753 0.334667 0.000223277
0 0.144637 0.408667 0.289274 0.817333 0.000223515
0 0.897075 0.004 0.0801734 0.008 0.000224489
0 0.539545 0.929333 0.0498375 0.064 0.000226231
0 0.98104 1 0.035753 0 0.000226729
0 0.739978 0 0.0552546 0 0.000227887
0 0.121614 0.83 0.159805 0.34 0.00022836
0 0.349133 0.976667 0.0709642 0.0466667 0.000230097
0 0.757042 0.006 0.0752979 0.012 0.000230866
0 0.0560672 0.022 0.0720477 0.044 0.000230927
0 0.838841 1 0.0991333 0 0.000231085
0 0.266793 0.436667 0.0893824 0.305333 0.000231144
0 0.192308 0.022 0.0465872 0.044 0.000231235
0 0.466414 0.992 0.0292524 0.016 0.000232219
0 0.0260022 0.153333 0.0520043 0.170667 0.000237203
0 0.143824 0.626667 0.0937161 0.176 0.000240335
0 0.0219393 0 0.0438787 0 0.000240893
0 0.432557 0.0226667 0.0850488 0.0453333 0.000244591
0 0.680661 0.0213333 0.0514626 0.04 0.000244752
0 0.274648 0.401333 0.0173348 0.0666667 0.00024808
0 0.26273 0.018 0.0747562 0.036 0.000253428
0 0.00839653 0.361333 0.0157096 0.216 0.000255502
0 0.450704 0.042 0.0769231 0.084 0.000255539
0 0.00947996 0.516667 0.0167931 0.214667 0.000256263
0 0.065818 0.514667 0.125135 0.386667 0.000258044
0 0.0154388 0.283333 0.024377 0.214667 0.000258824
0 0.247833 0.744667 0.124052 0.361333 0.000262132
0 0.695558 0.925333 0.118093 0.149333 0.000262354
0 0.322319 0.786 0.0325027 0.102667 0.000262577
0 0.248375 0.546 0.0482123 0.113333 0.000262987
0 0.332611 0.00933333 0.0455038 0.0186667 0.000265542
0 0.936078 0.00866667 0.099675 0.0173333 0.000267361
0 0.5 0.0266667 0.0270856 0.032 0.000272239
0 0.311484 0.947333 0.0704225 0.076 0.000273455
0 0.115655 0.474667 0.0915493 0.170667 0.000277311
0 0.00975081 1 0.0195016 0 0.000279542
0 0.320964 0.502 0.0167931 0.084 0.00028045
0 0.31338 0.250667 0.0178765 0.0453333 0.000282194
0 0.222914 0.552667 0.0417118 0.092 0.000282949
0 0.326923 0.701333 0.0362947 0.144 0.000283476
0 0.65493 1 0.056338 0 0.000284191
0 0.0124594 0.588667 0.0238353 0.238667 0.00028672
0 0.0517335 0.0193333 0.0406284 0.0386667 0.000286783
0 0.336403 0.688 0.0368364 0.0906667 0.000287949
0 0.480228 0.0453333 0.067714 0.0826667 0.000294682
0 0.169014 0.737333 0.0975081 0.141333 0.000298832
0 0.0257313 0.284667 0.0492958 0.318667 0.000302468
0 0.243229 0.702 0.0823402 0.158667 0.000304286
0 0.764897 0 0.056338 0 0.000305469
0 0.600758 0.739333 0.0173348 0.0333333 0.000307315
0 0.0124594 0.716667 0.020585 0.244 0.000308252
0 0.567172 0.5 0.725894 1 0.000309193
0 0.527086 0.933333 0.0942579 0.117333 0.000310236
0 0.0219393 0.0506667 0.0352113 0.101333 0.000310593
0 0.385428 0.974667 0.0947996 0.0506667 0.000312013
0 0.169285 0.632667 0.0514626 0.121333 0.000320384
0 0.0278982 1 0.0503792 0 0.000322876
0 0.0111051 0.243333 0.0189599 0.153333 0.000327258
0 0.00866739 0.884 0.0173348 0.224 0.000329025
0 0.60428 0.728667 0.0124594 0.044 0.000329915
0 0.258397 0.499333 0.0465872 0.161333 0.000330924
0 0.144095 0.558 0.0465872 0.145333 0.000330982
0 0.0148971 0.779333 0.0297941 0.217333 0.000337095
0 0.0138137 0.470667 0.024377 0.229333 0.000341353
0 0.0268147 0.476 0.0536295 0.325333 0.000356469
0 0.838299 0.0113333 0.108884 0.0226667 0.00036247
0 0.0195016 0.244 0.0390032 0.130667 0.000363974
0 0.36078 0.0173333 0.0888407 0.0346667 0.000368175
0 0.630282 1 0.0568797 0 0.000368694
0 0.419827 0.983333 0.0942579 0.0333333 0.000370976
0 0.1961 0.707333 0.0780065 0.145333 0.000373962
0 0.792253 0.0186667 0.10455 0.0373333 0.000383611
0 0.249729 0.596 0.0855905 0.168 0.000394824
0 0.774377 0.006 0.0980498 0.012 0.000408466
0 0.18039 0.585333 0.0509209 0.130667 0.000411216
0 0.399242 0.381333 0.028169 0.064 0.000425322
0 0.640845 0.996667 0.0552546 0.00666667 0.000431415
0 0.629198 0.854667 0.195558 0.290667 0.000436558
0 0.718039 0.00333333 0.116468 0.00666667 0.000444213
0 0.20883 0.636 0.0471289 0.096 0.000449538
0 0.220748 0.671333 0.0514626 0.118667 0.00045044
0 0.455038 0.0326667 0.0379198 0.052 0.0004664
0 0.0197725 0.123333 0.0352113 0.116 0.000471828
0 0.913868 0.998667 0.111593 0.00266667 0.000480462
0 0.31636 0.239333 0.0195016 0.028 0.000483337
0 0.368364 0.628667 0.663055 0.742667 0.000494245
0 0.273835 0.435333 0.0211268 0.1 0.000509336
0 0.964518 0 0.0579632 0 0.00051304
0 0.387866 0.0226667 0.0780065 0.0453333 0.000516895
0 0.869177 0.0246667 0.107801 0.0493333 0.000526391
0 0.17416 0.844 0.122969 0.224 0.000527137
0 0.0222102 0.847333 0.0411701 0.305333 0.000529442
0 0.32584 0.962 0.0687974 0.0493333 0.000536824
0 0.214789 0.837333 0.100217 0.218667 0.000554749
0 0.458288 0.988667 0.0270856 0.02 0.000555407
0 0.369989 0.0233333 0.0465872 0.0466667 0.000565509
0 0.394637 0.347333 0.0373781 0.113333 0.000579424
0 0.443662 0.97 0.0595883 0.06 0.00060241
0 0.27844 0.467333 0.0292524 0.150667 0.00060809
0 0.141387 0.482667 0.0888407 0.256 0.000611011
0 0.167389 0.452 0.113759 0.16 0.000651602
0 0.190141 0.713333 0.380282 0.573333 0.000652416
0 0.235374 0.580667 0.0438787 0.0973333 0.000695465
0 0.168472 0.458 0.0476706 0.121333 0.000696122
0 0.443391 0.0346667 0.0297941 0.0453333 0.000696556
0 0.226706 0.52 0.122969 0.413333 0.000717081
0 0.244041 0.641333 0.0503792 0.114667 0.000731454
0 0.0143554 0.836 0.0200433 0.234667 0.000741375
0 0.333694 0.939333 0.0780065 0.113333 0.000781307
0 0.356446 0.933333 0.0834236 0.133333 0.0007942
0 0.221289 0.603333 0.0492958 0.108 0.000826096
0 0.638678 0.998667 0.0953413 0.00266667 0.00089198
0 0.456392 0.0553333 0.0362947 0.0653333 0.000910091
0 0.625677 0.890667 0.170098 0.170667 0.000913015
0 0.207746 0.581333 0.0482123 0.117333 0.00100156
0 0.367551 0.0313333 0.0774648 0.0626667 0.0010042
0 0.0341278 0.0186667 0.0660888 0.0373333 0.00100713
0 0.76571 0.000666667 0.133803 0.00133333 0.00101028
0 0.382178 0.964 0.039545 0.064 0.00103495
0 0.325569 0.825333 0.0151679 0.0533333 0.00104305
0 0.391387 0.0346667 0.0612134 0.0613333 0.00104941
0 0.4526 0.983333 0.0352113 0.0333333 0.00117948
0 0.32909 0.814 0.0124594 0.0493333 0.00118661
0 0.899512 0.00666667 0.121885 0.0133333 0.00119265
0 0.187974 0.633333 0.0942579 0.154667 0.00122433
0 0.37026 0.438 0.528169 0.876 0.00131366
0 0.173077 0.748667 0.154388 0.324 0.00131515
0 0.431203 0.046 0.0465872 0.06 0.00133265
0 0.839382 0 0.166306 0 0.00135318
0 0.152763 0.476 0.0650054 0.152 0.0014407
0 0.648971 0.993333 0.0975081 0.0133333 0.00146607
0 0.33234 0.0193333 0.0449621 0.0386667 0.00149834
0 0.379198 0.292 0.0823402 0.24 0.00154679
0 0.213705 0.644 0.137053 0.344 0.00168663
0 0.225894 0.516 0.0877573 0.189333 0.00190672
0 0.890303 0 0.164139 0 0.00198125
0 0.236999 0.5 0.473998 1 0.00208874
0 0.167118 0.548 0.160888 0.376 0.00211524
0 0.696912 0.847333 0.06013 0.222667 0.00225436
0 0.228332 0.649333 0.0817985 0.181333 0.00231615
0 0.265168 0.04 0.0417118 0.0613333 0.0024949
0 0.216956 0.718 0.105634 0.206667 0.0027999
0 0.221831 0.454667 0.0731311 0.133333 0.00342661
0 0.841549 0.507333 0.316901 0.785333 0.00343474
0 0.394095 0.310667 0.0330444 0.104 0.00348335
0 0.668202 0.5 0.663597 1 0.00351647
0 0.420639 0.0313333 0.0655471 0.0626667 0.00407897
0 0.393554 0.0253333 0.0373781 0.0426667 0.00428705
0 0.0460455 0.026 0.0411701 0.044 0.00460085
0 0.720206 0.746 0.355905 0.508 0.00491327
0 0.569881 0.644 0.444204 0.712 0.00507342
0 0.20883 0.598667 0.0807151 0.16 0.00515194
0 0.167389 0.553333 0.118093 0.178667 0.00531692
0 0.406284 0.0326667 0.0433369 0.044 0.0061318
0 0.552004 0.926 0.114843 0.148 0.00849521
0 0.159534 0.587333 0.0720477 0.161333 0.0103902
0 0.248104 0.449333 0.0606717 0.173333 0.0134
0 0.726436 0.931333 0.0855905 0.105333 0.0137506
0 0.441224 0.978667 0.0482123 0.032 0.0190049
0 0.267335 0.448667 0.0373781 0.137333 0.051245
0 0.380011 0.292667 0.0492958 0.142667 0.0991233
0 0.356176 0.962 0.0774648 0.0653333 0.117789
0 0.719664 0.888 0.0904659 0.213333 0.136101
0 0.555255 0.934 0.0812568 0.1 0.829689
