0 0.0880282 0.088 0.0893824 0.125333 1.40433e-05
0 0.212622 0.210667 0.0839653 0.285333 1.40653e-05
0 0.331257 0.34 0.0720477 0.304 1.41229e-05
0 0.510834 0.528 0.0498375 0.136 1.41385e-05
0 0.718852 0.567333 0.0628386 0.318667 1.42258e-05
0 0.454767 0.318 0.0308776 0.0786667 1.42368e-05
0 0.982123 0.512 0.035753 0.136 1.43344e-05
0 0.388137 0.527333 0.067714 0.150667 1.43461e-05
0 0.481853 0.152667 0.0763814 0.276 1.43747e-05
0 0.249187 0.298667 0.0433369 0.325333 1.46106e-05
0 0.59182 0.594667 0.0449621 0.146667 1.46787e-05
0 0.358613 0.413333 0.063922 0.130667 1.47414e-05
0 0.119177 0.99 0.0769231 0.02 1.47479e-05
0 0.869989 0.0213333 0.0465872 0.0426667 1.47632e-05
0 0.25948 0.978 0.0216685 0.044 1.47683e-05
0 0.841008 0.975333 0.0904659 0.0493333 1.47831e-05
0 0.407909 0.144 0.0855905 0.28 1.47926e-05
0 0.71208 0.336 0.067714 0.256 1.4833e-05
0 0.140574 0.219333 0.14247 0.177333 1.48505e-05
0 0.731582 0.866667 0.0763814 0.176 1.48665e-05
0 0.540087 0.284667 0.0888407 0.252 1.48924e-05
0 0.166576 0.531333 0.119718 0.233333 1.49192e-05
0 0.736999 0.218667 0.0763814 0.136 1.4921e-05
0 0.0861322 0.346 0.138678 0.278667 1.49214e-05
0 0.0633803 0.92 0.12026 0.16 1.49234e-05
0 0.883532 0.488 0.230769 0.594667 1.50212e-05
0 0.718039 0.206667 0.154388 0.413333 1.50487e-05
0 0.28467 0.160667 0.181473 0.321333 1.50613e-05
0 0.423348 0.996 0.0644637 0.008 1.50704e-05
0 0.641387 0.157333 0.0314193 0.04 1.51646e-05
0 0.570152 0.967333 0.0698808 0.044 1.52426e-05
0 0.455309 0.00533333 0.0666305 0.0106667 1.52714e-05
0 0.982665 0.450667 0.0346696 0.144 1.53183e-05
0 0.222102 0.982667 0.035753 0.0293333 1.53652e-05
0 0.55065 0.357333 0.0276273 0.072 1.5384e-05
0 0.111051 0.419333 0.122427 0.273333 1.5416e-05
0 0.594258 0.945333 0.035753 0.0586667 1.54191e-05
0 0.480769 0.342667 0.088299 0.250667 1.54647e-05
0 0.744041 0.303333 0.0341278 0.06 1.55255e-05
0 0.421452 0.352 0.137595 0.56 1.55428e-05
0 0.0203142 0.3 0.039545 0.12 1.55531e-05
0 0.275731 0.364 0.0270856 0.0613333 1.55532e-05
0 0.300379 0.741333 0.0817985 0.194667 1.55579e-05
0 0.330173 0.776 0.088299 0.186667 1.55739e-05
0 0.47779 0.216667 0.0216685 0.0226667 1.56155e-05
0 0.241062 0.292 0.0130011 0.0373333 1.56713e-05
0 0.261647 0.263333 0.132178 0.526667 1.56774e-05
0 0.384074 0.283333 0.0249187 0.06 1.56935e-05
0 0.682015 0.976 0.0487541 0.0266667 1.57716e-05
0 0.686078 0.35 0.0427952 0.126667 1.57989e-05
0 0.670098 0.112667 0.0303359 0.084 1.58278e-05
0 0.169827 0.150667 0.0449621 0.056 1.59069e-05
0 0.519772 0.963333 0.0276273 0.0706667 1.5967e-05
0 0.909534 0.0506667 0.0910076 0.0826667 1.60455e-05
0 0.236999 0.751333 0.0211268 0.124 1.60557e-05
0 0.521127 0.74 0.157096 0.52 1.60769e-05
0 0.568256 0.963333 0.0931744 0.0733333 1.61254e-05
0 0.944745 0.999333 0.0520043 0.00133333 1.61604e-05
0 0.340195 0.251333 0.0801734 0.276 1.61742e-05
0 0.0130011 0.93 0.0260022 0.14 1.62e-05
0 0.357259 0.068 0.0254605 0.0746667 1.63436e-05
0 0.252979 0.644667 0.0585049 0.084 1.63623e-05
0 0.435807 0.153333 0.0752979 0.157333 1.64396e-05
0 0.722644 0.523333 0.0379198 0.188 1.64482e-05
0 0.582611 0.158667 0.0330444 0.0373333 1.64555e-05
0 0.54415 0.448667 0.0287107 0.0733333 1.65188e-05
0 0.950163 0.734667 0.099675 0.525333 1.65409e-05
0 0.0219393 0.457333 0.0438787 0.088 1.65791e-05
0 0.37026 0.240667 0.0222102 0.044 1.65939e-05
0 0.217497 0.285333 0.0568797 0.136 1.66673e-05
0 0.225623 0.47 0.0222102 0.0226667 1.67681e-05
0 0.46208 0.243333 0.0650054 0.316 1.67812e-05
0 0.184453 0.408667 0.0503792 0.124 1.68258e-05
0 0.535482 0.14 0.0622969 0.133333 1.68311e-05
0 0.030065 0.184 0.0471289 0.133333 1.68627e-05
0 0.127844 0.843333 0.108342 0.313333 1.68632e-05
0 0.128115 0.999333 0.0536295 0.00133333 1.69078e-05
0 0.031961 0.274 0.0465872 0.134667 1.69304e-05
0 0.742958 0.914 0.0937161 0.126667 1.69499e-05
0 0.109967 0.988 0.118093 0.024 1.71559e-05
0 0.661972 0.205333 0.0671723 0.138667 1.7201e-05
0 0.297942 0.179333 0.0303359 0.0946667 1.72574e-05
0 0.631365 0.308667 0.0514626 0.129333 1.72703e-05
0 0.141928 0.0813333 0.0931744 0.138667 1.72722e-05
0 0.547129 0.599333 0.0292524 0.0386667 1.7294e-05
0 0.636241 0.206 0.067714 0.14 1.73299e-05
0 0.022481 0.357333 0.0276273 0.221333 1.73563e-05
0 0.370802 0.259333 0.0655471 0.318667 1.74111e-05
0 0.614843 0.714667 0.0260022 0.112 1.74156e-05
0 0.385157 0.594667 0.063922 0.184 1.742e-05
0 0.377573 0.168 0.198267 0.336 1.7429e-05
0 0.764085 0.154 0.0915493 0.145333 1.74341e-05
0 0.687974 0.273333 0.0606717 0.133333 1.75107e-05
0 0.355363 0.654 0.0747562 0.217333 1.75687e-05
0 0.637866 0.967333 0.10455 0.0653333 1.76042e-05
0 0.682828 0.162667 0.0232936 0.064 1.76455e-05
0 0.981853 0.693333 0.0362947 0.221333 1.76555e-05
0 0.73429 0.691333 0.0232936 0.0413333 1.76878e-05
0 0.211538 0.544 0.0232936 0.106667 1.77501e-05
0 0.559859 0.520667 0.0698808 0.286667 1.77544e-05
0 0.974269 0.0773333 0.0417118 0.0773333 1.77764e-05
0 0.610509 0.758 0.0650054 0.313333 1.78145e-05
0 0.246479 0.0453333 0.0411701 0.0693333 1.78405e-05
0 0.283857 0.8 0.0823402 0.146667 1.7889e-05
0 0.0912784 0 0.052546 0 1.81166e-05
0 0.274106 0.993333 0.056338 0.0133333 1.81835e-05
0 0.580986 0.886667 0.0926327 0.226667 1.81979e-05
0 0.707747 0.215333 0.0774648 0.206667 1.82416e-05
0 0.982394 0.175333 0.0352113 0.14 1.82507e-05
0 0.461268 0.158667 0.0687974 0.144 1.82543e-05
0 0.724269 0.476667 0.0628386 0.137333 1.82627e-05
0 0.504605 0.273333 0.0817985 0.250667 1.831e-05
0 0.15195 0.999333 0.0503792 0.00133333 1.83236e-05
0 0.538191 0.536667 0.0417118 0.126667 1.83517e-05
0 0.688245 0.964667 0.0947996 0.0706667 1.83675e-05
0 0.236457 0.893333 0.0471289 0.144 1.83985e-05
0 0.690141 0.211333 0.0617551 0.137333 1.85304e-05
0 0.78169 0.963333 0.0509209 0.0493333 1.85698e-05
0 0.00839653 0.964 0.0092091 0.072 1.86181e-05
0 0.892741 0.998667 0.0498375 0.00266667 1.86233e-05
0 0.510022 0.44 0.0536295 0.106667 1.86251e-05
0 0.714518 0.274 0.0628386 0.121333 1.86254e-05
0 0.571506 0.286667 0.0325027 0.0666667 1.86468e-05
0 0.822048 0.410667 0.0362947 0.088 1.86525e-05
0 0.736186 0.148667 0.0693391 0.126667 1.87765e-05
0 0.521939 0.974 0.0167931 0.0466667 1.87894e-05
0 0.829361 0.171333 0.163597 0.342667 1.87908e-05
0 0.364301 0.209333 0.14247 0.418667 1.88099e-05
0 0.466685 0.493333 0.13922 0.504 1.88299e-05
0 0.530336 0.953333 0.0346696 0.056 1.8919e-05
0 0.618635 0.158 0.0270856 0.044 1.89263e-05
0 0.209101 0.885333 0.0801734 0.226667 1.89582e-05
0 0.518147 0.178 0.190141 0.356 1.89738e-05
0 0.384615 0.404667 0.0628386 0.118667 1.90879e-05
0 0.162243 0.285333 0.211809 0.570667 1.90907e-05
0 0.608613 0.222667 0.0438787 0.133333 1.915e-05
0 0.94312 0.0686667 0.0931744 0.121333 1.91902e-05
0 0.43987 0.950667 0.0823402 0.0986667 1.93156e-05
0 0.770043 0.616 0.0427952 0.0666667 1.93239e-05
0 0.52519 0.992667 0.0622969 0.0146667 1.93499e-05
0 0.485915 0.973333 0.0877573 0.0533333 1.94058e-05
0 0.131907 0.550667 0.0482123 0.138667 1.94669e-05
0 0.3039 0.117333 0.0303359 0.0853333 1.95352e-05
0 0.739707 0.339333 0.0709642 0.116 1.95802e-05
0 0.64545 0.572 0.0352113 0.154667 1.96417e-05
0 0.951517 0.478 0.0969664 0.566667 1.96523e-05
0 0.480498 0.266 0.0509209 0.1 1.96875e-05
0 0.727519 0.818667 0.0270856 0.114667 1.97074e-05
0 0.766251 0.26 0.151138 0.52 1.97248e-05
0 0.763001 0.281333 0.0796316 0.128 1.97401e-05
0 0.277086 0.746 0.0557963 0.134667 1.97801e-05
0 0.33559 0.35 0.0655471 0.153333 1.9815e-05
0 0.410618 0.244667 0.0866739 0.270667 1.98914e-05
0 0.380823 0.173333 0.0606717 0.144 2.00821e-05
0 0.385699 0.0926667 0.0812568 0.185333 2.00846e-05
0 0.410888 0.402667 0.0579632 0.114667 2.00901e-05
0 0.179307 0.168 0.0433369 0.0613333 2.01365e-05
0 0.786566 0.979333 0.0866739 0.0413333 2.01526e-05
0 0.592362 0.513333 0.0471289 0.141333 2.02235e-05
0 0.19312 0.538667 0.0417118 0.176 2.02786e-05
0 0.484561 0.162 0.0633803 0.129333 2.03183e-05
0 0.331257 0.231333 0.0373781 0.0733333 2.04047e-05
0 0.920368 0.967333 0.118093 0.0653333 2.04206e-05
0 0.738895 0.735333 0.0335861 0.105333 2.04243e-05
0 0.610238 0.806667 0.128386 0.386667 2.04313e-05
0 0.508397 0.152667 0.052546 0.137333 2.04319e-05
0 0.00785482 0.948 0.0157096 0.104 2.05797e-05
0 0.987541 0.601333 0.0216685 0.154667 2.05953e-05
0 0.947454 0.0513333 0.0465872 0.06 2.06055e-05
0 0.917389 0 0.0536295 0 2.0643e-05
0 0.871885 0.735333 0.25623 0.529333 2.07148e-05
0 0.611051 0.307333 0.0682557 0.102667 2.0725e-05
0 0.663326 0.185333 0.13922 0.370667 2.07689e-05
0 0.00947996 0.0406667 0.0135428 0.0813333 2.07759e-05
0 0.807421 0.07 0.0471289 0.105333 2.08428e-05
0 0.244312 0.740667 0.0671723 0.257333 2.09457e-05
0 0.827736 0.02 0.0509209 0.04 2.09971e-05
0 0.0419827 0.207333 0.0839653 0.414667 2.1006e-05
0 0.0850488 0.952 0.140845 0.096 2.10365e-05
0 0.607259 0.112667 0.0314193 0.076 2.10531e-05
0 0.683099 0.147333 0.0476706 0.137333 2.10557e-05
0 0.117281 0.0733333 0.1013 0.146667 2.10608e-05
0 0.462622 0.662 0.0660888 0.257333 2.11137e-05
0 0.143283 0.0566667 0.0417118 0.1 2.13072e-05
0 0.831798 0.963333 0.052546 0.06 2.1316e-05
0 0.710726 0.980667 0.0422535 0.0306667 2.13332e-05
0 0.954225 0.198667 0.0915493 0.397333 2.13529e-05
0 0.0514626 0.148 0.084507 0.178667 2.13785e-05
0 0.783044 0.268 0.0937161 0.237333 2.15317e-05
0 0.117822 0.397333 0.0482123 0.112 2.15585e-05
0 0.181203 0.111333 0.039545 0.105333 2.15653e-05
0 0.579632 0.973333 0.0444204 0.0266667 2.17042e-05
0 0.783315 0.068 0.0509209 0.0986667 2.17186e-05
0 0.619177 0.319333 0.126761 0.409333 2.19201e-05
0 0.563922 0.242667 0.0422535 0.128 2.19303e-05
0 0.532232 0.974667 0.0384615 0.0266667 2.19801e-05
0 0.569068 0.638 0.115385 0.470667 2.20416e-05
0 0.583965 0.232667 0.0455038 0.126667 2.21052e-05
0 0.96208 0.968 0.0758397 0.064 2.21426e-05
0 0.521398 0.598667 0.0460455 0.0906667 2.21543e-05
0 0.580173 0.944 0.0400867 0.064 2.23685e-05
0 0.252979 0.890667 0.0650054 0.210667 2.25761e-05
0 0.618906 0.572667 0.0254605 0.028 2.25821e-05
0 0.564735 0.452 0.0471289 0.141333 2.26341e-05
0 0.520585 0.494 0.0747562 0.169333 2.26365e-05
0 0.331528 0.417333 0.0140845 0.0373333 2.26604e-05
0 0.0325027 0.539333 0.0411701 0.222667 2.2715e-05
0 0.297129 0.144667 0.0276273 0.092 2.27255e-05
0 0.387595 0.998 0.0742145 0.004 2.27343e-05
0 0.661159 0.750667 0.128386 0.498667 2.27372e-05
0 0.561755 0.092 0.0801734 0.184 2.27813e-05
0 0.182557 0.986 0.0704225 0.028 2.28557e-05
0 0.457205 0.267333 0.130011 0.497333 2.2936e-05
0 0.0503792 1 0.0541712 0 2.29502e-05
0 0.482665 0.401333 0.0606717 0.0986667 2.29824e-05
0 0.793608 0.992 0.0476706 0.016 2.30257e-05
0 0.593445 0.845333 0.0492958 0.248 2.30525e-05
0 0.713164 0.347333 0.0438787 0.126667 2.31102e-05
0 0.708017 0.154667 0.0552546 0.146667 2.31471e-05
0 0.991333 0.682 0.0173348 0.268 2.3161e-05
0 0.216956 0.219333 0.0687974 0.14 2.32436e-05
0 0.573402 0.308667 0.0622969 0.150667 2.32532e-05
0 0.513543 0.942667 0.0292524 0.109333 2.3304e-05
0 0.0238353 0.966667 0.0476706 0.0666667 2.34364e-05
0 0.831528 0.427333 0.0444204 0.084 2.34453e-05
0 0.101571 0.482 0.100217 0.0733333 2.35906e-05
0 0.359155 0.740667 0.0530878 0.289333 2.36512e-05
0 0.365926 0.996667 0.0438787 0.00666667 2.36923e-05
0 0.654388 0.145333 0.0476706 0.12 2.37232e-05
0 0.180932 0.0193333 0.0465872 0.0386667 2.37401e-05
0 0.366739 0.323333 0.0682557 0.150667 2.40092e-05
0 0.193662 0.0833333 0.0341278 0.105333 2.4024e-05
0 0.963976 0.652667 0.0644637 0.254667 2.41742e-05
0 0.531419 0.0893333 0.0888407 0.178667 2.41795e-05
0 0.159263 0.814667 0.263272 0.370667 2.41821e-05
0 0.219393 0.0486667 0.035753 0.076 2.42099e-05
0 0.384615 0.675333 0.0379198 0.292 2.43765e-05
0 0.322589 0.708667 0.0763814 0.166667 2.43885e-05
0 0.511376 0.346 0.0834236 0.121333 2.45353e-05
0 0.107259 0.392 0.214518 0.602667 2.45361e-05
0 0.538732 0.452 0.0655471 0.130667 2.45423e-05
0 0.916847 0.813333 0.166306 0.373333 2.45844e-05
0 0.56338 0.692667 0.0433369 0.150667 2.4664e-05
0 0.910347 0.986667 0.0817985 0.0266667 2.47158e-05
0 0.693391 0.138667 0.028169 0.0773333 2.4842e-05
0 0.257855 0.964 0.063922 0.072 2.51357e-05
0 0.130823 0.0853333 0.0449621 0.112 2.51718e-05
0 0.364301 0.503333 0.0817985 0.164 2.5196e-05
0 0.630823 0.570667 0.0211268 0.0613333 2.52697e-05
0 0.918472 0.018 0.0460455 0.036 2.53342e-05
0 0.0831528 0.466 0.0785482 0.0626667 2.53354e-05
0 0.72454 0.822 0.0406284 0.172 2.53791e-05
0 0.216143 0.334 0.056338 0.121333 2.53826e-05
0 0.867281 0.996667 0.0498375 0.00666667 2.54202e-05
0 0.612134 0.756667 0.0422535 0.156 2.54988e-05
0 0.73727 0.649333 0.0530878 0.293333 2.55698e-05
0 0.944204 0 0.0552546 0 2.57521e-05
0 0.684724 0.968 0.0985916 0.064 2.58105e-05
0 0.484019 0.228 0.0113759 0.0266667 2.58252e-05
0 0.63597 0.38 0.0379198 0.0826667 2.58797e-05
0 0.0574215 0.0773333 0.0877573 0.138667 2.58994e-05
0 0.430119 0.65 0.092091 0.265333 2.59303e-05
0 0.222644 0.162667 0.0682557 0.104 2.59642e-05
0 0.214518 0.513333 0.0509209 0.344 2.60863e-05
0 0.0408992 0.998667 0.0547129 0.00266667 2.61042e-05
0 0.117551 0 0.0541712 0 2.6167e-05
0 0.362134 0.639333 0.18364 0.606667 2.61912e-05
0 0.0143554 0.145333 0.0287107 0.173333 2.61928e-05
0 0.596154 0.156 0.0352113 0.0373333 2.6246e-05
0 0.524106 0.636 0.052546 0.0933333 2.63143e-05
0 0.361863 0.0673333 0.063922 0.0973333 2.63231e-05
0 0.0306067 0.032 0.0492958 0.064 2.64001e-05
0 0.51273 0.973333 0.0200433 0.04 2.64209e-05
0 0.682828 0.136 0.0276273 0.072 2.64748e-05
0 0.891658 0 0.0541712 0 2.65037e-05
0 0.763272 0.217333 0.104009 0.192 2.66166e-05
0 0.717497 0.662 0.0438787 0.110667 2.66586e-05
0 0.343174 0.248 0.0687974 0.117333 2.674e-05
0 0.0880282 1 0.0568797 0 2.67777e-05
0 0.0186891 0.697333 0.0373781 0.125333 2.68658e-05
0 0.280878 0.211333 0.0709642 0.113333 2.68679e-05
0 0.565547 0.815333 0.185265 0.369333 2.68818e-05
0 0.670098 0.873333 0.0953413 0.178667 2.69197e-05
0 0.617551 0.602667 0.028169 0.0933333 2.69648e-05
0 0.811755 0.987333 0.0969664 0.0253333 2.70535e-05
0 0.577465 0.358667 0.0411701 0.221333 2.70807e-05
0 0.210455 0.968 0.0807151 0.064 2.72055e-05
0 0.383261 0.260667 0.0200433 0.068 2.72214e-05
0 0.633261 0.750667 0.020585 0.064 2.72728e-05
0 0.50948 0.408667 0.0763814 0.105333 2.73075e-05
0 0.312568 0.2 0.0411701 0.0586667 2.73873e-05
0 0.503521 0.285333 0.0492958 0.12 2.74714e-05
0 0.575569 0.785333 0.0633803 0.157333 2.75072e-05
0 0.96831 0.880667 0.0503792 0.14 2.75199e-05
0 0.236186 0.536667 0.084507 0.14 2.75561e-05
0 0.603738 0.414667 0.0308776 0.0906667 2.75669e-05
0 0.430932 0.35 0.039545 0.0626667 2.75789e-05
0 0.421452 0.476 0.0823402 0.165333 2.76174e-05
0 0.280336 0.976667 0.0492958 0.0466667 2.76682e-05
0 0.669014 0.138667 0.0260022 0.0666667 2.77078e-05
0 0.621885 0.954 0.102925 0.092 2.77385e-05
0 0.129469 0.484 0.0520043 0.072 2.77512e-05
0 0.616468 0.474 0.0455038 0.158667 2.78864e-05
0 0.110238 0.429333 0.100217 0.106667 2.7963e-05
0 0.53792 0.388 0.0823402 0.258667 2.79726e-05
0 0.0203142 0.573333 0.0406284 0.122667 2.79934e-05
0 0.108342 0.432667 0.0455038 0.0706667 2.80142e-05
0 0.0203142 0.365333 0.039545 0.114667 2.80889e-05
0 0.436349 0.401333 0.0752979 0.109333 2.811e-05
0 0.366468 0.216 0.0287107 0.024 2.82372e-05
0 0.760022 0.965333 0.0671723 0.0693333 2.82945e-05
0 0.331798 0.174 0.0850488 0.214667 2.83859e-05
0 0.209642 0.0993333 0.0758397 0.198667 2.84198e-05
0 0.329361 0.107333 0.084507 0.214667 2.8457e-05
0 0.377302 0.234667 0.0178765 0.0346667 2.85081e-05
0 0.750271 0.750667 0.111593 0.416 2.86549e-05
0 0.241333 0.285333 0.0222102 0.0373333 2.8833e-05
0 0.444745 0.00266667 0.0509209 0.00533333 2.88522e-05
0 0.558505 0.0453333 0.0476706 0.0746667 2.88832e-05
0 0.0197725 0.668667 0.0254605 0.246667 2.89285e-05
0 0.551733 0.330667 0.0287107 0.0586667 2.89451e-05
0 0.282503 0.900667 0.0666305 0.166667 2.90023e-05
0 0.31013 0.408 0.0666305 0.141333 2.91499e-05
0 0.248917 0.346667 0.0449621 0.104 2.91713e-05
0 0.485915 0.00333333 0.0910076 0.00666667 2.91717e-05
0 0.625135 0.748667 0.0130011 0.0706667 2.91873e-05
0 0.341278 0.998 0.0455038 0.004 2.92607e-05
0 0.864301 0.0833333 0.112134 0.166667 2.93004e-05
0 0.487541 0.964667 0.0671723 0.0706667 2.93328e-05
0 0.566631 0.146667 0.0487541 0.12 2.9452e-05
0 0.653575 0.138 0.0287107 0.0626667 2.94973e-05
0 0.381907 0.652 0.0985916 0.298667 2.95482e-05
0 0.113489 0.263333 0.155471 0.326667 2.97198e-05
0 0.561213 0.531333 0.0422535 0.137333 2.97763e-05
0 0.5948 0.704 0.0650054 0.16 3.00074e-05
0 0.618906 0.00466667 0.0687974 0.00933333 3.01658e-05
0 0.481582 0.352667 0.0769231 0.121333 3.01746e-05
0 0.988624 0.54 0.0227519 0.144 3.01788e-05
0 0.158451 0.634 0.129469 0.361333 3.01893e-05
0 0.0249187 0.765333 0.0444204 0.237333 3.01967e-05
0 0.37026 0.246667 0.0774648 0.154667 3.03337e-05
0 0.188516 0.0733333 0.0834236 0.146667 3.04872e-05
0 0.917118 1 0.0541712 0 3.05501e-05
0 0.841549 0.03 0.114301 0.06 3.07082e-05
0 0.505688 0.00266667 0.0492958 0.00533333 3.07939e-05
0 0.468852 0.783333 0.169556 0.433333 3.07954e-05
0 0.739978 0.706 0.0270856 0.0546667 3.08301e-05
0 0.251354 0.162 0.0693391 0.214667 3.08514e-05
0 0.466956 0 0.0530878 0 3.08955e-05
0 0.785482 0.342 0.0422535 0.0573333 3.09638e-05
0 0.977519 0.263333 0.0449621 0.158667 3.10532e-05
0 0.742145 0.944667 0.105092 0.110667 3.10566e-05
0 0.440953 0.248667 0.0249187 0.052 3.12801e-05
0 0.706663 0.0953333 0.0839653 0.190667 3.13227e-05
0 0.287107 0.158667 0.0487541 0.125333 3.14314e-05
0 0.906826 0.086 0.114843 0.132 3.14335e-05
0 0.506501 0.416 0.0379198 0.064 3.16474e-05
0 0.216414 0.0253333 0.111051 0.0506667 3.16492e-05
0 0.732123 0.0366667 0.0460455 0.0573333 3.19385e-05
0 0.598321 0.441333 0.0460455 0.154667 3.21915e-05
0 0.440141 0 0.0536295 0 3.21976e-05
0 0.75623 0.444667 0.0834236 0.121333 3.22038e-05
0 0.249729 0.304667 0.0325027 0.121333 3.25715e-05
0 0.39545 0.316 0.0617551 0.109333 3.2606e-05
0 0.817714 0.00133333 0.0536295 0.00266667 3.27273e-05
0 0.273294 0.452 0.0254605 0.056 3.28682e-05
0 0.16468 0.0973333 0.0910076 0.194667 3.2943e-05
0 0.199079 0.479333 0.0373781 0.0973333 3.30127e-05
0 0.497562 0.236667 0.0352113 0.102667 3.30167e-05
0 0.519772 0.951333 0.0124594 0.0813333 3.31082e-05
0 0.513543 0.0373333 0.104009 0.0746667 3.32454e-05
0 0.0595883 0.688667 0.119177 0.241333 3.33213e-05
0 0.733749 0.957333 0.0547129 0.0853333 3.34179e-05
0 0.225352 0.478 0.0162514 0.028 3.34752e-05
0 0.525731 0.903333 0.0752979 0.161333 3.35091e-05
0 0.417931 1 0.0449621 0 3.35353e-05
0 0.103738 0.632667 0.146804 0.278667 3.35573e-05
0 0.300921 0.995333 0.0731311 0.00933333 3.38204e-05
0 0.0130011 0.877333 0.0260022 0.194667 3.39148e-05
0 0.388949 0.283333 0.0541712 0.0893333 3.40364e-05
0 0.326652 0.415333 0.0140845 0.0333333 3.40859e-05
0 0.894095 0.0253333 0.122969 0.0506667 3.42265e-05
0 0.537107 0.943333 0.0861322 0.113333 3.43918e-05
0 0.181744 0.0553333 0.0427952 0.0866667 3.46119e-05
0 0.542795 0.298667 0.0682557 0.104 3.47123e-05
0 0.378927 0.998667 0.0449621 0.00266667 3.47136e-05
0 0.131636 0.426667 0.0498375 0.08 3.47246e-05
0 0.208559 0.092 0.0541712 0.133333 3.47378e-05
0 0.731582 0.00266667 0.0698808 0.00533333 3.4869e-05
0 0.218581 0.0253333 0.0536295 0.0506667 3.49195e-05
0 0.597508 0.657333 0.0411701 0.165333 3.50334e-05
0 0.789545 0.512667 0.0991333 0.193333 3.5098e-05
0 0.291983 0 0.0530878 0 3.52683e-05
0 0.738624 0.034 0.106717 0.068 3.53882e-05
0 0.492145 0 0.0536295 0 3.54695e-05
0 0.978602 0.03 0.0427952 0.06 3.5553e-05
0 0.982665 0.588 0.0346696 0.352 3.55994e-05
0 0.191224 0.995333 0.0476706 0.00933333 3.56641e-05
0 0.259751 0.258 0.0644637 0.158667 3.57045e-05
0 0.914139 0.278 0.171723 0.276 3.57058e-05
0 0.353196 0.195333 0.056338 0.0866667 3.60266e-05
0 0.625406 0.556667 0.0167931 0.092 3.61153e-05
0 0.892741 0.944667 0.138678 0.110667 3.62546e-05
0 0.583153 0.898667 0.0796316 0.114667 3.63625e-05
0 0.476977 0.232667 0.0167931 0.0413333 3.67904e-05
0 0.560672 0.08 0.0585049 0.128 3.6968e-05
0 0.240249 0.195333 0.0460455 0.0866667 3.71472e-05
0 0.765439 0.45 0.124594 0.417333 3.71565e-05
0 0.243229 0.411333 0.0617551 0.308 3.74345e-05
0 0.4526 0.334 0.0536295 0.105333 3.75146e-05
0 0.71506 0.971333 0.0650054 0.0573333 3.76728e-05
0 0.156826 0.0846667 0.0417118 0.116 3.77912e-05
0 0.640303 0.563333 0.0260022 0.0706667 3.78203e-05
0 0.0571506 0.414667 0.114301 0.162667 3.81188e-05
0 0.371343 0.262 0.0384615 0.108 3.82337e-05
0 0.392741 0 0.0541712 0 3.82361e-05
0 0.842904 0 0.0541712 0 3.82481e-05
0 0.214247 0.426667 0.0438787 0.112 3.82824e-05
0 0.116739 0.462667 0.0482123 0.0506667 3.84536e-05
0 0.588841 0.141333 0.0411701 0.0933333 3.84992e-05
0 0.164951 0.644 0.241062 0.618667 3.85459e-05
0 0.295233 0.998667 0.0465872 0.00266667 3.85699e-05
0 0.549837 0.638 0.0108342 0.0546667 3.86011e-05
0 0.0430661 0.384 0.0861322 0.517333 3.86517e-05
0 0.811755 0.833333 0.213976 0.333333 3.87078e-05
0 0.726977 0.707333 0.028169 0.0466667 3.87304e-05
0 0.991333 0.567333 0.0173348 0.276 3.87754e-05
0 0.53494 0.0433333 0.0666305 0.068 3.87938e-05
0 0.0536295 0.000666667 0.0552546 0.00133333 3.88394e-05
0 0.466414 0.481333 0.0790899 0.165333 3.90189e-05
0 0.655742 0.751333 0.0828819 0.177333 3.91387e-05
0 0.488082 0.226667 0.0292524 0.056 3.91703e-05
0 0.285482 0.002 0.0888407 0.004 3.92873e-05
0 0.318256 0.997333 0.0471289 0.00533333 3.93493e-05
0 0.344258 0.002 0.0503792 0.004 3.93587e-05
0 0.463434 0.78 0.0482123 0.44 3.93807e-05
0 0.0308776 0.111333 0.0617551 0.222667 3.93866e-05
0 0.989437 0.903333 0.0211268 0.193333 3.95006e-05
0 0.786295 0.907333 0.115385 0.102667 3.96866e-05
0 0.338028 0.0386667 0.104009 0.0773333 4.00793e-05
0 0.0113759 0.931333 0.0151679 0.137333 4.00819e-05
0 0.311755 0.86 0.0579632 0.28 4.01043e-05
0 0.207205 0.0186667 0.0427952 0.0373333 4.0156e-05
0 0.945016 0.0206667 0.0503792 0.0413333 4.03476e-05
0 0.0487541 0.339333 0.0899242 0.193333 4.03584e-05
0 0.756771 0.00466667 0.0530878 0.00933333 4.0391e-05
0 0.0268147 0.0373333 0.0536295 0.0746667 4.06622e-05
0 0.74675 0.972 0.0644637 0.0426667 4.06883e-05
0 0.751083 0.474 0.0471289 0.142667 4.07725e-05
0 0.519502 0.00266667 0.0693391 0.00533333 4.08676e-05
0 0.38922 0.938 0.0752979 0.124 4.12242e-05
0 0.293337 0.665333 0.0893824 0.250667 4.1235e-05
0 0.430661 0.318 0.0823402 0.230667 4.12455e-05
0 0.78792 0.044 0.1013 0.088 4.131e-05
0 0.635699 0.428 0.0438787 0.136 4.13345e-05
0 0.16766 0 0.0547129 0 4.13371e-05
0 0.317443 0 0.0541712 0 4.13537e-05
0 0.030065 0.406667 0.0460455 0.0986667 4.13698e-05
0 0.44935 0.0433333 0.067714 0.0733333 4.15386e-05
0 0.513814 0.950667 0.0157096 0.0773333 4.16565e-05
0 0.254605 0.212 0.056338 0.114667 4.1671e-05
0 0.236728 0.994667 0.063922 0.0106667 4.17892e-05
0 0.732394 0.092 0.0725894 0.128 4.19212e-05
0 0.739978 0.646 0.0487541 0.142667 4.21522e-05
0 0.612947 0.384 0.031961 0.088 4.22975e-05
0 0.767877 0.944 0.052546 0.0773333 4.24423e-05
0 0.436078 0.032 0.104009 0.064 4.24807e-05
0 0.702871 0 0.0547129 0 4.25056e-05
0 0.529523 0.0826667 0.06013 0.114667 4.259e-05
0 0.00866739 0.422667 0.0140845 0.12 4.29245e-05
0 0.464518 0.978 0.0828819 0.044 4.30364e-05
0 0.00650054 0.177333 0.00975081 0.133333 4.3197e-05
0 0.561755 0.344667 0.0270856 0.0493333 4.33188e-05
0 0.539816 0.636 0.0124594 0.048 4.37726e-05
0 0.269231 0.843333 0.0866739 0.188 4.38571e-05
0 0.422535 0.09 0.0812568 0.142667 4.3942e-05
0 0.504334 0.999333 0.0433369 0.00133333 4.39534e-05
0 0.868093 0 0.0547129 0 4.3989e-05
0 0.114301 1 0.056338 0 4.40507e-05
0 0.0148971 0.218667 0.0297941 0.205333 4.4131e-05
0 0.00704225 0.268667 0.0119177 0.14 4.42974e-05
0 0.263814 0.0333333 0.100758 0.0666667 4.47591e-05
0 0.98429 0.966667 0.0314193 0.0506667 4.50213e-05
0 0.521127 0.022 0.0487541 0.044 4.54605e-05
0 0.289274 0.108 0.0671723 0.216 4.55311e-05
0 0.886782 0.250667 0.171181 0.477333 4.55596e-05
0 0.324756 0.426667 0.024377 0.024 4.55675e-05
0 0.769231 0.994667 0.0509209 0.0106667 4.56358e-05
0 0.98104 0.911333 0.0379198 0.126667 4.59288e-05
0 0.458559 0.404667 0.0330444 0.0626667 4.59872e-05
0 0.533044 0.00133333 0.0520043 0.00266667 4.62421e-05
0 0.262459 0.104667 0.0785482 0.209333 4.62931e-05
0 0.391928 0.0246667 0.114301 0.0493333 4.6337e-05
0 0.0102925 0.0186667 0.020585 0.0373333 4.64635e-05
0 0.236999 0.106667 0.0503792 0.144 4.66521e-05
0 0.564193 0.0306667 0.107801 0.0613333 4.70502e-05
0 0.311755 0.174667 0.0482123 0.114667 4.71562e-05
0 0.988895 0.416667 0.0222102 0.156 4.7303e-05
0 0.236457 0.158 0.0438787 0.0413333 4.73808e-05
0 0.345612 0.046 0.0422535 0.0573333 4.76397e-05
0 0.376219 0.269333 0.0222102 0.0773333 4.77831e-05
0 0.336132 0.002 0.095883 0.004 4.80268e-05
0 0.273023 0.0406667 0.0422535 0.0653333 4.81203e-05
0 0.794962 0.00666667 0.0536295 0.0133333 4.82647e-05
0 0.322048 0.428667 0.0341278 0.0813333 4.85617e-05
0 0.00704225 0.916 0.00975081 0.133333 4.85726e-05
0 0.885699 0.028 0.0801734 0.056 4.85971e-05
0 0.368635 0 0.0536295 0 4.865e-05
0 0.312839 0.106 0.0720477 0.137333 4.9022e-05
0 0.40195 0.294 0.0390032 0.0466667 4.92644e-05
0 0.953955 1 0.0541712 0 4.9373e-05
0 0.969122 0.47 0.0606717 0.281333 4.94131e-05
0 0.73104 0.00466667 0.0514626 0.00933333 4.95392e-05
0 0.988082 0.663333 0.0195016 0.158667 4.95404e-05
0 0.880282 0.06 0.0487541 0.0666667 5.02e-05
0 0.255146 0.998667 0.0379198 0.00266667 5.03328e-05
0 0.00731311 0.852 0.0124594 0.138667 5.07492e-05
0 0.308505 0.939333 0.0839653 0.121333 5.08876e-05
0 0.628657 0 0.0536295 0 5.09555e-05
0 0.579902 0.818 0.0427952 0.337333 5.10243e-05
0 0.214789 0.505333 0.0265439 0.106667 5.12562e-05
0 0.338299 0.947333 0.0807151 0.105333 5.12854e-05
0 0.378115 0.878 0.0444204 0.244 5.12987e-05
0 0.185536 0.084 0.0698808 0.141333 5.19271e-05
0 0.20585 0 0.0520043 0 5.19975e-05
0 0.58234 0.0513333 0.0476706 0.076 5.21528e-05
0 0.0316901 0.066 0.0449621 0.108 5.21788e-05
0 0.631907 0.108 0.0427952 0.0746667 5.25379e-05
0 0.986457 0.322667 0.0270856 0.157333 5.27486e-05
0 0.576652 0.806 0.0427952 0.076 5.31064e-05
0 0.376761 1 0.0460455 0 5.31481e-05
0 0.00893824 0.49 0.0157096 0.124 5.31788e-05
0 0.62974 0.0973333 0.0698808 0.194667 5.33667e-05
0 0.869989 0.11 0.092091 0.14 5.34032e-05
0 0.544962 0.616 0.035753 0.258667 5.37068e-05
0 0.264626 0.352667 0.0232936 0.0306667 5.39692e-05
0 0.541712 0.399333 0.0736728 0.126667 5.43943e-05
0 0.06013 0.265333 0.12026 0.48 5.45938e-05
0 0.258938 0.207333 0.0335861 0.084 5.46058e-05
0 0.56636 0.633333 0.0633803 0.168 5.46331e-05
0 0.458017 0.371333 0.0742145 0.145333 5.47171e-05
0 0.393554 0.024 0.0460455 0.048 5.52503e-05
0 0.328819 0.074 0.0595883 0.124 5.53529e-05
0 0.380553 0.05 0.0482123 0.068 5.57102e-05
0 0.563922 0.320667 0.0476706 0.276 5.57148e-05
0 0.235645 0.996667 0.084507 0.00666667 5.59244e-05
0 0.387324 0.972667 0.0476706 0.0546667 5.64434e-05
0 0.728602 0 0.0541712 0 5.6633e-05
0 0.410888 0.834667 0.0254605 0.330667 5.6707e-05
0 0.358884 0.0493333 0.039545 0.0693333 5.71417e-05
0 0.862134 0.893333 0.151138 0.213333 5.7322e-05
0 0.678223 0 0.0552546 0 5.7547e-05
0 0.555796 0.942 0.0465872 0.052 5.77193e-05
0 0.942579 0.0293333 0.110509 0.0586667 5.78604e-05
0 0.13922 1 0.0552546 0 5.79609e-05
0 0.435536 0.974667 0.0953413 0.0506667 5.80993e-05
0 0.745666 0.980667 0.0449621 0.028 5.81535e-05
0 0.363218 0.998 0.0828819 0.004 5.82082e-05
0 0.217497 0.996 0.0460455 0.008 5.82385e-05
0 0.0213976 0.520667 0.0427952 0.118667 5.8395e-05
0 0.96506 0.941333 0.0698808 0.117333 5.83961e-05
0 0.36078 0.83 0.0335861 0.34 5.93144e-05
0 0.706121 0.00666667 0.0514626 0.0133333 5.94073e-05
0 0.223456 0.484667 0.0157096 0.06 5.96675e-05
0 0.0165222 0.0566667 0.0330444 0.113333 6.00266e-05
0 0.231582 0 0.0514626 0 6.00307e-05
0 0.612676 0.0353333 0.102925 0.0706667 6.01421e-05
0 0.531148 0.996 0.0460455 0.008 6.01762e-05
0 0.31013 0.902667 0.0406284 0.194667 6.02405e-05
0 0.396262 0.781333 0.0547129 0.437333 6.0304e-05
0 0.478873 0.998 0.0498375 0.004 6.03714e-05
0 0.984832 0.459333 0.0303359 0.366667 6.03828e-05
0 0.979415 0.876667 0.0411701 0.246667 6.03925e-05
0 0.407367 0.962667 0.0758397 0.0746667 6.0525e-05
0 0.339382 1 0.0482123 0 6.05596e-05
0 0.579632 0.338 0.0151679 0.0626667 6.0583e-05
0 0.0617551 0.06 0.092091 0.12 6.06138e-05
0 0.26571 0 0.0536295 0 6.06247e-05
0 0.631907 0.0846667 0.0297941 0.1 6.10149e-05
0 0.360509 0.154667 0.0774648 0.138667 6.15606e-05
0 0.653304 0 0.0541712 0 6.16568e-05
0 0.137053 0.00533333 0.0834236 0.0106667 6.16997e-05
0 0.656826 0.00466667 0.0514626 0.00933333 6.18076e-05
0 0.606717 0.136667 0.0541712 0.0893333 6.20739e-05
0 0.231311 0.484667 0.0455038 0.1 6.20756e-05
0 0.177681 1 0.0509209 0 6.27275e-05
0 0.411972 0.26 0.0709642 0.101333 6.27702e-05
0 0.437703 0.845333 0.11701 0.309333 6.27861e-05
0 0.461538 0.253333 0.0455038 0.088 6.28079e-05
0 0.962622 0.054 0.0747562 0.108 6.28442e-05
0 0.836674 0.956667 0.0991333 0.06 6.2898e-05
0 0.342091 0 0.0547129 0 6.30686e-05
0 0.498917 0.912 0.0400867 0.144 6.32438e-05
0 0.546045 0.987333 0.0671723 0.0253333 6.33438e-05
0 0.250813 0.173333 0.0487541 0.106667 6.33547e-05
0 0.348862 0.214 0.0368364 0.044 6.36556e-05
0 0.891928 1 0.0547129 0 6.40889e-05
0 0.466685 0.764 0.121885 0.250667 6.42189e-05
0 0.744041 0.753333 0.0644637 0.184 6.44868e-05
0 0.970748 0.0533333 0.0476706 0.0666667 6.45255e-05
0 0.270314 0.004 0.0487541 0.008 6.45548e-05
0 0.272752 0.578667 0.118635 0.36 6.47438e-05
0 0.41766 0 0.0530878 0 6.4841e-05
0 0.851571 1 0.0877573 0 6.5558e-05
0 0.265981 0.468 0.0303359 0.264 6.56078e-05
0 0.516793 0 0.0530878 0 6.56638e-05
0 0.686078 0.004 0.0926327 0.008 6.57628e-05
0 0.725623 0.72 0.0362947 0.12 6.58086e-05
0 0.858884 0.940667 0.115385 0.0786667 6.59121e-05
0 0.619989 0.608 0.0915493 0.384 6.60107e-05
0 0.989166 0.479333 0.0216685 0.156 6.60851e-05
0 0.0276273 0.223333 0.0552546 0.321333 6.62931e-05
0 0.374323 0.783333 0.0530878 0.396 6.63815e-05
0 0.706663 0.0873333 0.0622969 0.126667 6.63863e-05
0 0.817443 1 0.0487541 0 6.66097e-05
0 0.269502 0.416667 0.0449621 0.126667 6.66783e-05
0 0.00839653 0.0873333 0.0113759 0.129333 6.67058e-05
0 0.91441 0 0.0541712 0 6.68113e-05
0 0.745395 0.994 0.0498375 0.012 6.68575e-05
0 0.753792 0 0.0547129 0 6.69029e-05
0 0.141387 0.026 0.100758 0.052 6.69376e-05
0 0.792253 0 0.0547129 0 6.75213e-05
0 0.738624 0.992 0.0893824 0.016 6.78429e-05
0 0.607801 0.484 0.0888407 0.314667 6.79137e-05
0 0.357259 0.200667 0.0200433 0.052 6.80597e-05
0 0.00650054 0.990667 0.0130011 0.0186667 6.81543e-05
0 0.817714 0.942 0.0557963 0.0786667 6.8313e-05
0 0.020585 0.999333 0.0411701 0.00133333 6.83809e-05
0 0.566901 0.382667 0.0417118 0.114667 6.84578e-05
0 0.886241 0.487333 0.128927 0.14 6.84823e-05
0 0.00731311 0.606667 0.0135428 0.141333 6.85954e-05
0 0.556609 0.00266667 0.0514626 0.00533333 6.87263e-05
0 0.0809859 0.512 0.138137 0.184 6.89933e-05
0 0.76571 0.606667 0.0644637 0.189333 6.90783e-05
0 0.363759 0.882667 0.105634 0.234667 6.9351e-05
0 0.336132 0.973333 0.0579632 0.0533333 6.93558e-05
0 0.986728 0.235333 0.0265439 0.156 7.03524e-05
0 0.00704225 0.908 0.0140845 0.184 7.08689e-05
0 0.982123 0.329333 0.0314193 0.285333 7.14284e-05
0 0.601571 0.868 0.0731311 0.136 7.15421e-05
0 0.842904 1 0.0509209 0 7.17879e-05
0 0.494312 0.844 0.0633803 0.226667 7.18117e-05
0 0.262459 0.092 0.0590466 0.146667 7.18926e-05
0 0.00650054 0.756 0.0130011 0.144 7.19377e-05
0 0.417118 0.292 0.0498375 0.088 7.25004e-05
0 0.215601 0.485333 0.0140845 0.056 7.27142e-05
0 0.332611 0.188667 0.0682557 0.1 7.2762e-05
0 0.442308 0.999333 0.0503792 0.00133333 7.28396e-05
0 0.125948 1 0.0947996 0 7.28771e-05
0 0.616739 0.43 0.0341278 0.118667 7.30618e-05
0 0.00947996 0.084 0.0189599 0.168 7.31311e-05
0 0.459642 0.00866667 0.0492958 0.0173333 7.31459e-05
0 0.16441 0.992667 0.14572 0.0146667 7.32692e-05
0 0.483207 0.0826667 0.0823402 0.165333 7.32891e-05
0 0.648429 0.00266667 0.0953413 0.00533333 7.37929e-05
0 0.404659 0.886667 0.0509209 0.226667 7.38128e-05
0 0.554713 0.968 0.0487541 0.024 7.39723e-05
0 0.0195016 0.412667 0.0390032 0.286667 7.42251e-05
0 0.798483 0.000666667 0.092091 0.00133333 7.43368e-05
0 0.92416 0.0266667 0.0953413 0.0533333 7.43575e-05
0 0.602925 0 0.0541712 0 7.47645e-05
0 0.433099 0.9 0.0731311 0.168 7.48745e-05
0 0.760293 0 0.0926327 0 7.4891e-05
0 0.231582 0.0166667 0.0449621 0.0333333 7.52834e-05
0 0.0874865 0.0273333 0.0947996 0.0546667 7.56571e-05
0 0.329902 0.00666667 0.0509209 0.0133333 7.61478e-05
0 0.00785482 0.202667 0.0157096 0.197333 7.65898e-05
0 0.163326 1 0.0861322 0 7.67118e-05
0 0.308234 0.975333 0.0552546 0.0493333 7.7031e-05
0 0.361051 0.0286667 0.067714 0.0573333 7.70638e-05
0 0.626219 0.579333 0.028169 0.196 7.72419e-05
0 0.774106 0.990667 0.092091 0.0186667 7.81356e-05
0 0.360509 0.978 0.052546 0.044 7.82595e-05
0 0.974269 0.16 0.0503792 0.213333 7.84494e-05
0 0.488082 0.776667 0.0660888 0.169333 7.88641e-05
0 0.0135428 0.998 0.0270856 0.004 7.89546e-05
0 0.0151679 0.472667 0.0303359 0.185333 7.90902e-05
0 0.498917 0.854 0.0314193 0.164 7.91486e-05
0 0.813922 0.430667 0.0341278 0.0746667 7.91626e-05
0 0.0119177 0.861333 0.0140845 0.237333 7.9646e-05
0 0.618364 0.138667 0.0287107 0.056 7.97193e-05
0 0.256771 0.00133333 0.0509209 0.00266667 7.9809e-05
0 0.68364 0.0833333 0.0628386 0.129333 7.99082e-05
0 0.732123 0.962 0.0308776 0.0626667 7.99389e-05
0 0.462893 0.903333 0.0731311 0.124 8.01619e-05
0 0.0130011 0.698 0.0260022 0.22 8.0723e-05
0 0.687703 0.042 0.0991333 0.084 8.09985e-05
0 0.887595 0.0353333 0.111051 0.0706667 8.10338e-05
0 0.941495 0 0.0552546 0 8.10904e-05
0 0.812297 1 0.0828819 0 8.15348e-05
0 0.416306 1 0.0471289 0 8.16712e-05
0 0.412243 0.737333 0.0390032 0.525333 8.21679e-05
0 0.0349404 0.48 0.0698808 0.154667 8.22319e-05
0 0.451788 0.272667 0.0725894 0.132 8.25185e-05
0 0.369447 0.769333 0.12026 0.237333 8.28126e-05
0 0.31636 1 0.0465872 0 8.31507e-05
0 0.25 0.700667 0.5 0.598667 8.32441e-05
0 0.0203142 0.546 0.0406284 0.276 8.36561e-05
0 0.968852 0.996 0.0514626 0.008 8.38757e-05
0 0.337216 0.842667 0.0427952 0.314667 8.46782e-05
0 0.942037 0.257333 0.111593 0.469333 8.50536e-05
0 0.270314 0.356667 0.0119177 0.0333333 8.52975e-05
0 0.612947 0.352 0.0557963 0.146667 8.55662e-05
0 0.414951 0.892667 0.0985916 0.214667 8.58598e-05
0 0.505146 0.074 0.0698808 0.113333 8.58686e-05
0 0.0108342 0.646667 0.0162514 0.248 8.65065e-05
0 0.266522 0.368 0.0292524 0.250667 8.65407e-05
0 0.433099 0.267333 0.039545 0.0413333 8.66338e-05
0 0.384345 0.782 0.0232936 0.436 8.7641e-05
0 0.812568 0.0686667 0.084507 0.132 8.8018e-05
0 0.708288 0.038 0.0612134 0.0466667 8.81346e-05
0 0.437703 0.734 0.0422535 0.532 8.86625e-05
0 0.18662 0.004 0.0785482 0.008 8.91388e-05
0 0.81636 0 0.0552546 0 8.93454e-05
0 0.832882 0.929333 0.117551 0.141333 9.02487e-05
0 0.983749 0.988 0.0325027 0.024 9.04579e-05
0 0.632178 0.00533333 0.0487541 0.0106667 9.04606e-05
0 0.586674 0.0966667 0.0574215 0.129333 9.06077e-05
0 0.0877573 1 0.101842 0 9.06313e-05
0 0.432015 0.016 0.0460455 0.032 9.07177e-05
0 0.301463 1 0.0731311 0 9.185e-05
0 0.541441 0 0.0547129 0 9.19656e-05
0 0.623781 0.0406667 0.0471289 0.0546667 9.42233e-05
0 0.55688 0.962 0.084507 0.076 9.46282e-05
0 0.21208 0.993333 0.0807151 0.0133333 9.48302e-05
0 0.292795 1 0.0449621 0 9.48955e-05
0 0.786836 0.078 0.0861322 0.156 9.50159e-05
0 0.992687 0.415333 0.0146262 0.289333 9.51189e-05
0 0.289816 0.0806667 0.0487541 0.134667 9.53235e-05
0 0.87026 0.991333 0.134886 0.0173333 9.55689e-05
0 0.18364 0.434667 0.367281 0.869333 9.61672e-05
0 0.722373 0.5 0.555255 1 9.63177e-05
0 0.248917 0.420667 0.0471289 0.116 9.71782e-05
0 0.00839653 0.364 0.0135428 0.138667 9.74295e-05
0 0.578548 0 0.0541712 0 9.81736e-05
0 0.409805 0.314 0.0352113 0.0573333 9.85325e-05
0 0.88922 0 0.0547129 0 9.88143e-05
0 0.408992 0.0533333 0.0444204 0.0746667 9.89751e-05
0 0.502979 0.0233333 0.0482123 0.044 9.94701e-05
0 0.960184 0.006 0.0731311 0.012 9.95631e-05
0 0.229144 1 0.0433369 0 9.97801e-05
0 0.643283 0.0393333 0.0438787 0.0546667 0.000100124
0 0.541441 0.616 0.0189599 0.0453333 0.000100466
0 0.622698 0.425333 0.754605 0.850667 0.000100544
0 0.990791 0.32 0.0184182 0.298667 0.000101344
0 0.780878 0.881333 0.14247 0.237333 0.000102715
0 0.462893 0.844667 0.0947996 0.209333 0.000103666
0 0.793879 0.937333 0.0536295 0.0853333 0.000104505
0 0.511376 1 0.0758397 0 0.000105249
0 0.655742 0.0886667 0.0612134 0.124 0.000105939
0 0.203413 1 0.0492958 0 0.000106693
0 0.0092091 1 0.0184182 0 0.000106913
0 0.41441 0 0.0552546 0 0.000107496
0 0.0287107 1 0.0520043 0 0.000108353
0 0.630011 0.997333 0.0498375 0.00533333 0.000109169
0 0.57611 0.32 0.0189599 0.0906667 0.000109486
0 0.867822 1 0.0530878 0 0.000109496
0 0.95883 0.885333 0.0812568 0.229333 0.000109522
0 0.315818 0.884 0.105092 0.197333 0.000110356
0 0.791441 1 0.0498375 0 0.00011169
0 0.630553 0.136 0.0292524 0.0586667 0.000112105
0 0.604821 0.998 0.0503792 0.004 0.000112302
0 0.874594 0.0646667 0.0828819 0.0893333 0.000112384
0 0.190412 0.026 0.0850488 0.052 0.000112399
0 0.817172 0.0506667 0.0763814 0.0586667 0.000112416
0 0.982665 0.0266667 0.0346696 0.0533333 0.00011263
0 0.554442 0.993333 0.0503792 0.0133333 0.000113611
0 0.74377 1 0.0476706 0 0.000113944
0 0.0176056 0.780667 0.0352113 0.369333 0.000114202
0 0.593987 0.002 0.052546 0.004 0.000114253
0 0.837216 0.0426667 0.124052 0.0853333 0.0001147
0 0.121614 0.008 0.0742145 0.016 0.000115128
0 0.705038 0.997333 0.0503792 0.00533333 0.000115346
0 0.483207 0.0106667 0.0509209 0.0213333 0.000115405
0 0.636782 0.0126667 0.0796316 0.0253333 0.000115444
0 0.74675 0.563333 0.0937161 0.342667 0.00011547
0 0.602654 0.139333 0.0352113 0.0493333 0.000115573
0 0.574215 0.994 0.0812568 0.012 0.000116384
0 0.100758 0.631333 0.201517 0.462667 0.000117066
0 0.0121885 0.364667 0.0178765 0.230667 0.000117906
0 0.485374 0.0166667 0.0747562 0.0333333 0.000118956
0 0.368364 0.026 0.0465872 0.052 0.000119065
0 0.358613 0.966 0.0834236 0.068 0.00011924
0 0.24052 0 0.0541712 0 0.000120013
0 0.035753 0.882 0.071506 0.236 0.000120778
0 0.00839653 0.548667 0.0157096 0.142667 0.000121205
0 0.501896 1 0.0492958 0 0.000122003
0 0.814464 0.028 0.052546 0.0453333 0.000122566
0 0.840466 0 0.0557963 0 0.000123811
0 0.126219 0 0.0552546 0 0.000123958
0 0.262189 1 0.0617551 0 0.000124153
0 0.671452 0.0373333 0.0503792 0.0453333 0.000124228
0 0.314464 0.815333 0.150054 0.369333 0.00012427
0 0.967768 0.284667 0.0590466 0.361333 0.000125198
0 0.384615 0.415333 0.769231 0.830667 0.000125232
0 0.00758397 0.822 0.0151679 0.236 0.000126407
0 0.483478 0.994667 0.0807151 0.0106667 0.000126527
0 0.285482 0.00866667 0.0465872 0.0173333 0.000128484
0 0.028169 0.348 0.0552546 0.301333 0.000128977
0 0.559588 0.5 0.880823 1 0.000129457
0 0.98104 0.214667 0.0379198 0.373333 0.00013038
0 0.389491 0 0.0552546 0 0.0001329
0 0.741333 0.514667 0.0362947 0.186667 0.000133301
0 0.00839653 0.296 0.0167931 0.224 0.000135002
0 0.719122 0.992667 0.0471289 0.0146667 0.000135357
0 0.975623 0.0746667 0.0487541 0.141333 0.000135372
0 0.0880282 0 0.0547129 0 0.000135743
0 0.305525 0.966667 0.0899242 0.0666667 0.000135744
0 0.366197 0 0.0552546 0 0.000136955
0 0.969122 1 0.0617551 0 0.000136988
0 0.464518 1 0.052546 0 0.000137333
0 0.440953 1 0.0520043 0 0.000137437
0 0.305525 0.068 0.0520043 0.12 0.000137695
0 0.0213976 0.00933333 0.0427952 0.0186667 0.000138682
0 0.0119177 0.555333 0.0173348 0.228 0.000138726
0 0.336674 1 0.102384 0 0.00013975
0 0.874052 0.00466667 0.0893824 0.00933333 0.00013981
0 0.415764 1 0.108884 0 0.000140267
0 0.988895 0.940667 0.0178765 0.116 0.000141722
0 0.0411701 0.989333 0.0823402 0.0213333 0.000141821
0 0.56013 0.922 0.0877573 0.116 0.000143301
0 0.967497 0.0226667 0.0509209 0.0453333 0.000143912
0 0.864572 0 0.0552546 0 0.000145907
0 0.0628386 0 0.0552546 0 0.000146029
0 0.578819 0.995333 0.0503792 0.00933333 0.000146931
0 0.257855 0.016 0.0476706 0.032 0.000148874
0 0.624323 0.998 0.0807151 0.004 0.000149586
0 0.25325 1 0.039545 0 0.000149758
0 0.0698808 0.749333 0.139762 0.485333 0.00015036
0 0.655471 0.996667 0.0509209 0.00666667 0.000150604
0 0.462351 0.0493333 0.0850488 0.0986667 0.000150789
0 0.482124 0.220667 0.020585 0.0386667 0.000150862
0 0.680932 0.00933333 0.0530878 0.0186667 0.000151882
0 0.628386 1 0.0520043 0 0.000152079
0 0.23727 0.175333 0.035753 0.0493333 0.000152172
0 0.448537 0.02 0.0455038 0.04 0.000153458
0 0.212351 1 0.0780065 0 0.000154698
0 0.0330444 0.648 0.0660888 0.352 0.000154853
0 0.342362 0.022 0.0476706 0.0386667 0.000156075
0 0.422806 0.0246667 0.0774648 0.0493333 0.000156161
0 0.979415 0 0.0411701 0 0.000156938
0 0.0297941 0.006 0.0552546 0.012 0.000158628
0 0.307151 0.5 0.614301 1 0.000159509
0 0.987812 0.014 0.0222102 0.028 0.000159841
0 0.0113759 0.767333 0.0140845 0.26 0.000162368
0 0.215601 0.012 0.0790899 0.024 0.000164196
0 0.840737 0.0886667 0.108342 0.137333 0.00016493
0 0.924431 0.894 0.120802 0.161333 0.000166395
0 0.713976 0.02 0.0866739 0.04 0.000166556
0 0.431744 0.288667 0.0411701 0.06 0.000168407
0 0.214247 0 0.0547129 0 0.000169184
0 0.602925 1 0.0520043 0 0.000169663
0 0.328819 0.428 0.0227519 0.0506667 0.000170799
0 0.767606 1 0.0509209 0 0.000176741
0 0.432015 0.314 0.0612134 0.092 0.00017684
0 0.86701 0.0113333 0.0850488 0.0226667 0.0001769
0 0.542524 1 0.0503792 0 0.000177883
0 0.26273 0.456 0.028169 0.0453333 0.000178705
0 0.823673 0.472 0.352654 0.944 0.000178924
0 0.151408 0 0.0557963 0 0.00017907
0 0.976706 0.00466667 0.0465872 0.00933333 0.000179186
0 0.703142 1 0.0509209 0 0.00017935
0 0.77519 1 0.0790899 0 0.000181286
0 0.624323 0.711333 0.0222102 0.14 0.000181773
0 0.551192 1 0.0763814 0 0.000184203
0 0.554442 0.348667 0.0568797 0.092 0.000185291
0 0.726706 0.774667 0.0557963 0.28 0.000185477
0 0.654117 1 0.052546 0 0.000186405
0 0.38922 0.0253333 0.088299 0.0506667 0.000190543
0 0.503521 0.0346667 0.0861322 0.0613333 0.000191468
0 0.321777 0.214 0.0325027 0.068 0.000193113
0 0.991874 1 0.0162514 0 0.000195446
0 0.0698808 0.483333 0.11701 0.0946667 0.000198282
0 0.368364 0.012 0.0834236 0.024 0.000199879
0 0.983478 0.996 0.0330444 0.008 0.000202548
0 0.614301 0.092 0.056338 0.128 0.000202787
0 0.622698 0.600667 0.0514626 0.241333 0.000203241
0 0.986728 0.0553333 0.0265439 0.084 0.000203457
0 0.731311 0.99 0.0400867 0.02 0.000206663
0 0.0628386 0.00866667 0.0866739 0.0173333 0.000207865
0 0.307692 0.052 0.0801734 0.104 0.000209959
0 0.419556 0.765333 0.125135 0.248 0.000210532
0 0.711268 1 0.0780065 0 0.000210666
0 0.698267 0.996667 0.084507 0.00666667 0.000210796
0 0.91143 0.004 0.103467 0.008 0.000212811
0 0.243499 0.0186667 0.0796316 0.0373333 0.000218638
0 0.680119 0.997333 0.0536295 0.00533333 0.000218797
0 0.637595 1 0.0834236 0 0.000219234
0 0.578277 1 0.052546 0 0.000221168
0 0.00731311 0.695333 0.0135428 0.230667 0.000222472
0 0.189328 0 0.0557963 0 0.000223772
0 0.989437 0.138667 0.0189599 0.157333 0.000224207
0 0.543066 0.610667 0.0232936 0.104 0.000229455
0 0.541441 0.014 0.0839653 0.028 0.000235778
0 0.0392741 0 0.0568797 0 0.000239366
0 0.0232936 0 0.0465872 0 0.000240137
0 0.319339 0.0106667 0.0503792 0.0213333 0.000240909
0 0.513272 0.0106667 0.100217 0.0213333 0.000249297
0 0.588028 1 0.0796316 0 0.00025081
0 0.267064 0.595333 0.0747562 0.145333 0.000251841
0 0.414139 0.0126667 0.0839653 0.0253333 0.00025289
0 0.0980498 0.00133333 0.099675 0.00266667 0.000253588
0 0.943391 0.024 0.0980498 0.048 0.000257415
0 0.738082 0.00866667 0.1013 0.0173333 0.000258578
0 0.161159 0.00266667 0.0937161 0.00533333 0.000261809
0 0.74675 0.0226667 0.0807151 0.0453333 0.000261971
0 0.678494 1 0.0536295 0 0.00026249
0 0.0612134 0.580667 0.12026 0.294667 0.000268804
0 0.986457 0.109333 0.0270856 0.218667 0.000269235
0 0.812297 0.01 0.0980498 0.02 0.000271421
0 0.265981 0.435333 0.0227519 0.0786667 0.000271763
0 0.571506 0.022 0.0736728 0.044 0.000272972
0 0.578277 0.348 0.039545 0.08 0.000274878
0 0.286295 0.653333 0.0557963 0.104 0.000281223
0 0.938245 0.996667 0.110509 0.00666667 0.000283475
0 0.839653 0.00266667 0.112676 0.00533333 0.000283995
0 0.0349404 0.0273333 0.0698808 0.0546667 0.000284141
0 0.66468 0.0186667 0.0888407 0.0373333 0.0002947
0 0.722914 0.616 0.554171 0.768 0.000297139
0 0.588841 0.014 0.084507 0.028 0.000302046
0 0.336945 0.0133333 0.0975081 0.0266667 0.000307297
0 0.54442 0.626 0.00541712 0.0386667 0.000310343
0 0.173077 0.5 0.346154 1 0.000313057
0 0.189328 0 0.109967 0 0.000315326
0 0.662243 0.997333 0.0915493 0.00533333 0.000315529
0 0.417931 0.288667 0.039545 0.044 0.000318161
0 0.602654 0.396667 0.0568797 0.1 0.000322638
0 0.413326 0.742667 0.16143 0.514667 0.000327262
0 0.237811 0.00133333 0.0975081 0.00266667 0.000333691
0 0.445829 0.286667 0.035753 0.048 0.000338789
0 0.0945287 0.472 0.0492958 0.0426667 0.000341659
0 0.591008 0.142667 0.0335861 0.0426667 0.000351933
0 0.262189 0.00666667 0.092091 0.0133333 0.000353298
0 0.485645 0.05 0.067714 0.0813333 0.000355209
0 0.26571 0.361333 0.0265439 0.106667 0.000358993
0 0.461538 0.999333 0.104009 0.00133333 0.00036937
0 0.272481 0.0193333 0.0455038 0.0386667 0.000369448
0 0.434995 0.00733333 0.099675 0.0146667 0.000369511
0 0.787378 0.016 0.0937161 0.032 0.000370767
0 0.635157 0.028 0.0742145 0.056 0.00038271
0 0.989437 0.0393333 0.0135428 0.0786667 0.000385537
0 0.15818 0.760667 0.31636 0.478667 0.000413784
0 0.734561 0.796667 0.0249187 0.164 0.000421964
0 0.964518 0 0.0557963 0 0.000449967
0 0.548212 0.026 0.0769231 0.052 0.000450957
0 0.771398 0.0266667 0.0780065 0.0533333 0.000452571
0 0.566901 0.327333 0.0308776 0.0653333 0.000467514
0 0.774648 0.0533333 0.0910076 0.0826667 0.000469958
0 0.581257 0.838667 0.0368364 0.0746667 0.000472176
0 0.563651 0.006 0.0991333 0.012 0.000474836
0 0.675244 1 0.0872156 0 0.000474894
0 0.89247 0 0.125135 0 0.000477675
0 0.389762 0.002 0.109967 0.004 0.000506754
0 0.900596 1 0.113218 0 0.000523775
0 0.717768 0.0213333 0.0487541 0.0346667 0.000526892
0 0.273294 0.022 0.0763814 0.044 0.000527873
0 0.266251 0.46 0.0297941 0.0853333 0.000528182
0 0.725352 0.978667 0.0314193 0.0293333 0.000529087
0 0.417389 0.583333 0.539003 0.833333 0.000530881
0 0.988895 0.988 0.0167931 0.024 0.000533987
0 0.265168 0.356667 0.0135428 0.0573333 0.000535197
0 0.772481 0.944 0.111593 0.0906667 0.000536907
0 0.65818 0.0226667 0.0498375 0.0346667 0.000540194
0 0.635428 0.533333 0.0433369 0.125333 0.000554408
0 0.98104 1 0.0379198 0 0.00055573
0 0.611863 0.0106667 0.0969664 0.0213333 0.00057161
0 0.0403575 0.000666667 0.0807151 0.00133333 0.000591591
0 0.0885699 0.873333 0.151138 0.232 0.000680479
0 0.686891 0.0153333 0.0975081 0.0306667 0.00070892
0 0.940412 0 0.108342 0 0.000712962
0 0.268418 0.726667 0.0839653 0.2 0.000797206
0 0.609426 0.022 0.0758397 0.044 0.000860909
0 0.579902 0.827333 0.0178765 0.0253333 0.000916763
0 0.546858 0.623333 0.0167931 0.0546667 0.0010986
0 0.31013 0.02 0.0742145 0.04 0.00110884
0 0.703413 0.022 0.0644637 0.044 0.00117303
0 0.990249 0.0853333 0.0173348 0.146667 0.00138778
0 0.573402 0.335333 0.0200433 0.044 0.0015503
0 0.269772 0.654667 0.539545 0.690667 0.00170368
0 0.621073 0.5 0.540087 1 0.00175304
0 0.621343 0.682667 0.0379198 0.232 0.00183025
0 0.464518 0.024 0.0763814 0.048 0.00190581
0 0.632178 0.0266667 0.0411701 0.0453333 0.00207889
0 0.328277 0.028 0.0530878 0.04 0.00213065
0 0.488895 0.03 0.0449621 0.0466667 0.00223478
0 0.795504 0.0353333 0.0774648 0.0626667 0.00235531
0 0.810401 0.936667 0.112676 0.092 0.00254735
0 0.62649 0.425333 0.0742145 0.24 0.00313337
0 0.684453 0.0273333 0.0687974 0.044 0.00407341
0 0.289545 0.0233333 0.0449621 0.0413333 0.00478789
0 0.619718 0.672 0.0216685 0.184 0.00572641
0 0.584507 0.826667 0.0249187 0.04 0.00762985
0 0.470477 0.034 0.0568797 0.0573333 0.0156911
0 0.734561 0.491333 0.348862 0.793333 0.0172389
0 0.273564 0.620667 0.266522 0.716 0.0176743
0 0.306609 0.03 0.0585049 0.0466667 0.0403907
0 0.630011 0.483333 0.0411701 0.249333 0.0680494
0 0.624052 0.395333 0.0400867 0.105333 0.771816
0 0.760834 0.53 0.0644637 0.217333 0.880812
0 0.273564 0.647333 0.0985916 0.150667 0.897239
