0 0.340195 0.944 0.0260022 0.0533333 0.179354
0 0.253792 0.806 0.0427952 0.185333 0.400724
0 0.71831 0.939333 0.0747562 0.113333 0.470028
0 0.837757 0.369333 0.0536295 0.117333 0.597912
0 0.41766 0.591333 0.0270856 0.145333 0.687062
0 0.787378 0.284667 0.0384615 0.158667 0.754359
0 0.800379 0.641333 0.0590466 0.064 0.829877
0 0.603738 0.896667 0.0612134 0.084 0.835829
0 0.559047 0.66 0.056338 0.08 0.838043
0 0.473456 0.0693333 0.0335861 0.138667 0.857318
0 0.585861 0.329333 0.0557963 0.12 0.901946
