0 0.339653 0.940667 0.0249187 0.0546667 0.0926422
0 0.253792 0.802667 0.0427952 0.194667 0.16631
0 0.837486 0.37 0.0541712 0.118667 0.603675
0 0.417389 0.591333 0.0276273 0.145333 0.719283
0 0.78792 0.284 0.0373781 0.154667 0.742984
0 0.717768 0.936 0.0769231 0.12 0.778603
0 0.603467 0.896 0.0606717 0.0826667 0.826114
0 0.800379 0.640667 0.0590466 0.0626667 0.828573
0 0.558776 0.66 0.0547129 0.0773333 0.844584
0 0.473456 0.0706667 0.0325027 0.141333 0.853869
0 0.586132 0.33 0.056338 0.118667 0.899903
